03458922048
03458922569
03458992165
03458969256
03458929893
03458940775
03458965377
03458989245
03458956868
03458963028
03458915944
03458963522
03458972508
03458983039
03458969002
03458932484
03458920062
03458960840
03458980089
03458944272
03458966744
03458922560
03458922830
03458937991
03458962146
03458932030
03458935666
03458920501
03458979629
03458910045
03458961591
03458918977
03458964739
03458922296
03458997956
03458917133
03458963495
03458951526
03458986013
03458963995
03458937805
03458922760
03458917922
03458937003
03458994999
03458961208
03458914332
03458985418
03458989166
03458985621
03458934468
03458985296
03458917944
03458927386
03458927098
03458924837
03458927361
03458995442
03458983892
03458994165
03458910917
03458964062
03458910188
03458922106
03458943706
03458997344
03458916593
03458992745
03458959031
03458936546
03458958835
03458939385
03458914108
03458998662
03458959293
03458965297
03458924627
03458972424
03458933355
03458930271
03458937000
03458980011
03458989746
03458974982
03458984565
03458936134
03458946590
03458912269
03458969830
03458926887
03458958698
03458913660
03458926815
03458972892
03458917501
03458988073
03458972572
03458992875
03458975437
03458948749
03458959109
03458927200
03458987712
03458910728
03458928698
03458996896
03458936149
03458918595
03458969538
03458938492
03458930706
03458973990
03458973188
03458942094
03458953960
03458931172
03458912779
03458980459
03458946155
03458946761
03458934424
03458989004
03458973298
03458980687
03458971847
03458935146
03458941792
03458957119
03458936553
03458999851
03458940480
03458954834
03458988250
03458920901
03458962546
03458987270
03458973836
03458949693
03458976120
03458983526
03458988394
03458927992
03458939669
03458953627
03458930798
03458963541
03458977004
03458975294
03458992113
03458946720
03458928676
03458914324
03458970104
03458953902
03458910280
03458956851
03458961749
03458994357
03458961475
03458932984
03458938641
03458990225
03458919156
03458984937
03458921192
03458991413
03458943902
03458938942
03458973024
03458996461
03458970640
03458950898
03458988712
03458984903
03458952695
03458960778
03458918220
03458978251
03458980115
03458961259
03458993760
03458926158
03458973925
03458950797
03458980244
03458963556
03458950584
03458987944
03458981763
03458922051
03458967307
03458949753
03458937766
03458920512
03458968689
03458972127
03458933101
03458936351
03458919089
03458950258
03458958035
03458963426
03458981391
03458968998
03458954330
03458949501
03458938631
03458957401
03458916106
03458981359
03458971724
03458930902
03458996465
03458992998
03458911012
03458970395
03458982769
03458963658
03458975385
03458922439
03458988877
03458928847
03458921405
03458935150
03458914928
03458940266
03458949530
03458994742
03458947014
03458924908
03458988649
03458943501
03458968122
03458910499
03458969405
03458939645
03458925914
03458914054
03458911953
03458930543
03458965656
03458940691
03458995583
03458918850
03458941300
03458927514
03458957677
03458939210
03458989357
03458969443
03458960965
03458996649
03458941741
03458969157
03458934578
03458959986
03458933848
03458939401
03458989100
03458962658
03458934345
03458946816
03458942253
03458952964
03458924875
03458943124
03458937743
03458961331
03458910486
03458977973
03458923220
03458988155
03458925822
03458916299
03458973628
03458912752
03458991853
03458955532
03458916766
03458977571
03458963942
03458992000
03458998965
03458975920
03458986512
03458922852
03458967884
03458955674
03458948766
03458976597
03458988335
03458957164
03458938220
03458946233
03458931699
03458999634
03458986162
03458963767
03458945936
03458946423
03458934164
03458917549
03458965773
03458996483
03458997246
03458993215
03458956774
03458982874
03458950252
03458951204
03458925910
03458924592
03458991571
03458937327
03458951230
03458956512
03458987633
03458910088
03458967546
03458981809
03458977055
03458939701
03458985292
03458910114
03458934689
03458917311
03458970533
03458945871
03458964307
03458937992
03458953028
03458929497
03458975254
03458988247
03458920739
03458925605
03458960758
03458962458
03458949572
03458965892
03458926344
03458937131
03458976727
03458932571
03458946649
03458980468
03458943122
03458998529
03458953678
03458978390
03458964613
03458957108
03458977847
03458980480
03458986369
03458962557
03458989814
03458922682
03458910902
03458918566
03458944415
03458913211
03458972881
03458995095
03458916316
03458949080
03458930491
03458948176
03458962027
03458949330
03458932236
03458911163
03458913356
03458948160
03458933386
03458970662
03458961627
03458965402
03458921185
03458984313
03458974638
03458964883
03458918145
03458910399
03458940258
03458921966
03458963048
03458970944
03458939776
03458938669
03458947325
03458981929
03458923920
03458937476
03458930332
03458959825
03458949977
03458994946
03458936501
03458973302
03458932377
03458945945
03458964491
03458932320
03458952982
03458960439
03458919152
03458961055
03458945500
03458997381
03458937107
03458928897
03458998243
03458930212
03458998171
03458938680
03458990232
03458926209
03458998979
03458978385
03458965311
03458993567
03458963837
03458931427
03458924240
03458929540
03458964641
03458940329
03458915424
03458926239
03458970806
03458979965
03458932506
03458972200
03458945908
03458968983
03458951792
03458978720
03458993169
03458949944
03458944821
03458995023
03458932161
03458921144
03458959745
03458968736
03458937522
03458925962
03458938810
03458982107
03458933063
03458923442
03458995798
03458978822
03458959253
03458930075
03458971141
03458966300
03458948932
03458996907
03458997705
03458925970
03458992772
03458982293
03458957225
03458996371
03458926593
03458986590
03458913893
03458986605
03458929217
03458923937
03458957377
03458980657
03458955679
03458957502
03458933284
03458954002
03458993344
03458993696
03458990093
03458912844
03458999858
03458945541
03458972969
03458919467
03458963094
03458978802
03458978521
03458946090
03458928371
03458977451
03458911510
03458941150
03458999369
03458921400
03458938412
03458968213
03458946457
03458978862
03458999505
03458938421
03458970653
03458978596
03458974395
03458913639
03458933015
03458994929
03458935877
03458979927
03458982434
03458911684
03458989561
03458953623
03458967123
03458937303
03458935091
03458983126
03458915241
03458947818
03458952285
03458978227
03458945991
03458992133
03458954633
03458971943
03458955283
03458921879
03458966386
03458920995
03458946036
03458968388
03458940871
03458988698
03458965163
03458945506
03458951160
03458970313
03458948444
03458995016
03458999826
03458951589
03458945745
03458954276
03458933122
03458938373
03458995736
03458984263
03458990602
03458968676
03458926310
03458996167
03458967647
03458940881
03458940296
03458931619
03458948726
03458913998
03458913541
03458961439
03458965648
03458921172
03458951307
03458926252
03458948604
03458969928
03458962577
03458931965
03458910108
03458942270
03458931664
03458983210
03458946165
03458940544
03458917666
03458954174
03458988756
03458928013
03458925259
03458961772
03458977786
03458933639
03458914560
03458992530
03458997516
03458910864
03458973513
03458956822
03458956314
03458934903
03458933577
03458934178
03458930417
03458994437
03458928024
03458952505
03458963194
03458975795
03458963771
03458974154
03458948331
03458937011
03458922469
03458912957
03458921481
03458931408
03458913952
03458994551
03458925241
03458985527
03458936179
03458943386
03458917668
03458911692
03458956073
03458972411
03458957953
03458921101
03458936595
03458985447
03458975350
03458968938
03458949633
03458911986
03458910126
03458914450
03458989642
03458925562
03458952217
03458961488
03458987618
03458929454
03458996628
03458992091
03458979573
03458976034
03458979455
03458959560
03458962270
03458931073
03458949375
03458997397
03458930303
03458987031
03458976769
03458916332
03458996432
03458990782
03458917842
03458942669
03458937558
03458962884
03458961661
03458953530
03458963324
03458990210
03458916958
03458924310
03458992882
03458999679
03458933310
03458974691
03458916257
03458913931
03458921039
03458919600
03458976499
03458996377
03458953665
03458941645
03458977035
03458923176
03458944276
03458919563
03458952235
03458981683
03458923095
03458937681
03458973309
03458934780
03458934374
03458918818
03458950059
03458966570
03458934966
03458938560
03458916249
03458966539
03458914076
03458962497
03458935249
03458969387
03458931393
03458916064
03458922706
03458914045
03458973099
03458955729
03458996731
03458919932
03458994404
03458964176
03458960523
03458939707
03458917384
03458933967
03458911088
03458927810
03458967115
03458979276
03458951000
03458987645
03458964898
03458998936
03458955872
03458966198
03458947360
03458986073
03458981039
03458960249
03458929837
03458939589
03458979148
03458941785
03458953789
03458912882
03458929528
03458967637
03458949995
03458981951
03458976577
03458985304
03458940375
03458970197
03458917794
03458989535
03458926863
03458917582
03458938728
03458946961
03458983220
03458984249
03458981741
03458966495
03458917127
03458966833
03458947847
03458925738
03458969656
03458915691
03458959682
03458964567
03458924587
03458921875
03458918738
03458985918
03458930468
03458981560
03458960172
03458917119
03458997324
03458974422
03458924523
03458928738
03458938078
03458976662
03458920497
03458968490
03458976446
03458955088
03458991108
03458992627
03458995927
03458957536
03458972047
03458946387
03458986371
03458962694
03458919790
03458924256
03458912295
03458960885
03458925621
03458975808
03458945610
03458995918
03458970797
03458940945
03458913080
03458974124
03458923600
03458978555
03458929842
03458985895
03458979400
03458941971
03458988388
03458928755
03458971185
03458939245
03458973458
03458931959
03458925948
03458961202
03458913871
03458958113
03458944097
03458918865
03458940382
03458992862
03458985029
03458913536
03458976720
03458948715
03458983128
03458942160
03458979552
03458955410
03458931488
03458912552
03458962785
03458910031
03458947710
03458992646
03458997982
03458933939
03458919015
03458911129
03458921640
03458921027
03458913650
03458969969
03458927074
03458954966
03458930027
03458938173
03458936979
03458996289
03458993256
03458986595
03458965319
03458925688
03458945755
03458936923
03458973105
03458960905
03458969173
03458915916
03458913491
03458921224
03458953697
03458946114
03458984926
03458991778
03458973847
03458973899
03458991896
03458955692
03458946365
03458969478
03458972190
03458996270
03458952478
03458972293
03458926753
03458974379
03458925806
03458951420
03458989966
03458911160
03458992722
03458947344
03458983284
03458993326
03458965374
03458984716
03458947921
03458941444
03458944476
03458954053
03458996102
03458983912
03458919808
03458946394
03458963131
03458926966
03458946987
03458946890
03458935781
03458914404
03458969049
03458973210
03458945312
03458964630
03458946351
03458986525
03458943367
03458962071
03458931257
03458942537
03458953392
03458937581
03458980520
03458925001
03458918137
03458946628
03458999173
03458988381
03458927985
03458962674
03458982198
03458947028
03458942978
03458964269
03458956940
03458932939
03458914235
03458920115
03458920086
03458954919
03458947301
03458934031
03458974591
03458958732
03458930520
03458982226
03458937901
03458982611
03458918440
03458997213
03458939216
03458941969
03458910780
03458996267
03458968881
03458926581
03458946138
03458976248
03458939406
03458958540
03458980692
03458924553
03458915043
03458988278
03458978267
03458996452
03458994257
03458960405
03458988463
03458987093
03458950001
03458923891
03458970835
03458966135
03458972036
03458940441
03458957861
03458924718
03458990083
03458980063
03458963757
03458949814
03458922300
03458946159
03458936671
03458945354
03458993534
03458973923
03458943837
03458962163
03458996379
03458920417
03458922748
03458918988
03458986313
03458980465
03458934067
03458977584
03458943644
03458922206
03458929977
03458910119
03458991967
03458986889
03458925431
03458954545
03458918387
03458914688
03458968456
03458960795
03458965228
03458984516
03458955966
03458950292
03458967970
03458948903
03458966871
03458914539
03458943255
03458944037
03458953622
03458948087
03458947147
03458985723
03458959976
03458923793
03458947133
03458946439
03458957857
03458933780
03458939695
03458970746
03458930333
03458959270
03458911240
03458942608
03458938988
03458968227
03458925449
03458947474
03458927922
03458919788
03458961952
03458953760
03458924498
03458983775
03458994740
03458955335
03458915438
03458966864
03458988977
03458938344
03458983414
03458977344
03458955598
03458968821
03458945720
03458994594
03458967555
03458922017
03458942771
03458927015
03458925533
03458913770
03458925633
03458991021
03458956730
03458927882
03458946312
03458917805
03458996563
03458925700
03458983685
03458986134
03458993386
03458983927
03458935477
03458940017
03458937518
03458951698
03458918342
03458972830
03458981768
03458991988
03458975855
03458933895
03458987009
03458970167
03458922506
03458930855
03458979918
03458977016
03458934937
03458928227
03458988026
03458998865
03458992753
03458952884
03458988445
03458927452
03458969125
03458949058
03458992414
03458912644
03458999728
03458991209
03458962212
03458984894
03458910243
03458954576
03458930036
03458970319
03458940249
03458952702
03458932001
03458933645
03458915165
03458922834
03458919285
03458957714
03458923805
03458986950
03458916644
03458919795
03458951197
03458965159
03458995900
03458936611
03458947264
03458984634
03458963252
03458975069
03458949216
03458923772
03458989354
03458979344
03458976126
03458942686
03458924797
03458985273
03458912262
03458976278
03458949881
03458935585
03458936767
03458926264
03458975525
03458956024
03458965220
03458977587
03458930050
03458969160
03458969738
03458945319
03458962108
03458975769
03458992848
03458993059
03458940012
03458997052
03458988993
03458973631
03458945402
03458965179
03458959456
03458928930
03458942647
03458954300
03458939038
03458980147
03458994488
03458972441
03458911543
03458910671
03458966763
03458984210
03458969901
03458924932
03458989634
03458939876
03458971391
03458969676
03458954584
03458994092
03458961663
03458913584
03458986496
03458983067
03458927744
03458996279
03458938630
03458968966
03458928518
03458971588
03458966808
03458946594
03458913377
03458910919
03458938548
03458949902
03458974671
03458997296
03458933776
03458951436
03458923158
03458915080
03458949117
03458937635
03458990818
03458912973
03458959848
03458955559
03458967266
03458929063
03458967804
03458955971
03458977473
03458966743
03458976161
03458972912
03458941704
03458962283
03458955691
03458998313
03458958123
03458943039
03458926498
03458960472
03458931127
03458919420
03458970120
03458910226
03458977858
03458959908
03458987594
03458920325
03458947162
03458936390
03458931330
03458915544
03458911740
03458911248
03458979328
03458984314
03458943114
03458982577
03458972429
03458921135
03458960863
03458946722
03458952945
03458924844
03458956956
03458964379
03458922618
03458941768
03458986136
03458993553
03458951813
03458985439
03458957039
03458924484
03458989946
03458996062
03458989878
03458946417
03458928999
03458936522
03458910374
03458948623
03458940146
03458986573
03458946874
03458963711
03458942184
03458917357
03458948550
03458932252
03458911492
03458986899
03458957855
03458924912
03458935064
03458930638
03458955946
03458924543
03458994621
03458924822
03458927524
03458921991
03458959926
03458925809
03458922288
03458959829
03458953167
03458986514
03458982550
03458961510
03458992136
03458924341
03458999357
03458998099
03458912799
03458938271
03458910081
03458980433
03458924410
03458957958
03458953884
03458982061
03458964914
03458976182
03458956545
03458966629
03458965033
03458960998
03458959240
03458990471
03458941900
03458985552
03458921099
03458918155
03458926647
03458921065
03458941422
03458982355
03458964189
03458962035
03458949702
03458949981
03458994763
03458984915
03458959756
03458912113
03458996792
03458920556
03458955277
03458944110
03458970211
03458966863
03458973639
03458939930
03458995011
03458949627
03458965742
03458993199
03458988134
03458925515
03458923309
03458971038
03458987680
03458982440
03458913805
03458977000
03458994643
03458911624
03458989016
03458959245
03458998078
03458960220
03458995922
03458932079
03458970151
03458991266
03458955408
03458952920
03458964205
03458938684
03458935193
03458960345
03458971689
03458918688
03458947459
03458978225
03458931635
03458971437
03458975679
03458989155
03458976055
03458936519
03458926392
03458978943
03458987331
03458982755
03458917469
03458985168
03458931540
03458996032
03458946031
03458970941
03458969457
03458924860
03458958361
03458910334
03458986326
03458935213
03458961310
03458984625
03458935844
03458927335
03458910750
03458995117
03458929541
03458916418
03458979988
03458917578
03458983565
03458984164
03458959402
03458977789
03458953136
03458963069
03458988790
03458968077
03458924117
03458935450
03458979037
03458939161
03458914313
03458961699
03458947746
03458978001
03458970374
03458913076
03458965345
03458940841
03458975209
03458941767
03458943098
03458979746
03458991725
03458992213
03458953214
03458913961
03458912466
03458937109
03458925825
03458911538
03458991668
03458954714
03458961790
03458969570
03458942257
03458962208
03458999763
03458982273
03458977481
03458996683
03458913022
03458949050
03458947370
03458951539
03458946044
03458973213
03458943323
03458984193
03458936021
03458910037
03458983322
03458997065
03458975863
03458970903
03458934398
03458973857
03458993182
03458926694
03458977203
03458935874
03458936208
03458986332
03458915659
03458944984
03458943506
03458923088
03458940620
03458941078
03458992936
03458964286
03458946415
03458966723
03458942674
03458944843
03458955007
03458994246
03458931016
03458982502
03458927345
03458955647
03458944676
03458978468
03458972504
03458966393
03458991305
03458965364
03458984299
03458969988
03458935818
03458913176
03458911162
03458965207
03458930384
03458928229
03458960996
03458995131
03458965472
03458991256
03458971735
03458963622
03458916598
03458954391
03458931020
03458969228
03458979391
03458941891
03458983722
03458932448
03458946187
03458953371
03458930685
03458970982
03458966516
03458971002
03458956695
03458949314
03458975713
03458984520
03458979986
03458976426
03458930905
03458933681
03458936467
03458924622
03458948463
03458999114
03458965543
03458980257
03458936089
03458983911
03458981054
03458961869
03458918112
03458935372
03458922077
03458985973
03458966523
03458937540
03458989631
03458959805
03458934521
03458961713
03458989994
03458938436
03458916158
03458926531
03458991748
03458987196
03458985693
03458924894
03458997339
03458932760
03458954769
03458938155
03458935259
03458933333
03458980643
03458973113
03458972773
03458946773
03458989928
03458952889
03458921322
03458927237
03458989740
03458917996
03458979410
03458938885
03458941273
03458969692
03458931381
03458942022
03458958469
03458960677
03458949385
03458953726
03458929353
03458992163
03458993857
03458976175
03458993218
03458938033
03458989316
03458931203
03458928368
03458965317
03458986691
03458929525
03458987747
03458969473
03458957067
03458937104
03458917114
03458988921
03458936791
03458988738
03458912337
03458948310
03458944420
03458955202
03458965957
03458930814
03458989549
03458996132
03458976790
03458972655
03458931258
03458919387
03458943419
03458954610
03458996070
03458928470
03458959670
03458983289
03458937920
03458958536
03458989628
03458914093
03458934679
03458932285
03458983000
03458914198
03458995746
03458984955
03458921364
03458943563
03458960463
03458916935
03458940615
03458979825
03458945547
03458931755
03458938016
03458972075
03458958502
03458941654
03458932235
03458988526
03458931551
03458977728
03458967303
03458986105
03458933137
03458973402
03458928596
03458977434
03458933824
03458978254
03458999110
03458998244
03458913631
03458912134
03458972201
03458964102
03458916615
03458993802
03458911177
03458955425
03458929091
03458970794
03458974784
03458950523
03458996715
03458921654
03458911214
03458979418
03458916882
03458957392
03458925566
03458954557
03458915697
03458915749
03458981061
03458922343
03458956359
03458943930
03458941504
03458981580
03458931915
03458919620
03458965815
03458941886
03458947851
03458921058
03458964850
03458983301
03458958352
03458922879
03458931880
03458955779
03458922610
03458971582
03458961371
03458941717
03458972678
03458910503
03458957577
03458956504
03458948352
03458935554
03458971458
03458954817
03458911495
03458919353
03458963772
03458961299
03458993203
03458918607
03458977094
03458955838
03458937531
03458969031
03458936334
03458992465
03458947623
03458950846
03458922708
03458999464
03458924479
03458988150
03458987128
03458937880
03458977308
03458999787
03458921412
03458962043
03458959620
03458976392
03458966240
03458921605
03458983106
03458945602
03458922001
03458965149
03458954785
03458999940
03458919369
03458934051
03458992340
03458980212
03458915903
03458912846
03458971994
03458930338
03458923344
03458932225
03458923451
03458986463
03458961512
03458984300
03458997195
03458915051
03458946527
03458943620
03458931199
03458992638
03458970093
03458970859
03458917561
03458949767
03458910447
03458957559
03458995193
03458969693
03458988209
03458967758
03458984968
03458928690
03458911577
03458952089
03458943716
03458993485
03458935902
03458998261
03458950881
03458922151
03458914615
03458960488
03458980848
03458939734
03458953413
03458975748
03458999701
03458935289
03458992273
03458955890
03458955286
03458976800
03458960645
03458935134
03458964466
03458919621
03458967107
03458955610
03458985618
03458962962
03458942874
03458999904
03458937713
03458988240
03458934191
03458972598
03458966680
03458979869
03458935151
03458949958
03458976711
03458988117
03458929958
03458934796
03458992010
03458985266
03458959115
03458919337
03458919303
03458944155
03458947762
03458938260
03458938198
03458927597
03458975257
03458963126
03458986415
03458913121
03458993381
03458925237
03458921457
03458976772
03458910538
03458975844
03458965138
03458911461
03458936753
03458925592
03458928063
03458920738
03458955497
03458978575
03458988683
03458930686
03458972455
03458918644
03458916227
03458936272
03458966314
03458918806
03458995111
03458961643
03458999514
03458960642
03458958933
03458980265
03458977340
03458922030
03458956577
03458951473
03458966659
03458953186
03458924258
03458916166
03458935839
03458973805
03458958017
03458982583
03458993710
03458916092
03458927023
03458982763
03458959623
03458938914
03458944571
03458962788
03458913959
03458983885
03458996893
03458985389
03458988964
03458955143
03458957966
03458915426
03458914200
03458965623
03458950818
03458942164
03458927281
03458945327
03458950723
03458998708
03458998919
03458927101
03458922024
03458977499
03458976079
03458956289
03458982804
03458942421
03458949975
03458953689
03458972603
03458968087
03458978879
03458939891
03458921728
03458914362
03458946684
03458966306
03458993454
03458925137
03458971188
03458962509
03458911515
03458995220
03458970215
03458922987
03458915852
03458955302
03458948383
03458965368
03458928315
03458983843
03458932521
03458916889
03458967071
03458986708
03458957670
03458954471
03458935414
03458935275
03458982539
03458955252
03458947338
03458935321
03458925731
03458929089
03458927801
03458980596
03458979021
03458957269
03458973570
03458927731
03458964592
03458910508
03458982279
03458967248
03458954324
03458912588
03458919434
03458934122
03458998386
03458924219
03458937345
03458939772
03458995036
03458947291
03458992373
03458970665
03458935774
03458927233
03458928976
03458939967
03458961493
03458966644
03458944484
03458993897
03458988051
03458974705
03458969362
03458954744
03458956112
03458967929
03458984791
03458919459
03458988492
03458935037
03458936888
03458958319
03458917907
03458940285
03458918361
03458924250
03458980509
03458920620
03458970385
03458964895
03458991957
03458937358
03458981532
03458942312
03458968104
03458925536
03458946070
03458923681
03458954857
03458929245
03458985027
03458938924
03458939441
03458998457
03458962499
03458940516
03458935628
03458934482
03458990345
03458970656
03458922059
03458953926
03458926359
03458926122
03458969646
03458954084
03458998977
03458943203
03458951839
03458964154
03458930570
03458924848
03458942479
03458913705
03458915665
03458920387
03458955221
03458913207
03458988662
03458922539
03458978920
03458925793
03458918010
03458980104
03458965094
03458961014
03458967277
03458957475
03458947013
03458910876
03458920252
03458951828
03458961321
03458941982
03458955889
03458938529
03458969596
03458955879
03458986041
03458933187
03458974769
03458973608
03458920020
03458926811
03458989624
03458983493
03458926127
03458979261
03458977137
03458967193
03458933397
03458931387
03458924997
03458947201
03458943853
03458989531
03458973980
03458933882
03458982189
03458984562
03458983557
03458913972
03458922227
03458961876
03458954344
03458978404
03458953610
03458916691
03458943611
03458947583
03458989351
03458926591
03458970049
03458952184
03458997990
03458953292
03458975470
03458977520
03458941149
03458978214
03458969875
03458943683
03458986854
03458920440
03458936323
03458994780
03458912036
03458948998
03458995615
03458921996
03458948625
03458968090
03458925313
03458959636
03458997793
03458964934
03458935279
03458972516
03458962569
03458933526
03458919609
03458930777
03458942035
03458998406
03458977152
03458991669
03458991541
03458920687
03458958412
03458943412
03458928464
03458913681
03458970289
03458941436
03458918021
03458983624
03458941574
03458967693
03458947995
03458925586
03458998767
03458940725
03458958500
03458944736
03458992547
03458988358
03458940190
03458972431
03458968632
03458915645
03458936349
03458924073
03458956077
03458937916
03458917628
03458920366
03458957456
03458974928
03458963584
03458999184
03458939626
03458911632
03458989347
03458962420
03458923498
03458917257
03458921464
03458930942
03458994875
03458985531
03458994022
03458932010
03458939905
03458932415
03458999122
03458991344
03458932329
03458918221
03458974779
03458912819
03458977331
03458946215
03458979294
03458963031
03458980105
03458965996
03458921208
03458910236
03458973067
03458962002
03458999582
03458935512
03458918874
03458933104
03458937776
03458964860
03458922932
03458950967
03458937690
03458920769
03458924067
03458998010
03458985212
03458921244
03458966112
03458942598
03458945362
03458966947
03458930433
03458926806
03458934300
03458943131
03458960466
03458937152
03458955468
03458984638
03458912463
03458932020
03458932427
03458965797
03458921031
03458999311
03458995921
03458953567
03458967469
03458995288
03458981269
03458937088
03458992050
03458926513
03458916164
03458955227
03458985936
03458982094
03458980784
03458999963
03458944124
03458916639
03458932635
03458992067
03458998803
03458960068
03458954650
03458985779
03458995499
03458927957
03458936130
03458938354
03458998030
03458991640
03458911297
03458976979
03458985900
03458925322
03458912544
03458975129
03458950074
03458985678
03458993345
03458934756
03458927898
03458974530
03458955058
03458974684
03458940514
03458981995
03458915380
03458999791
03458960718
03458928963
03458935853
03458998917
03458963075
03458985770
03458955919
03458988158
03458918133
03458963586
03458994883
03458974641
03458931579
03458955338
03458966565
03458946956
03458911733
03458957311
03458991015
03458926751
03458929862
03458930721
03458920815
03458918187
03458995616
03458956358
03458982650
03458991848
03458950579
03458948016
03458985391
03458989469
03458913626
03458912054
03458940565
03458999907
03458984213
03458978836
03458919629
03458964311
03458999891
03458979800
03458935128
03458926657
03458948814
03458952835
03458948984
03458971652
03458972166
03458933212
03458978787
03458964955
03458990944
03458960303
03458931799
03458935483
03458971738
03458924059
03458957098
03458985172
03458917952
03458943284
03458925999
03458947048
03458927520
03458978474
03458971386
03458924268
03458962439
03458929971
03458980776
03458941014
03458983059
03458986681
03458929701
03458933835
03458939013
03458976364
03458975899
03458986717
03458941460
03458978841
03458961778
03458934952
03458993269
03458918533
03458987829
03458973349
03458992573
03458975832
03458992846
03458970308
03458949955
03458990981
03458983372
03458922815
03458921463
03458993177
03458938105
03458978483
03458923940
03458973622
03458932724
03458922464
03458980733
03458933592
03458998455
03458976492
03458964442
03458964221
03458912096
03458934251
03458959941
03458950918
03458969866
03458954138
03458987930
03458970705
03458933103
03458995699
03458946328
03458911020
03458933227
03458980131
03458983186
03458937793
03458931734
03458975599
03458911011
03458985383
03458944911
03458985731
03458971702
03458953368
03458912112
03458936716
03458951500
03458914489
03458918929
03458958594
03458993689
03458987212
03458933236
03458954548
03458927564
03458939860
03458949102
03458910079
03458953235
03458974781
03458977922
03458955768
03458990627
03458999497
03458942332
03458997547
03458990220
03458944757
03458988843
03458948867
03458915029
03458997825
03458979216
03458910017
03458975818
03458933988
03458981602
03458981209
03458927398
03458952426
03458939537
03458992919
03458949950
03458983245
03458980670
03458991873
03458926496
03458953687
03458957776
03458910601
03458966988
03458929963
03458981074
03458960350
03458911035
03458914564
03458940918
03458961279
03458969732
03458930086
03458958140
03458992605
03458918206
03458956722
03458948347
03458948332
03458934261
03458919246
03458993179
03458996713
03458928369
03458938201
03458959960
03458949413
03458947597
03458912553
03458952883
03458962346
03458946765
03458943307
03458938266
03458948041
03458967862
03458998141
03458949666
03458989734
03458961253
03458993070
03458920323
03458911477
03458997312
03458994285
03458946932
03458954575
03458931743
03458926522
03458932322
03458962031
03458978164
03458919426
03458938530
03458917422
03458970274
03458942873
03458961622
03458966967
03458928364
03458951728
03458916848
03458967740
03458911374
03458949297
03458970165
03458988860
03458950205
03458980175
03458958598
03458973007
03458926175
03458972855
03458985236
03458931057
03458943915
03458913027
03458994838
03458915853
03458986031
03458977228
03458990852
03458984181
03458927339
03458920843
03458977766
03458966269
03458955268
03458949275
03458928111
03458964706
03458968594
03458994628
03458929571
03458982910
03458997634
03458954497
03458961578
03458937661
03458982117
03458981855
03458919566
03458946419
03458912355
03458944567
03458985038
03458970535
03458998957
03458987363
03458966784
03458951113
03458942333
03458974500
03458925996
03458983558
03458984035
03458944520
03458979234
03458992398
03458922591
03458994937
03458930900
03458930486
03458978721
03458961468
03458990607
03458961004
03458915393
03458940340
03458954275
03458948369
03458964615
03458980920
03458992422
03458976276
03458992728
03458995733
03458956310
03458961912
03458961327
03458943172
03458922373
03458994094
03458946012
03458998875
03458953114
03458975262
03458969180
03458915070
03458987179
03458950955
03458989079
03458967697
03458950886
03458940306
03458994430
03458937953
03458971970
03458926443
03458996838
03458993963
03458979389
03458916999
03458918943
03458952098
03458999669
03458926857
03458938626
03458968987
03458969159
03458935549
03458939095
03458910166
03458921975
03458955473
03458962129
03458962278
03458965077
03458985095
03458933299
03458958041
03458975536
03458913222
03458941535
03458935970
03458998297
03458926684
03458918357
03458989942
03458934883
03458946333
03458928409
03458914704
03458951633
03458927069
03458995760
03458972305
03458969510
03458988212
03458948552
03458981967
03458919920
03458932148
03458911790
03458930140
03458913575
03458975823
03458961366
03458911742
03458960664
03458958957
03458943407
03458989892
03458910562
03458966987
03458920269
03458979044
03458934276
03458989215
03458910685
03458995461
03458970342
03458928404
03458966369
03458961262
03458915584
03458945086
03458959378
03458976073
03458955615
03458929745
03458925842
03458913108
03458942533
03458980251
03458973516
03458934590
03458967745
03458943246
03458992675
03458983662
03458990453
03458968138
03458988039
03458928283
03458985643
03458942932
03458934678
03458985170
03458948428
03458968593
03458996158
03458915577
03458912079
03458982884
03458987791
03458980817
03458961157
03458975528
03458987064
03458977735
03458998793
03458960759
03458954625
03458942940
03458952214
03458977666
03458944742
03458960501
03458970809
03458987455
03458947445
03458957046
03458931095
03458973150
03458969972
03458938142
03458928640
03458971151
03458923729
03458927937
03458933079
03458931823
03458938432
03458952167
03458931167
03458995870
03458997049
03458944159
03458992609
03458950547
03458924884
03458988307
03458958164
03458982463
03458924446
03458940428
03458948952
03458977619
03458981137
03458948712
03458958531
03458980984
03458917818
03458970675
03458952176
03458990006
03458951799
03458959126
03458944656
03458966970
03458955835
03458916192
03458990772
03458921047
03458967875
03458948871
03458963452
03458961172
03458943295
03458954835
03458956071
03458980547
03458969020
03458945088
03458949835
03458970475
03458988687
03458999282
03458987509
03458984127
03458954203
03458923785
03458989720
03458993636
03458950183
03458978051
03458926373
03458957459
03458954153
03458940810
03458941849
03458937159
03458969048
03458972114
03458967392
03458961416
03458956570
03458991556
03458985499
03458916446
03458937841
03458993876
03458940713
03458972730
03458920840
03458981701
03458952516
03458971616
03458960529
03458912766
03458932050
03458926472
03458997135
03458970864
03458967818
03458970819
03458937079
03458989142
03458914025
03458914221
03458974656
03458931861
03458976039
03458977720
03458927271
03458942712
03458995952
03458998627
03458937756
03458985943
03458995843
03458991176
03458949746
03458959344
03458975758
03458952834
03458988293
03458970232
03458924393
03458936998
03458945641
03458970257
03458990552
03458988752
03458920737
03458948420
03458912734
03458948699
03458979850
03458988238
03458925780
03458996691
03458943119
03458978618
03458974046
03458975664
03458961902
03458975009
03458946106
03458930628
03458921117
03458965498
03458931546
03458927953
03458936307
03458943989
03458929293
03458939041
03458932825
03458936719
03458953959
03458975215
03458950206
03458925022
03458937244
03458915992
03458923966
03458950492
03458962413
03458997139
03458978788
03458978489
03458994568
03458983460
03458949383
03458990891
03458915013
03458964298
03458969434
03458980279
03458955238
03458916874
03458984780
03458912391
03458954119
03458944248
03458996486
03458957649
03458911040
03458945793
03458955845
03458911695
03458949987
03458914635
03458997151
03458957981
03458969132
03458957519
03458947242
03458949421
03458945833
03458958084
03458948149
03458917065
03458968526
03458967284
03458973679
03458919976
03458933332
03458940241
03458924852
03458961873
03458958689
03458927479
03458949108
03458950979
03458951372
03458951346
03458922643
03458994119
03458971764
03458999396
03458982030
03458961277
03458972283
03458922298
03458998370
03458947741
03458953966
03458954871
03458994827
03458950652
03458943299
03458993974
03458977266
03458970043
03458982165
03458980472
03458978363
03458984009
03458952761
03458944331
03458969671
03458917760
03458979467
03458916059
03458924598
03458955301
03458974069
03458958687
03458966119
03458916687
03458995000
03458951381
03458921606
03458985590
03458986275
03458969981
03458954997
03458963861
03458976827
03458941479
03458957397
03458974079
03458971417
03458940478
03458913647
03458993401
03458989651
03458998021
03458947615
03458916946
03458913425
03458992481
03458929981
03458974498
03458938812
03458982278
03458939526
03458976583
03458984612
03458943381
03458977287
03458970017
03458975042
03458930784
03458958865
03458923469
03458914027
03458997764
03458980469
03458992843
03458964409
03458960362
03458944641
03458984120
03458980667
03458969036
03458968098
03458969071
03458990302
03458992388
03458937956
03458929125
03458955609
03458911777
03458931168
03458972718
03458924335
03458921196
03458998098
03458980110
03458996375
03458954781
03458966181
03458983993
03458949851
03458936477
03458910361
03458928072
03458969619
03458969110
03458994170
03458998157
03458997872
03458995915
03458915575
03458975283
03458979715
03458982653
03458992827
03458929740
03458937162
03458982859
03458925046
03458956134
03458992600
03458981867
03458966311
03458948266
03458974426
03458986872
03458980038
03458984105
03458919220
03458953825
03458982620
03458927594
03458985990
03458942666
03458936997
03458974560
03458926463
03458971895
03458924347
03458913721
03458916866
03458925041
03458963466
03458954489
03458924805
03458980343
03458917168
03458928494
03458961761
03458989367
03458967784
03458945904
03458923731
03458910999
03458915877
03458912721
03458991177
03458988994
03458925889
03458965233
03458928687
03458951172
03458969025
03458945861
03458950485
03458929670
03458988272
03458976246
03458943496
03458976978
03458934544
03458957560
03458961830
03458916571
03458948364
03458982971
03458994415
03458973482
03458965451
03458999100
03458939291
03458996622
03458974882
03458991093
03458950829
03458915463
03458988450
03458992899
03458931637
03458982901
03458913688
03458951632
03458996353
03458912293
03458985463
03458955271
03458974320
03458950672
03458928896
03458952247
03458918265
03458981012
03458990805
03458911359
03458966171
03458949168
03458999305
03458964356
03458994578
03458952407
03458934581
03458966133
03458989395
03458954550
03458994143
03458954768
03458999655
03458914207
03458999822
03458983346
03458911858
03458925454
03458920856
03458965477
03458962900
03458927699
03458920095
03458922809
03458936555
03458946852
03458921026
03458915609
03458984077
03458979733
03458984657
03458966294
03458989144
03458928542
03458923430
03458988322
03458946049
03458979106
03458957743
03458991320
03458974664
03458936464
03458929073
03458968900
03458955558
03458912283
03458990503
03458960244
03458983691
03458995028
03458980506
03458974483
03458929598
03458998026
03458919280
03458968369
03458938940
03458910065
03458975035
03458914997
03458947912
03458910678
03458954804
03458988428
03458937132
03458932472
03458941750
03458920427
03458958519
03458946534
03458971580
03458927196
03458945430
03458986344
03458977952
03458914620
03458960051
03458971793
03458989229
03458924413
03458982602
03458994115
03458927087
03458942923
03458913838
03458916451
03458981079
03458966219
03458938588
03458918803
03458981254
03458925467
03458959666
03458988552
03458918395
03458914096
03458917977
03458918425
03458979811
03458948753
03458939816
03458925172
03458948494
03458929875
03458953310
03458929052
03458943253
03458990544
03458941328
03458953748
03458978888
03458938272
03458985805
03458990583
03458965309
03458916562
03458927716
03458945504
03458923293
03458916020
03458960670
03458954208
03458919930
03458927730
03458990325
03458985764
03458997792
03458989085
03458963855
03458996642
03458941625
03458991982
03458940476
03458984597
03458957430
03458945621
03458997211
03458989613
03458984785
03458973198
03458990535
03458924891
03458984839
03458939914
03458942982
03458939662
03458969082
03458923242
03458986379
03458972473
03458995132
03458963790
03458988083
03458985608
03458920763
03458939550
03458951581
03458943288
03458945460
03458977472
03458957106
03458937262
03458946289
03458945329
03458970940
03458930505
03458938507
03458942822
03458970134
03458929317
03458987815
03458947342
03458962066
03458916681
03458974550
03458987251
03458977475
03458924169
03458946493
03458928192
03458952392
03458998989
03458952189
03458924858
03458957661
03458938032
03458941497
03458927737
03458989076
03458947418
03458927733
03458996693
03458994332
03458963096
03458915362
03458930893
03458955874
03458916582
03458956624
03458920967
03458917948
03458956290
03458970150
03458932947
03458992208
03458989514
03458926607
03458970910
03458914206
03458999997
03458932937
03458990769
03458918097
03458955690
03458946082
03458972843
03458917858
03458997010
03458915085
03458981058
03458981898
03458985163
03458950648
03458967734
03458953584
03458959187
03458921601
03458989868
03458934443
03458942698
03458982038
03458991910
03458965453
03458948517
03458914889
03458956827
03458974869
03458947420
03458994796
03458911882
03458956099
03458959672
03458984811
03458983030
03458998724
03458959614
03458936890
03458974391
03458962792
03458947783
03458941559
03458921780
03458973022
03458911722
03458957848
03458978396
03458925350
03458910872
03458958493
03458973651
03458954171
03458969340
03458982120
03458958257
03458934478
03458912561
03458973281
03458972052
03458966338
03458997485
03458971547
03458938570
03458930253
03458997553
03458968306
03458944126
03458923894
03458926737
03458941866
03458945104
03458917021
03458969024
03458969445
03458910981
03458967723
03458942902
03458991800
03458986021
03458930639
03458975640
03458929384
03458977494
03458947624
03458930701
03458939913
03458950231
03458974502
03458969506
03458955441
03458975537
03458912208
03458986300
03458939825
03458916488
03458970646
03458960939
03458995991
03458954404
03458910044
03458983496
03458942602
03458940253
03458913152
03458989167
03458943115
03458962299
03458923436
03458913492
03458940908
03458962929
03458979477
03458952759
03458953717
03458966852
03458928392
03458969015
03458969624
03458954387
03458971296
03458966329
03458932896
03458930720
03458929198
03458952957
03458940335
03458958193
03458981963
03458995809
03458931616
03458920594
03458992144
03458986781
03458937240
03458934471
03458941533
03458974460
03458912203
03458965177
03458932004
03458969853
03458998715
03458945392
03458976895
03458937010
03458917887
03458955812
03458994087
03458967599
03458940420
03458929108
03458971306
03458973924
03458980256
03458958447
03458936254
03458990158
03458921964
03458946135
03458941473
03458981875
03458920313
03458970785
03458992696
03458915518
03458919245
03458925318
03458953932
03458961899
03458957421
03458989210
03458996475
03458934181
03458985327
03458952303
03458915946
03458922447
03458987875
03458928209
03458946227
03458980173
03458963035
03458915475
03458963316
03458954215
03458983085
03458938206
03458916957
03458990238
03458919042
03458990531
03458959978
03458916839
03458925079
03458944314
03458936567
03458968768
03458913667
03458923490
03458982999
03458939897
03458932014
03458977449
03458946075
03458973120
03458983951
03458974212
03458999516
03458943753
03458953597
03458981665
03458935648
03458940139
03458977220
03458952202
03458965029
03458942232
03458915725
03458944942
03458967182
03458970168
03458948760
03458936496
03458917341
03458960248
03458946193
03458971631
03458920079
03458965814
03458919106
03458914542
03458922736
03458997174
03458923138
03458983461
03458985867
03458954255
03458942745
03458990722
03458975288
03458936933
03458978313
03458981191
03458984939
03458998359
03458967093
03458950165
03458971537
03458926536
03458997941
03458978548
03458915817
03458969729
03458983253
03458940952
03458928733
03458912872
03458937758
03458979436
03458977939
03458934491
03458967122
03458912911
03458942965
03458993759
03458966335
03458956889
03458932267
03458961470
03458976459
03458994880
03458911827
03458958182
03458936150
03458975308
03458947833
03458969914
03458994276
03458992570
03458916600
03458944188
03458981357
03458953409
03458944914
03458979406
03458997093
03458916497
03458940164
03458911285
03458997348
03458911190
03458968279
03458941973
03458913747
03458973333
03458983830
03458914647
03458994269
03458936471
03458976351
03458939357
03458974848
03458971426
03458982770
03458992583
03458937563
03458989924
03458998041
03458941920
03458950521
03458968722
03458961608
03458993552
03458921421
03458977482
03458935173
03458944973
03458962032
03458965173
03458997532
03458946992
03458967870
03458933335
03458934085
03458931204
03458986084
03458979628
03458998300
03458980129
03458967837
03458941999
03458978560
03458928780
03458962143
03458986822
03458959530
03458926572
03458942122
03458913685
03458960521
03458960668
03458999556
03458980365
03458982544
03458979781
03458962408
03458937164
03458959095
03458991498
03458914318
03458974184
03458977316
03458962041
03458935778
03458924712
03458955839
03458966837
03458923438
03458970392
03458952642
03458964772
03458959277
03458990659
03458975643
03458918400
03458919909
03458963410
03458983846
03458948863
03458986323
03458968314
03458952969
03458951541
03458951423
03458923675
03458942463
03458939205
03458988631
03458953518
03458967815
03458966738
03458926365
03458962110
03458970733
03458975285
03458978324
03458916901
03458990276
03458998671
03458960756
03458929902
03458915008
03458946505
03458983451
03458973097
03458994409
03458910773
03458993470
03458913178
03458949454
03458956398
03458951258
03458915413
03458999762
03458961569
03458981761
03458947366
03458951793
03458951398
03458998033
03458932911
03458928549
03458920341
03458947667
03458944623
03458985085
03458974195
03458931962
03458996047
03458969643
03458921639
03458936414
03458920544
03458995958
03458955753
03458915533
03458957041
03458953560
03458976911
03458966435
03458959872
03458978561
03458948081
03458912486
03458951304
03458978503
03458916975
03458970219
03458917955
03458963110
03458925429
03458949786
03458919274
03458981216
03458953407
03458986755
03458959044
03458982658
03458978998
03458979218
03458965611
03458948661
03458966227
03458988257
03458994752
03458943624
03458944473
03458956000
03458922838
03458916297
03458981232
03458984750
03458926113
03458919475
03458987532
03458918339
03458983250
03458943135
03458919439
03458950325
03458978003
03458992643
03458990103
03458931352
03458988498
03458972343
03458923503
03458918955
03458944999
03458983776
03458980874
03458999343
03458982470
03458963825
03458942286
03458963046
03458914210
03458934878
03458972501
03458914218
03458995116
03458946812
03458944197
03458965035
03458919165
03458993161
03458961740
03458965875
03458968416
03458975793
03458939523
03458959558
03458928892
03458987607
03458956018
03458976123
03458978935
03458963399
03458955125
03458972129
03458932497
03458971298
03458997455
03458943643
03458955650
03458945245
03458955292
03458969040
03458946937
03458936106
03458982886
03458945830
03458945906
03458944287
03458912187
03458995337
03458910602
03458957628
03458950539
03458969205
03458944253
03458921315
03458970450
03458994862
03458966163
03458984111
03458950810
03458979752
03458981721
03458991234
03458975513
03458946741
03458961159
03458911985
03458949517
03458920629
03458913123
03458931266
03458912621
03458992786
03458910187
03458930217
03458934647
03458951212
03458959788
03458961527
03458974868
03458953342
03458953202
03458982560
03458936729
03458948780
03458947843
03458979082
03458971181
03458918229
03458928504
03458946565
03458954385
03458991652
03458970317
03458999164
03458983127
03458945819
03458937415
03458962452
03458912986
03458977664
03458990142
03458997619
03458935945
03458949463
03458999598
03458919964
03458938844
03458937891
03458973419
03458993539
03458978598
03458975256
03458958247
03458941547
03458941941
03458988523
03458966055
03458938400
03458913068
03458939869
03458931053
03458951520
03458951009
03458913968
03458957015
03458937869
03458915927
03458939641
03458940216
03458973866
03458959064
03458958638
03458950223
03458943137
03458921718
03458918631
03458947532
03458996897
03458924946
03458945082
03458946264
03458995451
03458995474
03458973928
03458910224
03458942638
03458939263
03458977073
03458957750
03458997942
03458948588
03458981829
03458933778
03458953323
03458916191
03458942099
03458998409
03458920223
03458969892
03458994222
03458958334
03458990868
03458959307
03458942971
03458925428
03458946991
03458926063
03458968886
03458942417
03458920452
03458965712
03458929991
03458931228
03458919801
03458981564
03458992472
03458938245
03458923775
03458970042
03458925891
03458931796
03458963119
03458952301
03458999797
03458938240
03458997042
03458975251
03458916001
03458984303
03458948394
03458917766
03458914778
03458979463
03458950951
03458922525
03458937110
03458971078
03458926565
03458968065
03458923331
03458973503
03458996389
03458960535
03458915551
03458960164
03458996447
03458999850
03458991679
03458932443
03458912319
03458927511
03458979851
03458973126
03458947193
03458917308
03458965903
03458972510
03458945375
03458945201
03458961675
03458913990
03458946925
03458971406
03458963798
03458977693
03458958782
03458972823
03458947516
03458965432
03458954812
03458951983
03458930284
03458995053
03458928970
03458926293
03458912365
03458942447
03458922688
03458936877
03458978803
03458924321
03458951859
03458936074
03458990254
03458934927
03458971206
03458998568
03458981189
03458956309
03458926578
03458924983
03458996737
03458937857
03458923623
03458952333
03458926247
03458977630
03458960336
03458997226
03458984798
03458944156
03458920900
03458923456
03458949821
03458966397
03458957489
03458989668
03458995065
03458935331
03458973543
03458942766
03458952445
03458969065
03458942299
03458994225
03458956244
03458973974
03458988663
03458999715
03458987382
03458945709
03458984830
03458935496
03458955180
03458951853
03458998074
03458974228
03458975738
03458993028
03458950129
03458962180
03458982857
03458947750
03458948746
03458972691
03458989911
03458948900
03458919672
03458931513
03458923194
03458995091
03458948935
03458910033
03458932021
03458921386
03458989541
03458923251
03458996134
03458924526
03458977746
03458964990
03458973001
03458911217
03458991594
03458920836
03458959593
03458980515
03458992637
03458990265
03458986207
03458942025
03458946475
03458998102
03458984063
03458939762
03458999957
03458968201
03458997730
03458922515
03458989739
03458986560
03458941819
03458966052
03458952842
03458986196
03458969776
03458953994
03458937654
03458961672
03458982712
03458970003
03458983755
03458999689
03458978694
03458943264
03458928077
03458910676
03458930058
03458942678
03458958670
03458968349
03458968008
03458985546
03458913887
03458991438
03458939188
03458956371
03458924568
03458952983
03458919830
03458955230
03458986441
03458910593
03458963816
03458925542
03458967993
03458973396
03458910738
03458938642
03458952611
03458924535
03458959312
03458976471
03458923743
03458998413
03458996497
03458971880
03458957524
03458967672
03458979836
03458987286
03458927890
03458932274
03458973810
03458980505
03458938955
03458994758
03458930587
03458997623
03458913085
03458962882
03458914772
03458913248
03458968101
03458979448
03458942683
03458956662
03458931940
03458963810
03458943814
03458990144
03458993025
03458933820
03458959873
03458952688
03458995458
03458952157
03458975394
03458987964
03458958551
03458978319
03458990005
03458945036
03458929038
03458978637
03458980150
03458941019
03458915845
03458996430
03458961698
03458915239
03458985165
03458937266
03458917049
03458969345
03458914841
03458911010
03458947896
03458923476
03458921831
03458988459
03458965115
03458971430
03458948811
03458996767
03458937750
03458960396
03458913231
03458910724
03458939378
03458920539
03458954697
03458989781
03458989442
03458957497
03458913645
03458978024
03458951789
03458922791
03458966532
03458927968
03458912265
03458947376
03458974905
03458996553
03458942823
03458983343
03458980617
03458941147
03458927497
03458964488
03458989859
03458924890
03458973605
03458980226
03458976904
03458983383
03458979129
03458985706
03458922319
03458994699
03458930467
03458947484
03458927607
03458911847
03458932986
03458996107
03458955299
03458960491
03458952850
03458924054
03458973906
03458993872
03458994926
03458977053
03458932614
03458969576
03458911881
03458956051
03458999922
03458964551
03458983891
03458933418
03458968406
03458919521
03458987402
03458925353
03458926558
03458925056
03458980205
03458977392
03458949068
03458915216
03458971495
03458979421
03458931390
03458963803
03458981420
03458929368
03458972040
03458949551
03458983032
03458983169
03458970000
03458916129
03458910438
03458938648
03458912489
03458947562
03458963055
03458927955
03458967777
03458931867
03458927700
03458981163
03458967896
03458935137
03458926291
03458998998
03458993700
03458916480
03458951144
03458979710
03458953193
03458961415
03458980491
03458992247
03458936557
03458970553
03458992511
03458934340
03458927097
03458918086
03458911178
03458985325
03458955353
03458910429
03458914617
03458941557
03458964902
03458952160
03458943539
03458911643
03458976294
03458982640
03458913523
03458994231
03458945749
03458950552
03458912620
03458966552
03458932024
03458928632
03458996518
03458916807
03458954713
03458929947
03458946400
03458975932
03458977009
03458970544
03458993615
03458940679
03458913780
03458942464
03458969984
03458982571
03458979783
03458915861
03458984380
03458952143
03458951577
03458949638
03458927549
03458962019
03458941549
03458985121
03458976801
03458923034
03458976322
03458983788
03458914477
03458951534
03458953211
03458982546
03458988807
03458938546
03458955715
03458984670
03458995156
03458988970
03458924496
03458981616
03458949923
03458970964
03458962514
03458961225
03458912655
03458930952
03458914447
03458929887
03458960476
03458914974
03458982386
03458934499
03458975258
03458969592
03458953145
03458936792
03458952897
03458923782
03458926201
03458962245
03458989252
03458987437
03458993763
03458941237
03458960146
03458999710
03458956986
03458962607
03458925142
03458945933
03458912095
03458970585
03458922607
03458915576
03458996952
03458992082
03458961875
03458917616
03458954001
03458936560
03458970825
03458981463
03458954308
03458963288
03458986123
03458931524
03458958364
03458936072
03458923809
03458957833
03458940096
03458944762
03458971973
03458925217
03458937188
03458973209
03458969741
03458966461
03458952367
03458957243
03458955148
03458922404
03458946984
03458937569
03458939840
03458960815
03458938811
03458992210
03458925685
03458918426
03458939454
03458977949
03458974022
03458968185
03458998622
03458926535
03458988100
03458971998
03458922338
03458943603
03458971734
03458954893
03458988665
03458947132
03458951155
03458950510
03458913582
03458926315
03458931904
03458958615
03458939138
03458993955
03458918523
03458984997
03458950925
03458947885
03458972562
03458974583
03458953546
03458919243
03458997734
03458995260
03458995718
03458998275
03458925831
03458955910
03458967048
03458950405
03458978850
03458924646
03458993965
03458968105
03458950146
03458959775
03458941055
03458921689
03458941491
03458979658
03458919334
03458934884
03458974229
03458980098
03458951278
03458916334
03458937174
03458924112
03458953260
03458947755
03458990056
03458952490
03458957159
03458993405
03458951414
03458952879
03458945642
03458957671
03458959267
03458981499
03458979764
03458914492
03458999990
03458950418
03458969334
03458934851
03458991150
03458950872
03458933091
03458948702
03458939584
03458990184
03458975926
03458960834
03458924045
03458924769
03458974553
03458939575
03458929873
03458926292
03458925590
03458976890
03458915614
03458948763
03458956741
03458988175
03458976046
03458983130
03458947172
03458920391
03458926051
03458939569
03458974239
03458929680
03458981944
03458981483
03458946024
03458917282
03458914663
03458941353
03458912906
03458966975
03458917478
03458990579
03458928834
03458920873
03458983807
03458918095
03458929393
03458955206
03458937601
03458996080
03458934803
03458920570
03458978110
03458982789
03458918654
03458974826
03458949961
03458919193
03458964132
03458936356
03458940442
03458949805
03458995089
03458992608
03458958092
03458983848
03458923202
03458962227
03458962555
03458981788
03458939262
03458917781
03458959341
03458955173
03458999322
03458929077
03458990997
03458970844
03458985395
03458982790
03458978159
03458994876
03458961373
03458963235
03458998628
03458927561
03458964702
03458939824
03458993712
03458981122
03458950136
03458979028
03458925783
03458991198
03458960003
03458945545
03458946196
03458930971
03458975374
03458933525
03458932094
03458938782
03458938847
03458965007
03458919652
03458950638
03458972452
03458928195
03458993287
03458950960
03458957652
03458971646
03458931235
03458954719
03458920613
03458910381
03458995641
03458997525
03458922731
03458978946
03458958139
03458967644
03458980312
03458929389
03458969073
03458945452
03458924648
03458954424
03458944633
03458962782
03458964525
03458998227
03458939315
03458914063
03458967371
03458965517
03458930161
03458992484
03458925570
03458959963
03458935814
03458935329
03458977848
03458910794
03458923098
03458959836
03458980708
03458997363
03458979000
03458990262
03458942514
03458982743
03458968639
03458996536
03458950236
03458927012
03458937430
03458990193
03458922385
03458971065
03458987732
03458955359
03458943478
03458969391
03458927978
03458975160
03458972929
03458963789
03458920520
03458988834
03458919094
03458929567
03458933839
03458939684
03458962754
03458983817
03458960315
03458917645
03458971548
03458963992
03458982774
03458940915
03458933625
03458942248
03458980369
03458988140
03458951319
03458915090
03458964748
03458947596
03458994387
03458955434
03458979619
03458990444
03458952730
03458922202
03458986443
03458994354
03458962222
03458979805
03458977442
03458920668
03458993173
03458997746
03458945889
03458921521
03458970087
03458911913
03458991367
03458960704
03458928476
03458994352
03458932912
03458992559
03458915678
03458996841
03458948698
03458917973
03458924085
03458971497
03458935180
03458978405
03458960064
03458972310
03458931087
03458978661
03458954244
03458931202
03458977193
03458924403
03458920551
03458961110
03458956182
03458921579
03458990394
03458981024
03458953998
03458977509
03458982474
03458964067
03458918914
03458961967
03458958377
03458989290
03458913510
03458970764
03458997513
03458990890
03458955719
03458985488
03458914768
03458973579
03458942859
03458956506
03458938884
03458934719
03458966963
03458940153
03458967366
03458938170
03458911332
03458925284
03458991411
03458939984
03458936948
03458993987
03458952706
03458914337
03458910342
03458972710
03458989371
03458940733
03458960437
03458979680
03458933513
03458976302
03458950238
03458936091
03458972428
03458952712
03458931849
03458933425
03458938165
03458997491
03458938624
03458947754
03458997103
03458978761
03458994600
03458920206
03458977957
03458945480
03458950905
03458985632
03458911957
03458932781
03458996531
03458963236
03458953488
03458915772
03458978447
03458955039
03458933450
03458963851
03458961976
03458987932
03458975241
03458932934
03458959561
03458998783
03458972595
03458955362
03458917234
03458962388
03458915741
03458952503
03458911413
03458932585
03458914957
03458973578
03458982607
03458919757
03458938280
03458956180
03458968612
03458930846
03458984676
03458981719
03458960177
03458992715
03458963652
03458914909
03458932624
03458975213
03458972907
03458946540
03458944346
03458913037
03458956594
03458927830
03458983195
03458934142
03458947495
03458950075
03458942074
03458983187
03458963489
03458981461
03458950843
03458994849
03458942218
03458949651
03458971932
03458960935
03458916391
03458990949
03458975712
03458914107
03458990876
03458995184
03458912236
03458953582
03458947479
03458983117
03458920228
03458957371
03458942049
03458927038
03458938261
03458960486
03458981686
03458975479
03458988803
03458922037
03458980771
03458942601
03458998532
03458996687
03458911254
03458912809
03458920060
03458990405
03458982623
03458930783
03458914278
03458956516
03458955590
03458968633
03458994408
03458922161
03458961409
03458915594
03458929613
03458986663
03458964377
03458929846
03458933377
03458925815
03458921440
03458954422
03458912582
03458934362
03458935498
03458967965
03458996453
03458972132
03458994353
03458969831
03458994941
03458971505
03458992344
03458998497
03458940773
03458927418
03458992711
03458937605
03458977914
03458943092
03458985532
03458971447
03458969627
03458966077
03458984559
03458920276
03458959884
03458959189
03458935373
03458956739
03458950924
03458972716
03458975247
03458956831
03458985697
03458954907
03458914658
03458934330
03458942146
03458985759
03458973692
03458922903
03458929817
03458962912
03458914612
03458988840
03458971666
03458992241
03458955462
03458982722
03458935907
03458982975
03458942955
03458968285
03458950938
03458947688
03458936568
03458912942
03458958979
03458913091
03458944016
03458962280
03458919627
03458923249
03458944150
03458940546
03458941720
03458937804
03458922946
03458943584
03458923369
03458985688
03458995934
03458943174
