03344101717
03009507138
03325455951
03009507138
03005055930
03215825157
03215207715
03005153334
03345153619
03008526060
03145102007
03008361011
03335563963
03335589905
03215155491
03005255584
03215000192
03335297198
03009810736
03458627772
03018548884
03005559909
03009565128
03005599981
03218501559
03005169388
03335000046
03005284751
03005209899
03005011917
03009821732
03005229108
03009732672
03235390177
03005136632
03008547891
03009887866
03335351212
03005323501
03335823830
03218565333
03215579866
03335115272
03015588731
03227000111
03225008668
03005552910
03005652228
03458627772
03315225889
03455253366
03005168136
03028552390
03005001305
03005395712
03325004548
03218497811
03214992532
03005391598
03218565333
03345026636
03008500841
03008563210
03465140918
03328466807
03009193576
03025081011
03009767732
03335137355
03145102007
03005576023
03007074883
03125177326
03218501559
03335262477
03009748838
03009190818
03445721143
03335102184
03215179927
03009732626
03005567254
03009508880
03018489790
03235391235
03009559054
03135112101
03008546249
03235021437
03455123193
03435111521
03224538722
03335327032
03008502929
03335213739
03455237398
03005073963
03335564503
03335126281
03456719144
03005007539
03009722116
03009194509
03215275271
03008552286
03018543001
03008500382
03217328701
03468585859
03445401894
03455149275
03005069410
03335505077
03215561299
03215179529
03005010294
03008501140
03215070307
03335217861
03005011164
03008501140
03335213242
03215171409
03005314029
03009540581
03005237663
03219133888
03005241933
03005278925
03009504603
03335250579
03335532232
03335482412
03335155196
03326286394
03008504801
03228565944
03339500121
03005545271
03335226898
03008505181
03005564307
03025355345
03005368039
03005068229
03005004010
03005531901
03028173061
03005169388
03465762104
03005537793
03218522180
03215333327
03335767304
03458527878
03008528289
03008547899
03335119111
03005554533
03018500185
03455523211
03455490197
03005997908
03005124115
03008501140
03455040687
03005244786
03005121627
03008520304
03005018048
03335352124
03345283543
03215285283
03009828396
03215111104
03345373630
03015468250
03215685769
03218018941
