03018400022
03018400122
03018400222
03018400322
03018400422
03018400522
03018400622
03018400722
03018400822
03018400922
03018401022
03018401122
03018401222
03018401322
03018401422
03018401522
03018401622
03018401722
03018401822
03018401922
03018402022
03018402122
03018402222
03018402322
03018402422
03018402522
03018402622
03018402722
03018402822
03018402922
03018403022
03018403122
03018403222
03018403322
03018403422
03018403522
03018403622
03018403722
03018403822
03018403922
03018404022
03018404122
03018404222
03018404322
03018404422
03018404522
03018404622
03018404722
03018404822
03018404922
03018405022
03018405122
03018405222
03018405322
03018405422
03018405522
03018405622
03018405722
03018405822
03018405922
03018406022
03018406122
03018406222
03018406322
03018406422
03018406522
03018406622
03018406722
03018406822
03018406922
03018407022
03018407122
03018407222
03018407322
03018407422
03018407522
03018407622
03018407722
03018407822
03018407922
03018408022
03018408122
03018408222
03018408322
03018408422
03018408522
03018408622
03018408722
03018408822
03018408922
03018409022
03018409122
03018409222
03018409322
03018409422
03018409522
03018409622
03018409722
03018409822
03018409922
03018410022
03018410122
03018410222
03018410322
03018410422
03018410522
03018410622
03018410722
03018410822
03018410922
03018411022
03018411122
03018411222
03018411322
03018411422
03018411522
03018411622
03018411722
03018411822
03018411922
03018412022
03018412122
03018412222
03018412322
03018412422
03018412522
03018412622
03018412722
03018412822
03018412922
03018413022
03018413122
03018413222
03018413322
03018413422
03018413522
03018413622
03018413722
03018413822
03018413922
03018414022
03018414122
03018414222
03018414322
03018414422
03018414522
03018414622
03018414722
03018414822
03018414922
03018415022
03018415122
03018415222
03018415322
03018415422
03018415522
03018415622
03018415722
03018415822
03018415922
03018416022
03018416122
03018416222
03018416322
03018416422
03018416522
03018416622
03018416722
03018416822
03018416922
03018417022
03018417122
03018417222
03018417322
03018417422
03018417522
03018417622
03018417722
03018417822
03018417922
03018418022
03018418122
03018418222
03018418322
03018418422
03018418522
03018418622
03018418722
03018418822
03018418922
03018419022
03018419122
03018419222
03018419322
03018419422
03018419522
03018419622
03018419722
03018419822
03018419922
03018420022
03018420122
03018420222
03018420322
03018420422
03018420522
03018420622
03018420722
03018420822
03018420922
03018421022
03018421122
03018421222
03018421322
03018421422
03018421522
03018421622
03018421722
03018421822
03018421922
03018422022
03018422122
03018422222
03018422322
03018422422
03018422522
03018422622
03018422722
03018422822
03018422922
03018423022
03018423122
03018423222
03018423322
03018423422
03018423522
03018423622
03018423722
03018423822
03018423922
03018424022
03018424122
03018424222
03018424322
03018424422
03018424522
03018424622
03018424722
03018424822
03018424922
03018425022
03018425122
03018425222
03018425322
03018425422
03018425522
03018425622
03018425722
03018425822
03018425922
03018426022
03018426122
03018426222
03018426322
03018426422
03018426522
03018426622
03018426722
03018426822
03018426922
03018427022
03018427122
03018427222
03018427322
03018427422
03018427522
03018427622
03018427722
03018427822
03018427922
03018428022
03018428122
03018428222
03018428322
03018428422
03018428522
03018428622
03018428722
03018428822
03018428922
03018429022
03018429122
03018429222
03018429322
03018429422
03018429522
03018429622
03018429722
03018429822
03018429922
03018430022
03018430122
03018430222
03018430322
03018430422
03018430522
03018430622
03018430722
03018430822
03018430922
03018431022
03018431122
03018431222
03018431322
03018431422
03018431522
03018431622
03018431722
03018431822
03018431922
03018432022
03018432122
03018432222
03018432322
03018432422
03018432522
03018432622
03018432722
03018432822
03018432922
03018433022
03018433122
03018433222
03018433322
03018433422
03018433522
03018433622
03018433722
03018433822
03018433922
03018434022
03018434122
03018434222
03018434322
03018434422
03018434522
03018434622
03018434722
03018434822
03018434922
03018435022
03018435122
03018435222
03018435322
03018435422
03018435522
03018435622
03018435722
03018435822
03018435922
03018436022
03018436122
03018436222
03018436322
03018436422
03018436522
03018436622
03018436722
03018436822
03018436922
03018437022
03018437122
03018437222
03018437322
03018437422
03018437522
03018437622
03018437722
03018437822
03018437922
03018438022
03018438122
03018438222
03018438322
03018438422
03018438522
03018438622
03018438722
03018438822
03018438922
03018439022
03018439122
03018439222
03018439322
03018439422
03018439522
03018439622
03018439722
03018439822
03018439922
03018440022
03018440122
03018440222
03018440322
03018440422
03018440522
03018440622
03018440722
03018440822
03018440922
03018441022
03018441122
03018441222
03018441322
03018441422
03018441522
03018441622
03018441722
03018441822
03018441922
03018442022
03018442122
03018442222
03018442322
03018442422
03018442522
03018442622
03018442722
03018442822
03018442922
03018443022
03018443122
03018443222
03018443322
03018443422
03018443522
03018443622
03018443722
03018443822
03018443922
03018444022
03018444122
03018444222
03018444322
03018444422
03018444522
03018444622
03018444722
03018444822
03018444922
03018445022
03018445122
03018445222
03018445322
03018445422
03018445522
03018445622
03018445722
03018445822
03018445922
03018446022
03018446122
03018446222
03018446322
03018446422
03018446522
03018446622
03018446722
03018446822
03018446922
03018447022
03018447122
03018447222
03018447322
03018447422
03018447522
03018447622
03018447722
03018447822
03018447922
03018448022
03018448122
03018448222
03018448322
03018448422
03018448522
03018448622
03018448722
03018448822
03018448922
03018449022
03018449122
03018449222
03018449322
03018449422
03018449522
03018449622
03018449722
03018449822
03018449922
03018450022
03018450122
03018450222
03018450322
03018450422
03018450522
03018450622
03018450722
03018450822
03018450922
03018451022
03018451122
03018451222
03018451322
03018451422
03018451522
03018451622
03018451722
03018451822
03018451922
03018452022
03018452122
03018452222
03018452322
03018452422
03018452522
03018452622
03018452722
03018452822
03018452922
03018453022
03018453122
03018453222
03018453322
03018453422
03018453522
03018453622
03018453722
03018453822
03018453922
03018454022
03018454122
03018454222
03018454322
03018454422
03018454522
03018454622
03018454722
03018454822
03018454922
03018455022
03018455122
03018455222
03018455322
03018455422
03018455522
03018455622
03018455722
03018455822
03018455922
03018456022
03018456122
03018456222
03018456322
03018456422
03018456522
03018456622
03018456722
03018456822
03018456922
03018457022
03018457122
03018457222
03018457322
03018457422
03018457522
03018457622
03018457722
03018457822
03018457922
03018458022
03018458122
03018458222
03018458322
03018458422
03018458522
03018458622
03018458722
03018458822
03018458922
03018459022
03018459122
03018459222
03018459322
03018459422
03018459522
03018459622
03018459722
03018459822
03018459922
03018460022
03018460122
03018460222
03018460322
03018460422
03018460522
03018460622
03018460722
03018460822
03018460922
03018461022
03018461122
03018461222
03018461322
03018461422
03018461522
03018461622
03018461722
03018461822
03018461922
03018462022
03018462122
03018462222
03018462322
03018462422
03018462522
03018462622
03018462722
03018462822
03018462922
03018463022
03018463122
03018463222
03018463322
03018463422
03018463522
03018463622
03018463722
03018463822
03018463922
03018464022
03018464122
03018464222
03018464322
03018464422
03018464522
03018464622
03018464722
03018464822
03018464922
03018465022
03018465122
03018465222
03018465322
03018465422
03018465522
03018465622
03018465722
03018465822
03018465922
03018466022
03018466122
03018466222
03018466322
03018466422
03018466522
03018466622
03018466722
03018466822
03018466922
03018467022
03018467122
03018467222
03018467322
03018467422
03018467522
03018467622
03018467722
03018467822
03018467922
03018468022
03018468122
03018468222
03018468322
03018468422
03018468522
03018468622
03018468722
03018468822
03018468922
03018469022
03018469122
03018469222
03018469322
03018469422
03018469522
03018469622
03018469722
03018469822
03018469922
03018470022
03018470122
03018470222
03018470322
03018470422
03018470522
03018470622
03018470722
03018470822
03018470922
03018471022
03018471122
03018471222
03018471322
03018471422
03018471522
03018471622
03018471722
03018471822
03018471922
03018472022
03018472122
03018472222
03018472322
03018472422
03018472522
03018472622
03018472722
03018472822
03018472922
03018473022
03018473122
03018473222
03018473322
03018473422
03018473522
03018473622
03018473722
03018473822
03018473922
03018474022
03018474122
03018474222
03018474322
03018474422
03018474522
03018474622
03018474722
03018474822
03018474922
03018475022
03018475122
03018475222
03018475322
03018475422
03018475522
03018475622
03018475722
03018475822
03018475922
03018476022
03018476122
03018476222
03018476322
03018476422
03018476522
03018476622
03018476722
03018476822
03018476922
03018477022
03018477122
03018477222
03018477322
03018477422
03018477522
03018477622
03018477722
03018477822
03018477922
03018478022
03018478122
03018478222
03018478322
03018478422
03018478522
03018478622
03018478722
03018478822
03018478922
03018479022
03018479122
03018479222
03018479322
03018479422
03018479522
03018479622
03018479722
03018479822
03018479922
03018480022
03018480122
03018480222
03018480322
03018480422
03018480522
03018480622
03018480722
03018480822
03018480922
03018481022
03018481122
03018481222
03018481322
03018481422
03018481522
03018481622
03018481722
03018481822
03018481922
03018482022
03018482122
03018482222
03018482322
03018482422
03018482522
03018482622
03018482722
03018482822
03018482922
03018483022
03018483122
03018483222
03018483322
03018483422
03018483522
03018483622
03018483722
03018483822
03018483922
03018484022
03018484122
03018484222
03018484322
03018484422
03018484522
03018484622
03018484722
03018484822
03018484922
03018485022
03018485122
03018485222
03018485322
03018485422
03018485522
03018485622
03018485722
03018485822
03018485922
03018486022
03018486122
03018486222
03018486322
03018486422
03018486522
03018486622
03018486722
03018486822
03018486922
03018487022
03018487122
03018487222
03018487322
03018487422
03018487522
03018487622
03018487722
03018487822
03018487922
03018488022
03018488122
03018488222
03018488322
03018488422
03018488522
03018488622
03018488722
03018488822
03018488922
03018489022
03018489122
03018489222
03018489322
03018489422
03018489522
03018489622
03018489722
03018489822
03018489922
03018490022
03018490122
03018490222
03018490322
03018490422
03018490522
03018490622
03018490722
03018490822
03018490922
03018491022
03018491122
03018491222
03018491322
03018491422
03018491522
03018491622
03018491722
03018491822
03018491922
03018492022
03018492122
03018492222
03018492322
03018492422
03018492522
03018492622
03018492722
03018492822
03018492922
03018493022
03018493122
03018493222
03018493322
03018493422
03018493522
03018493622
03018493722
03018493822
03018493922
03018494022
03018494122
03018494222
03018494322
03018494422
03018494522
03018494622
03018494722
03018494822
03018494922
03018495022
03018495122
03018495222
03018495322
03018495422
03018495522
03018495622
03018495722
03018495822
03018495922
03018496022
03018496122
03018496222
03018496322
03018496422
03018496522
03018496622
03018496722
03018496822
03018496922
03018497022
03018497122
03018497222
03018497322
03018497422
03018497522
03018497622
03018497722
03018497822
03018497922
03018498022
03018498122
03018498222
03018498322
03018498422
03018498522
03018498622
03018498722
03018498822
03018498922
03018499022
03018499122
03018499222
03018499322
03018499422
03018499522
03018499622
03018499722
03018499822
03018499922
