03216984096
03216983848
03216982754
03216981841
03216986672
03216988709
03216988773
03216981280
03216986025
03216988359
03216988156
03216983805
03216989969
03216983269
03216988439
03216989213
03216986185
03216982026
03216984482
03216984192
03216989280
03216984632
03216989924
03216981247
03216987331
03216986053
03216985141
03216981912
03216986810
03216988360
03216982714
03216981806
03216985585
03216989095
03216984766
03216988886
03216987765
03216981131
03216985447
03216989984
03216985122
03216986701
03216985511
03216986183
03216983083
03216988834
03216981351
03216983618
03216989614
03216986000
03216981347
03216989216
03216982829
03216989341
03216982656
03216983632
03216989368
03216989215
03216982182
03216985645
03216986350
03216988220
03216989683
03216984174
03216983672
03216988419
03216983722
03216988744
03216989296
03216984405
03216984802
03216984545
03216986577
03216988958
03216988829
03216987975
03216987009
03216982192
03216989584
03216988938
03216989878
03216981937
03216988292
03216988424
03216988474
03216987127
03216986079
03216988044
03216989477
03216982534
03216985827
03216982008
03216989410
03216988508
03216982931
03216982723
03216985891
03216987256
03216982051
03216984811
03216988026
03216986048
03216982763
03216982114
03216984673
03216981240
03216985172
03216986549
03216984158
03216988635
03216984295
03216981735
03216982034
03216989994
03216982420
03216986595
03216982665
03216988527
03216986360
03216985325
03216984194
03216984043
03216984713
03216986949
03216989418
03216989467
03216984077
03216986372
03216986300
03216982328
03216986887
03216985067
03216983910
03216982244
03216985661
03216986359
03216982453
03216985540
03216989528
03216982871
03216982927
03216986192
03216983898
03216985083
03216987712
03216987675
03216986473
03216982936
03216989295
03216984590
03216983523
03216988450
03216982701
03216981853
03216988720
03216987400
03216987724
03216981121
03216981773
03216981094
03216987857
03216986307
03216983857
03216989228
03216987824
03216989790
03216984333
03216986061
03216984142
03216987125
03216988998
03216983488
03216982397
03216988001
03216989630
03216989236
03216981742
03216982993
03216981141
03216986069
03216987004
03216987737
03216983363
03216986616
03216981208
03216986940
03216988959
03216984728
03216984419
03216987755
03216981776
03216982750
03216988335
03216987591
03216981225
03216988484
03216989850
03216986683
03216988603
03216984241
03216985153
03216987465
03216984525
03216984961
03216983851
03216988575
03216987769
03216988487
03216989378
03216988779
03216989953
03216984107
03216988569
03216982611
03216986615
03216989399
03216987392
03216987102
03216989413
03216982706
03216981243
03216981712
03216989647
03216989666
03216982554
03216988405
03216981891
03216986310
03216982537
03216981828
03216981851
03216988838
03216981655
03216986539
03216988365
03216981189
03216986241
03216985040
03216988976
03216981823
03216988642
03216987482
03216989021
03216985872
03216983235
03216987284
03216981210
03216987139
03216985739
03216984758
03216983282
03216983249
03216984185
03216986021
03216989364
03216987734
03216987486
03216982469
03216987415
03216982278
03216989000
03216988296
03216981656
03216985710
03216982859
03216989026
03216985912
03216983172
03216987665
03216982266
03216989888
03216981005
03216982183
03216983532
03216987674
03216984879
03216988656
03216989025
03216981327
03216984689
03216986112
03216985513
03216985556
03216982354
03216982344
03216981824
03216988506
03216987553
03216986506
03216984407
03216986363
03216988482
03216989074
03216984916
03216987524
03216984424
03216982184
03216981226
03216982567
03216987092
03216981015
03216983360
03216989650
03216982001
03216982488
03216981689
03216982855
03216988830
03216983443
03216986088
03216987589
03216982888
03216982782
03216986100
03216982550
03216985461
03216986682
03216984088
03216984665
03216985760
03216985481
03216984641
03216983701
03216982807
03216988600
03216989962
03216984600
03216989143
03216983463
03216983544
03216988421
03216984540
03216985045
03216989856
03216985651
03216988723
03216983062
03216988318
03216988774
03216985593
03216987941
03216982974
03216982366
03216982063
03216983919
03216985501
03216987138
03216987902
03216986980
03216985254
03216987878
03216985009
03216988300
03216989680
03216983089
03216982892
03216987698
03216988843
03216986945
03216984125
03216989344
03216984361
03216981559
03216987504
03216984862
03216986826
03216983952
03216989013
03216981389
03216982697
03216987163
03216985866
03216988107
03216984866
03216985625
03216987595
03216989068
03216983641
03216986324
03216985642
03216981440
03216989286
03216987166
03216985588
03216982052
03216987045
03216982758
03216981024
03216984219
03216981372
03216984648
03216986249
03216983579
03216981414
03216984861
03216987200
03216983767
03216988675
03216983185
03216988888
03216985590
03216982557
03216984814
03216987463
03216985296
03216988629
03216988162
03216983304
03216987800
03216983702
03216982921
03216982273
03216989274
03216988099
03216986650
03216986907
03216986254
03216988478
03216985790
03216981217
03216981858
03216981286
03216984211
03216982734
03216981868
03216986913
03216984965
03216983139
03216986753
03216985849
03216986728
03216986450
03216986445
03216981860
03216985360
03216989581
03216987462
03216982394
03216986057
03216988067
03216986848
03216982547
03216989141
03216984523
03216987926
03216985667
03216982025
03216986278
03216982633
03216985226
03216984079
03216984924
03216987925
03216988333
03216983528
03216983252
03216982562
03216986761
03216981248
03216988339
03216984661
03216986948
03216987071
03216985544
03216983887
03216982828
03216986238
03216981290
03216987325
03216988792
03216987969
03216987723
03216984369
03216989311
03216985069
03216988210
03216983941
03216981245
03216982939
03216986861
03216984119
03216982649
03216981526
03216988519
03216983527
03216981831
03216986329
03216984899
03216985633
03216984808
03216989728
03216982186
03216985598
03216983587
03216983597
03216985097
03216989428
03216988952
03216983841
03216981658
03216987201
03216983556
03216989022
03216982901
03216988182
03216984351
03216982819
03216985399
03216986447
03216982894
03216982361
03216984308
03216982711
03216989458
03216983892
03216982336
03216987612
03216987995
03216983713
03216987039
03216981472
03216987575
03216988844
03216981816
03216982205
03216987908
03216983367
03216984325
03216984963
03216984504
03216988930
03216988146
03216982813
03216984805
03216984328
03216984386
03216982769
03216987140
03216988274
03216986717
03216981276
03216987957
03216989948
03216984919
03216984046
03216989206
03216981373
03216985308
03216985862
03216986710
03216986776
03216983975
03216988185
03216983194
03216989891
03216982551
03216983080
03216981903
03216988036
03216988206
03216982849
03216983345
03216989523
03216982806
03216983666
03216987796
03216989899
03216989301
03216988054
03216985099
03216989951
03216988447
03216985118
03216983589
03216989195
03216983068
03216981435
03216983771
03216988837
03216986620
03216981133
03216984495
03216984059
03216988799
03216981444
03216988510
03216985107
03216986603
03216985396
03216981239
03216985539
03216983577
03216984365
03216985962
03216985941
03216987475
03216985920
03216983086
03216982265
03216989940
03216982221
03216984958
03216982917
03216985755
03216989011
03216987460
03216981413
03216989573
03216986186
03216982533
03216983300
03216985839
03216981969
03216989063
03216986610
03216986589
03216984843
03216983726
03216983051
03216985705
03216989579
03216984830
03216987105
03216985494
03216986296
03216983533
03216988867
03216984554
03216987996
03216989426
03216987320
03216985689
03216989499
03216983287
03216983694
03216987029
03216984710
03216985053
03216983006
03216983638
03216983971
03216988411
03216989310
03216986496
03216982084
03216985096
03216988495
03216981581
03216989253
03216983338
03216985742
03216984180
03216985919
03216983277
03216987768
03216982652
03216983665
03216988745
03216982729
03216986412
03216988128
03216981743
03216987090
03216986893
03216981148
03216986696
03216988340
03216986572
03216989735
03216981191
03216986981
03216981522
03216987884
03216983606
03216987037
03216986782
03216989500
03216987845
03216984587
03216983982
03216989946
03216985319
03216982932
03216987775
03216983752
03216986942
03216982401
03216989340
03216981530
03216983710
03216985842
03216986668
03216988389
03216989406
03216985191
03216983947
03216981798
03216983241
03216988601
03216986765
03216986007
03216982988
03216983373
03216984396
03216985392
03216984161
03216985614
03216986882
03216989287
03216983228
03216988567
03216983540
03216987760
03216981771
03216983961
03216982944
03216981397
03216988250
03216987232
03216988204
03216983271
03216985680
03216981216
03216985217
03216987631
03216981591
03216985510
03216987702
03216984604
03216985986
03216987216
03216983939
03216982330
03216989559
03216983378
03216982781
03216986786
03216982457
03216982243
03216987680
03216985143
03216982301
03216988907
03216987414
03216987634
03216981229
03216988854
03216981843
03216989532
03216987802
03216982705
03216988716
03216984176
03216988943
03216987983
03216985290
03216983777
03216985526
03216983963
03216987554
03216987035
03216989440
03216984401
03216984585
03216988615
03216981463
03216984774
03216985961
03216982602
03216982308
03216987803
03216989996
03216984936
03216988847
03216982760
03216985634
03216987683
03216986136
03216989625
03216989457
03216984662
03216984182
03216983838
03216988803
03216988465
03216982153
03216981179
03216984746
03216988363
03216988194
03216986827
03216984269
03216983227
03216988887
03216981973
03216985337
03216981139
03216987986
03216984929
03216988840
03216986678
03216981203
03216981919
03216982860
03216989815
03216984944
03216985332
03216984777
03216982660
03216987607
03216987495
03216988631
03216983944
03216987424
03216981802
03216984357
03216984578
03216986747
03216982925
03216989521
03216987483
03216989324
03216982314
03216982698
03216982237
03216985475
03216989976
03216982827
03216985503
03216989480
03216988378
03216981883
03216985246
03216983866
03216986227
03216987150
03216984345
03216989655
03216985025
03216986706
03216987923
03216983715
03216981395
03216984483
03216982099
03216981670
03216989934
03216986602
03216986008
03216988087
03216982079
03216985369
03216987870
03216984972
03216986971
03216985804
03216988441
03216987943
03216983423
03216981650
03216989110
03216981082
03216985774
03216989950
03216989866
03216982458
03216982618
03216984390
03216988983
03216984633
03216983375
03216988306
03216987654
03216985569
03216982878
03216988085
03216984423
03216989238
03216985779
03216986371
03216984384
03216981781
03216986475
03216984682
03216989482
03216985772
03216989745
03216985372
03216981387
03216984653
03216984159
03216986652
03216985002
03216983390
03216983696
03216983096
03216987210
03216984527
03216982728
03216981597
03216988665
03216988150
03216985065
03216985338
03216987227
03216989872
03216984933
03216986135
03216983993
03216983475
03216985184
03216984403
03216981716
03216984908
03216983210
03216981873
03216981097
03216989769
03216981987
03216987717
03216983001
03216981409
03216986226
03216987658
03216989420
03216985848
03216982082
03216983275
03216987174
03216987253
03216983746
03216983084
03216989389
03216982751
03216987421
03216982517
03216985499
03216986454
03216985877
03216988517
03216983176
03216985242
03216981673
03216988788
03216989885
03216985336
03216983429
03216982959
03216989609
03216985149
03216981462
03216987679
03216987806
03216984024
03216982850
03216988961
03216986739
03216985013
03216988964
03216988297
03216982503
03216984451
03216988579
03216985533
03216981839
03216983049
03216982415
03216988821
03216983293
03216983389
03216981837
03216983823
03216987602
03216985147
03216989742
03216984711
03216981475
03216983603
03216984442
03216989556
03216983426
03216983448
03216983143
03216982708
03216987381
03216984850
03216988689
03216984076
03216989108
03216985789
03216985263
03216988984
03216988045
03216987124
03216982916
03216988941
03216988624
03216981362
03216983150
03216984709
03216983867
03216982794
03216981929
03216987397
03216984927
03216987816
03216989601
03216989272
03216983236
03216981465
03216982803
03216988973
03216982097
03216989333
03216986936
03216984928
03216986078
03216984478
03216985726
03216981624
03216986396
03216982431
03216984506
03216984519
03216989012
03216981346
03216987340
03216986745
03216986176
03216985895
03216982146
03216981711
03216985738
03216982402
03216986188
03216985991
03216985747
03216988384
03216982037
03216986172
03216983942
03216986844
03216989224
03216987238
03216984425
03216988221
03216984556
03216988140
03216981169
03216987883
03216981000
03216982495
03216987306
03216985094
03216984752
03216984223
03216985463
03216989262
03216984775
03216987991
03216986202
03216987252
03216987622
03216981198
03216982525
03216989890
03216988486
03216989979
03216983239
03216987293
03216984359
03216986259
03216986567
03216987662
03216985294
03216981774
03216986920
03216989118
03216982189
03216985945
03216982841
03216984725
03216984263
03216983242
03216981093
03216981238
03216981524
03216988265
03216982774
03216981396
03216985951
03216981972
03216989616
03216985696
03216984666
03216981744
03216988161
03216987929
03216986641
03216986236
03216987431
03216982449
03216983198
03216986344
03216987073
03216981477
03216982989
03216986911
03216987955
03216987429
03216988797
03216987248
03216988455
03216984974
03216986003
03216981584
03216987021
03216983322
03216982157
03216983693
03216983421
03216987523
03216984201
03216984679
03216986795
03216983673
03216984069
03216987006
03216984356
03216983661
03216981780
03216984945
03216985700
03216982566
03216989164
03216988982
03216985271
03216988267
03216985868
03216989706
03216982955
03216984586
03216985056
03216989505
03216982922
03216989550
03216984629
03216989315
03216982842
03216983072
03216985135
03216985468
03216989380
03216989906
03216981057
03216985884
03216982296
03216989813
03216987856
03216984339
03216989451
03216985154
03216981654
03216989705
03216983839
03216989086
03216984232
03216983250
03216985643
03216988781
03216985561
03216982022
03216986150
03216987937
03216989667
03216989863
03216984322
03216985195
03216989027
03216983529
03216989172
03216989077
03216981797
03216981084
03216987896
03216984923
03216985497
03216983829
03216985315
03216988839
03216981884
03216989824
03216984344
03216989035
03216989733
03216984358
03216989481
03216983374
03216984671
03216989588
03216984098
03216989958
03216984646
03216985557
03216989839
03216986555
03216983922
03216983846
03216984477
03216984253
03216988253
03216983013
03216984834
03216983639
03216989438
03216986033
03216989007
03216986355
03216988848
03216989203
03216989726
03216988704
03216984493
03216984718
03216989179
03216981251
03216986985
03216987809
03216986975
03216984246
03216983989
03216988760
03216984917
03216981188
03216985978
03216982657
03216989867
03216984781
03216981479
03216981345
03216989734
03216985233
03216983555
03216985091
03216982071
03216981474
03216982086
03216981063
03216981836
03216983093
03216981516
03216986720
03216986689
03216987492
03216986443
03216981278
03216988767
03216983984
03216982043
03216981438
03216987660
03216983224
03216987069
03216989712
03216987959
03216986181
03216989445
03216987696
03216981894
03216984206
03216984903
03216982771
03216985930
03216987966
03216983607
03216983588
03216986923
03216989671
03216989257
03216985968
03216982375
03216988337
03216982578
03216986147
03216981511
03216984844
03216982164
03216984411
03216988249
03216987850
03216982441
03216988462
03216986912
03216984829
03216988993
03216985597
03216986374
03216985995
03216988053
03216985621
03216981159
03216988454
03216983323
03216989615
03216987988
03216983967
03216981100
03216986461
03216981374
03216987757
03216985518
03216983298
03216981424
03216986184
03216987049
03216982041
03216984522
03216988080
03216984716
03216982256
03216981146
03216988460
03216984911
03216987600
03216984428
03216986777
03216983827
03216986582
03216982609
03216989307
03216983057
03216981521
03216982549
03216986422
03216984282
03216986750
03216986787
03216984684
03216987667
03216981393
03216988772
03216983404
03216982808
03216988547
03216985881
03216989972
03216988903
03216987307
03216984704
03216989538
03216989684
03216985274
03216983930
03216984212
03216982909
03216982772
03216982117
03216983127
03216985528
03216989492
03216981330
03216982279
03216986462
03216983518
03216988828
03216984166
03216988229
03216985905
03216987945
03216985110
03216982636
03216989621
03216985749
03216986658
03216986034
03216984743
03216982624
03216984702
03216983454
03216988483
03216989681
03216983019
03216981811
03216981232
03216986623
03216984068
03216981186
03216988514
03216981455
03216985985
03216989102
03216983151
03216981713
03216987378
03216988869
03216981647
03216988034
03216985496
03216988705
03216987577
03216985709
03216987339
03216985034
03216989737
03216984485
03216985210
03216985202
03216986133
03216983877
03216983994
03216986646
03216983780
03216982590
03216984475
03216986228
03216982666
03216985647
03216985333
03216984768
03216988211
03216982303
03216984149
03216989055
03216983776
03216985736
03216989937
03216982147
03216989046
03216985136
03216986729
03216986152
03216988731
03216988777
03216985472
03216986244
03216989851
03216985225
03216986277
03216986504
03216987933
03216982474
03216986279
03216984988
03216983559
03216989268
03216986038
03216985179
03216982987
03216986822
03216989978
03216981060
03216982356
03216988141
03216984057
03216984498
03216984733
03216989767
03216985860
03216985743
03216987451
03216987193
03216989402
03216981167
03216989126
03216981933
03216981639
03216989828
03216984066
03216986468
03216986968
03216986803
03216984195
03216983741
03216989329
03216988753
03216988613
03216983290
03216988019
03216987083
03216982220
03216982006
03216983200
03216984481
03216987815
03216985776
03216981076
03216986024
03216983861
03216984888
03216983634
03216988524
03216982353
03216983190
03216982080
03216982139
03216987530
03216985572
03216982118
03216981177
03216986990
03216983903
03216984218
03216983147
03216982042
03216989713
03216984337
03216987121
03216984651
03216985727
03216988170
03216989880
03216984441
03216981993
03216985938
03216985356
03216985410
03216982061
03216985270
03216987134
03216982978
03216984941
03216981558
03216987928
03216981818
03216985175
03216985231
03216987022
03216985104
03216986338
03216982202
03216987401
03216982238
03216986736
03216981871
03216988749
03216982966
03216982225
03216987209
03216982065
03216986631
03216987651
03216989862
03216983169
03216989987
03216989151
03216981576
03216981672
03216989633
03216987798
03216989567
03216988061
03216989265
03216985822
03216985704
03216983442
03216985618
03216988388
03216986957
03216988137
03216983067
03216989732
03216986568
03216988953
03216984229
03216981975
03216989332
03216986538
03216985187
03216989434
03216986915
03216985244
03216986588
03216986216
03216985349
03216984992
03216986705
03216984404
03216987834
03216987470
03216986049
03216988746
03216987261
03216985971
03216983766
03216986446
03216988243
03216981724
03216989711
03216982622
03216987442
03216987079
03216983028
03216982874
03216986387
03216983087
03216987226
03216987456
03216983038
03216981964
03216981431
03216988662
03216981898
03216981885
03216989098
03216982903
03216985483
03216983361
03216986953
03216986944
03216986829
03216987709
03216986813
03216984989
03216983498
03216987907
03216986855
03216986405
03216981301
03216989662
03216985658
03216986800
03216986304
03216988990
03216985204
03216988730
03216981439
03216988356
03216989718
03216981959
03216986938
03216982937
03216984912
03216988678
03216986273
03216985471
03216986167
03216981917
03216985131
03216985108
03216985026
03216981337
03216983370
03216987912
03216987056
03216981101
03216981739
03216987416
03216985374
03216986632
03216982294
03216985892
03216985820
03216985947
03216983432
03216989466
03216987199
03216985371
03216989384
03216981329
03216985817
03216983621
03216985267
03216981263
03216987242
03216986477
03216982134
03216989882
03216984190
03216981262
03216983872
03216986097
03216989184
03216981676
03216985560
03216984138
03216985224
03216985212
03216982555
03216982257
03216986583
03216986919
03216984596
03216984028
03216981667
03216982149
03216985273
03216985368
03216981675
03216988650
03216989343
03216983813
03216987921
03216981180
03216984001
03216989721
03216982490
03216986265
03216981944
03216985963
03216986039
03216985407
03216984686
03216981694
03216988927
03216982962
03216985116
03216987808
03216982523
03216982335
03216989113
03216983470
03216982197
03216986179
03216986754
03216985370
03216983755
03216985976
03216986651
03216985192
03216984032
03216988553
03216982536
03216981953
03216984093
03216983608
03216983052
03216982442
03216989309
03216986267
03216985123
03216986621
03216982370
03216982223
03216981665
03216989020
03216984067
03216984221
03216985517
03216988189
03216983730
03216989312
03216986132
03216981682
03216989740
03216981507
03216984756
03216989802
03216986670
03216986316
03216984140
03216985929
03216982216
03216981630
03216984762
03216989355
03216984280
03216982968
03216985376
03216986888
03216981927
03216989093
03216985073
03216986586
03216988800
03216985261
03216984343
03216988711
03216989997
03216984893
03216987830
03216983440
03216982377
03216984312
03216987467
03216981863
03216983937
03216986544
03216988138
03216982592
03216982591
03216983427
03216984375
03216985031
03216987877
03216985998
03216989244
03216989755
03216989761
03216985722
03216982707
03216985925
03216986483
03216985458
03216986319
03216985657
03216981035
03216984385
03216985042
03216983417
03216988464
03216985024
03216987990
03216986208
03216982996
03216984335
03216988895
03216988586
03216983685
03216981729
03216984397
03216988589
03216988155
03216981541
03216986404
03216989221
03216981390
03216982824
03216981614
03216982376
03216987533
03216981764
03216988098
03216987274
03216986499
03216989687
03216983487
03216984541
03216983623
03216981353
03216985051
03216982140
03216985799
03216989145
03216986205
03216986453
03216985262
03216983959
03216988620
03216982012
03216982324
03216981606
03216988092
03216985003
03216983351
03216981361
03216984366
03216981920
03216983631
03216981314
03216981854
03216986941
03216981862
03216988870
03216984169
03216984962
03216982407
03216989897
03216982245
03216986618
03216982879
03216986351
03216988416
03216989497
03216985599
03216989752
03216988595
03216988497
03216981880
03216986449
03216988002
03216981432
03216982583
03216981375
03216985139
03216982104
03216986757
03216989657
03216983453
03216986802
03216986383
03216981938
03216989361
03216982124
03216986999
03216989812
03216988766
03216982168
03216986234
03216985384
03216983157
03216984004
03216985060
03216985413
03216983734
03216987347
03216984183
03216987314
03216986731
03216987740
03216982744
03216986312
03216988402
03216988842
03216982320
03216981793
03216989546
03216982904
03216985911
03216982519
03216984975
03216981003
03216987010
03216988915
03216987656
03216989754
03216988100
03216981344
03216985923
03216982585
03216989454
03216982199
03216984618
03216984624
03216982629
03216986231
03216984383
03216984255
03216983499
03216983460
03216982072
03216985536
03216984440
03216985838
03216982540
03216989864
03216988309
03216986899
03216989075
03216987985
03216982295
03216988212
03216982368
03216987498
03216984172
03216982338
03216987346
03216988285
03216981287
03216989889
03216982112
03216986748
03216983510
03216985454
03216982740
03216988342
03216982119
03216983916
03216983493
03216988684
03216982720
03216986932
03216986308
03216983554
03216986130
03216986398
03216985287
03216981092
03216982426
03216987900
03216985801
03216982101
03216988491
03216981967
03216986805
03216982650
03216985126
03216983116
03216988557
03216986955
03216988874
03216986592
03216985487
03216987014
03216983220
03216981976
03216983562
03216986335
03216982614
03216985713
03216984788
03216988222
03216984362
03216986317
03216988599
03216985425
03216988227
03216983201
03216989211
03216983558
03216989604
03216982291
03216987118
03216989167
03216986598
03216986730
03216989860
03216982217
03216985834
03216982413
03216988787
03216988880
03216988076
03216989991
03216983243
03216986315
03216989080
03216989412
03216988327
03216985451
03216985255
03216988115
03216988644
03216983871
03216988031
03216987380
03216987409
03216983296
03216981236
03216984394
03216989736
03216985883
03216983385
03216982144
03216984479
03216988028
03216989719
03216987348
03216988236
03216984146
03216981277
03216983687
03216985484
03216981052
03216985960
03216983684
03216985988
03216984186
03216981377
03216987951
03216984780
03216988754
03216986578
03216983196
03216986027
03216983398
03216987464
03216983307
03216983107
03216981080
03216981296
03216985635
03216985044
03216983503
03216987783
03216986131
03216987241
03216981629
03216985752
03216983342
03216989700
03216988940
03216989058
03216987958
03216987544
03216981767
03216981109
03216987949
03216986935
03216988119
03216986223
03216984708
03216982852
03216984849
03216982388
03216981205
03216982700
03216985245
03216985506
03216982802
03216986326
03216984458
03216984751
03216982542
03216986954
03216989313
03216988728
03216986153
03216983935
03216985554
03216989664
03216981018
03216981044
03216982378
03216985103
03216987312
03216982023
03216987275
03216984819
03216981056
03216989416
03216986480
03216985603
03216983691
03216983419
03216987817
03216983010
03216989956
03216985898
03216983659
03216984200
03216983100
03216985128
03216983036
03216986992
03216989692
03216981957
03216983128
03216981878
03216986382
03216988073
03216989931
03216987699
03216986047
03216988256
03216989672
03216988331
03216986622
03216987871
03216984833
03216981087
03216983956
03216989566
03216983653
03216988922
03216983928
03216981807
03216983914
03216981363
03216989533
03216982475
03216983268
03216985551
03216982779
03216987547
03216981434
03216984937
03216987279
03216984347
03216984722
03216985165
03216982158
03216986491
03216989624
03216989171
03216986853
03216988573
03216981485
03216987459
03216985927
03216982133
03216986892
03216989778
03216985856
03216987137
03216981071
03216987286
03216981765
03216985321
03216981062
03216983233
03216982287
03216989305
03216989859
03216984154
03216989659
03216981755
03216984872
03216989909
03216983652
03216983303
03216986415
03216986977
03216987419
03216986062
03216989009
03216984021
03216984569
03216989377
03216988912
03216987584
03216983197
03216984302
03216989807
03216981677
03216986286
03216986054
03216981625
03216983305
03216988503
03216986343
03216989250
03216982020
03216989868
03216981497
03216982552
03216987671
03216981223
03216987790
03216986311
03216987040
03216988403
03216987458
03216981900
03216984735
03216985241
03216986883
03216985607
03216983845
03216987365
03216984737
03216981364
03216984436
03216987678
03216985580
03216984701
03216987880
03216986862
03216989104
03216983649
03216982767
03216987534
03216981319
03216981143
03216988064
03216988663
03216982682
03216981874
03216984260
03216985186
03216985984
03216983402
03216987120
03216989362
03216982822
03216983534
03216982601
03216982977
03216987356
03216984165
03216983234
03216987615
03216981077
03216989830
03216986305
03216982606
03216987795
03216982897
03216981174
03216985701
03216986095
03216984101
03216981285
03216988541
03216989183
03216985685
03216988516
03216986645
03216986573
03216985355
03216985466
03216987097
03216986261
03216984513
03216981566
03216989925
03216986272
03216987043
03216989593
03216982373
03216987706
03216988070
03216983395
03216985429
03216987673
03216986416
03216988759
03216983422
03216986158
03216984381
03216983585
03216987827
03216983795
03216983654
03216985818
03216985411
03216988604
03216989833
03216983369
03216985301
03216988225
03216984786
03216987828
03216983807
03216981692
03216981476
03216983888
03216985268
03216981215
03216988900
03216989049
03216981643
03216987502
03216988740
03216981091
03216985543
03216982686
03216985797
03216988719
03216981888
03216986687
03216983050
03216988237
03216983002
03216988093
03216987203
03216985835
03216988588
03216981646
03216987067
03216988584
03216981945
03216982572
03216984399
03216989697
03216982559
03216982579
03216984753
03216985581
03216986362
03216986960
03216984628
03216984210
03216985541
03216989242
03216984591
03216985894
03216987448
03216986898
03216987819
03216982208
03216984011
03216983065
03216989905
03216981897
03216981608
03216986655
03216983217
03216983966
03216986306
03216986089
03216985906
03216988373
03216983883
03216986781
03216981088
03216983446
03216987055
03216981172
03216981136
03216982357
03216985673
03216986580
03216981726
03216988811
03216985385
03216981688
03216985676
03216985901
03216986964
03216981895
03216984471
03216985190
03216983643
03216982152
03216987935
03216982676
03216983482
03216983281
03216986301
03216982512
03216987230
03216982770
03216988816
03216982941
03216986788
03216989557
03216985317
03216984177
03216981269
03216984650
03216982277
03216984422
03216989125
03216983901
03216988818
03216981590
03216981293
03216989119
03216989100
03216985424
03216986298
03216982095
03216988917
03216986859
03216984022
03216988276
03216988326
03216987751
03216987974
03216986665
03216981204
03216982651
03216982150
03216982603
03216982290
03216988611
03216984472
03216985639
03216986120
03216985361
03216985720
03216983822
03216981365
03216984457
03216987879
03216989174
03216983312
03216983770
03216985535
03216985102
03216988449
03216985957
03216988323
03216985703
03216983319
03216986424
03216982246
03216983133
03216987687
03216987623
03216985698
03216982796
03216981498
03216983166
03216981866
03216984085
03216987860
03216987491
03216984714
03216987843
03216987501
03216989658
03216981368
03216984915
03216981288
03216983508
03216988219
03216981323
03216981551
03216987614
03216982272
03216984901
03216989511
03216984363
03216989977
03216982409
03216983223
03216985754
03216988606
03216984745
03216987526
03216983692
03216986016
03216985000
03216981840
03216988832
03216981567
03216989170
03216989275
03216989640
03216981970
03216989903
03216985939
03216987100
03216987280
03216986607
03216984247
03216982599
03216981400
03216987333
03216989177
03216986406
03216984543
03216986309
03216983744
03216983174
03216983474
03216987858
03216985563
03216981602
03216985193
03216983320
03216988654
03216981326
03216986086
03216981728
03216987116
03216987666
03216981587
03216987024
03216985530
03216988493
03216986165
03216982867
03216987237
03216985502
03216982644
03216986529
03216983457
03216989786
03216986510
03216986809
03216987383
03216985889
03216984983
03216987088
03216981328
03216988282
03216988118
03216985840
03216982332
03216984656
03216987571
03216986083
03216984759
03216985616
03216987363
03216981125
03216986490
03216987329
03216981155
03216987781
03216985731
03216981134
03216982721
03216981404
03216984837
03216989961
03216981021
03216983819
03216982886
03216988271
03216988077
03216989166
03216989773
03216986441
03216982737
03216985373
03216988048
03216983646
03216985711
03216989811
03216981628
03216987152
03216986741
03216988058
03216984283
03216989785
03216984454
03216982450
03216989819
03216982985
03216989782
03216982130
03216982730
03216984825
03216982854
03216988413
03216988163
03216989302
03216988543
03216988396
03216982504
03216984672
03216987758
03216986489
03216983868
03216987078
03216988345
03216984285
03216982752
03216983816
03216985626
03216986252
03216985460
03216989583
03216983624
03216982833
03216982981
03216986093
03216983214
03216988988
03216987438
03216989515
03216989998
03216981388
03216981950
03216987778
03216981457
03216989319
03216983292
03216982646
03216988261
03216982467
03216988444
03216982073
03216989037
03216982787
03216988213
03216987267
03216985966
03216983140
03216987789
03216982920
03216981048
03216984925
03216986144
03216987572
03216989531
03216984880
03216989639
03216982761
03216984286
03216987848
03216988492
03216981341
03216986698
03216982814
03216982345
03216984537
03216984019
03216987919
03216987224
03216982359
03216986857
03216983598
03216989029
03216986532
03216984548
03216981746
03216983761
03216987528
03216983381
03216989071
03216989385
03216982447
03216984157
03216987171
03216984938
03216989720
03216985358
03216985444
03216982048
03216989570
03216984559
03216981607
03216983553
03216981612
03216984690
03216984104
03216987659
03216987428
03216982836
03216981118
03216981960
03216986793
03216985185
03216985285
03216981800
03216982092
03216987918
03216983309
03216985489
03216981054
03216983091
03216986530
03216988154
03216987159
03216982940
03216988193
03216982837
03216989276
03216989603
03216983820
03216989132
03216986331
03216987478
03216981228
03216989201
03216985221
03216983670
03216984568
03216989611
03216985855
03216983852
03216982448
03216982196
03216983129
03216983650
03216986413
03216981668
03216983294
03216985113
03216986760
03216981490
03216981674
03216986732
03216983635
03216985830
03216983333
03216988479
03216989861
03216987773
03216985280
03216983179
03216986792
03216988051
03216989234
03216983511
03216989879
03216984450
03216987807
03216989407
03216989122
03216984278
03216984655
03216989043
03216989502
03216988813
03216983459
03216987814
03216987820
03216987031
03216985521
03216988515
03216988897
03216984881
03216988681
03216981820
03216984135
03216986834
03216986102
03216986472
03216984273
03216988203
03216982412
03216985395
03216989356
03216985582
03216983117
03216984136
03216986040
03216983778
03216989757
03216982847
03216986516
03216985725
03216984233
03216983056
03216983832
03216982834
03216988004
03216982668
03216982710
03216986987
03216983541
03216981636
03216988577
03216986224
03216982403
03216986693
03216984378
03216985177
03216981547
03216988445
03216981219
03216984377
03216985223
03216982239
03216983999
03216984742
03216982339
03216981750
03216983163
03216983372
03216981068
03216986345
03216986694
03216981308
03216987939
03216989501
03216981829
03216983581
03216989081
03216981412
03216985391
03216981508
03216981995
03216984555
03216981615
03216983626
03216982350
03216982334
03216984748
03216989541
03216989661
03216984473
03216981557
03216981805
03216984050
03216987968
03216981113
03216986017
03216984012
03216984410
03216987195
03216988668
03216981509
03216987413
03216981022
03216988734
03216987153
03216986189
03216985431
03216982875
03216981913
03216988277
03216985027
03216989709
03216987866
03216989607
03216981340
03216986587
03216987608
03216981737
03216989971
03216981458
03216984338
03216989123
03216982742
03216987278
03216983451
03216983801
03216985316
03216983604
03216984597
03216981779
03216985682
03216983142
03216982098
03216984100
03216985847
03216988394
03216987794
03216989181
03216984524
03216986673
03216988167
03216981050
03216987258
03216988029
03216985167
03216985534
03216987749
03216986258
03216984064
03216988824
03216986023
03216982702
03216985648
03216984818
03216984466
03216989638
03216985870
03216985610
03216981663
03216985781
03216986068
03216985284
03216986145
03216988125
03216988041
03216985047
03216985229
03216988565
03216986417
03216983729
03216985977
03216981822
03216981025
03216983348
03216989435
03216986037
03216983619
03216987300
03216985068
03216982131
03216989506
03216981078
03216985831
03216989092
03216987982
03216986356
03216989760
03216984304
03216987304
03216987511
03216989198
03216984311
03216989483
03216982623
03216985043
03216981935
03216986709
03216982088
03216984552
03216986375
03216982725
03216989266
03216983098
03216989099
03216987020
03216983466
03216986885
03216985465
03216989044
03216985048
03216987874
03216984153
03216984421
03216989507
03216987387
03216989038
03216989121
03216984539
03216989814
03216989780
03216983496
03216986137
03216981844
03216988205
03216983725
03216982597
03216986653
03216984832
03216982891
03216982222
03216988303
03216982844
03216983591
03216981756
03216984676
03216984427
03216981464
03216982346
03216983568
03216981834
03216986257
03216985547
03216984061
03216983204
03216989669
03216983662
03216988690
03216989263
03216986991
03216987625
03216982058
03216981324
03216986146
03216982610
03216986811
03216987861
03216985327
03216983536
03216982912
03216982546
03216983677
03216981303
03216982260
03216986203
03216983880
03216987344
03216983835
03216987008
03216988560
03216989613
03216985853
03216982958
03216981532
03216983352
03216988280
03216984484
03216984184
03216986507
03216988594
03216989321
03216982634
03216981515
03216983115
03216986140
03216987386
03216987003
03216987374
03216988178
03216985915
03216986798
03216988802
03216982976
03216986522
03216989954
03216981013
03216989066
03216983022
03216983406
03216989076
03216985766
03216989696
03216988311
03216982227
03216985583
03216983354
03216985106
03216982995
03216989478
03216988692
03216984151
03216988239
03216982680
03216984048
03216985964
03216987746
03216983596
03216987603
03216989227
03216989983
03216982248
03216983485
03216986511
03216984370
03216983960
03216987180
03216987596
03216987518
03216981014
03216982028
03216986671
03216984904
03216987864
03216986414
03216983976
03216987096
03216989465
03216983648
03216981112
03216988310
03216988783
03216988883
03216989473
03216987681
03216982064
03216988794
03216985584
03216985079
03216981418
03216982662
03216982786
03216986458
03216982167
03216988159
03216985248
03216983029
03216988485
03216984740
03216983718
03216987590
03216984503
03216982726
03216987332
03216988568
03216989693
03216981686
03216987916
03216983629
03216982659
03216983756
03216986922
03216989875
03216988346
03216988576
03216986094
03216985890
03216989041
03216989933
03216984838
03216984576
03216986718
03216989916
03216989232
03216987535
03216982954
03216989504
03216981028
03216983895
03216982811
03216983515
03216985803
03216987541
03216984391
03216987310
03216983109
03216983464
03216989716
03216987821
03216987038
03216981392
03216981350
03216983664
03216988504
03216982544
03216983668
03216986045
03216984191
03216988671
03216983283
03216984257
03216981500
03216985109
03216989408
03216985415
03216986379
03216985767
03216987540
03216988367
03216987722
03216981311
03216986564
03216982444
03216986190
03216984323
03216982430
03216985798
03216981264
03216989241
03216988918
03216984226
03216985737
03216981338
03216983948
03216987629
03216985935
03216986127
03216981731
03216988400
03216987627
03216983834
03216987510
03216989846
03216985309
03216989715
03216987433
03216988144
03216987335
03216986497
03216985586
03216984126
03216981803
03216986384
03216988699
03216988607
03216988143
03216981679
03216989596
03216981586
03216988423
03216982671
03216987777
03216981622
03216989829
03216984637
03216989485
03216987479
03216982398
03216985346
03216989019
03216982945
03216989367
03216988251
03216985054
03216981195
03216984558
03216981727
03216986493
03216985206
03216981760
03216982915
03216984761
03216988083
03216986250
03216988657
03216981066
03216982116
03216984435
03216985347
03216981187
03216983077
03216982270
03216987446
03216981466
03216985641
03216985350
03216988634
03216986752
03216984997
03216988885
03216984235
03216984896
03216987185
03216988132
03216984237
03216987961
03216984749
03216984292
03216983371
03216985351
03216982935
03216984314
03216984778
03216989411
03216981252
03216982180
03216981130
03216986584
03216984940
03216986291
03216982492
03216981334
03216982593
03216984281
03216987508
03216987388
03216982003
03216981555
03216981297
03216989056
03216984623
03216988139
03216981173
03216989605
03216985442
03216985004
03216987002
03216987653
03216983021
03216986559
03216987080
03216981600
03216987018
03216988659
03216982762
03216986292
03216988361
03216989327
03216982174
03216985495
03216985286
03216985576
03216981494
03216988796
03216986173
03216981318
03216989717
03216985613
03216984367
03216985314
03216986041
03216983349
03216985493
03216987604
03216988633
03216983825
03216989150
03216982232
03216984894
03216983059
03216981506
03216984467
03216988559
03216984839
03216985323
03216989871
03216981405
03216989382
03216985459
03216987655
03216983047
03216983285
03216987198
03216987867
03216985589
03216987971
03216982348
03216987484
03216981450
03216988999
03216988466
03216987229
03216984331
03216981573
03216984789
03216989237
03216989825
03216987240
03216986199
03216983120
03216988366
03216981495
03216989185
03216987106
03216986604
03216988558
03216987838
03216983165
03216983256
03216988715
03216982408
03216984130
03216988630
03216985764
03216981772
03216983610
03216988299
03216982718
03216983700
03216982395
03216981320
03216989966
03216985010
03216986565
03216987432
03216981403
03216989401
03216985601
03216986084
03216981070
03216986561
03216986973
03216981011
03216984840
03216982000
03216989539
03216985119
03216986897
03216985302
03216989942
03216987395
03216981745
03216989120
03216982198
03216984360
03216983748
03216986171
03216987525
03216987829
03216984463
03216985421
03216986884
03216984809
03216984565
03216987893
03216987440
03216988703
03216983943
03216989002
03216986070
03216981128
03216983074
03216982529
03216983856
03216984497
03216989849
03216985066
03216981966
03216981709
03216984785
03216987688
03216987677
03216985440
03216984625
03216989775
03216987948
03216988685
03216981433
03216988473
03216984755
03216986868
03216989965
03216984026
03216985015
03216988467
03216982166
03216982654
03216982530
03216983561
03216981445
03216985761
03216983759
03216984580
03216985170
03216986998
03216989730
03216987599
03216986890
03216982971
03216985428
03216983925
03216989304
03216984794
03216986022
03216982297
03216988120
03216984265
03216982873
03216987315
03216985093
03216981698
03216984607
03216988240
03216989229
03216983226
03216987036
03216984951
03216981666
03216989574
03216985100
03216987960
03216987260
03216982466
03216987606
03216984620
03216986302
03216983669
03216987179
03216987091
03216988890
03216981710
03216988761
03216988354
03216986401
03216983284
03216986746
03216981300
03216987823
03216985033
03216982703
03216984717
03216981339
03216985619
03216983808
03216982679
03216988583
03216981812
03216986925
03216987771
03216984574
03216988440
03216985996
03216985168
03216982432
03216983444
03216986796
03216987472
03216988636
03216987779
03216982374
03216987621
03216987728
03216986090
03216984953
03216989703
03216985675
03216984588
03216988975
03216986726
03216984364
03216986336
03216989548
03216984760
03216987349
03216987070
03216982456
03216988456
03216989146
03216983295
03216985837
03216985859
03216981037
03216986385
03216989493
03216986270
03216983353
03216989518
03216984416
03216981442
03216982825
03216988784
03216989111
03216985570
03216984589
03216982632
03216983219
03216988488
03216987213
03216985679
03216984526
03216983912
03216989993
03216988939
03216985298
03216989335
03216982876
03216983645
03216983717
03216982129
03216987703
03216985435
03216989374
03216987052
03216981095
03216983531
03216981270
03216983753
03216984857
03216985608
03216982191
03216983904
03216989441
03216989524
03216986056
03216985434
03216989990
03216988453
03216982690
03216988914
03216989510
03216985151
03216982816
03216984852
03216983781
03216984264
03216983727
03216981453
03216981012
03216984276
03216983412
03216987805
03216981617
03216981105
03216988906
03216985078
03216985992
03216982204
03216986098
03216985959
03216986624
03216981979
03216988965
03216984275
03216981152
03216988987
03216989083
03216982507
03216989490
03216984638
03216989949
03216987950
03216982438
03216986764
03216981129
03216981638
03216985712
03216982059
03216987628
03216984413
03216988582
03216983737
03216987283
03216987616
03216985379
03216986399
03216983297
03216989061
03216982255
03216988147
03216983520
03216982573
03216984913
03216988726
03216981651
03216982201
03216983145
03216989513
03216984878
03216981067
03216985077
03216983095
03216988127
03216986211
03216985784
03216987322
03216987030
03216982068
03216986691
03216989804
03216987192
03216981111
03216981536
03216984137
03216986418
03216981520
03216982230
03216985757
03216983213
03216986044
03216987480
03216987735
03216987561
03216985251
03216989180
03216986271
03216988074
03216982532
03216986679
03216983862
03216985397
03216983874
03216989156
03216987086
03216984249
03216988113
03216987743
03216984674
03216984512
03216988157
03216988025
03216984800
03216987670
03216986523
03216989456
03216988358
03216985264
03216983060
03216983885
03216982485
03216987851
03216986123
03216986600
03216988879
03216988963
03216982881
03216982423
03216981369
03216989091
03216987094
03216983964
03216981154
03216989820
03216986099
03216989848
03216983396
03216984417
03216986330
03216989409
03216983469
03216989577
03216985672
03216986766
03216981901
03216983570
03216987223
03216984099
03216982390
03216981049
03216989678
03216988084
03216989217
03216989023
03216983938
03216982548
03216988868
03216981171
03216987481
03216981422
03216987197
03216989252
03216983376
03216982528
03216987752
03216986055
03216987711
03216982347
03216984052
03216985488
03216989904
03216987601
03216989017
03216989175
03216982505
03216987767
03216989186
03216983567
03216982240
03216982992
03216986635
03216988949
03216986274
03216989886
03216988000
03216986591
03216981714
03216989153
03216988179
03216987281
03216987175
03216983609
03216985052
03216982653
03216988980
03216988795
03216987453
03216984793
03216981429
03216981470
03216982066
03216984160
03216984812
03216987254
03216988437
03216982755
03216981599
03216986685
03216989452
03216985305
03216988104
03216987044
03216987423
03216988166
03216989199
03216981281
03216988252
03216988284
03216988763
03216989701
03216986790
03216987309
03216981502
03216988862
03216981734
03216987196
03216985932
03216989741
03216985341
03216981031
03216984274
03216983899
03216984170
03216984567
03216988970
03216989674
03216984290
03216985183
03216983184
03216983997
03216986442
03216986370
03216989246
03216984131
03216983574
03216987093
03216982319
03216987565
03216982942
03216985758
03216987953
03216982883
03216986637
03216986485
03216984691
03216987167
03216988827
03216987562
03216982033
03216982905
03216982156
03216989424
03216985178
03216982638
03216984980
03216987001
03216981406
03216983468
03216981751
03216989202
03216987343
03216989530
03216981570
03216984999
03216983712
03216987704
03216987084
03216987066
03216982780
03216982840
03216982800
03216983329
03216987211
03216985796
03216981499
03216982793
03216985955
03216982838
03216985038
03216989629
03216982980
03216981697
03216982002
03216986042
03216982524
03216984225
03216982997
03216983456
03216988910
03216989036
03216987618
03216987183
03216985144
03216988776
03216982970
03216988693
03216984005
03216988674
03216987454
03216983331
03216982148
03216988978
03216988164
03216987558
03216983003
03216981168
03216983272
03216987797
03216981922
03216986334
03216986669
03216983927
03216986002
03216987141
03216982446
03216982848
03216986553
03216984120
03216981503
03216989031
03216986547
03216986320
03216983192
03216983850
03216983416
03216987473
03216985030
03216986854
03216989598
03216985008
03216985594
03216984858
03216981055
03216987976
03216986438
03216989422
03216986908
03216986642
03216988860
03216987576
03216985130
03216987082
03216988266
03216988925
03216984649
03216988649
03216981178
03216984954
03216988408
03216989619
03216985295
03216989048
03216987497
03216988592
03216988347
03216988259
03216982956
03216988810
03216983990
03216986599
03216987661
03216982621
03216985269
03216988033
03216989744
03216982085
03216986982
03216982571
03216982281
03216983391
03216982895
03216987393
03216989838
03216983020
03216989865
03216986233
03216983811
03216988889
03216986469
03216984986
03216989463
03216984205
03216981762
03216984546
03216985972
03216983703
03216987327
03216988679
03216985227
03216988195
03216984605
03216985852
03216988431
03216982570
03216983046
03216981305
03216984635
03216988052
03216983840
03216981813
03216988009
03216981601
03216985318
03216989488
03216985546
03216985693
03216982285
03216988785
03216981267
03216982077
03216988968
03216989600
03216986906
03216989818
03216985812
03216985846
03216987640
03216984667
03216985826
03216988254
03216984560
03216982738
03216981693
03216984606
03216982516
03216988426
03216987729
03216988233
03216984765
03216984163
03216982262
03216987905
03216981026
03216981632
03216986733
03216986664
03216985733
03216984408
03216987915
03216982081
03216982044
03216986548
03216989512
03216983326
03216982226
03216982863
03216983817
03216981061
03216986050
03216982400
03216983302
03216986659
03216987872
03216989144
03216988955
03216985062
03216988108
03216981153
03216988268
03216984288
03216985156
03216988392
03216981708
03216988315
03216989915
03216983094
03216984199
03216985367
03216981255
03216988049
03216985674
03216982663
03216982792
03216981761
03216986878
03216984007
03216984060
03216984307
03216984957
03216985861
03216989918
03216984097
03216982313
03216986929
03216985785
03216983033
03216987194
03216981123
03216987122
03216988853
03216985222
03216981230
03216983931
03216989134
03216987292
03216985114
03216988732
03216981120
03216985969
03216987719
03216987739
03216984594
03216987726
03216984705
03216982106
03216981652
03216982866
03216988382
03216982839
03216989173
03216988461
03216981775
03216986528
03216985457
03216986625
03216985205
03216983401
03216987586
03216988068
03216981144
03216981999
03216983686
03216983090
03216981331
03216982704
03216981870
03216983155
03216985478
03216984955
03216986594
03216988884
03216987114
03216981785
03216986207
03216987936
03216981733
03216985813
03216987568
03216983706
03216982229
03216981385
03216986006
03216981770
03216988769
03216981436
03216983921
03216983335
03216986018
03216982775
03216982631
03216987859
03216983114
03216987785
03216981631
03216981952
03216985974
03216985081
03216983719
03216983569
03216984202
03216988505
03216987825
03216987801
03216988526
03216987914
03216984601
03216985714
03216984341
03216982436
03216984798
03216983420
03216989817
03216984008
03216988778
03216989191
03216989591
03216985446
03216983704
03216986064
03216983657
03216982362
03216987360
03216983886
03216987984
03216981633
03216983907
03216988733
03216985773
03216982389
03216988687
03216985352
03216981158
03216985874
03216985076
03216982468
03216985436
03216987636
03216987145
03216986195
03216983674
03216983543
03216983216
03216981687
03216983357
03216988032
03216984208
03216988741
03216983749
03216987886
03216983500
03216985345
03216986180
03216988207
03216984073
03216989314
03216985324
03216981533
03216982396
03216982163
03216989220
03216988529
03216985671
03216982462
03216987609
03216985948
03216983788
03216988528
03216982096
03216988627
03216988151
03216988713
03216983171
03216987362
03216981879
03216981757
03216984831
03216988822
03216984528
03216989357
03216982882
03216984418
03216982242
03216987011
03216984251
03216981881
03216986030
03216981784
03216986756
03216983697
03216983640
03216982235
03216989698
03216983690
03216987841
03216982333
03216985342
03216984647
03216981069
03216987129
03216989637
03216982821
03216986046
03216982799
03216986660
03216981864
03216988512
03216987065
03216985659
03216981899
03216981420
03216988332
03216981659
03216981963
03216987136
03216985687
03216985486
03216989247
03216986951
03216982018
03216984502
03216982846
03216985404
03216985806
03216985230
03216985886
03216985525
03216982110
03216984823
03216987371
03216981579
03216989781
03216983248
03216986520
03216983969
03216984469
03216985509
03216986313
03216983656
03216989610
03216987842
03216981810
03216989599
03216986389
03216984820
03216986156
03216982404
03216987181
03216984608
03216987130
03216983539
03216983688
03216983025
03216989285
03216981261
03216981446
03216985914
03216986299
03216984268
03216983012
03216988427
03216982268
03216981564
03216987288
03216986525
03216987017
03216985922
03216988244
03216982107
03216989222
03216983215
03216985150
03216986141
03216981170
03216984712
03216987826
03216989476
03216988470
03216983955
03216989992
03216985854
03216989489
03216982464
03216989722
03216982757
03216987103
03216987117
03216983071
03216985074
03216984214
03216981518
03216982282
03216984496
03216988951
03216987594
03216986904
03216984622
03216988942
03216982587
03216984094
03216986164
03216985778
03216989450
03216989881
03216986281
03216983011
03216981378
03216985865
03216981705
03216983965
03216981354
03216983007
03216986229
03216982019
03216981266
03216982722
03216986517
03216986576
03216986118
03216981426
03216989571
03216988815
03216986116
03216986722
03216984630
03216983689
03216985942
03216985382
03216984262
03216989419
03216987731
03216989869
03216984670
03216981394
03216988231
03216986294
03216982889
03216983828
03216984432
03216989323
03216983189
03216987597
03216981977
03216985999
03216981886
03216983403
03216983433
03216986916
03216982445
03216988188
03216988648
03216984116
03216981741
03216982753
03216988570
03216985198
03216982563
03216985844
03216987652
03216982890
03216989455
03216987515
03216985592
03216984318
03216981103
03216986151
03216983328
03216982739
03216985571
03216989369
03216986850
03216988235
03216984352
03216983040
03216983549
03216983425
03216987537
03216981649
03216985692
03216982419
03216983202
03216988956
03216985699
03216984189
03216988638
03216985729
03216985101
03216988057
03216981220
03216988018
03216982161
03216988652
03216981459
03216989779
03216983221
03216983414
03216986763
03216985200
03216983017
03216983308
03216989479
03216981064
03216983045
03216987005
03216987839
03216988966
03216988640
03216985644
03216986187
03216989731
03216989738
03216982292
03216984320
03216987580
03216985344
03216989561
03216986794
03216987818
03216982175
03216988412
03216989486
03216988646
03216985455
03216984018
03216985808
03216983186
03216983105
03216985427
03216984877
03216984250
03216985950
03216987217
03216985924
03216983986
03216981856
03216984854
03216982598
03216984616
03216983929
03216989106
03216989917
03216988786
03216981023
03216984373
03216987061
03216985944
03216983535
03216989884
03216981657
03216989448
03216983571
03216987457
03216986837
03216981980
03216989974
03216987034
03216983188
03216989292
03216984112
03216981992
03216984900
03216989127
03216987793
03216986909
03216989062
03216986773
03216981787
03216981376
03216984045
03216989960
03216981042
03216983565
03216989936
03216983592
03216986692
03216982060
03216981719
03216981246
03216989359
03216984025
03216986433
03216988395
03216982159
03216988223
03216983070
03216989190
03216989187
03216987430
03216985888
03216981681
03216983410
03216984204
03216985611
03216989560
03216983593
03216987324
03216988544
03216982862
03216983915
03216987245
03216982024
03216985527
03216981902
03216987182
03216989446
03216986840
03216987759
03216986807
03216984982
03216981391
03216986378
03216982805
03216981430
03216984091
03216982804
03216987630
03216986154
03216983873
03216984973
03216988129
03216989517
03216983842
03216981876
03216987977
03216986230
03216987894
03216982386
03216989922
03216989209
03216982306
03216986703
03216986983
03216987766
03216986456
03216982128
03216983289
03216988226
03216986852
03216987642
03216987144
03216985098
03216984209
03216986812
03216981425
03216983439
03216989877
03216982928
03216985419
03216989169
03216981194
03216981079
03216983408
03216988609
03216987474
03216982747
03216988873
03216986457
03216988477
03216989602
03216982830
03216982247
03216989970
03216982494
03216984103
03216982293
03216982207
03216984234
03216986734
03216984065
03216986303
03216982948
03216985164
03216984332
03216988585
03216985867
03216988438
03216985669
03216984051
03216986341
03216986500
03216984474
03216987691
03216989635
03216989267
03216984434
03216984696
03216988217
03216981289
03216985908
03216985453
03216983954
03216985087
03216986439
03216984110
03216983564
03216982724
03216988176
03216982911
03216983035
03216986248
03216989617
03216988270
03216989529
03216988123
03216985211
03216982309
03216981572
03216987695
03216989115
03216988658
03216989660
03216981889
03216981244
03216983126
03216985558
03216985632
03216983009
03216988298
03216984734
03216985937
03216985339
03216987189
03216981846
03216981038
03216982538
03216981956
03216986832
03216981748
03216989777
03216988727
03216989923
03216981299
03216981598
03216986106
03216986262
03216988691
03216981819
03216982470
03216988362
03216987187
03216981292
03216984062
03216984395
03216981260
03216984550
03216982471
03216985092
03216986958
03216989749
03216983946
03216987963
03216983847
03216989751
03216989792
03216986526
03216982736
03216987308
03216987909
03216984845
03216987545
03216982326
03216983790
03216981691
03216983953
03216988780
03216987643
03216987610
03216985851
03216984603
03216981161
03216983209
03216981974
03216982203
03216981619
03216984847
03216982143
03216984133
03216983545
03216981307
03216984433
03216984055
03216981421
03216985668
03216987854
03216983382
03216987015
03216988513
03216988929
03216989094
03216981150
03216988414
03216987027
03216983542
03216982741
03216985124
03216987156
03216989436
03216984049
03216981182
03216986245
03216984960
03216984981
03216987682
03216987255
03216989787
03216981481
03216982032
03216986280
03216986111
03216981893
03216985759
03216984626
03216983364
03216981887
03216986275
03216989689
03216981620
03216987420
03216989673
03216989269
03216982845
03216982675
03216988011
03216989809
03216983647
03216983620
03216981595
03216988590
03216982005
03216986059
03216986386
03216984583
03216985219
03216985815
03216988911
03216987888
03216987422
03216989318
03216985819
03216987013
03216989597
03216985936
03216987173
03216984634
03216984486
03216985829
03216983560
03216984326
03216982418
03216982421
03216988102
03216982195
03216988696
03216985732
03216989354
03216985917
03216984173
03216981552
03216984400
03216984695
03216984267
03216989212
03216983291
03216986680
03216983245
03216981683
03216985138
03216988946
03216988902
03216985132
03216989911
03216989387
03216982773
03216985432
03216981471
03216984967
03216989129
03216986459
03216989279
03216985512
03216986108
03216982489
03216989060
03216984002
03216987026
03216984389
03216981548
03216982271
03216986723
03216981589
03216985275
03216986481
03216981428
03216989024
03216987277
03216983085
03216985636
03216983720
03216984444
03216989873
03216983526
03216987967
03216989627
03216982276
03216985756
03216988015
03216987161
03216988117
03216981565
03216981249
03216982645
03216985055
03216985469
03216985249
03216981207
03216986962
03216985422
03216989397
03216984621
03216987897
03216983058
03216985565
03216989587
03216983655
03216985378
03216985864
03216986096
03216988352
03216987664
03216986509
03216989774
03216982103
03216989651
03216985577
03216981997
03216984738
03216989189
03216988287
03216984856
03216988610
03216981998
03216988546
03216984970
03216988112
03216984122
03216982677
03216982363
03216983274
03216986212
03216984222
03216987403
03216989788
03216983327
03216985189
03216982926
03216981660
03216987048
03216986119
03216981487
03216989363
03216981799
03216986435
03216986391
03216982637
03216987810
03216986512
03216987115
03216983392
03216983343
03216986035
03216984675
03216985322
03216984291
03216985282
03216986808
03216987922
03216985018
03216987064
03216981795
03216989642
03216985516
03216986476
03216982310
03216985148
03216989004
03216982342
03216984113
03216984687
03216987694
03216988468
03216986917
03216989894
03216982998
03216986392
03216989910
03216986373
03216989766
03216982521
03216981736
03216982950
03216983784
03216981571
03216987714
03216987357
03216981948
03216982877
03216984770
03216989558
03216989514
03216982454
03216987720
03216985770
03216987657
03216984952
03216986060
03216985783
03216986109
03216985762
03216987119
03216986325
03216984995
03216986066
03216985364
03216981317
03216986619
03216983332
03216988014
03216985990
03216986463
03216983789
03216983497
03216988281
03216985335
03216989686
03216986408
03216986340
03216988095
03216982635
03216988750
03216985220
03216989326
03216988022
03216987276
03216985394
03216985408
03216981284
03216983711
03216986579
03216987126
03216985417
03216984821
03216985426
03216989005
03216989793
03216981990
03216989204
03216987028
03216983614
03216984167
03216983016
03216982136
03216987132
03216983521
03216984252
03216983484
03216982461
03216983794
03216989494
