03334271933
03334270666
03334222756
03334298002
03334278074
03334237576
03334253700
03334284565
03334288255
03334233824
03334239194
03334238896
03334227105
03334253996
03334259026
03334226875
03334294870
03334215598
03334271808
03334241735
03334237123
03334263676
03334288068
03334237625
03334295173
03334297762
03334214313
03334265247
03334240537
03334257910
03334247694
03334277294
03334289968
03334279781
03334225453
03334239298
03334296285
03334263658
03334238812
03334214946
03334267300
03334289993
03334216185
03334262983
03334279843
03334238632
03334228930
03334285632
03334234325
03334270039
03334233208
03334245927
03334296497
03334266353
03334290493
03334292590
03334233480
03334273947
03334298359
03334269195
03334281731
03334236907
03334215089
03334290144
03334232509
03334245450
03334273465
03334224864
03334293087
03334237067
03334217779
03334284748
03334221439
03334232189
03334288084
03334234470
03334261712
03334265122
03334211606
03334272277
03334213368
03334256760
03334233853
03334228956
03334272945
03334288486
03334273165
03334246221
03334281465
03334293353
03334291633
03334234124
03334281251
03334272770
03334264753
03334248487
03334267615
03334283480
03334212167
03334276951
03334296140
03334228148
03334211749
03334244914
03334275608
03334258120
03334271768
03334286753
03334296917
03334292932
03334274477
03334280146
03334281236
03334261188
03334259564
03334256963
03334278643
03334211622
03334243713
03334226146
03334250623
03334211555
03334250937
03334215314
03334269716
03334213224
03334297506
03334228125
03334260109
03334230302
03334260619
03334217206
03334228031
03334212877
03334270756
03334288100
03334284529
03334237206
03334216951
03334292623
03334283517
03334287298
03334226516
03334211867
03334230817
03334265329
03334252427
03334261125
03334233358
03334224670
03334287094
03334288404
03334258543
03334211318
03334258627
03334236808
03334289024
03334244174
03334219527
03334275530
03334243981
03334231533
03334244085
03334229542
03334290542
03334259184
03334221266
03334213416
03334294604
03334244163
03334222690
03334286198
03334225926
03334289455
03334248241
03334273090
03334264972
03334256080
03334294672
03334288206
03334283662
03334299696
03334251153
03334273210
03334246252
03334227926
03334262600
03334273096
03334243316
03334276518
03334282430
03334282325
03334240274
03334263404
03334293242
03334280735
03334247709
03334238753
03334280507
03334264403
03334232617
03334221863
03334257018
03334288566
03334215934
03334279201
03334211334
03334271827
03334287901
03334236860
03334255879
03334245879
03334290846
03334250771
03334285973
03334275013
03334213017
03334266678
03334281563
03334249594
03334278212
03334282609
03334212936
03334219178
03334265916
03334232815
03334214949
03334222967
03334255919
03334219259
03334297491
03334218536
03334251347
03334289233
03334211831
03334211991
03334283398
03334261761
03334236159
03334255415
03334239658
03334226551
03334236445
03334249428
03334212633
03334234691
03334272074
03334298944
03334214809
03334223993
03334250007
03334237840
03334222650
03334283118
03334277633
03334296384
03334248859
03334279529
03334280941
03334248180
03334226620
03334293354
03334232235
03334234625
03334285780
03334254687
03334298164
03334287832
03334242052
03334227194
03334273278
03334292626
03334229471
03334283387
03334288935
03334217246
03334273680
03334283844
03334273498
03334268528
03334242421
03334251393
03334289181
03334228873
03334265377
03334287299
03334275886
03334258716
03334278371
03334256073
03334280397
03334272643
03334219941
03334233505
03334217387
03334226976
03334281940
03334222813
03334235647
03334245214
03334293178
03334299731
03334288698
03334288703
03334231613
03334297096
03334239425
03334222169
03334219856
03334263706
03334292203
03334234387
03334212004
03334225813
03334292399
03334222455
03334254752
03334251308
03334214561
03334214254
03334219646
03334227313
03334235037
03334297304
03334240175
03334266456
03334277473
03334291557
03334245715
03334296002
03334229141
03334217066
03334276673
03334255686
03334270037
03334261620
03334238946
03334287654
03334236216
03334216691
03334280439
03334285553
03334221500
03334291573
03334227188
03334271504
03334221085
03334230959
03334273532
03334272417
03334280161
03334253666
03334234308
03334265673
03334230640
03334231450
03334244695
03334228299
03334217990
03334285430
03334228208
03334216002
03334296672
03334275332
03334245781
03334299066
03334281271
03334252941
03334275308
03334231991
03334291096
03334291845
03334254597
03334211750
03334218674
03334274882
03334299594
03334272952
03334264369
03334274210
03334285687
03334275219
03334222470
03334256723
03334236905
03334223006
03334221377
03334230980
03334242959
03334298700
03334295009
03334257345
03334294901
03334233047
03334258739
03334228122
03334290233
03334268144
03334255650
03334241540
03334281321
03334288315
03334299068
03334222557
03334246999
03334255757
03334231856
03334271743
03334263930
03334243779
03334299742
03334252989
03334293531
03334239948
03334238427
03334222775
03334277688
03334276907
03334221961
03334267813
03334289032
03334283178
03334293145
03334259588
03334254405
03334213175
03334279981
03334266546
03334214213
03334236246
03334283976
03334217543
03334219568
03334280929
03334275402
03334248590
03334223937
03334298820
03334257363
03334275222
03334275638
03334271215
03334243987
03334254920
03334295267
03334211966
03334254952
03334294620
03334235963
03334250434
03334213326
03334246183
03334287837
03334252508
03334298142
03334295169
03334239480
03334268152
03334233823
03334275776
03334265309
03334257529
03334227683
03334259803
03334282198
03334233420
03334212602
03334264546
03334289836
03334298837
03334278867
03334219543
03334246738
03334292174
03334217816
03334239191
03334238224
03334264320
03334250049
03334225028
03334271926
03334278249
03334285812
03334270650
03334271360
03334231730
03334228420
03334277259
03334253420
03334284456
03334230667
03334223540
03334299446
03334210328
03334213686
03334216303
03334295117
03334213068
03334270935
03334299363
03334290406
03334237126
03334271566
03334293782
03334299444
03334295663
03334234692
03334258950
03334256945
03334275160
03334218103
03334232614
03334250748
03334293383
03334279280
03334241870
03334289152
03334210838
03334284182
03334287286
03334236416
03334214380
03334248199
03334296003
03334247292
03334281845
03334222887
03334243107
03334251251
03334279113
03334234621
03334267142
03334241123
03334214246
03334276868
03334271916
03334236067
03334293728
03334218309
03334296475
03334212564
03334290926
03334248698
03334216945
03334234405
03334274433
03334269245
03334215181
03334268367
03334222745
03334223366
03334297779
03334252151
03334213817
03334230561
03334236062
03334213838
03334223908
03334238989
03334230769
03334216126
03334226241
03334238157
03334227623
03334212284
03334238922
03334265622
03334290453
03334268977
03334239941
03334235635
03334298594
03334264900
03334269724
03334248454
03334237142
03334249020
03334286663
03334231501
03334298775
03334218377
03334290880
03334279089
03334219764
03334222249
03334263166
03334282246
03334282636
03334285387
03334273574
03334260157
03334232571
03334290704
03334296248
03334246809
03334293680
03334263308
03334224728
03334234142
03334228426
03334217660
03334287730
03334292702
03334253557
03334248917
03334260837
03334287607
03334276696
03334274888
03334229122
03334244105
03334284624
03334227465
03334219779
03334236743
03334233195
03334219157
03334243372
03334227286
03334286731
03334257304
03334219696
03334262060
03334244919
03334266022
03334274196
03334273476
03334243461
03334285711
03334261934
03334297359
03334270348
03334286386
03334266207
03334273332
03334294638
03334210499
03334244452
03334216051
03334247947
03334263238
03334276468
03334210065
03334260485
03334244151
03334260251
03334297441
03334247411
03334271121
03334297963
03334225670
03334247782
03334287534
03334274721
03334287360
03334285962
03334233234
03334289176
03334222879
03334282171
03334287264
03334257117
03334219062
03334233594
03334246808
03334252949
03334224957
03334292092
03334251363
03334217608
03334228868
03334218074
03334210957
03334297007
03334291579
03334282975
03334241560
03334245991
03334264492
03334249948
03334299226
03334277479
03334238604
03334278673
03334298611
03334214968
03334272705
03334221323
03334221573
03334233880
03334260683
03334257405
03334276471
03334213677
03334291201
03334290212
03334272484
03334255318
03334219758
03334288766
03334218913
03334269459
03334263763
03334290353
03334294382
03334250259
03334247615
03334276887
03334217678
03334237316
03334257890
03334216309
03334256115
03334274276
03334271428
03334283416
03334278657
03334287874
03334296035
03334294988
03334257391
03334239601
03334215108
03334269298
03334250359
03334255779
03334292008
03334294630
03334279468
03334213986
03334269417
03334219690
03334234847
03334224615
03334214293
03334222446
03334273707
03334244685
03334216202
03334223367
03334248231
03334241096
03334220355
03334216924
03334218783
03334262496
03334271901
03334241101
03334212025
03334223925
03334212067
03334258926
03334250751
03334279273
03334280960
03334297256
03334221107
03334242686
03334278421
03334286697
03334288513
03334265063
03334236580
03334285373
03334269123
03334256210
03334214166
03334251349
03334278786
03334234024
03334256605
03334298505
03334294753
03334263825
03334233434
03334236996
03334229512
03334222728
03334238367
03334213094
03334295764
03334297145
03334275920
03334273863
03334235019
03334241486
03334276451
03334223578
03334290531
03334280681
03334269809
03334238774
03334233658
03334216959
03334251861
03334282202
03334277122
03334284890
03334286725
03334260676
03334245139
03334278043
03334252246
03334284520
03334217134
03334263822
03334284111
03334296158
03334219957
03334240054
03334289227
03334229305
03334292749
03334267917
03334260660
03334211509
03334234104
03334214724
03334237715
03334227771
03334288254
03334253343
03334286796
03334259731
03334261094
03334246866
03334281572
03334254793
03334252389
03334219950
03334253476
03334226369
03334296715
03334250624
03334219102
03334273599
03334221617
03334250498
03334224351
03334212629
03334239466
03334294373
03334260723
03334229754
03334249546
03334224210
03334283944
03334221542
03334265612
03334268673
03334270166
03334249010
03334232904
03334256885
03334224700
03334215524
03334292515
03334223425
03334270268
03334282249
03334229318
03334243768
03334286578
03334262858
03334232589
03334242124
03334248815
03334287060
03334289892
03334283605
03334290372
03334225086
03334288304
03334293880
03334292619
03334257041
03334210184
03334256742
03334222655
03334297628
03334233250
03334286776
03334251277
03334283310
03334277358
03334263811
03334293738
03334294401
03334258074
03334229101
03334227073
03334254082
03334230379
03334210148
03334250604
03334260716
03334243176
03334286687
03334271762
03334282085
03334235128
03334234482
03334275720
03334285068
03334279794
03334223924
03334244599
03334263005
03334232080
03334258482
03334282330
03334266683
03334247613
03334284621
03334296067
03334256992
03334248729
03334285499
03334268778
03334248385
03334254413
03334228985
03334260790
03334256532
03334236289
03334294706
03334278156
03334243275
03334231903
03334213865
03334223496
03334284979
03334240569
03334262499
03334298768
03334211056
03334266208
03334253434
03334219211
03334230733
03334262321
03334299591
03334246771
03334260389
03334245757
03334214081
03334293612
03334211986
03334239908
03334233700
03334280715
03334214929
03334228536
03334243504
03334229217
03334266443
03334219729
03334244617
03334258834
03334281704
03334222122
03334297298
03334245935
03334282521
03334299752
03334232065
03334249567
03334217652
03334229393
03334214019
03334296142
03334229819
03334248948
03334264075
03334249663
03334219916
03334273956
03334222308
03334281995
03334281784
03334293272
03334296126
03334237672
03334260010
03334224216
03334252767
03334211004
03334262144
03334254974
03334287937
03334278685
03334299426
03334223635
03334216782
03334247676
03334229465
03334240156
03334253417
03334216048
03334288623
03334276102
03334232394
03334213685
03334280268
03334270066
03334280260
03334270660
03334236525
03334299709
03334240337
03334249809
03334244848
03334239741
03334296799
03334229948
03334274419
03334226082
03334217456
03334230392
03334225312
03334290450
03334233800
03334253185
03334228577
03334290821
03334293160
03334217169
03334295216
03334246325
03334243948
03334250399
03334240937
03334281883
03334284313
03334251411
03334278976
03334299252
03334283298
03334212755
03334297867
03334284616
03334261274
03334256617
03334258675
03334274827
03334214937
03334283292
03334254956
03334255075
03334268080
03334289809
03334283340
03334271131
03334247176
03334286856
03334254592
03334239570
03334293415
03334263900
03334246400
03334265710
03334248064
03334290105
03334274670
03334238479
03334231140
03334242014
03334234536
03334233384
03334291910
03334271960
03334281421
03334234485
03334215486
03334220389
03334290340
03334263032
03334288992
03334295323
03334272857
03334292073
03334247453
03334268071
03334289900
03334236121
03334225899
03334245046
03334297374
03334210217
03334243689
03334210610
03334211577
03334276457
03334252152
03334212941
03334220539
03334263961
03334283975
03334291429
03334299170
03334227930
03334212691
03334271370
03334234203
03334249229
03334230382
03334274908
03334251076
03334292853
03334255991
03334242652
03334230634
03334241239
03334260843
03334260787
03334226385
03334294535
03334261742
03334237732
03334223875
03334220232
03334213883
03334210880
03334276050
03334274784
03334243977
03334276641
03334261969
03334223429
03334254528
03334295816
03334276616
03334222466
03334259141
03334250836
03334254619
03334268925
03334293557
03334245823
03334210912
03334211901
03334223187
03334277090
03334296894
03334237428
03334290198
03334288815
03334267462
03334213971
03334235346
03334219502
03334298857
03334276292
03334283957
03334247893
03334298675
03334229958
03334221959
03334279269
03334282463
03334254109
03334251771
03334264971
03334249768
03334272069
03334286896
03334269256
03334234982
03334226675
03334268060
03334299967
03334269003
03334262882
03334284910
03334266886
03334279747
03334271246
03334271770
03334234614
03334287065
03334295100
03334260470
03334257114
03334223609
03334282848
03334266878
03334270249
03334263598
03334223863
03334231642
03334224583
03334257792
03334251346
03334258216
03334227322
03334224824
03334234826
03334219559
03334232479
03334287295
03334267286
03334219534
03334229854
03334213410
03334278180
03334262982
03334231788
03334250210
03334250713
03334247849
03334267043
03334256671
03334292653
03334248460
03334219752
03334220017
03334262530
03334264732
03334263076
03334244196
03334268324
03334244419
03334254431
03334226693
03334239564
03334254922
03334236419
03334268468
03334215055
03334254585
03334293184
03334237579
03334293754
03334269438
03334243742
03334238461
03334213387
03334273149
03334224143
03334276734
03334290748
03334294675
03334253716
03334234669
03334276364
03334215073
03334283284
03334257028
03334267746
03334224219
03334223089
03334251210
03334285435
03334223749
03334292224
03334295288
03334214294
03334239030
03334232793
03334212458
03334248866
03334211315
03334255073
03334254705
03334250314
03334231319
03334218787
03334226271
03334249688
03334271047
03334244180
03334267684
03334214341
03334259755
03334272977
03334278558
03334221345
03334285183
03334258026
03334286839
03334283585
03334270095
03334286369
03334261118
03334264948
03334246236
03334218099
03334258855
03334285112
03334243940
03334278290
03334245809
03334242400
03334279595
03334221658
03334264759
03334251965
03334238240
03334241474
03334274531
03334252042
03334217750
03334293978
03334263993
03334263311
03334287329
03334216730
03334292949
03334253847
03334274766
03334225619
03334265280
03334241220
03334268704
03334246385
03334289195
03334266370
03334280035
03334231588
03334212191
03334259067
03334223743
03334236051
03334213946
03334230577
03334225299
03334256899
03334256585
03334233217
03334219786
03334245364
03334218053
03334279339
03334290568
03334267140
03334244142
03334258906
03334265906
03334231265
03334269173
03334252671
03334280528
03334210890
03334275273
03334275563
03334285594
03334226906
03334261439
03334242942
03334239850
03334247961
03334294007
03334257926
03334250046
03334232733
03334262029
03334259830
03334236363
03334220629
03334254980
03334280254
03334256226
03334223167
03334289364
03334255817
03334222055
03334265414
03334267191
03334221128
03334230218
03334246285
03334227802
03334254569
03334283379
03334233418
03334229398
03334214408
03334281626
03334281022
03334247623
03334292879
03334283924
03334266111
03334278203
03334231378
03334296561
03334250909
03334211408
03334296876
03334241538
03334229543
03334210635
03334214193
03334272416
03334224301
03334278012
03334221526
03334219455
03334253508
03334220179
03334259714
03334240310
03334212723
03334293564
03334220159
03334239437
03334274546
03334216628
03334247621
03334278204
03334255341
03334273006
03334262100
03334296330
03334290115
03334244964
03334257986
03334259255
03334212841
03334214505
03334255783
03334224252
03334288680
03334216742
03334217166
03334240376
03334210963
03334251386
03334292882
03334262170
03334227513
03334227443
03334233165
03334243613
03334253387
03334284638
03334211218
03334257124
03334234666
03334234281
03334249255
03334263334
03334274201
03334237629
03334252092
03334276085
03334234186
03334263540
03334260200
03334240667
03334216058
03334224043
03334276822
03334299061
03334263583
03334251949
03334254738
03334216034
03334227827
03334245563
03334228935
03334252716
03334236727
03334260325
03334246767
03334278174
03334280224
03334274996
03334225345
03334242540
03334279537
03334288283
03334234877
03334274931
03334218338
03334229342
03334286846
03334221769
03334229233
03334227555
03334229344
03334258063
03334271083
03334226770
03334256123
03334294516
03334247299
03334246374
03334292066
03334223156
03334223369
03334297458
03334272722
03334216772
03334258068
03334262492
03334225449
03334256221
03334241061
03334298697
03334223455
03334210777
03334228705
03334232579
03334233611
03334225396
03334214064
03334240981
03334223793
03334299702
03334225161
03334252509
03334238541
03334244068
03334253454
03334291585
03334280479
03334278046
03334296166
03334287471
03334265126
03334211508
03334277472
03334245615
03334212569
03334243901
03334224353
03334296320
03334273011
03334286493
03334230646
03334273535
03334284770
03334247285
03334242377
03334294190
03334222512
03334269120
03334233235
03334268272
03334223454
03334298207
03334290075
03334220212
03334278230
03334214000
03334255401
03334271994
03334264636
03334260581
03334220651
03334238114
03334235984
03334245650
03334217197
03334255106
03334287995
03334212826
03334270163
03334227473
03334226690
03334238668
03334276735
03334278974
03334253771
03334296782
03334264713
03334259263
03334269073
03334211359
03334244810
03334290774
03334219199
03334241672
03334213300
03334287396
03334225403
03334234339
03334229900
03334268951
03334224325
03334225911
03334235420
03334248786
03334225180
03334239083
03334234517
03334256293
03334263072
03334288764
03334240798
03334296763
03334259539
03334213339
03334241238
03334224458
03334217217
03334290688
03334212731
03334295562
03334249222
03334275840
03334247340
03334216784
03334267710
03334262592
03334278487
03334240262
03334218315
03334212756
03334266740
03334243553
03334295146
03334239533
03334234556
03334255066
03334281738
03334278400
03334244908
03334253761
03334274056
03334284164
03334212683
03334278263
03334211594
03334212812
03334276689
03334234154
03334288080
03334232001
03334297657
03334221283
03334271373
03334271924
03334277806
03334222809
03334241088
03334237650
03334278448
03334246782
03334246599
03334297685
03334219473
03334222070
03334251154
03334292551
03334261006
03334294155
03334294101
03334245330
03334238384
03334259069
03334250135
03334293653
03334278428
03334268606
03334227579
03334269412
03334291553
03334232585
03334255472
03334272983
03334297488
03334218249
03334248805
03334262631
03334277260
03334258928
03334260921
03334240749
03334266460
03334227457
03334286479
03334290407
03334290612
03334227109
03334219043
03334251805
03334282533
03334240052
03334242750
03334293616
03334238588
03334271147
03334277720
03334293496
03334295230
03334271676
03334246097
03334210715
03334214014
03334242212
03334246489
03334224581
03334243745
03334298375
03334216895
03334235173
03334284408
03334297634
03334292609
03334243157
03334266196
03334291949
03334278199
03334236966
03334242302
03334272510
03334253696
03334253533
03334292532
03334212722
03334279367
03334258900
03334247102
03334271085
03334269134
03334263697
03334289245
03334294652
03334293514
03334296263
03334213443
03334244266
03334243917
03334266030
03334294204
03334275297
03334253430
03334265638
03334258341
03334295981
03334245979
03334227990
03334211524
03334231000
03334258264
03334229373
03334273586
03334219249
03334257181
03334221481
03334229489
03334267122
03334265681
03334285802
03334272660
03334229241
03334248835
03334271475
03334295163
03334299094
03334246893
03334252753
03334247682
03334270936
03334248098
03334297213
03334287895
03334287652
03334254381
03334283385
03334212920
03334219111
03334259561
03334267586
03334237059
03334259872
03334221066
03334274264
03334239082
03334291961
03334214777
03334276794
03334224189
03334216803
03334233404
03334263178
03334292999
03334246884
03334281096
03334258770
03334253865
03334296719
03334287327
03334281275
03334276373
03334218983
03334269285
03334233828
03334275108
03334283737
03334252761
03334266690
03334213098
03334261654
03334211775
03334266042
03334235291
03334281915
03334224830
03334260791
03334232905
03334257486
03334270587
03334239696
03334294575
03334276077
03334271092
03334254248
03334291203
03334290385
03334266035
03334238015
03334213721
03334240340
03334218105
03334278597
03334244692
03334255281
03334269796
03334258132
03334239668
03334293057
03334247587
03334241711
03334289538
03334262534
03334267361
03334227887
03334211083
03334222054
03334273284
03334297979
03334220960
03334239232
03334216740
03334241578
03334281797
03334242905
03334298193
03334279579
03334283905
03334293352
03334228675
03334212308
03334247933
03334271435
03334247936
03334256694
03334237223
03334269548
03334238014
03334293236
03334264429
03334222999
03334297984
03334213542
03334266064
03334286887
03334263316
03334279301
03334243980
03334264730
03334292761
03334237018
03334262894
03334212375
03334271603
03334278553
03334255763
03334299705
03334260862
03334213036
03334277230
03334214601
03334233591
03334219425
03334271192
03334273860
03334252506
03334235269
03334295320
03334227723
03334274803
03334293740
03334243594
03334276760
03334229363
03334232128
03334292692
03334220588
03334214050
03334242744
03334263944
03334255171
03334270327
03334246571
03334219675
03334274328
03334257172
03334266411
03334224105
03334237472
03334264724
03334262137
03334284948
03334227806
03334298941
03334232472
03334267461
03334292123
03334291474
03334229460
03334265037
03334226304
03334293423
03334286134
03334283012
03334239474
03334285860
03334235175
03334285654
03334218117
03334249092
03334267733
03334259429
03334263264
03334272853
03334251517
03334299531
03334295334
03334268858
03334271214
03334290251
03334210079
03334231603
03334258646
03334248953
03334230422
03334299655
03334225230
03334228465
03334251270
03334234483
03334290134
03334244023
03334238947
03334226252
03334288194
03334274160
03334226936
03334238244
03334279069
03334244019
03334235856
03334260073
03334239511
03334269208
03334294608
03334240606
03334260602
03334236276
03334274786
03334216225
03334276020
03334234777
03334237180
03334252589
03334239818
03334260629
03334277044
03334266846
03334214608
03334265728
03334269295
03334219241
03334233906
03334225265
03334211337
03334221173
03334241921
03334232969
03334287953
03334231009
03334287583
03334222789
03334288880
03334290910
03334230447
03334230622
03334287859
03334255130
03334273881
03334215348
03334227797
03334262926
03334251014
03334221570
03334287118
03334277615
03334295588
03334277173
03334221247
03334294344
03334270216
03334249967
03334260702
03334215341
03334294571
03334274966
03334218681
03334286832
03334285216
03334288437
03334211987
03334248299
03334261678
03334230007
03334218849
03334274343
03334211716
03334240727
03334299999
03334253946
03334291443
03334270979
03334233790
03334260323
03334299603
03334254803
03334255354
03334292365
03334228983
03334210410
03334220694
03334280480
03334269920
03334272518
03334280164
03334255200
03334262421
03334228516
03334242580
03334274488
03334279486
03334259891
03334277746
03334247607
03334276738
03334227682
03334265456
03334280520
03334294345
03334216269
03334258523
03334289722
03334281550
03334234248
03334275362
03334263877
03334247952
03334294466
03334256232
03334278027
03334210445
03334253764
03334240984
03334228891
03334260087
03334246331
03334266213
03334231552
03334285527
03334237577
03334225430
03334248862
03334296490
03334254304
03334257608
03334239712
03334277056
03334215627
03334244953
03334221021
03334221956
03334280197
03334290968
03334273880
03334291322
03334214469
03334234050
03334286348
03334296461
03334269040
03334248950
03334218906
03334248855
03334287520
03334230407
03334261468
03334233904
03334294993
03334256768
03334290839
03334293231
03334227246
03334276640
03334235650
03334286821
03334240205
03334278838
03334254930
03334233073
03334289423
03334253573
03334236559
03334279889
03334255362
03334292333
03334226750
03334294205
03334223107
03334291380
03334262514
03334285263
03334220805
03334228200
03334220226
03334285219
03334239833
03334211049
03334226028
03334243422
03334213585
03334212295
03334286966
03334263722
03334297240
03334269151
03334255211
03334231417
03334263387
03334279616
03334295376
03334282347
03334241920
03334275044
03334233660
03334299458
03334247146
03334293201
03334241982
03334267982
03334214844
03334258620
03334219978
03334293619
03334215097
03334222024
03334263395
03334210151
03334222974
03334292922
03334291640
03334295092
03334257599
03334289704
03334248843
03334236169
03334231096
03334236641
03334213281
03334238458
03334286280
03334212595
03334210175
03334270698
03334225239
03334214126
03334265149
03334293764
03334221739
03334229258
03334254306
03334254285
03334261591
03334216320
03334241363
03334216221
03334285224
03334259373
03334247281
03334214708
03334283403
03334274042
03334249553
03334284816
03334263289
03334216049
03334256559
03334236336
03334254700
03334276386
03334272340
03334283443
03334244398
03334218127
03334238155
03334299158
03334269901
03334265833
03334243824
03334294557
03334274577
03334214776
03334295278
03334289425
03334228056
03334279085
03334238998
03334297886
03334226771
03334296656
03334254342
03334214155
03334224944
03334250837
03334249100
03334237204
03334285403
03334274557
03334277919
03334273539
03334246902
03334278148
03334271921
03334223236
03334278065
03334284834
03334250525
03334217792
03334215550
03334213502
03334246260
03334267259
03334290259
03334288712
03334261281
03334246911
03334226644
03334297301
03334233342
03334256672
03334247742
03334263784
03334224000
03334275445
03334258010
03334280389
03334261953
03334284497
03334291275
03334225373
03334270285
03334247655
03334296429
03334242855
03334272042
03334243221
03334228559
03334221205
03334282336
03334213268
03334288447
03334246896
03334234685
03334262125
03334247826
03334275922
03334238492
03334247913
03334280618
03334240197
03334237405
03334221475
03334224178
03334259451
03334254065
03334237403
03334253596
03334229004
03334216932
03334220887
03334296973
03334242603
03334292282
03334258418
03334289239
03334235551
03334283422
03334268742
03334212136
03334227159
03334243404
03334259295
03334255702
03334277103
03334240760
03334295884
03334232562
03334286030
03334246005
03334243362
03334244754
03334230088
03334210249
03334274953
03334218676
03334212590
03334257294
03334233832
03334236043
03334283801
03334228740
03334284263
03334271515
03334287195
03334249922
03334292081
03334269842
03334289408
03334286683
03334264491
03334211875
03334228060
03334210245
03334278071
03334264883
03334276962
03334268629
03334296630
03334267565
03334282998
03334273570
03334276132
03334266885
03334232354
03334217329
03334276648
03334278257
03334249589
03334232699
03334228335
03334298419
03334259140
03334287779
03334268507
03334227180
03334248678
03334226042
03334243153
03334299347
03334243065
03334278870
03334232879
03334296881
03334253792
03334280332
03334265203
03334239412
03334278960
03334261175
03334297944
03334211063
03334283037
03334259727
03334252512
03334249667
03334210035
03334224683
03334214902
03334279176
03334299725
03334211826
03334218931
03334235241
03334249781
03334270588
03334261687
03334268218
03334239933
03334294700
03334243253
03334264857
03334232350
03334220447
03334285949
03334267806
03334297924
03334284385
03334293286
03334249374
03334237244
03334257875
03334289835
03334257443
03334244143
03334288951
03334273530
03334293486
03334289311
03334218381
03334263967
03334253702
03334288177
03334277950
03334276688
03334273600
03334230550
03334245253
03334268824
03334217272
03334292957
03334261331
03334267810
03334218179
03334227377
03334263717
03334242229
03334226758
03334230517
03334285889
03334250350
03334274582
03334261055
03334287268
03334277797
03334230999
03334297057
03334268201
03334278906
03334221551
03334230732
03334289550
03334262554
03334244172
03334242496
03334267373
03334239132
03334224462
03334232101
03334244287
03334296544
03334286590
03334289633
03334225963
03334261574
03334241465
03334229768
03334247082
03334291623
03334233450
03334267812
03334251952
03334213595
03334289420
03334295802
03334224912
03334214253
03334271766
03334249070
03334239779
03334272511
03334278259
03334255625
03334283204
03334289568
03334254457
03334248023
03334259384
03334291384
03334261427
03334218248
03334230295
03334264510
03334288163
03334279674
03334269424
03334255592
03334238433
03334231823
03334229928
03334297282
03334221738
03334210602
03334225601
03334219840
03334298403
03334242461
03334224878
03334252696
03334283030
03334230236
03334256765
03334214079
03334211374
03334270338
03334278369
03334251896
03334275310
03334299059
03334232238
03334242065
03334233703
03334283299
03334252384
03334288742
03334245237
03334244828
03334216173
03334210637
03334282227
03334275229
03334256521
03334245023
03334252626
03334263966
03334234617
03334249619
03334216923
03334266506
03334235217
03334286598
03334276789
03334291055
03334263122
03334232763
03334297689
03334255216
03334215353
03334276898
03334247277
03334273216
03334231098
03334290764
03334297223
03334280049
03334236522
03334272393
03334248008
03334246914
03334238850
03334254853
03334225314
03334225743
03334287930
03334240693
03334249440
03334275559
03334297654
03334298485
03334283240
03334244639
03334230849
03334235901
03334253773
03334212477
03334247514
03334249463
03334212161
03334220012
03334241167
03334268124
03334290750
03334258854
03334219699
03334286456
03334272208
03334262824
03334252050
03334260831
03334247748
03334221935
03334284021
03334265311
03334215765
03334222429
03334283323
03334282374
03334279657
03334217698
03334278413
03334264036
03334228576
03334228954
03334259915
03334261322
03334226275
03334224045
03334298544
03334234752
03334218837
03334257190
03334220393
03334297179
03334237174
03334290585
03334295615
03334289102
03334225446
03334235661
03334231190
03334283808
03334254394
03334251879
03334288461
03334296711
03334225085
03334266140
03334229786
03334240355
03334223469
03334289711
03334241312
03334262173
03334274564
03334298939
03334258377
03334260181
03334248162
03334237945
03334253505
03334226078
03334228911
03334226831
03334244918
03334218585
03334285254
03334292738
03334286759
03334290554
03334292252
03334242752
03334232845
03334244768
03334274559
03334251002
03334237813
03334227333
03334299793
03334232404
03334278481
03334290216
03334267479
03334279080
03334235006
03334262610
03334291646
03334237237
03334228921
03334277283
03334297715
03334277685
03334257730
03334225483
03334225047
03334243543
03334278126
03334239830
03334273401
03334243026
03334249801
03334231216
03334246959
03334217405
03334248934
03334222367
03334220829
03334238151
03334221100
03334221111
03334250429
03334218034
03334259352
03334265837
03334283579
03334222644
03334249521
03334261633
03334214969
03334245036
03334255160
03334287038
03334249075
03334250339
03334284395
03334294269
03334249207
03334259962
03334259003
03334261939
03334228680
03334259000
03334220520
03334270613
03334217600
03334262605
03334243709
03334288303
03334256454
03334259563
03334256584
03334236618
03334275054
03334282628
03334265695
03334277706
03334294546
03334217186
03334272309
03334293504
03334288167
03334216246
03334253306
03334230367
03334250928
03334297596
03334264538
03334228097
03334271621
03334278189
03334262097
03334259171
03334221748
03334259033
03334238832
03334295223
03334265978
03334260038
03334257382
03334261218
03334255079
03334258514
03334285472
03334298575
03334250419
03334274021
03334267711
03334218699
03334216563
03334254660
03334242776
03334286693
03334268435
03334240513
03334242753
03334218597
03334217307
03334287233
03334211677
03334246113
03334223764
03334278455
03334284832
03334281374
03334294487
03334277446
03334223594
03334226863
03334282482
03334228568
03334257148
03334214927
03334232286
03334233088
03334257731
03334216449
03334254730
03334279947
03334229885
03334245839
03334211534
03334216960
03334235413
03334275403
03334290736
03334281235
03334216280
03334220234
03334277916
03334278744
03334248361
03334211269
03334237453
03334276624
03334273682
03334272973
03334220715
03334244116
03334291835
03334234080
03334226092
03334285627
03334236149
03334285021
03334262576
03334234770
03334216227
03334277925
03334266921
03334267871
03334245961
03334219083
03334286709
03334272070
03334249823
03334294832
03334256464
03334284049
03334212351
03334250642
03334256191
03334285769
03334254003
03334277453
03334290868
03334249785
03334254587
03334273810
03334231258
03334218086
03334215339
03334271458
03334213591
03334295041
03334259528
03334258137
03334285004
03334286264
03334248644
03334236801
03334285206
03334229514
03334276269
03334276840
03334268108
03334241316
03334250960
03334289796
03334211933
03334278578
03334230458
03334223921
03334289467
03334277003
03334296175
03334215445
03334232121
03334298260
03334276055
03334288542
03334289226
03334278364
03334295196
03334235304
03334246761
03334278239
03334254213
03334220709
03334248967
03334268797
03334247939
03334214599
03334272944
03334235529
03334213271
03334222849
03334230286
03334228289
03334271146
03334235012
03334264583
03334235606
03334220235
03334228806
03334261961
03334269558
03334254142
03334250384
03334260746
03334296663
03334240287
03334297904
03334281644
03334259491
03334222732
03334235582
03334246295
03334279602
03334271030
03334281491
03334255124
03334241528
03334262404
03334223231
03334279915
03334218850
03334275410
03334245769
03334260252
03334285820
03334260183
03334244033
03334299697
03334226525
03334249432
03334296079
03334266567
03334257162
03334288220
03334272133
03334216694
03334291300
03334276038
03334218650
03334292706
03334257111
03334291543
03334263981
03334283091
03334280482
03334278707
03334266402
03334238730
03334289642
03334274974
03334214977
03334236410
03334254466
03334290685
03334221461
03334215458
03334277673
03334273300
03334243330
03334250215
03334213035
03334213867
03334293270
03334282990
03334233876
03334245709
03334231931
03334211591
03334256759
03334238215
03334267546
03334228709
03334215675
03334296201
03334260941
03334219215
03334247818
03334253522
03334231276
03334282188
03334273243
03334235722
03334226009
03334269838
03334260579
03334240976
03334234253
03334249376
03334278508
03334250113
03334289821
03334244830
03334220692
03334285765
03334223699
03334218214
03334276761
03334268864
03334225756
03334275009
03334225259
03334254517
03334287099
03334229855
03334290270
03334289808
03334243778
03334281758
03334231679
03334220026
03334247267
03334280690
03334262092
03334243297
03334210647
03334215783
03334218169
03334221814
03334237167
03334246087
03334271119
03334221723
03334262337
03334246723
03334220671
03334263974
03334296481
03334266857
03334227428
03334250999
03334244578
03334213845
03334211121
03334243983
03334259567
03334263117
03334296749
03334218434
03334269795
03334250223
03334264139
03334244706
03334242467
03334213052
03334272800
03334250694
03334237842
03334279172
03334283397
03334265376
03334226867
03334227932
03334243085
03334223106
03334274182
03334267704
03334223544
03334280410
03334253262
03334268700
03334217513
03334237235
03334296802
03334259978
03334258602
03334258696
03334240417
03334227652
03334271499
03334238848
03334261344
03334294524
03334261543
03334223681
03334216162
03334223486
03334213156
03334265406
03334222664
03334248468
03334284253
03334216050
03334216482
03334240010
03334222567
03334250729
03334246250
03334269813
03334210877
03334232292
03334227192
03334216250
03334297768
03334212821
03334245245
03334297425
03334251519
03334282073
03334293877
03334288019
03334266588
03334241068
03334244902
03334299862
03334264247
03334229775
03334255543
03334252106
03334214570
03334248333
03334220408
03334243927
03334242119
03334218686
03334217849
03334276922
03334227970
03334229051
03334274823
03334272971
03334278273
03334263774
03334210860
03334224070
03334278240
03334215731
03334213886
03334240591
03334254591
03334296234
03334249461
03334275413
03334295107
03334242909
03334244568
03334246387
03334281101
03334276749
03334275086
03334290661
03334277360
03334268893
03334249972
03334226558
03334279575
03334274596
03334226999
03334292191
03334260048
03334237537
03334266244
03334271931
03334242387
03334289002
03334240176
03334251534
03334239812
03334238220
03334273978
03334293741
03334224173
03334266706
03334223579
03334274940
03334296118
03334246869
03334252301
03334299737
03334282309
03334210356
03334286414
03334241966
03334274097
03334251682
03334236155
03334239289
03334213592
03334262399
03334236186
03334211924
03334223176
03334241525
03334257384
03334265389
03334229566
03334236937
03334236865
03334216683
03334274175
03334253186
03334274427
03334283266
03334242242
03334218312
03334296073
03334213179
03334285235
03334289621
03334291027
03334255972
03334247036
03334266079
03334299852
03334298930
03334260386
03334231342
03334287987
03334282541
03334257536
03334233414
03334230173
03334251301
03334230728
03334217302
03334215364
03334262871
03334265626
03334236181
03334233228
03334267538
03334290830
03334248702
03334231520
03334297047
03334295279
03334266326
03334223007
03334226688
03334242662
03334233554
03334246208
03334210348
03334299310
03334229714
03334233281
03334237935
03334256296
03334242832
03334265198
03334291886
03334225729
03334271220
03334212068
03334267011
03334265345
03334295876
03334269871
03334223994
03334254845
03334222743
03334279497
03334275248
03334251150
03334272135
03334265107
03334265016
03334264980
03334255852
03334214874
03334266848
03334282916
03334283964
03334240953
03334287587
03334282083
03334224936
03334293348
03334268029
03334275652
03334265101
03334246126
03334260299
03334228267
03334227130
03334256817
03334239027
03334295652
03334223464
03334230850
03334224062
03334278563
03334261145
03334236053
03334291189
03334277816
03334236033
03334210854
03334235727
03334228103
03334226058
03334233927
03334287787
03334278698
03334214664
03334261497
03334254713
03334210146
03334211836
03334216903
03334236839
03334264035
03334237849
03334299034
03334275847
03334257288
03334260500
03334210102
03334220938
03334288883
03334218141
03334215531
03334267811
03334239618
03334254246
03334210398
03334271995
03334256875
03334267053
03334218841
03334269029
03334260329
03334294895
03334268750
03334227005
03334213915
03334249309
03334219149
03334254349
03334213781
03334262369
03334236998
03334235007
03334278439
03334267603
03334215955
03334226571
03334299264
03334266849
03334289815
03334296523
03334245965
03334286902
03334264226
03334255900
03334294625
03334239840
03334260027
03334234629
03334296981
03334219007
03334230004
03334215518
03334262393
03334253109
03334291749
03334283097
03334293440
03334235484
03334271629
03334269733
03334263791
03334219238
03334231958
03334270954
03334289272
03334286253
03334240481
03334219576
03334270513
03334298371
03334288188
03334281848
03334262778
03334258014
03334278914
03334259122
03334219719
03334216800
03334243361
03334219489
03334216046
03334247931
03334275853
03334232858
03334233131
03334263780
03334295220
03334220081
03334232732
03334244215
03334281460
03334261606
03334236662
03334262667
03334268885
03334270754
03334248375
03334256499
03334299431
03334227824
03334245004
03334264021
03334264920
03334220318
03334235425
03334256570
03334262160
03334210611
03334244071
03334284949
03334262081
03334295626
03334299748
03334215912
03334223023
03334213418
03334253395
03334255795
03334250432
03334265639
03334243972
03334221352
03334240582
03334288367
03334271344
03334260300
03334243929
03334279169
03334274485
03334252024
03334283010
03334265952
03334212540
03334297706
03334233059
03334288660
03334259266
03334219379
03334265980
03334236913
03334246754
03334245862
03334257336
03334294980
03334249150
03334243635
03334220864
03334298382
03334220947
03334219146
03334214072
03334240323
03334221578
03334222243
03334272727
03334224649
03334218151
03334216456
03334225263
03334263888
03334240012
03334247465
03334240854
03334248585
03334273899
03334240962
03334276978
03334284706
03334281008
03334235191
03334284439
03334269492
03334294720
03334231030
03334276363
03334211150
03334258304
03334279913
03334253641
03334262063
03334256439
03334293394
03334283634
03334266887
03334211481
03334287226
03334215933
03334234616
03334249523
03334211649
03334282866
03334254125
03334239506
03334295050
03334246964
03334253609
03334221404
03334236240
03334228504
03334283954
03334229632
03334270831
03334226858
03334291212
03334296363
03334213499
03334217856
03334258152
03334245350
03334210246
03334277949
03334291026
03334247460
03334226008
03334281697
03334262418
03334253735
03334261045
03334250089
03334279780
03334285668
03334272790
03334286625
03334288870
03334221160
03334222237
03334271643
03334211339
03334226303
03334232237
03334225822
03334227934
03334254001
03334296056
03334284622
03334296013
03334219569
03334221117
03334283371
03334291370
03334266299
03334272619
03334227899
03334218843
03334213498
03334213352
03334284546
03334299874
03334260358
03334286150
03334248723
03334298286
03334256842
03334284205
03334237987
03334270052
03334274125
03334241855
03334212613
03334246813
03334219046
03334278009
03334252127
03334263091
03334238020
03334272007
03334285641
03334277795
03334257722
03334241475
03334228972
03334296409
03334294297
03334214006
03334260971
03334215572
03334258145
03334291891
03334226793
03334226429
03334271878
03334239671
03334279210
03334211153
03334297159
03334211850
03334246635
03334225960
03334245443
03334279262
03334270758
03334244557
03334247252
03334294610
03334275772
03334255752
03334268644
03334241490
03334227711
03334242151
03334218882
03334257178
03334252314
03334250351
03334270199
03334277016
03334267735
03334258553
03334283710
03334220721
03334220020
03334292617
03334212455
03334283880
03334226866
03334274848
03334273790
03334231160
03334231761
03334296032
03334249710
03334225651
03334249739
03334259238
03334219395
03334285198
03334246564
03334246927
03334216654
03334264179
03334220042
03334284277
03334252995
03334282493
03334226896
03334246807
03334241651
03334269618
03334258225
03334286890
03334295551
03334250036
03334224537
03334254635
03334288479
03334263317
03334271871
03334241778
03334266642
03334253920
03334275589
03334210390
03334222850
03334226662
03334254249
03334291113
03334250803
03334291817
03334221171
03334211625
03334267056
03334256541
03334299977
03334253135
03334229961
03334256984
03334219701
03334228040
03334232138
03334261542
03334273536
03334254158
03334275615
03334225201
03334230915
03334221881
03334274693
03334250011
03334210259
03334273886
03334230144
03334275025
03334252915
03334255693
03334290848
03334277800
03334237053
03334275265
03334228495
03334293494
03334224560
03334235344
03334233355
03334214887
03334222076
03334238601
03334221781
03334214047
03334236854
03334213709
03334253309
03334251047
03334229047
03334286510
03334219887
03334269936
03334246477
03334217044
03334246282
03334255524
03334234453
03334222990
03334254936
03334256749
03334266786
03334272347
03334241290
03334283741
03334236482
03334233875
03334225663
03334282121
03334258307
03334295571
03334288525
03334259805
03334283073
03334211409
03334288477
03334230405
03334237032
03334216435
03334221715
03334249187
03334223867
03334269182
03334270960
03334290575
03334268790
03334211451
03334247211
03334269035
03334211841
03334212354
03334278419
03334255289
03334266254
03334280490
03334230306
03334279833
03334227646
03334228406
03334228203
03334224316
03334281410
03334286671
03334223401
03334257804
03334225119
03334297420
03334233220
03334242919
03334270330
03334275877
03334245906
03334265085
03334214212
03334234909
03334231605
03334246465
03334283217
03334210106
03334227784
03334245155
03334236660
03334236602
03334294069
03334280261
03334295461
03334240979
03334246644
03334226453
03334245389
03334289407
03334243916
03334214420
03334245198
03334250574
03334212370
03334263089
03334210160
03334254429
03334254465
03334214747
03334213434
03334234016
03334296800
03334281737
03334241099
03334271304
03334285003
03334295617
03334260479
03334249818
03334225020
03334260760
03334269952
03334239151
03334227301
03334247457
03334262185
03334223686
03334249424
03334242002
03334245502
03334287689
03334232044
03334277417
03334264908
03334251093
03334215413
03334282065
03334297826
03334245669
03334282194
03334221854
03334280634
03334246244
03334298660
03334259241
03334255148
03334218900
03334249772
03334245337
03334239588
03334218895
03334253660
03334235846
03334223273
03334264912
03334286474
03334212463
03334295051
03334288514
03334249692
03334263681
03334233909
03334280203
03334251992
03334279351
03334278565
03334258516
03334281057
03334248797
03334218140
03334294275
03334223101
03334269924
03334263058
03334268793
03334278384
03334241571
03334258861
03334227820
03334250501
03334281161
03334211351
03334240664
03334269731
03334226803
03334275596
03334257729
03334289548
03334241863
03334248752
03334284990
03334269568
03334266923
03334287596
03334239544
03334275094
03334287748
03334247530
03334242216
03334216114
03334297960
03334268333
03334210729
03334289361
03334225126
03334241980
03334282601
03334240317
03334271308
03334222110
03334247534
03334229702
03334297252
03334240640
03334238686
03334221295
03334282920
03334223327
03334259249
03334293395
03334276277
03334245522
03334238110
03334296134
03334218316
03334229249
03334253822
03334211330
03334285604
03334234386
03334283200
03334243018
03334229935
03334280370
03334233615
03334275128
03334249230
03334219753
03334278901
03334239866
03334269671
03334246956
03334266261
03334266452
03334264610
03334218888
03334256865
03334292056
03334265206
03334251250
03334224770
03334245845
03334264284
03334211068
03334268018
03334268287
03334236204
03334220485
03334295315
03334214051
03334297621
03334228463
03334219618
03334249304
03334210018
03334255154
03334256523
03334244305
03334259209
03334260489
03334226463
03334271359
03334228391
03334237028
03334287370
03334246720
03334266715
03334277521
03334278635
03334250962
03334264729
03334229119
03334276905
03334287770
03334210843
03334238162
03334270222
03334251466
03334265013
03334258416
03334244550
03334255619
03334249335
03334292107
03334237797
03334246834
03334215305
03334270689
03334246846
03334249410
03334235532
03334220901
03334292041
03334264281
03334219381
03334292924
03334282677
03334230989
03334280917
03334289483
03334253769
03334217794
03334235415
03334246659
03334244021
03334299343
03334242713
03334261534
03334237355
03334271856
03334284932
03334279291
03334215938
03334270844
03334236284
03334299230
03334240535
03334231415
03334296025
03334230675
03334229225
03334215429
03334243828
03334237078
03334212624
03334268388
03334217918
03334255485
03334239233
03334270549
03334226756
03334220203
03334248085
03334238454
03334253770
03334233333
03334274989
03334264478
03334230475
03334241609
03334291248
03334248342
03334248537
03334270900
03334246392
03334231758
03334240381
03334258067
03334257744
03334287119
03334231229
03334262264
03334293146
03334219437
03334216371
03334245698
03334234508
03334296145
03334289182
03334250640
03334219348
03334288198
03334260776
03334236414
03334277644
03334262691
03334255685
03334264746
03334284954
03334245829
03334219850
03334247018
03334230168
03334217462
03334239637
03334214012
03334271446
03334247891
03334276190
03334274032
03334260624
03334213896
03334258617
03334218779
03334295967
03334237847
03334295103
03334259160
03334297896
03334251551
03334258194
03334270982
03334280423
03334295052
03334231433
03334241444
03334246275
03334297974
03334216434
03334265807
03334273295
03334272418
03334286299
03334249242
03334249545
03334236628
03334247902
03334240306
03334284585
03334262382
03334217019
03334248795
03334297068
03334245967
03334288987
03334264371
03334250726
03334221954
03334295467
03334250897
03334236491
03334226201
03334237039
03334251850
03334272568
03334225171
03334249917
03334241477
03334251337
03334280555
03334291627
03334251548
03334245860
03334261268
03334217887
03334286396
03334241583
03334263403
03334246257
03334234365
03334295476
03334257287
03334233603
03334265708
03334260686
03334251340
03334256382
03334278138
03334249260
03334297392
03334241341
03334264059
03334222731
03334290389
03334254157
03334229690
03334245730
03334265411
03334212823
03334295505
03334291818
03334233009
03334250095
03334284618
03334273635
03334273838
03334277091
03334267883
03334216314
03334294046
03334247538
03334235988
03334264525
03334294955
03334278822
03334213488
03334268274
03334297208
03334227498
03334261566
03334287426
03334233713
03334238939
03334288634
03334230065
03334259928
03334220779
03334265181
03334290654
03334285133
03334223372
03334251637
03334293520
03334275624
03334291798
03334267502
03334286967
03334254847
03334274074
03334230784
03334293701
03334242791
03334250774
03334286589
03334283870
03334210535
03334256396
03334227231
03334263477
03334210900
03334288529
03334297191
03334239922
03334266653
03334285203
03334247026
03334295534
03334233203
03334282357
03334245333
03334279392
03334271583
03334227185
03334219968
03334226663
03334256669
03334210240
03334226069
03334253423
03334230781
03334280807
03334240011
03334296147
03334237859
03334243475
03334276057
03334210244
03334237950
03334227176
03334274232
03334217860
03334263108
03334296328
03334235702
03334225144
03334282298
03334246892
03334278540
03334297581
03334224261
03334248367
03334263399
03334279191
03334259404
03334263902
03334283872
03334299726
03334226459
03334253237
03334284831
03334252087
03334257747
03334216384
03334299910
03334270506
03334247344
03334231897
03334285290
03334228756
03334244407
03334218157
03334253722
03334264076
03334223640
03334290960
03334231525
03334218472
03334270299
03334279177
03334274883
03334233200
03334256545
03334291643
03334232748
03334258668
03334284071
03334212155
03334226372
03334211490
03334273939
03334289401
03334265773
03334279943
03334235791
03334254638
03334234954
03334236390
03334214994
03334293250
03334279853
03334230210
03334258239
03334225468
03334295327
03334240261
03334292911
03334282937
03334277204
03334224546
03334259839
03334237757
03334288675
03334219479
03334219742
03334258918
03334224035
03334232916
03334244217
03334215758
03334287949
03334258715
03334243696
03334255169
03334276886
03334264182
03334281633
03334264375
03334276691
03334261432
03334274508
03334288743
03334271893
03334233461
03334236518
03334291002
03334283747
03334288568
03334280814
03334220104
03334227524
03334216881
03334246279
03334216910
03334295252
03334234331
03334244789
03334246936
03334285993
03334242481
03334237518
03334236611
03334296565
03334237741
03334291315
03334224469
03334249028
03334241471
03334260170
03334283147
03334263249
03334255475
03334230735
03334247848
03334225457
03334287516
03334229413
03334253215
03334232010
03334299381
03334277901
03334223592
03334227644
03334260005
03334237238
03334216998
03334268930
03334247301
03334219586
03334275439
03334232026
03334295681
03334252132
03334275328
03334295719
03334245203
03334279034
03334241973
03334242276
03334292997
03334220644
03334236957
03334253631
03334290803
03334286174
03334247403
03334257272
03334217523
03334232778
03334210471
03334238137
03334258710
03334210096
03334231310
03334287230
03334232029
03334272541
03334248270
03334240583
03334253392
03334271394
03334231222
03334259793
03334278603
03334272520
03334229737
03334242313
03334250379
03334211241
03334289733
03334257257
03334286634
03334246954
03334246434
03334230824
03334238426
03334262314
03334212231
03334242661
03334221555
03334257543
03334293422
03334285622
03334213893
03334291803
03334269735
03334244726
03334280060
03334283564
03334222408
03334231010
03334279137
03334214958
03334267144
03334221536
03334220737
03334231753
03334286338
03334263142
03334240795
03334278268
03334241161
03334228732
03334285181
03334270165
03334244115
03334258575
03334219998
03334261657
03334277196
03334237658
03334283965
03334215424
03334223252
03334259288
03334247356
03334245086
03334221124
03334225790
03334291969
03334216016
03334222480
03334288956
03334251007
03334218721
03334234882
03334242403
03334280562
03334212740
03334228760
03334222390
03334235022
03334286538
03334220239
03334270096
03334224256
03334283268
03334240971
03334225371
03334277952
03334250554
03334230912
03334296074
03334276459
03334293212
03334254149
03334221634
03334239463
03334292557
03334226774
03334275404
03334260666
03334257096
03334271224
03334286664
03334241927
03334224266
03334260817
03334236517
03334255694
03334267712
03334296997
03334247985
03334225636
03334230786
03334214351
03334284328
03334270879
03334246329
03334272954
03334252300
03334229178
03334250567
03334247075
03334227681
03334299463
03334243322
03334248851
03334222602
03334268386
03334269746
03334238706
03334262442
03334226288
03334270094
03334259556
03334220764
03334225499
03334221401
03334224637
03334291477
03334281930
03334261771
03334286925
03334242446
03334214337
03334284141
03334267334
03334234363
03334271683
03334291359
03334210879
03334213742
03334235515
03334273203
03334212372
03334218860
03334210145
03334228610
03334278238
03334286929
03334251908
03334258039
03334286772
03334266231
03334295116
03334231535
03334229166
03334288750
03334255597
03334219071
03334265910
03334212537
03334244326
03334284245
03334215409
03334256352
03334224040
03334233519
03334211255
03334296026
03334213238
03334295001
03334235016
03334284406
03334227564
03334217909
03334272218
03334268004
03334262192
03334222128
03334216444
03334288076
03334211496
03334274533
03334244365
03334275827
03334282586
03334248289
03334280825
03334242630
03334244432
03334262731
03334232712
03334286956
03334223143
03334297039
03334217911
03334292723
03334242358
03334224069
03334257835
03334277520
03334216469
03334240585
03334280700
03334266335
03334230192
03334237401
03334293280
03334298206
03334226226
03334220082
03334296896
03334232105
03334251661
03334237411
03334212415
03334259785
03334254191
03334241775
03334259308
03334264832
03334285197
03334285261
03334279684
03334270965
03334244280
03334229404
03334215787
03334292375
03334249457
03334210555
03334295026
03334233948
03334221180
03334278029
03334245634
03334281070
03334210888
03334271934
03334249350
03334246225
03334255135
03334266873
03334226246
03334264933
03334211654
03334298050
03334223329
03334281277
03334215867
03334281137
03334244930
03334221831
03334266436
03334264609
03334263875
03334282419
03334215221
03334276769
03334298157
03334273632
03334291776
03334231345
03334248897
03334282257
03334292425
03334213082
03334278711
03334218388
03334253437
03334235743
03334288342
03334210839
03334280720
03334251407
03334220332
03334252670
03334296891
03334244451
03334285474
03334263806
03334239914
03334229716
03334257346
03334224376
03334266776
03334220342
03334267429
03334213170
03334280309
03334249152
03334241072
03334282268
03334268194
03334226542
03334268394
03334260404
03334228866
03334275532
03334271579
03334234500
03334225362
03334222300
03334281537
03334245486
03334282882
03334276740
03334291073
03334272106
03334274932
03334249276
03334269783
03334248995
03334261041
03334229060
03334239255
03334215400
03334220913
03334297669
03334246154
03334238064
03334284475
03334299141
03334294465
03334290844
03334284047
03334278458
03334292226
03334235045
03334242839
03334221289
03334237460
03334290689
03334222097
03334244707
03334266139
03334275317
03334218918
03334236387
03334265501
03334239333
03334221149
03334213465
03334273909
03334234089
03334223108
03334276146
03334243473
03334261010
03334283740
03334282274
03334216912
03334281262
03334220397
03334296473
03334297009
03334257049
03334244641
03334225995
03334286221
03334217965
03334277940
03334230223
03334275572
03334292208
03334257546
03334280014
03334262747
03334265557
03334262754
03334241035
03334251510
03334262898
03334264993
03334255322
03334218317
03334271324
03334281245
03334258899
03334299366
03334260279
03334253720
03334226939
03334224309
03334269666
03334278307
03334261869
03334272018
03334239505
03334253112
03334235525
03334224396
03334298337
03334241880
03334265561
03334296131
03334280725
03334295453
03334220985
03334229752
03334257499
03334231480
03334241687
03334238731
03334293044
03334267096
03334286854
03334257686
03334221808
03334270387
03334265269
03334233236
03334232246
03334269153
03334298398
03334229468
03334230925
03334219980
03334229444
03334215684
03334262767
03334218640
03334264825
03334232734
03334267176
03334296932
03334297187
03334266809
03334238185
03334236619
03334223137
03334278973
03334245393
03334272409
03334266258
03334245497
03334211305
03334227949
03334276610
03334232325
03334285783
03334296286
03334291765
03334230248
03334239099
03334231354
03334297785
03334210761
03334218751
03334263600
03334247711
03334268213
03334292860
03334291484
03334254632
03334273455
03334268081
03334266426
03334272162
03334247819
03334280549
03334211763
03334286852
03334296743
03334232140
03334214216
03334218163
03334228338
03334292030
03334252833
03334283358
03334276984
03334222354
03334273059
03334258183
03334257832
03334269024
03334236173
03334225858
03334215373
03334297682
03334298044
03334252637
03334219820
03334247955
03334254493
03334265898
03334213620
03334248466
03334211216
03334218485
03334222140
03334242355
03334299213
03334283569
03334283848
03334282423
03334226720
03334210766
03334264352
03334227344
03334245859
03334219800
03334288998
03334296449
03334215622
03334297402
03334276163
03334296389
03334289169
03334228662
03334234095
03334261579
03334298342
03334280382
03334244304
03334217460
03334263363
03334273888
03334261843
03334284000
03334236042
03334215477
03334266619
03334285454
03334252325
03334243435
03334277664
03334233330
03334240736
03334252184
03334232836
03334230821
03334251506
03334238870
03334268495
03334277631
03334226505
03334235052
03334222096
03334232970
03334213692
03334265118
03334221990
03334285506
03334289183
03334266462
03334246891
03334271971
03334257956
03334260406
03334235628
03334211947
03334283663
03334278526
03334298498
03334291782
03334255839
03334287926
03334281910
03334228742
03334267520
03334228876
03334298666
03334238023
03334248964
03334285731
03334247382
03334226791
03334261904
03334263464
03334266818
03334241394
03334288481
03334238144
03334286438
03334276754
03334280213
03334274879
03334225823
03334291099
03334238724
03334270652
03334256548
03334293968
03334247979
03334236553
03334230313
03334277131
03334225766
03334283207
03334293247
03334217985
03334273164
03334290516
03334228438
03334297927
03334224588
03334231165
03334243094
03334257334
03334298361
03334234127
03334248483
03334216844
03334237131
03334210017
