03454445548
03454445549
03454453237
03454474676
03454450363
03454458020
03454421782
03454415555
03454439543
03454438176
03454440129
03454489020
03454426905
03454496518
03454430370
03454436261
03454450848
03454437726
03454414334
03454457404
03454436751
03454483627
03454432548
03454438835
03454480180
03454420972
03454436533
03454473031
03454460970
03454468100
03454430323
03454447816
03454432678
03454450731
03454429189
03454483954
03454440729
03454459887
03454418237
03454425050
03454452919
03454436618
03454469094
03454449083
03454436968
03454434321
03454451844
03454473393
03454440555
03454443321
03454416485
03454472734
03454445795
03454425021
03454425471
03454482947
03454435375
03454418570
03454467098
03454428050
03454458805
03454490611
03454488445
03454418169
03454486994
03454410971
03454428214
03454421039
03454461498
03454476864
03454483704
03454479517
03454430708
03454495930
03454469740
03454431096
03454484004
03454421186
03454487576
03454427545
03454462585
03454413838
03454475082
03454486882
03454425709
03454477891
03454446242
03454448579
03454422159
03454458244
03454451138
03454496999
03454494114
03454446006
03454469047
03454460638
03454418798
03454447326
03454440872
03454445178
03454419516
03454481822
03454439621
03454489029
03454466278
03454494312
03454429540
03454413206
03454434565
03454499431
03454445912
03454440473
03454431259
03454428026
03454486208
03454413363
03454431286
03454461285
03454433080
03454481972
03454472459
03454439339
03454418619
03454432565
03454482517
03454436594
03454449924
03454470458
03454465205
03454454885
03454480313
03454442398
03454480762
03454474216
03454486052
03454420604
03454431397
03454448350
03454433035
03454444300
03454487593
03454458812
03454456525
03454462854
03454417979
03454482838
03454447275
03454487511
03454486041
03454463206
03454447056
03454442482
03454421001
03454456463
03454483760
03454457717
03454479616
03454412513
03454433820
03454469360
03454444546
03454465598
03454498075
03454423230
03454447264
03454411992
03454427310
03454410682
03454429888
03454484729
03454448936
03454428159
03454451746
03454459807
03454427340
03454425991
03454473740
03454431944
03454417853
03454423183
03454477694
03454468843
03454472520
03454479192
03454460972
03454438279
03454453214
03454429588
03454436843
03454473679
03454468734
03454420522
03454410480
03454418233
03454414265
03454439626
03454458450
03454439623
03454470715
03454470846
03454419964
03454476829
03454456153
03454423063
03454414269
03454418896
03454490736
03454461194
03454429123
03454457768
03454483977
03454447671
03454494659
03454410637
03454491666
03454475702
03454493078
03454418883
03454462257
03454458777
03454497722
03454473839
03454456209
03454415995
03454428414
03454417679
03454433513
03454445541
03454487713
03454467541
03454434116
03454461229
03454447007
03454412690
03454449457
03454464922
03454442076
03454447543
03454492020
03454479074
03454489701
03454421062
03454425862
03454499842
03454426567
03454438563
03454446548
03454439566
03454477365
03454461730
03454412068
03454422242
03454499944
03454485854
03454457223
03454415652
03454441410
03454490226
03454449860
03454486442
03454447652
03454490801
03454463012
03454443620
03454453960
03454420181
03454461441
03454466757
03454497257
03454494764
03454466507
03454494932
03454417836
03454441164
03454427975
03454456750
03454499498
03454434938
03454480976
03454497875
03454412746
03454442388
03454479068
03454440859
03454490319
03454476368
03454459053
03454488847
03454439841
03454434619
03454478209
03454492424
03454435766
03454475550
03454485606
03454457184
03454445311
03454424984
03454433436
03454412135
03454483301
03454483380
03454450277
03454462251
03454493109
03454486943
03454412713
03454426441
03454492925
03454450266
03454474891
03454479322
03454471122
03454490389
03454438204
03454426666
03454460312
03454424342
03454425412
03454471179
03454431427
03454438236
03454442368
03454499566
03454499210
03454489627
03454455992
03454489650
03454479309
03454430253
03454495766
03454457478
03454440042
03454467694
03454458807
03454426595
03454446731
03454447676
03454465496
03454465982
03454442840
03454425284
03454410714
03454477862
03454429166
03454454922
03454486780
03454451823
03454458959
03454457968
03454479097
03454477246
03454462009
03454419883
03454493543
03454487733
03454423085
03454470449
03454470956
03454470978
03454479125
03454421843
03454431079
03454422694
03454479396
03454479321
03454479934
03454412636
03454458846
03454459429
03454428339
03454436540
03454431654
03454421703
03454470043
03454434705
03454469212
03454487343
03454472538
03454478430
03454436807
03454499510
03454460944
03454490447
03454496797
03454453188
03454459942
03454442410
03454495533
03454439565
03454454327
03454430717
03454431589
03454456019
03454498086
03454432227
03454422985
03454426835
03454439186
03454498539
03454450758
03454471103
03454425469
03454488229
03454471839
03454417689
03454488380
03454415931
03454498417
03454492548
03454442317
03454422332
03454470134
03454432247
03454482598
03454472609
03454426746
03454452693
03454416436
03454463895
03454488773
03454451815
03454465684
03454471956
03454461828
03454464357
03454445703
03454439243
03454436695
03454410186
03454419344
03454471328
03454418482
03454481348
03454442253
03454454030
03454494296
03454423634
03454455909
03454438168
03454489271
03454433687
03454427952
03454499979
03454424785
03454450376
03454486492
03454483675
03454434643
03454461985
03454419288
03454419645
03454488164
03454445733
03454485901
03454439408
03454451573
03454452714
03454453305
03454421360
03454459948
03454412902
03454411270
03454454126
03454445397
03454410440
03454462406
03454469599
03454465138
03454495905
03454467655
03454410793
03454431997
03454444004
03454437043
03454413981
03454445614
03454452750
03454453019
03454466328
03454448201
03454451683
03454430318
03454475193
03454496519
03454468128
03454454887
03454472061
03454484863
03454483648
03454412326
03454468003
03454487077
03454413514
03454496249
03454454691
03454476052
03454421269
03454465044
03454496846
03454423383
03454451990
03454477370
03454474157
03454483402
03454437591
03454452603
03454455032
03454411747
03454412846
03454459586
03454423807
03454470203
03454413920
03454494277
03454414711
03454493076
03454492709
03454482792
03454427144
03454419670
03454476000
03454415421
03454423528
03454417731
03454490923
03454476698
03454431749
03454451354
03454476672
03454499693
03454452947
03454494791
03454484725
03454452521
03454434470
03454496094
03454484308
03454431045
03454457293
03454456256
03454474230
03454453928
03454472442
03454484487
03454462132
03454426992
03454450332
03454430673
03454469197
03454450226
03454454486
03454425727
03454467981
03454478837
03454419859
03454416177
03454423856
03454420853
03454453748
03454460392
03454436173
03454459893
03454470860
03454469167
03454419129
03454462190
03454458606
03454496614
03454498483
03454496099
03454462377
03454419744
03454441190
03454469600
03454445289
03454414565
03454450952
03454447584
03454445999
03454430495
03454446549
03454469063
03454416744
03454473684
03454414610
03454479917
03454460451
03454410191
03454495863
03454438057
03454494034
03454415320
03454443003
03454417440
03454488141
03454445163
03454434058
03454470714
03454492109
03454426791
03454474569
03454416096
03454412808
03454490173
03454429398
03454468138
03454422618
03454450065
03454492806
03454488505
03454443995
03454416697
03454438031
03454485908
03454458831
03454423881
03454475565
03454443707
03454491115
03454471562
03454487316
03454462810
03454411941
03454459781
03454448594
03454454439
03454463080
03454489953
03454464448
03454440040
03454470175
03454451161
03454494095
03454483054
03454447883
03454464636
03454433442
03454492702
03454492937
03454424634
03454499636
03454417361
03454432682
03454468218
03454433278
03454482102
03454423657
03454433671
03454430861
03454418626
03454437727
03454428780
03454439986
03454410388
03454478232
03454469616
03454419544
03454468178
03454486985
03454424057
03454446521
03454486870
03454491812
03454458082
03454440826
03454455249
03454410929
03454410265
03454498413
03454478625
03454462682
03454463173
03454494580
03454427099
03454480376
03454421161
03454480978
03454466295
03454430776
03454451549
03454413433
03454465314
03454460763
03454472665
03454469651
03454495019
03454413898
03454424523
03454421780
03454475579
03454497213
03454470839
03454445811
03454476405
03454475195
03454441275
03454468408
03454422741
03454420596
03454420213
03454459102
03454466097
03454476812
03454483652
03454442517
03454439167
03454447017
03454436558
03454493280
03454494776
03454494972
03454473436
03454426498
03454497319
03454468160
03454485598
03454415909
03454496366
03454473889
03454472672
03454440901
03454487594
03454423740
03454481287
03454445965
03454439702
03454497887
03454488581
03454431335
03454454331
03454499216
03454483950
03454463528
03454485998
03454452502
03454474731
03454477505
03454499945
03454485222
03454482299
03454475867
03454472375
03454449907
03454477876
03454473115
03454482809
03454424230
03454446323
03454486429
03454425196
03454489218
03454459912
03454461230
03454435197
03454466304
03454438670
03454485245
03454463636
03454419105
03454427281
03454413368
03454499599
03454463407
03454421635
03454496384
03454472727
03454455679
03454447872
03454454063
03454468089
03454466587
03454415078
03454464351
03454485011
03454467902
03454474020
03454494732
03454458430
03454426086
03454491271
03454439534
03454476453
03454433640
03454446551
03454497053
03454496242
03454412231
03454453269
03454422626
03454464507
03454468483
03454483209
03454443425
03454449939
03454413701
03454469516
03454483923
03454412039
03454452318
03454481133
03454432963
03454499717
03454423592
03454484043
03454441843
03454451203
03454453260
03454418636
03454446201
03454473513
03454472135
03454482101
03454419931
03454439086
03454435641
03454455642
03454431437
03454498103
03454431868
03454457777
03454461755
03454435072
03454454200
03454410808
03454454932
03454414047
03454438953
03454458400
03454443490
03454433923
03454422959
03454413010
03454454399
03454433606
03454469365
03454445870
03454422281
03454471289
03454420494
03454430008
03454474615
03454460389
03454475682
03454498138
03454476398
03454496676
03454449696
03454429381
03454491723
03454426266
03454480087
03454443552
03454497003
03454448756
03454491268
03454459466
03454433182
03454423700
03454476441
03454486167
03454495230
03454450959
03454453575
03454462071
03454457710
03454475821
03454422172
03454486487
03454441261
03454479584
03454444114
03454435126
03454456793
03454437648
03454442277
03454414108
03454432309
03454431235
03454486744
03454474311
03454490053
03454420608
03454438042
03454431013
03454450229
03454438107
03454496793
03454453567
03454469452
03454474221
03454480451
03454447179
03454474362
03454443100
03454487624
03454471670
03454425792
03454469551
03454439778
03454438826
03454438489
03454417418
03454472702
03454434475
03454421817
03454490904
03454414997
03454462332
03454472853
03454476647
03454411982
03454448512
03454441463
03454419668
03454444808
03454471942
03454448379
03454444468
03454451496
03454410132
03454469892
03454454674
03454463285
03454499176
03454421079
03454442438
03454461684
03454446965
03454435485
03454451564
03454487644
03454415965
03454465340
03454496537
03454428412
03454447202
03454481796
03454491234
03454496599
03454419289
03454471965
03454470532
03454462380
03454494588
03454446161
03454452002
03454480983
03454497608
03454491399
03454494357
03454486992
03454434750
03454418027
03454424860
03454458531
03454491727
03454493917
03454419894
03454466335
03454493247
03454461520
03454441161
03454460418
03454460867
03454425497
03454448270
03454443529
03454462671
03454460261
03454413532
03454450603
03454482709
03454439081
03454474918
03454490435
03454425533
03454464075
03454455566
03454441128
03454464571
03454480358
03454481215
03454447313
03454471677
03454469881
03454455474
03454487878
03454471340
03454430263
03454426041
03454410445
03454429371
03454433720
03454420663
03454497674
03454432712
03454454079
03454490222
03454431685
03454426731
03454493753
03454484146
03454435318
03454485779
03454457626
03454487139
03454418999
03454429458
03454440801
03454429172
03454495846
03454480509
03454444281
03454476593
03454473648
03454445701
03454474793
03454488920
03454483269
03454424561
03454472264
03454498942
03454470867
03454454254
03454492761
03454492821
03454465344
03454437839
03454486604
03454497069
03454411994
03454485897
03454412255
03454468335
03454468878
03454441881
03454489461
03454496869
03454429337
03454453211
03454476381
03454490659
03454456119
03454480430
03454444520
03454456892
03454437810
03454410484
03454459584
03454463054
03454476069
03454458684
03454416271
03454464745
03454436696
03454447980
03454419175
03454440609
03454490591
03454458007
03454493905
03454447212
03454495020
03454490696
03454461393
03454477366
03454447038
03454493807
03454427692
03454467772
03454480372
03454492826
03454417656
03454477872
03454436701
03454429565
03454420823
03454452549
03454476119
03454437484
03454448940
03454453570
03454452064
03454441480
03454477693
03454463881
03454438746
03454448108
03454459306
03454429168
03454495638
03454465423
03454419037
03454467154
03454450978
03454490771
03454416676
03454431892
03454495281
03454495696
03454465857
03454498614
03454486872
03454434594
03454411278
03454489609
03454419785
03454438041
03454457978
03454417785
03454446080
03454480867
03454425302
03454441853
03454452327
03454449999
03454441625
03454444717
03454458350
03454448704
03454471278
03454410528
03454453669
03454459443
03454453658
03454414131
03454453449
03454417261
03454470591
03454430201
03454488083
03454444096
03454490130
03454441521
03454419440
03454449558
03454484555
03454411214
03454441852
03454449197
03454448918
03454464348
03454481892
03454491390
03454454070
03454421140
03454440264
03454428130
03454440000
03454479081
03454466116
03454436470
03454448721
03454458341
03454492421
03454466735
03454420109
03454471852
03454484519
03454471262
03454422125
03454461915
03454459794
03454440920
03454454587
03454416829
03454429263
03454456904
03454486723
03454499313
03454411816
03454452373
03454460338
03454495094
03454423699
03454462267
03454460060
03454466572
03454413184
03454479093
03454442460
03454490201
03454477979
03454464234
03454441408
03454483179
03454415303
03454457137
03454417819
03454491105
03454469999
03454464678
03454477655
03454442223
03454419976
03454431595
03454413150
03454466553
03454423434
03454471225
03454453277
03454479767
03454454300
03454484097
03454488382
03454463246
03454480436
03454430153
03454453536
03454458668
03454428801
03454431924
03454452913
03454481815
03454476686
03454413178
03454433649
03454413960
03454499767
03454468903
03454441817
03454487695
03454482682
03454452871
03454430672
03454446910
03454489749
03454470188
03454471234
03454436924
03454429235
03454423679
03454480137
03454453026
03454419932
03454434867
03454426984
03454411144
03454437569
03454411331
03454459251
03454448854
03454410298
03454467063
03454449780
03454436464
03454453375
03454489785
03454494944
03454471458
03454484373
03454471558
03454412483
03454496401
03454410375
03454476713
03454499481
03454459764
03454453516
03454468918
03454435237
03454457566
03454494999
03454423678
03454458136
03454496548
03454460151
03454413717
03454479092
03454472783
03454457758
03454470639
03454430485
03454428443
03454433828
03454442572
03454436659
03454480891
03454410446
03454446644
03454499964
03454475244
03454499776
03454452550
03454457676
03454411196
03454483735
03454458153
03454427502
03454451380
03454484052
03454442413
03454424014
03454491287
03454415298
03454443384
03454491643
03454439915
03454493223
03454476067
03454415851
03454498675
03454426615
03454481997
03454467958
03454471870
03454467803
03454440053
03454418589
03454449317
03454468953
03454459993
03454457790
03454442449
03454466002
03454446940
03454412813
03454412825
03454420939
03454445280
03454486587
03454488072
03454442541
03454427273
03454493275
03454489248
03454470531
03454453421
03454423896
03454459392
03454425935
03454456756
03454429198
03454415777
03454475456
03454441753
03454418099
03454477179
03454473459
03454464021
03454433496
03454472849
03454477382
03454444703
03454427102
03454480398
03454471907
03454494912
03454453394
03454420237
03454414332
03454493924
03454463529
03454429329
03454440529
03454446778
03454429341
03454478786
03454453451
03454445056
03454456689
03454416513
03454417741
03454497036
03454437369
03454436367
03454414613
03454440407
03454454423
03454415892
03454444544
03454443429
03454473023
03454451989
03454464480
03454447706
03454442424
03454435274
03454452247
03454446126
03454471321
03454479572
03454423276
03454423728
03454428402
03454463420
03454476807
03454456335
03454468137
03454426962
03454430066
03454443028
03454492073
03454417027
03454415921
03454479311
03454423121
03454420284
03454486106
03454430886
03454484796
03454435357
03454480427
03454493067
03454436120
03454410815
03454466820
03454482467
03454444788
03454491242
03454461181
03454431517
03454456795
03454481038
03454485679
03454486210
03454476987
03454432236
03454498087
03454447754
03454417582
03454429994
03454442487
03454472406
03454430679
03454489776
03454437500
03454455962
03454429125
03454425842
03454415118
03454440435
03454494775
03454487919
03454443300
03454435335
03454427300
03454467825
03454445520
03454444494
03454485277
03454451786
03454448319
03454460555
03454460232
03454434883
03454419245
03454493100
03454446134
03454488047
03454488018
03454483131
03454467213
03454421994
03454450433
03454450579
03454463713
03454478303
03454421038
03454429319
03454426504
03454415662
03454465399
03454446063
03454491082
03454462019
03454493119
03454442378
03454450875
03454449687
03454464411
03454452567
03454446437
03454473088
03454428085
03454478207
03454494168
03454411851
03454470446
03454454893
03454418255
03454462861
03454482991
03454437795
03454457303
03454427562
03454465925
03454492867
03454484755
03454463586
03454489522
03454424481
03454471998
03454417989
03454469615
03454486387
03454469472
03454498213
03454441764
03454476866
03454442225
03454496447
03454423636
03454435450
03454436694
03454494125
03454493908
03454472225
03454456411
03454451862
03454466145
03454411064
03454463642
03454432671
03454427604
03454418963
03454433779
03454434457
03454427194
03454449511
03454466120
03454486100
03454474888
03454474439
03454455098
03454458470
03454491820
03454491912
03454472233
03454413129
03454441388
03454420636
03454486544
03454414158
03454491649
03454420609
03454472016
03454420641
03454428343
03454411723
03454481666
03454458335
03454460933
03454454346
03454436944
03454458782
03454483291
03454435693
03454463755
03454414569
03454427355
03454476105
03454410346
03454448747
03454462254
03454439027
03454435438
03454480405
03454464498
03454435622
03454453016
03454469675
03454443006
03454413445
03454427314
03454413169
03454455177
03454428869
03454437776
03454474376
03454493222
03454469749
03454413505
03454421526
03454433037
03454498559
03454414033
03454444531
03454476197
03454465411
03454484283
03454458355
03454494409
03454436578
03454440236
03454463845
03454446044
03454491258
03454411340
03454490817
03454445337
03454455977
03454422524
03454462735
03454498486
03454438329
03454435969
03454455525
03454437615
03454448749
03454438276
03454413912
03454447367
03454455878
03454454457
03454455641
03454498475
03454469929
03454448034
03454443030
03454454814
03454418599
03454488632
03454473930
03454472136
03454447177
03454464430
03454422246
03454489410
03454487700
03454452643
03454484160
03454445742
03454439166
03454415547
03454440227
03454446668
03454456133
03454422665
03454492868
03454499440
03454418900
03454450861
03454435617
03454412865
03454420887
03454497302
03454412946
03454467709
03454456123
03454440793
03454464398
03454463833
03454473184
03454426502
03454448865
03454483203
03454459667
03454418638
03454481401
03454415290
03454440094
03454492272
03454429701
03454438149
03454496361
03454445208
03454450478
03454495933
03454495764
03454465964
03454472696
03454428277
03454413569
03454486629
03454476545
03454490397
03454439696
03454416450
03454489619
03454498373
03454441804
03454476394
03454473484
03454483102
03454439461
03454433200
03454480802
03454437499
03454435570
03454495522
03454420592
03454491186
03454459153
03454416584
03454422501
03454444859
03454414089
03454498434
03454491137
03454480070
03454459614
03454439873
03454472319
03454473383
03454469270
03454463538
03454491781
03454416917
03454434400
03454450468
03454453307
03454436611
03454422877
03454462106
03454443210
03454456471
03454462563
03454461232
03454491893
03454490778
03454477998
03454491106
03454455953
03454418634
03454431243
03454423112
03454493949
03454483974
03454453514
03454491604
03454443370
03454485257
03454421466
03454413869
03454443229
03454434948
03454466078
03454463930
03454441193
03454478614
03454445717
03454418653
03454461122
03454470123
03454437878
03454422541
03454493707
03454460395
03454462433
03454488387
03454451525
03454437201
03454499243
03454489292
03454481615
03454448766
03454416366
03454454748
03454438027
03454440425
03454463403
03454442795
03454468050
03454415145
03454418876
03454490393
03454498633
03454420038
03454413279
03454445060
03454459345
03454429984
03454485829
03454480755
03454429404
03454433554
03454421541
03454465126
03454440079
03454486014
03454432173
03454432253
03454494462
03454418581
03454411330
03454425902
03454470375
03454437911
03454455250
03454418326
03454463025
03454469828
03454484699
03454441518
03454454171
03454497994
03454452892
03454417163
03454485963
03454444232
03454422269
03454418782
03454430537
03454473992
03454429325
03454411021
03454474684
03454486265
03454498276
03454482035
03454482971
03454476753
03454424414
03454489680
03454479062
03454472730
03454419270
03454442903
03454411658
03454422803
03454410927
03454444705
03454492036
03454467369
03454467132
03454487186
03454489004
03454487941
03454475680
03454488044
03454437338
03454496577
03454489746
03454495691
03454451645
03454456973
03454415609
03454462095
03454487792
03454424424
03454417103
03454464490
03454418931
03454480161
03454497893
03454443059
03454437083
03454418174
03454463065
03454428020
03454466315
03454482648
03454418895
03454431143
03454415529
03454411925
03454481985
03454495030
03454466769
03454448734
03454441724
03454476152
03454429523
03454455503
03454447122
03454496048
03454460708
03454423134
03454476880
03454436759
03454474932
03454448200
03454491110
03454456990
03454450858
03454491809
03454468556
03454480310
03454474272
03454468557
03454423431
03454413043
03454432750
03454425830
03454450169
03454429393
03454441176
03454468369
03454477207
03454468370
03454495847
03454481579
03454471051
03454411074
03454447025
03454439930
03454451139
03454429556
03454416016
03454482942
03454420815
03454424994
03454444172
03454474959
03454480177
03454421325
03454467451
03454434169
03454422753
03454421292
03454495968
03454410538
03454417327
03454447487
03454495583
03454440024
03454470993
03454422739
03454461143
03454469278
03454420758
03454457482
03454433285
03454434342
03454417417
03454493874
03454416733
03454442887
03454491575
03454429354
03454480812
03454485221
03454466216
03454488191
03454441529
03454496413
03454462278
03454461678
03454458825
03454449759
03454415106
03454436486
03454422603
03454433973
03454475992
03454411949
03454463851
03454474893
03454454201
03454422695
03454488039
03454433109
03454490177
03454412217
03454428841
03454478404
03454481184
03454436514
03454462265
03454429366
03454418371
03454498494
03454461238
03454460461
03454499464
03454410453
03454470998
03454442376
03454496798
03454411738
03454413765
03454459901
03454440740
03454430938
03454486086
03454431278
03454416961
03454410327
03454412015
03454453489
03454476646
03454450061
03454432836
03454452805
03454471355
03454410712
03454455301
03454486088
03454441386
03454482780
03454477497
03454450710
03454498886
03454437613
03454464386
03454464440
03454480319
03454491241
03454421370
03454476412
03454452316
03454424666
03454465279
03454447466
03454418306
03454449906
03454419553
03454451937
03454417351
03454452875
03454445005
03454484592
03454410400
03454466628
03454457648
03454499642
03454431663
03454441497
03454425649
03454472379
03454455294
03454421394
03454463243
03454480227
03454487200
03454493664
03454452574
03454445887
03454428811
03454485176
03454462248
03454455275
03454429823
03454497744
03454487525
03454423888
03454492405
03454466535
03454489448
03454487255
03454429905
03454432492
03454466118
03454498519
03454427213
03454497758
03454483560
03454448655
03454449744
03454495720
03454497021
03454467239
03454431106
03454456241
03454466978
03454488539
03454467698
03454482756
03454429316
03454470543
03454412655
03454458457
03454470122
03454475754
03454439257
03454436101
03454459114
03454482930
03454468038
03454491488
03454430750
03454488681
03454466451
03454454816
03454439095
03454445250
03454436521
03454412504
03454459555
03454425790
03454485489
03454456649
03454461299
03454449154
03454499557
03454483398
03454498715
03454462207
03454449735
03454436802
03454414558
03454439300
03454436669
03454413642
03454436606
03454421102
03454428982
03454411783
03454471285
03454453130
03454442425
03454489789
03454412162
03454466954
03454443289
03454431177
03454470252
03454469761
03454444752
03454411932
03454453560
03454484632
03454477957
03454486947
03454459557
03454499531
03454469323
03454429281
03454481015
03454477306
03454460705
03454451893
03454415515
03454437444
03454427122
03454498861
03454422949
03454471740
03454493113
03454414203
03454418874
03454459364
03454487394
03454416443
03454455426
03454431029
03454479482
03454467040
03454483223
03454485740
03454452036
03454488700
03454431440
03454426695
03454477049
03454421570
03454459659
03454482502
03454490270
03454475824
03454481719
03454437896
03454496647
03454464528
03454471391
03454446812
03454440064
03454440191
03454460446
03454470428
03454415587
03454459083
03454427582
03454472162
03454483088
03454413897
03454498251
03454477482
03454449267
03454429775
03454450388
03454448743
03454495682
03454472165
03454445900
03454483117
03454412081
03454410611
03454423933
03454427693
03454437154
03454421467
03454490747
03454451914
03454449581
03454426975
03454420228
03454443158
03454462434
03454425293
03454481607
03454473113
03454472357
03454499113
03454438482
03454445761
03454484251
03454488738
03454465558
03454488629
03454466871
03454414140
03454457101
03454499225
03454456947
03454428110
03454449835
03454446495
03454487893
03454421928
03454481414
03454431173
03454464315
03454471275
03454493440
03454490036
03454434324
03454486832
03454468780
03454475629
03454423324
03454473052
03454441013
03454444634
03454466319
03454426359
03454435195
03454462134
03454432917
03454432837
03454423875
03454437774
03454492480
03454418603
03454419316
03454475458
03454435112
03454485220
03454450428
03454492998
03454423471
03454481446
03454412975
03454495297
03454475522
03454469913
03454462390
03454445359
03454481471
03454485047
03454426173
03454459898
03454412312
03454461790
03454423475
03454411300
03454425758
03454489011
03454473277
03454457539
03454493399
03454471835
03454452672
03454484575
03454470719
03454448113
03454452508
03454429023
03454433668
03454490409
03454472896
03454480054
03454417541
03454437326
03454484873
03454413384
03454439897
03454486612
03454463003
03454431041
03454461485
03454492415
03454411009
03454433555
03454482691
03454459418
03454473897
03454472533
03454451982
03454423811
03454459462
03454461417
03454419721
03454465932
03454413909
03454460302
03454410721
03454421799
03454449287
03454433366
03454411690
03454491061
03454412151
03454446119
03454442356
03454474986
03454476917
03454410090
03454471402
03454439145
03454426007
03454442235
03454496053
03454460825
03454419117
03454411301
03454479975
03454477040
03454430947
03454411478
03454460333
03454451608
03454423416
03454475262
03454453082
03454429175
03454481809
03454441204
03454481753
03454428118
03454480724
03454419947
03454421403
03454436572
03454417061
03454498910
03454495616
03454441891
03454452408
03454420316
03454435409
03454477485
03454469879
03454412926
03454448785
03454441184
03454493501
03454447583
03454469312
03454456326
03454460114
03454485786
03454451570
03454457008
03454442227
03454457336
03454484803
03454460482
03454467935
03454420258
03454440877
03454497713
03454465311
03454494239
03454475305
03454484358
03454435149
03454457447
03454410631
03454476068
03454482847
03454481729
03454410490
03454426477
03454411897
03454420337
03454488308
03454493620
03454412440
03454471792
03454478890
03454459833
03454420730
03454450785
03454426313
03454447340
03454493962
03454484882
03454410181
03454462980
03454450606
03454417002
03454492667
03454443471
03454443526
03454499261
03454472277
03454484954
03454421177
03454444386
03454449483
03454424604
03454441079
03454475176
03454445111
03454421889
03454469027
03454491182
03454448042
03454496142
03454441367
03454481044
03454476982
03454414526
03454467925
03454427965
03454490396
03454447265
03454447650
03454425462
03454465844
03454479785
03454417822
03454468425
03454476811
03454489046
03454421343
03454427486
03454450615
03454434504
03454410349
03454496126
03454447847
03454417295
03454418785
03454439771
03454488292
03454493952
03454459423
03454468960
03454451299
03454426862
03454466488
03454429000
03454444312
03454494557
03454470910
03454497120
03454499142
03454437093
03454429232
03454423256
03454456606
03454476685
03454445077
03454479981
03454469839
03454420555
03454445527
03454470694
03454480856
03454466679
03454450630
03454421704
03454471611
03454410494
03454458973
03454453698
03454466038
03454496883
03454473983
03454466523
03454491707
03454447811
03454477030
03454432928
03454479704
03454437383
03454496984
03454410753
03454488063
03454483003
03454462178
03454463086
03454443214
03454413970
03454489584
03454448404
03454460274
03454444435
03454456167
03454485632
03454462320
03454480705
03454422607
03454422946
03454460416
03454438147
03454448133
03454433103
03454440209
03454455248
03454456733
03454464898
03454474748
03454497266
03454422270
03454492809
03454487627
03454465822
03454469479
03454462177
03454483871
03454455925
03454462567
03454438701
03454447408
03454415759
03454439727
03454476454
03454448479
03454413709
03454422087
03454435540
03454416304
03454485490
03454477004
03454499236
03454460383
03454463880
03454432814
03454426270
03454497279
03454488338
03454445947
03454491700
03454496775
03454460777
03454494451
03454474956
03454493990
03454418138
03454483906
03454413513
03454413007
03454422387
03454491730
03454441538
03454434645
03454429358
03454458443
03454411775
03454445266
03454438385
03454477646
03454446534
03454470243
03454419991
03454485382
03454429752
03454412431
03454412153
03454459070
03454469811
03454448027
03454479679
03454487701
03454419258
03454447131
03454441549
03454414544
03454479095
03454458865
03454470517
03454496467
03454476849
03454451977
03454478812
03454491275
03454491624
03454467920
03454429894
03454434172
03454446434
03454458389
03454447917
03454492196
03454481769
03454421012
03454488386
03454471474
03454453936
03454452576
03454460378
03454476970
03454422280
03454487514
03454487808
03454443898
03454432680
03454486400
03454467868
03454481178
03454440253
03454493394
03454449815
03454412760
03454438477
03454420807
03454435639
03454421290
03454471341
03454442418
03454449353
03454432775
03454458083
03454470479
03454499042
03454495106
03454452343
03454424272
03454491599
03454430260
03454474783
03454468994
03454480112
03454485996
03454460033
03454490520
03454411318
03454442380
03454469008
03454414442
03454449909
03454450667
03454457128
03454424761
03454416936
03454458784
03454455680
03454499458
03454450939
03454445095
03454438455
03454411123
03454474597
03454415920
03454468826
03454486071
03454487909
03454469121
03454458216
03454482499
03454431786
03454469482
03454464120
03454443179
03454434147
03454441559
03454430769
03454463677
03454431099
03454463766
03454443640
03454420570
03454448375
03454437978
03454474580
03454475325
03454418055
03454459013
03454441656
03454474872
03454426894
03454444113
03454421694
03454415881
03454419753
03454442197
03454484164
03454486509
03454482656
03454433969
03454493008
03454481581
03454482789
03454417225
03454424910
03454496840
03454487262
03454413996
03454431483
03454447356
03454430956
03454495350
03454420450
03454448093
03454460326
03454461785
03454425402
03454456461
03454451427
03454457683
03454422463
03454468306
03454497446
03454486737
03454443923
03454488902
03454422808
03454477257
03454460984
03454440143
03454414405
03454444969
03454446000
03454424546
03454415589
03454449670
03454478485
03454430792
03454445017
03454410173
03454427516
03454495938
03454448763
03454467787
03454459427
03454480411
03454458761
03454478590
03454426194
03454428999
03454476286
03454470544
03454413274
03454475536
03454419778
03454415835
03454410103
03454443338
03454425093
03454470098
03454469972
03454455206
03454414325
03454437238
03454458248
03454477975
03454420634
03454412665
03454412290
03454440790
03454411314
03454448683
03454418949
03454484496
03454464046
03454498667
03454434789
03454411143
03454438119
03454474424
03454432726
03454449010
03454495810
03454433834
03454468382
03454487454
03454419923
03454457417
03454425965
03454493556
03454495198
03454464664
03454445101
03454443173
03454448948
03454420342
03454448219
03454463620
03454458254
03454472484
03454464221
03454471095
03454491154
03454458842
03454416603
03454444628
03454471431
03454435182
03454444063
03454467926
03454428698
03454481599
03454488228
03454414002
03454433179
03454492742
03454410792
03454483372
03454485348
03454455127
03454412632
03454454284
03454439395
03454465317
03454415098
03454478325
03454486570
03454474499
03454416170
03454460241
03454484788
03454424715
03454425829
03454477227
03454428612
03454456869
03454485985
03454490783
03454449492
03454427272
03454435966
03454463501
03454454944
03454434945
03454495927
03454438625
03454475186
03454470878
03454447461
03454489111
03454478872
03454415968
03454495371
03454436869
03454419446
03454451286
03454429529
03454493106
03454448612
03454441285
03454493427
03454412528
03454421358
03454489287
03454498584
03454432365
03454489421
03454453922
03454497386
03454494565
03454485360
03454418318
03454475894
03454410372
03454480152
03454482397
03454447945
03454427591
03454468708
03454471129
03454430457
03454440358
03454452034
03454492879
03454442171
03454433844
03454423437
03454442142
03454451504
03454445658
03454497343
03454470618
03454481456
03454493539
03454491724
03454484307
03454410333
03454410011
03454418551
03454440913
03454449376
03454410709
03454413694
03454489806
03454443819
03454450228
03454497524
03454480540
03454468126
03454492007
03454495402
03454437387
03454426582
03454452394
03454497426
03454451515
03454494880
03454433751
03454458868
03454434494
03454485053
03454441686
03454422164
03454475169
03454479405
03454421608
03454420446
03454421807
03454465612
03454411120
03454477963
03454482170
03454441504
03454494513
03454444038
03454479618
03454491914
03454453979
03454465118
03454429216
03454414251
03454475216
03454444069
03454466956
03454487217
03454431912
03454412907
03454458495
03454423670
03454482044
03454414882
03454425655
03454458980
03454456721
03454467641
03454468650
03454470823
03454475916
03454482126
03454447680
03454470200
03454429789
03454448619
03454422337
03454410889
03454415262
03454441837
03454469376
03454455837
03454427434
03454481756
03454478094
03454492187
03454489695
03454485506
03454461951
03454498136
03454455811
03454429076
03454463081
03454456514
03454482524
03454437792
03454476396
03454410967
03454421091
03454478063
03454481536
03454444051
03454445426
03454417803
03454418337
03454464879
03454421022
03454451017
03454467963
03454477155
03454445505
03454469818
03454431545
03454474964
03454489547
03454460438
03454478635
03454486220
03454496620
03454485728
03454472063
03454473977
03454497190
03454485538
03454428365
03454465121
03454431080
03454420745
03454426825
03454486385
03454474300
03454483383
03454436330
03454460291
03454489874
03454427307
03454468673
03454475513
03454410933
03454489728
03454487847
03454451920
03454417575
03454486695
03454462828
03454486849
03454450528
03454442455
03454491843
03454486371
03454495807
03454471988
03454471449
03454420613
03454432799
03454499056
03454492657
03454444871
03454419937
03454447218
03454450330
03454459119
03454495517
03454448162
03454438634
03454429256
03454470564
03454451327
03454417547
03454421107
03454474794
03454482334
03454486129
03454445269
03454467962
03454479126
03454477387
03454444231
03454453765
03454478290
03454434982
03454478492
03454411394
03454464880
03454439677
03454457075
03454428251
03454476015
03454430641
03454490996
03454485615
03454440629
03454458455
03454491178
03454424194
03454457593
03454479964
03454491128
03454474296
03454465264
03454421013
03454489653
03454485319
03454475343
03454464836
03454419929
03454415269
03454442578
03454475705
03454450347
03454468927
03454415348
03454459105
03454417024
03454436767
03454473753
03454489578
03454413488
03454423076
03454441531
03454490465
03454483798
03454496719
03454445499
03454443680
03454487948
03454474572
03454478099
03454486638
03454473800
03454487161
03454460685
03454434749
03454457479
03454421741
03454479560
03454464334
03454492238
03454460746
03454435267
03454471702
03454486241
03454499350
03454474153
03454466047
03454450440
03454468014
03454466475
03454468051
03454432765
03454474798
03454437215
03454492933
03454439820
03454455330
03454431981
03454440697
03454464478
03454489067
03454476546
03454481765
03454454662
03454424355
03454459545
03454415026
03454494192
03454425244
03454421250
03454414755
03454480784
03454468507
03454461452
03454473797
03454457438
03454410156
03454413795
03454427658
03454418623
03454419109
03454427920
03454459951
03454420264
03454428808
03454439740
03454436907
03454476339
03454420048
03454423584
03454426223
03454458720
03454489936
03454431579
03454474994
03454414608
03454451021
03454456247
03454442770
03454445225
03454453296
03454451980
03454472396
03454468707
03454431481
03454466022
03454474224
03454445174
03454418185
03454436819
03454470444
03454469221
03454462655
03454426741
03454464404
03454439280
03454486217
03454454452
03454492573
03454484343
03454438415
03454460736
03454478818
03454442283
03454483861
03454425859
03454435161
03454499187
03454457503
03454471410
03454475853
03454462099
03454465813
03454475940
03454487555
03454451556
03454497327
03454473717
03454458446
03454491732
03454458154
03454487875
03454486764
03454455779
03454489499
03454427280
03454410590
03454475327
03454464803
03454450196
03454460882
03454414881
03454491244
03454493577
03454426424
03454428749
03454482161
03454448364
03454410013
03454418998
03454474669
03454465408
03454494590
03454496842
03454450801
03454487723
03454488890
03454480734
03454434126
03454492610
03454480260
03454472860
03454492053
03454486504
03454413232
03454456581
03454421021
03454424571
03454423859
03454492699
03454469614
03454425656
03454450931
03454484695
03454493977
03454425132
03454468577
03454491556
03454410081
03454439156
03454413205
03454421355
03454461188
03454482377
03454430437
03454454036
03454433741
03454487604
03454475913
03454421061
03454416070
03454468271
03454434620
03454418383
03454439919
03454415517
03454425580
03454427342
03454485441
03454495138
03454481970
03454495793
03454468934
03454445911
03454466105
03454482871
03454462591
03454420312
03454489177
03454424044
03454410890
03454441104
03454459654
03454470698
03454425316
03454430855
03454426143
03454466985
03454490830
03454436255
03454416786
03454448553
03454432945
03454416311
03454466311
03454492453
03454485212
03454453060
03454465976
03454482738
03454496278
03454444017
03454425561
03454492254
03454476472
03454484526
03454487931
03454450869
03454425013
03454455600
03454431884
03454492025
03454457381
03454493515
03454458729
03454430826
03454414603
03454484662
03454499436
03454460357
03454494611
03454458882
03454465183
03454447240
03454459347
03454472958
03454429600
03454499793
03454490418
03454477378
03454467252
03454423201
03454441305
03454414612
03454497087
03454428418
03454445136
03454433062
03454454382
03454441617
03454479053
03454439961
03454411242
03454461185
03454416669
03454417561
03454475563
03454422795
03454461626
03454470609
03454468397
03454466539
03454422381
03454485134
03454466051
03454478320
03454432906
03454454926
03454488138
03454460450
03454447634
03454488348
03454450719
03454442769
03454496428
03454430310
03454485689
03454481541
03454430280
03454457818
03454481303
03454454650
03454447640
03454430571
03454441786
03454497394
03454492210
03454428791
03454498854
03454456661
03454418924
03454412945
03454411953
03454462366
03454466815
03454450868
03454486691
03454490915
03454479510
03454463607
03454472836
03454466841
03454432794
03454426367
03454477271
03454475937
03454489068
03454438117
03454441077
03454447016
03454437493
03454462053
03454447749
03454491120
03454448121
03454431658
03454440865
03454489493
03454452021
03454431794
03454429824
03454484475
03454467943
03454418873
03454481385
03454479411
03454471127
03454490388
03454475139
03454484032
03454431161
03454422585
03454474944
03454464600
03454480437
03454414938
03454452854
03454417700
03454460737
03454447940
03454477847
03454465928
03454474459
03454419066
03454444749
03454438570
03454494988
03454447852
03454483343
03454455964
03454435047
03454441892
03454457064
03454458705
03454437593
03454450689
03454471877
03454453461
03454430891
03454425163
03454416175
03454467683
03454480988
03454478803
03454423165
03454428756
03454453947
03454463896
03454410015
03454467630
03454499806
03454472350
03454434662
03454432557
03454495400
03454427286
03454461290
03454447818
03454466620
03454461630
03454438544
03454495790
03454410018
03454410347
03454427158
03454494050
03454420997
03454469421
03454493902
03454492860
03454470886
03454413999
03454469048
03454499576
03454454586
03454451884
03454481100
03454439073
03454431876
03454441697
03454457257
03454435332
03454424043
03454455288
03454444590
03454492170
03454483073
03454458543
03454476278
03454479887
03454429139
03454475377
03454483013
03454413146
03454426725
03454493733
03454426788
03454469845
03454489018
03454498208
03454479490
03454431431
03454461670
03454481400
03454458238
03454461714
03454493232
03454414735
03454458796
03454422557
03454463913
03454438533
03454474686
03454477987
03454471869
03454449459
03454428827
03454486347
03454435359
03454416581
03454423343
03454441747
03454438621
03454486035
03454486430
03454427860
03454458151
03454454311
03454469228
03454442858
03454443488
03454451353
03454455842
03454492612
03454443365
03454473888
03454486352
03454430456
03454489841
03454443807
03454417481
03454457330
03454422470
03454411464
03454444480
03454438460
03454448738
03454488421
03454454919
03454420385
03454460190
03454411861
03454462908
03454442778
03454472203
03454475283
03454465371
03454456584
03454453329
03454463810
03454420425
03454487179
03454418843
03454485374
03454461946
03454497981
03454463106
03454498371
03454496506
03454491552
03454499099
03454466013
03454419276
03454427157
03454441554
03454447970
03454479122
03454469729
03454499391
03454448842
03454482667
03454431627
03454480809
03454484525
03454423441
03454431109
03454414149
03454455172
03454424470
03454487222
03454412996
03454458660
03454491039
03454457301
03454419616
03454463363
03454426475
03454456938
03454457278
03454461819
03454415354
03454478992
03454463808
03454442073
03454415621
03454430648
03454427313
03454486248
03454486855
03454481142
03454488797
03454425910
03454438504
03454448957
03454443199
03454472036
03454486103
03454462012
03454460616
03454436118
03454484253
03454428353
03454443253
03454442453
03454491563
03454420848
03454416272
03454429124
03454442451
03454422794
03454415488
03454483501
03454427858
03454438221
03454499513
03454477517
03454450930
03454493705
03454462513
03454487971
03454490066
03454443318
03454474662
03454477705
03454480061
03454440030
03454479502
03454446395
03454498959
03454470489
03454443602
03454462639
03454412923
03454460293
03454472524
03454496785
03454458398
03454415709
03454451383
03454465455
03454415340
03454433814
03454478201
03454462498
03454483098
03454433876
03454433322
03454434647
03454453246
03454455282
03454452387
03454483242
03454472954
03454427154
03454451419
03454462389
03454482764
03454435985
03454437106
03454428898
03454467732
03454456765
03454445262
03454486590
03454417224
03454429716
03454446377
03454496920
03454472261
03454438682
03454442866
03454470700
03454499503
03454417562
03454456931
03454445625
03454413072
03454464312
03454417243
03454488319
03454410252
03454429681
03454458064
03454499570
03454477398
03454445366
03454496008
03454415397
03454428349
03454486441
03454466082
03454447197
03454432939
03454475907
03454465874
03454486944
03454449131
03454483021
03454413705
03454440376
03454498949
03454463450
03454456454
03454451915
03454444827
03454425832
03454490360
03454424033
03454464586
03454450489
03454468445
03454435009
03454456909
03454459159
03454430146
03454468979
03454451554
03454439315
03454423284
03454414516
03454416837
03454443421
03454423502
03454466564
03454441654
03454491057
03454441465
03454426127
03454426584
03454468111
03454496547
03454489305
03454459115
03454436119
03454420943
03454493450
03454451181
03454425037
03454421855
03454415593
03454478751
03454497929
03454418997
03454474013
03454417964
03454486173
03454441025
03454443705
03454490420
03454482111
03454420029
03454432951
03454485350
03454434775
03454448894
03454497906
03454438002
03454463146
03454438462
03454467604
03454494026
03454448035
03454458103
03454456924
03454432202
03454498246
03454410201
03454494982
03454427827
03454444750
03454468635
03454422656
03454484342
03454467452
03454440411
03454427085
03454461593
03454463445
03454477003
03454416090
03454487992
03454448008
03454472337
03454476143
03454483853
03454433215
03454415605
03454451393
03454479986
03454428069
03454484101
03454411502
03454492173
03454415657
03454487129
03454492201
03454488200
03454416715
03454480515
03454450432
03454481442
03454489743
03454497590
03454455292
03454432335
03454423040
03454477935
03454460043
03454450003
03454459864
03454422103
03454411129
03454494612
03454429145
03454471263
03454477672
03454487465
03454438233
03454412341
03454442984
03454450090
03454413953
03454447787
03454423889
03454499791
03454491384
03454467492
03454421905
03454494700
03454416666
03454486262
03454477923
03454414051
03454427131
03454447233
03454483629
03454478066
03454475185
03454451637
03454470069
03454411865
03454497589
03454459054
03454472759
03454493976
03454451509
03454485249
03454412308
03454451463
03454418382
03454456371
03454433166
03454454046
03454460251
03454458619
03454441423
03454437959
03454427402
03454487126
03454424866
03454416688
03454415094
03454482037
03454424029
03454494043
03454485414
03454428347
03454434274
03454467798
03454498452
03454443883
03454435922
03454413873
03454426300
03454440737
03454483837
03454458240
03454449145
03454465156
03454465615
03454462587
03454490862
03454450462
03454448004
03454449634
03454419447
03454433762
03454413678
03454442666
03454424739
03454451133
03454480900
03454443960
03454425508
03454478716
03454423161
03454450974
03454444509
03454453011
03454474498
03454420449
03454419292
03454427745
03454419514
03454474781
03454483182
03454488814
03454426679
03454421969
03454423854
03454451072
03454452506
03454473288
03454433167
03454443580
03454437410
03454478713
03454414827
03454434035
03454484773
03454411182
03454462740
03454445399
03454496777
03454458328
03454473018
03454492161
03454441994
03454450037
03454421106
03454434250
03454470413
03454431170
03454430120
03454444665
03454424863
03454415987
03454427279
03454429828
03454491453
03454452220
03454452055
03454435136
03454471151
03454444448
03454436147
03454410473
03454468237
03454473281
03454456552
03454482345
03454422737
03454416452
03454410164
03454418385
03454434517
03454479974
03454473816
03454429966
03454442930
03454439037
03454462753
03454412409
03454417151
03454448593
03454470161
03454483455
03454459910
03454485229
03454435461
03454415571
03454420963
03454435292
03454421010
03454497546
03454413890
03454410632
03454441338
03454460969
03454461146
03454474618
03454437913
03454428213
03454440415
03454481470
03454453463
03454499862
03454448522
03454413182
03454489301
03454422726
03454454000
03454495855
03454465985
03454427018
03454488051
03454466774
03454417413
03454410344
03454489201
03454483093
03454413507
03454482428
03454459925
03454419334
03454478067
03454437791
03454479238
03454441209
03454441948
03454443040
03454453432
03454485616
03454481998
03454456801
03454431661
03454412565
03454467009
03454447905
03454483614
03454433011
03454472918
03454460292
03454453527
03454471138
03454489970
03454417869
03454451214
03454423384
03454440367
03454493537
03454480528
03454446930
03454435114
03454484934
03454474762
03454454645
03454424037
03454454895
03454484292
03454415238
03454439092
03454451064
03454460611
03454470528
03454446497
03454480737
03454412020
03454435719
03454468581
03454441314
03454484264
03454451239
03454424079
03454491825
03454430047
03454435796
03454445249
03454488460
03454435181
03454457810
03454443966
03454427630
03454492247
03454447045
03454423868
03454478115
03454488625
03454445054
03454414434
03454420073
03454493675
03454452856
03454421465
03454459630
03454481517
03454478349
03454429965
03454446380
03454466662
03454499957
03454492152
03454424847
03454448496
03454469988
03454450632
03454415883
03454450740
03454459607
03454413572
03454442897
03454454249
03454433691
03454488152
03454436083
03454416523
03454496259
03454469830
03454488025
03454421881
03454423628
03454498150
03454477191
03454414330
03454485618
03454490372
03454431522
03454427845
03454497585
03454426960
03454425585
03454423910
03454453268
03454475065
03454463801
03454478617
03454440842
03454480102
03454467215
03454425939
03454493365
03454487883
03454413441
03454450120
03454430839
03454478636
03454481523
03454476329
03454494002
03454447656
03454434165
03454484369
03454443689
03454425510
03454419218
03454431762
03454415937
03454428664
03454490050
03454464241
03454428599
03454437196
03454421194
03454483835
03454443263
03454482785
03454418048
03454467233
03454447114
03454459679
03454413578
03454481648
03454443638
03454414403
03454447464
03454496120
03454446948
03454462116
03454447580
03454413481
03454490695
03454420112
03454478679
03454459399
03454464115
03454494020
03454438551
03454435888
03454480125
03454450686
03454437047
03454428926
03454424810
03454494801
03454438260
03454475954
03454480422
03454487051
03454424690
03454430110
03454443862
03454475580
03454417358
03454468522
03454419816
03454481716
03454427934
03454416660
03454415117
03454431584
03454470430
03454430499
03454485916
03454483864
03454473704
03454453932
03454473212
03454423791
03454484455
03454492951
03454477356
03454418538
03454471309
03454452147
03454437527
03454425189
03454418912
03454466005
03454490001
03454434816
03454483819
03454491722
03454495592
03454474203
03454456835
03454412462
03454465007
03454419102
03454466616
03454498427
03454438894
03454489645
03454454395
03454419839
03454422021
03454478487
03454445655
03454442340
03454482629
03454440001
03454449983
03454448507
03454429569
03454462623
03454477589
03454451517
03454464493
03454495914
03454470339
03454481982
03454458339
03454499009
03454451728
03454415837
03454471992
03454473848
03454410740
03454420111
03454432415
03454462501
03454469460
03454434197
03454415506
03454465106
03454444345
03454492476
03454451720
03454445609
03454425696
03454427265
03454449838
03454487417
03454412707
03454433933
03454442979
03454419305
03454454349
03454437856
03454463681
03454426759
03454485061
03454473663
03454429261
03454429872
03454416091
03454467067
03454434617
03454428425
03454462083
03454488415
03454411092
03454499387
03454451568
03454498855
03454430261
03454412730
03454473312
03454424462
03454411961
03454422153
03454449096
03454461141
03454495641
03454486178
03454489435
03454443195
03454415110
03454496341
03454451824
03454413665
03454480044
03454470682
03454486651
03454492409
03454422459
03454415737
03454460198
03454469258
03454421412
03454425334
03454424291
03454434545
03454491411
03454441443
03454455494
03454450951
03454434888
03454473100
03454456728
03454447638
03454433620
03454443694
03454426655
03454423871
03454419506
03454432084
03454410258
03454419343
03454480886
03454491211
03454496993
03454463707
03454464263
03454442703
03454423762
03454436849
03454491634
03454451632
03454498024
03454459616
03454488746
03454474890
03454411369
03454419173
03454429922
03454444771
03454488839
03454472043
03454482949
03454436327
03454449751
03454489327
03454415075
03454415202
03454410524
03454450231
03454449048
03454499792
03454453957
03454471181
03454438033
03454430397
03454450768
03454432966
03454410788
03454441985
03454492061
03454428631
03454422118
03454459890
03454486057
03454412398
03454461713
03454461289
03454461674
03454424950
03454480758
03454427936
03454411413
03454491194
03454485055
03454436430
03454487499
03454451521
03454410567
03454488953
03454446916
03454473336
03454476547
03454468404
03454496956
03454433982
03454446853
03454454317
03454414208
03454489861
03454445989
03454441908
03454448811
03454488942
03454487374
03454480829
03454429007
03454490422
03454410096
03454437445
03454439355
03454424279
03454419594
03454456930
03454455631
03454441131
03454470596
03454449322
03454454384
03454462468
03454412721
03454435851
03454493308
03454464333
03454427691
03454472109
03454444968
03454426440
03454413727
03454449285
03454464532
03454433627
03454438687
03454462579
03454423193
03454417908
03454413286
03454463239
03454439101
03454429048
03454472676
03454414388
03454489923
03454424350
03454413186
03454443611
03454440539
03454443222
03454441871
03454466951
03454424608
03454459682
03454484039
03454463982
03454496368
03454434356
03454473931
03454421283
03454470308
03454492397
03454422004
03454426129
03454446260
03454444560
03454486751
03454449481
03454496750
03454464259
03454491656
03454413302
03454482186
03454420618
03454413254
03454470115
03454462550
03454473819
03454459773
03454456732
03454466675
03454483184
03454437970
03454463510
03454499405
03454433869
03454449304
03454466870
03454455116
03454451392
03454444080
03454497526
03454410742
03454435594
03454414410
03454445344
03454498661
03454455120
03454458319
03454470201
03454491243
03454432952
03454446379
03454426533
03454450727
03454426253
03454471805
03454461510
03454462894
03454435665
03454455328
03454419259
03454470046
03454462618
03454446855
03454410690
03454437446
03454482611
03454492005
03454440263
03454469222
03454484659
03454418271
03454434521
03454448140
03454428475
03454461111
03454452293
03454498412
03454496474
03454491941
03454417130
03454472871
03454470448
03454498576
03454440617
03454432938
03454455004
03454489882
03454481185
03454461861
03454491482
03454465547
03454451791
03454498488
03454487970
03454417673
03454475708
03454478195
03454482100
03454492688
03454477157
03454441873
03454445149
03454448215
03454491731
03454423665
03454471637
03454410600
03454437252
03454458854
03454427318
03454465028
03454445488
03454440242
03454438870
03454441993
03454459066
03454454138
03454450381
03454488036
03454422798
03454471253
03454411028
03454468973
03454496348
03454429986
03454473140
03454422704
03454418279
03454412329
03454439973
03454430998
03454425299
03454450360
03454448885
03454483367
03454489483
03454470585
03454488163
03454464164
03454424505
03454447728
03454433714
03454419128
03454427962
03454442307
03454489120
03454419074
03454473895
03454437187
03454422757
03454427316
03454441650
03454427258
03454475979
03454414548
03454440574
03454417477
03454452699
03454414943
03454488510
03454493107
03454449793
03454470770
03454460897
03454417451
03454498190
03454483090
03454446864
03454468454
03454490045
03454455817
03454488989
03454499150
03454481878
03454470021
03454450853
03454411923
03454451404
03454413173
03454481956
03454441717
03454462225
03454494605
03454410060
03454447588
03454446686
03454447820
03454481520
03454432785
03454490292
03454440607
03454469334
03454457191
03454481410
03454471668
03454420884
03454490805
03454490322
03454454303
03454437271
03454436169
03454420162
03454425558
03454441424
03454435599
03454482677
03454454661
03454431060
03454463539
03454475336
03454466979
03454467837
03454429053
03454498671
03454422845
03454488129
03454435501
03454489256
03454423960
03454492627
03454465524
03454448382
03454429816
03454424687
03454488611
03454479184
03454460598
03454422850
03454471824
03454444684
03454460379
03454474443
03454484501
03454411087
03454465142
03454446127
03454450459
03454469245
03454414955
03454473627
03454428137
03454448823
03454432754
03454455303
03454490145
03454448015
03454412208
03454454637
03454477176
03454411607
03454410911
03454494065
03454475476
03454440021
03454452486
03454495154
03454423153
03454423506
03454438292
03454448401
03454429336
03454489089
03454455491
03454443128
03454473500
03454423381
03454450568
03454474754
03454428319
03454496550
03454430361
03454458284
03454432705
03454438156
03454496668
03454493338
03454451160
03454419805
03454471076
03454470650
03454410438
03454466305
03454462469
03454478472
03454478343
03454444445
03454429126
03454425967
03454478176
03454438707
03454485837
03454483288
03454414361
03454488193
03454445115
03454481736
03454497645
03454419780
03454456998
03454426484
03454430167
03454487132
03454428596
03454496303
03454434779
03454488914
03454484415
03454472477
03454463062
03454488098
03454496282
03454449976
03454491918
03454461427
03454429939
03454429158
03454479327
03454431649
03454459979
03454491782
03454454630
03454465322
03454415736
03454411268
03454485814
03454482883
03454425535
03454428701
03454468660
03454442688
03454421473
03454451858
03454474464
03454457313
03454471825
03454432823
03454491188
03454412141
03454493761
03454432408
03454475645
03454428762
03454415970
03454433311
03454422443
03454426765
03454415176
03454452577
03454418317
03454488130
03454497018
03454434702
03454421810
03454412860
03454423510
03454446942
03454434361
03454445410
03454474808
03454498117
03454417454
03454458114
03454496335
03454488139
03454419508
03454466218
03454459373
03454478985
03454436560
03454499765
03454498764
03454463370
03454456117
03454410358
03454476123
03454450342
03454454557
03454424455
03454417156
03454498928
03454435503
03454458964
03454467678
03454492230
03454485465
03454441283
03454440346
03454470560
03454431330
03454435194
03454422652
03454457061
03454456242
03454430178
03454468622
03454430800
03454475328
03454485250
03454413094
03454492635
03454445553
03454439729
03454445413
03454436583
03454458237
03454438072
03454490852
03454450353
03454480961
03454418526
03454468610
03454499149
03454454911
03454420461
03454410467
03454473988
03454473907
03454437701
03454496213
03454429205
03454467433
03454442763
03454458382
03454433465
03454453297
03454419880
03454420164
03454485935
03454493654
03454441827
03454450253
03454448788
03454446816
03454448881
03454483046
03454479707
03454480977
03454454233
03454486462
03454454041
03454457911
03454458155
03454456812
03454458848
03454489036
03454483888
03454425201
03454481346
03454411947
03454483286
03454438356
03454456698
03454439133
03454416148
03454418357
03454453278
03454498336
03454441154
03454427171
03454425025
03454454655
03454493939
03454449497
03454486456
03454488530
03454471919
03454479424
03454495385
03454418549
03454427780
03454436842
03454440406
03454461216
03454461982
03454423587
03454419335
03454487965
03454434868
03454465595
03454444689
03454484365
03454474790
03454424278
03454415099
03454470313
03454435683
03454495208
03454411381
03454417000
03454429640
03454476395
03454495097
03454434390
03454438745
03454414259
03454432523
03454487901
03454419806
03454477136
03454419856
03454498726
03454472619
03454457141
03454491296
03454482535
03454479001
03454453189
03454492303
03454459430
03454474707
03454473430
03454443740
03454490752
03454423341
03454499065
03454410779
03454464011
03454439336
03454466119
03454427592
03454484842
03454478538
03454424882
03454476903
