03138625995
03138621580
03138622776
03138624591
03138626339
03138628094
03138624249
03138629194
03138628970
03138625094
03138623436
03138627968
03138624381
03138623891
03138624269
03138627974
03138627879
03138626295
03138625036
03138622060
03138629125
03138625267
03138628047
03138629460
03138622631
03138626909
03138623957
03138628036
03138622111
03138622088
03138624359
03138621527
03138629074
03138623899
03138628074
03138622872
03138621314
03138622531
03138625824
03138624767
03138622455
03138623580
03138621794
03138627851
03138628635
03138623964
03138623213
03138621317
03138626279
03138623685
03138624567
03138623934
03138622454
03138627508
03138626544
03138626879
03138625463
03138627339
03138626249
03138621158
03138626859
03138623006
03138629076
03138626441
03138625307
03138629992
03138626194
03138625102
03138626565
03138623764
03138629211
03138626003
03138629605
03138625544
03138625262
03138626252
03138629356
03138624779
03138628274
03138629993
03138624823
03138625808
03138626959
03138625139
03138621444
03138626328
03138624434
03138627067
03138628484
03138628518
03138621296
03138626720
03138626999
03138622717
03138623662
03138622544
03138628642
03138627769
03138628111
03138624752
03138622515
03138624474
03138628564
03138624329
03138622246
03138627522
03138629065
03138626256
03138626335
03138626066
03138627197
03138628403
03138629481
03138628548
03138625628
03138628773
03138622130
03138626696
03138627484
03138628308
03138628823
03138628263
03138623534
03138625694
03138622235
03138629632
03138622223
03138626711
03138626041
03138623293
03138626199
03138628395
03138624534
03138628319
03138626036
03138626912
03138626384
03138629419
03138622262
03138624960
03138629801
03138624314
03138624181
03138622376
03138622141
03138629337
03138622621
03138625818
03138623747
03138621079
03138626020
03138628085
03138623983
03138626757
03138621827
03138628448
03138629433
03138624032
03138629623
03138623904
03138622204
03138621085
03138629357
03138624013
03138627309
03138622737
03138625217
03138621307
03138625222
03138623348
03138628169
03138628461
03138629219
03138621513
03138629858
03138629538
03138627374
03138623419
03138627474
03138622451
03138627316
03138624790
03138626449
03138624336
03138629278
03138625084
03138627935
03138629986
03138628229
03138625336
03138625897
03138622110
03138623095
03138623019
03138626080
03138624831
03138626599
03138627403
03138625505
03138622440
03138625856
03138622671
03138629916
03138625521
03138627537
03138628589
03138629895
03138623950
03138622249
03138626606
03138626429
03138629752
03138623769
03138627564
03138622973
03138623458
03138621320
03138626993
03138628011
03138627539
03138622564
03138627109
03138628417
03138626838
03138623457
03138625250
03138626015
03138621968
03138621459
03138622118
03138626532
03138628815
03138621740
03138624770
03138629345
03138624278
03138623087
03138624023
03138629467
03138622357
03138629326
03138628452
03138628516
03138621858
03138623140
03138627270
03138623129
03138621119
03138628863
03138624660
03138622956
03138621896
03138621750
03138626437
03138628700
03138621474
03138624460
03138629740
03138622309
03138622448
03138621031
03138624157
03138621718
03138625362
03138623030
03138621229
03138622714
03138624923
03138623516
03138623097
03138629090
03138628386
03138624940
03138623391
03138627634
03138628744
03138628839
03138628892
03138622595
03138627457
03138624156
03138625858
03138621312
03138622873
03138627595
03138623653
03138625578
03138621613
03138623432
03138625007
03138622616
03138627017
03138627485
03138627700
03138621422
03138621908
03138629889
03138626149
03138629736
03138628860
03138629859
03138625676
03138622805
03138623364
03138621497
03138625308
03138623839
03138621846
03138625620
03138629714
03138624991
03138626875
03138628299
03138622488
03138625435
03138627575
03138627136
03138623309
03138628089
03138622135
03138622073
03138622382
03138627454
03138625690
03138626211
03138626836
03138628741
03138629002
03138626446
03138627720
03138625295
03138625999
03138625636
03138624230
03138622156
03138627773
03138621586
03138629386
03138621768
03138627303
03138621012
03138629401
03138621016
03138624662
03138622313
03138629012
03138626426
03138628776
03138621769
03138623540
03138624042
03138629618
03138627628
03138625009
03138621845
03138623267
03138621579
03138622299
03138624769
03138622420
03138621205
03138625419
03138626866
03138625536
03138628497
03138628703
03138621370
03138626844
03138626289
03138625194
03138627416
03138624078
03138626689
03138627433
03138621293
03138626519
03138622095
03138629335
03138623248
03138628113
03138626576
03138622506
03138629922
03138624035
03138623742
03138629031
03138627102
03138626247
03138626894
03138622146
03138623065
03138623173
03138625961
03138629611
03138627198
03138623328
03138622434
03138627593
03138622801
03138625156
03138625834
03138625976
03138625059
03138628069
03138622673
03138623084
03138627956
03138627306
03138626215
03138625390
03138621920
03138626197
03138627627
03138627812
03138629187
03138628946
03138629795
03138625287
03138626240
03138621164
03138628922
03138623374
03138623637
03138627322
03138627710
03138628983
03138629704
03138624766
03138628201
03138627766
03138623971
03138629032
03138623573
03138623914
03138625501
03138629587
03138625930
03138625500
03138628357
03138626868
03138622728
03138625226
03138621983
03138629385
03138624141
03138623487
03138627175
03138622181
03138625360
03138625573
03138628818
03138626904
03138623751
03138629710
03138624319
03138626391
03138628893
03138627679
03138622937
03138626492
03138625677
03138622533
03138629861
03138623841
03138625373
03138626503
03138625118
03138624902
03138627883
03138624296
03138626193
03138628147
03138621653
03138621529
03138623180
03138624223
03138621807
03138629405
03138627654
03138622192
03138625153
03138622128
03138629822
03138624203
03138621182
03138623196
03138627037
03138627820
03138625420
03138627050
03138622692
03138622122
03138623987
03138627063
03138621190
03138622607
03138627557
03138621562
03138622666
03138624862
03138625712
03138623456
03138621130
03138628969
03138626271
03138624879
03138627668
03138628687
03138628025
03138625551
03138622300
03138623936
03138627010
03138622319
03138627082
03138622462
03138623920
03138629142
03138625455
03138629530
03138625984
03138629192
03138626109
03138621134
03138624252
03138626464
03138621522
03138624217
03138629520
03138622264
03138622640
03138628334
03138621324
03138624364
03138624289
03138621406
03138624453
03138626856
03138625962
03138622562
03138628372
03138623127
03138628142
03138628871
03138623587
03138628472
03138628414
03138626107
03138623135
03138628877
03138627346
03138629995
03138628509
03138622019
03138628415
03138626145
03138624470
03138628504
03138623286
03138629659
03138628676
03138622718
03138628173
03138622513
03138628363
03138627642
03138625077
03138629128
03138623230
03138623547
03138622762
03138627332
03138627592
03138625745
03138623849
03138626533
03138625381
03138629457
03138624805
03138624294
03138622896
03138628759
03138629397
03138628307
03138622386
03138629275
03138628712
03138627707
03138629466
03138627877
03138626173
03138628464
03138628058
03138629749
03138623289
03138623799
03138627232
03138621177
03138625909
03138628210
03138628725
03138627671
03138629437
03138623126
03138626189
03138625700
03138623879
03138629616
03138629603
03138628245
03138626769
03138626741
03138625772
03138624271
03138624050
03138629625
03138626643
03138629715
03138627065
03138625445
03138624659
03138623798
03138628068
03138629708
03138621515
03138623218
03138627061
03138621719
03138622850
03138628574
03138623661
03138629786
03138629838
03138625586
03138621688
03138625169
03138626420
03138626557
03138621288
03138623007
03138627516
03138629527
03138623182
03138621552
03138629265
03138621107
03138621144
03138623279
03138623012
03138625638
03138625057
03138622715
03138629511
03138624673
03138622481
03138626817
03138627897
03138626753
03138629671
03138626671
03138623080
03138625986
03138624433
03138628463
03138621956
03138626396
03138628027
03138629025
03138628102
03138623351
03138627850
03138626034
03138626700
03138623999
03138623691
03138623878
03138623584
03138627467
03138628952
03138626774
03138624199
03138624953
03138627014
03138622687
03138629602
03138628660
03138623694
03138624616
03138629926
03138624718
03138629595
03138622869
03138623079
03138629248
03138624253
03138624909
03138622287
03138627207
03138626681
03138622810
03138628789
03138622938
03138627729
03138623168
03138622203
03138627719
03138622699
03138629212
03138627934
03138627003
03138625660
03138629208
03138629422
03138629442
03138629656
03138627302
03138621417
03138622469
03138628597
03138629159
03138624387
03138629703
03138626127
03138621864
03138621912
03138623321
03138628271
03138627925
03138626340
03138623898
03138626664
03138628343
03138626897
03138627227
03138622317
03138624860
03138626784
03138622592
03138627208
03138622067
03138625467
03138622630
03138629905
03138625264
03138626035
03138628204
03138623778
03138627157
03138622453
03138627816
03138628015
03138626571
03138627347
03138628321
03138624613
03138628731
03138627735
03138624672
03138625310
03138622758
03138628511
03138629131
03138628958
03138624519
03138629547
03138623737
03138622375
03138627979
03138623507
03138622320
03138629664
03138629281
03138623416
03138621890
03138628135
03138623706
03138622885
03138623773
03138628072
03138628881
03138624969
03138626538
03138622170
03138623861
03138629473
03138627395
03138624729
03138622072
03138626956
03138623499
03138626487
03138628052
03138626454
03138621403
03138629178
03138628945
03138625496
03138628351
03138625274
03138629040
03138621197
03138625724
03138625844
03138626536
03138621604
03138629873
03138624738
03138621058
03138628430
03138628891
03138625182
03138624117
03138624034
03138624925
03138624935
03138629224
03138629440
03138625781
03138625402
03138627251
03138621482
03138624595
03138629126
03138625031
03138625380
03138624018
03138627498
03138628137
03138623628
03138623124
03138622198
03138622217
03138622516
03138625106
03138622870
03138629256
03138621198
03138625060
03138624911
03138626050
03138621509
03138623258
03138628728
03138623461
03138626453
03138624352
03138628391
03138621932
03138623399
03138625108
03138623510
03138621163
03138629699
03138629231
03138625980
03138624066
03138621810
03138627025
03138627223
03138623340
03138629952
03138627156
03138627806
03138627212
03138627995
03138629534
03138624214
03138624459
03138627113
03138629330
03138622508
03138624239
03138622245
03138624675
03138623186
03138624405
03138628771
03138623807
03138622074
03138629116
03138629997
03138624085
03138621706
03138629556
03138621966
03138629079
03138624506
03138626505
03138621605
03138624286
03138629917
03138628775
03138626305
03138622635
03138629240
03138626357
03138628107
03138627717
03138628940
03138624180
03138628654
03138625460
03138626986
03138621304
03138627218
03138629660
03138623038
03138623217
03138625148
03138622832
03138627158
03138623721
03138628438
03138628317
03138627954
03138625507
03138628222
03138624321
03138623470
03138628370
03138625165
03138622414
03138621466
03138622790
03138622002
03138629904
03138623052
03138624096
03138624980
03138627774
03138627287
03138628567
03138625807
03138629138
03138627085
03138627938
03138629146
03138628913
03138623734
03138627919
03138629789
03138628009
03138622487
03138623875
03138621138
03138622934
03138626667
03138624495
03138627517
03138623682
03138623817
03138624342
03138623337
03138622680
03138621109
03138626940
03138624497
03138629084
03138627236
03138625531
03138629223
03138621637
03138621430
03138624494
03138625910
03138621313
03138624781
03138629190
03138629514
03138626028
03138622620
03138622957
03138621463
03138624839
03138622349
03138627942
03138628290
03138625456
03138627043
03138627278
03138623990
03138625096
03138621281
03138623576
03138626452
03138627471
03138625589
03138629875
03138625547
03138629377
03138621348
03138623902
03138627984
03138623710
03138625030
03138623064
03138626129
03138621606
03138622368
03138625260
03138621469
03138625642
03138627788
03138629833
03138621384
03138621873
03138627840
03138621800
03138628760
03138628997
03138626207
03138628252
03138625233
03138626540
03138629458
03138629314
03138623966
03138626650
03138621272
03138629055
03138623479
03138621128
03138629285
03138621813
03138626683
03138621783
03138628347
03138627308
03138621448
03138624578
03138629631
03138623788
03138621115
03138626550
03138623170
03138623709
03138629731
03138628477
03138628490
03138622914
03138625211
03138622147
03138628526
03138626068
03138622155
03138621675
03138621137
03138628561
03138622328
03138628394
03138626210
03138629474
03138627184
03138629523
03138628409
03138622444
03138626885
03138629232
03138628701
03138624880
03138624210
03138625403
03138628198
03138627415
03138623480
03138623551
03138625346
03138622651
03138627099
03138626370
03138626601
03138624535
03138624561
03138625714
03138626672
03138626170
03138622887
03138629863
03138626183
03138622919
03138627577
03138621641
03138629366
03138623646
03138627179
03138625300
03138621591
03138629258
03138624213
03138626486
03138627267
03138624315
03138623956
03138624259
03138627657
03138626982
03138624647
03138624060
03138629111
03138623103
03138624988
03138625978
03138622694
03138628790
03138623061
03138625814
03138628862
03138628696
03138621291
03138627825
03138628049
03138626371
03138626459
03138621059
03138622157
03138625049
03138629697
03138622412
03138628512
03138622880
03138621536
03138628859
03138628466
03138628537
03138628783
03138628658
03138621201
03138622605
03138628496
03138621378
03138626196
03138628399
03138627623
03138628571
03138623024
03138622839
03138627399
03138627824
03138628637
03138626936
03138628187
03138623000
03138621270
03138625733
03138627644
03138629093
03138627801
03138624548
03138627936
03138625981
03138627159
03138622432
03138629359
03138628019
03138621175
03138625170
03138627440
03138627962
03138629681
03138621644
03138623758
03138622491
03138627221
03138622210
03138622298
03138626201
03138625944
03138627195
03138628316
03138625468
03138624961
03138629403
03138623577
03138621647
03138621642
03138621411
03138629379
03138626944
03138626648
03138623466
03138629495
03138623318
03138629626
03138627187
03138627976
03138629024
03138625434
03138626795
03138621599
03138623859
03138628695
03138623810
03138626573
03138622163
03138629702
03138622479
03138628559
03138626104
03138629996
03138623296
03138627284
03138626628
03138628729
03138622918
03138624040
03138625773
03138626448
03138623123
03138622540
03138627568
03138622608
03138621978
03138621766
03138627601
03138624019
03138621316
03138626411
03138627016
03138621665
03138627214
03138629630
03138627127
03138621883
03138626704
03138623876
03138622342
03138629819
03138622922
03138623588
03138624033
03138628324
03138622746
03138622951
03138625950
03138624126
03138622208
03138629243
03138629682
03138622609
03138627413
03138623261
03138622009
03138629431
03138621457
03138625325
03138626513
03138623212
03138625072
03138622823
03138628732
03138629635
03138628844
03138628016
03138626913
03138629985
03138626721
03138628929
03138625385
03138628086
03138621018
03138624064
03138625715
03138627422
03138622361
03138622057
03138629273
03138629290
03138629909
03138629080
03138622190
03138629229
03138628707
03138626656
03138623509
03138627397
03138628152
03138627673
03138624490
03138622684
03138621226
03138622769
03138622623
03138627875
03138629542
03138625367
03138625742
03138622238
03138624151
03138625329
03138628114
03138625798
03138623532
03138628822
03138625777
03138627932
03138623860
03138627684
03138621278
03138627988
03138629934
03138623344
03138623935
03138629677
03138629288
03138628599
03138624873
03138621204
03138622648
03138629921
03138626469
03138626140
03138621874
03138626596
03138628462
03138627366
03138621345
03138629887
03138629608
03138627646
03138621431
03138627244
03138623640
03138627333
03138628672
03138628826
03138629148
03138624933
03138623949
03138629350
03138628010
03138625071
03138624196
03138624809
03138623924
03138626063
03138625920
03138629896
03138621470
03138624720
03138624924
03138629289
03138625305
03138627972
03138625256
03138623040
03138622274
03138627357
03138626242
03138622828
03138628806
03138624883
03138623395
03138621211
03138622725
03138621663
03138624446
03138624584
03138625333
03138622295
03138626535
03138626701
03138623553
03138629711
03138626176
03138624091
03138627143
03138628978
03138622613
03138629549
03138629382
03138624622
03138623843
03138626961
03138628692
03138628032
03138625735
03138627713
03138621981
03138621179
03138622525
03138628685
03138625654
03138628183
03138626994
03138623315
03138628769
03138621703
03138627351
03138623329
03138626098
03138623266
03138629098
03138626192
03138625334
03138624012
03138626588
03138628882
03138624702
03138625754
03138626552
03138625244
03138621006
03138624581
03138622933
03138624554
03138621583
03138622373
03138621440
03138621025
03138627431
03138621488
03138628901
03138623226
03138621366
03138622387
03138625073
03138626988
03138626759
03138629636
03138624447
03138628855
03138628131
03138628925
03138625845
03138628513
03138622097
03138629862
03138629900
03138623525
03138624142
03138627176
03138622413
03138624215
03138629686
03138622303
03138628666
03138624850
03138627610
03138624948
03138622965
03138623967
03138621624
03138625280
03138623808
03138629011
03138628765
03138625871
03138628485
03138621369
03138624077
03138626422
03138622657
03138626527
03138622927
03138628927
03138627569
03138621587
03138625376
03138624189
03138629974
03138626004
03138627658
03138624455
03138629596
03138621245
03138623183
03138625960
03138621877
03138626888
03138626816
03138626053
03138621963
03138627653
03138625657
03138622279
03138626304
03138627793
03138627029
03138622802
03138622983
03138623375
03138621097
03138627410
03138626022
03138629572
03138623881
03138629778
03138621649
03138624355
03138622949
03138621101
03138624029
03138623239
03138626697
03138624650
03138626038
03138625477
03138627722
03138623427
03138628381
03138627695
03138624621
03138628974
03138624855
03138621786
03138621080
03138629872
03138622186
03138623610
03138622079
03138622099
03138625239
03138622460
03138628956
03138626551
03138621628
03138625408
03138621741
03138623471
03138624553
03138621264
03138629581
03138625569
03138621849
03138621396
03138623953
03138629734
03138629884
03138622948
03138629628
03138624618
03138622550
03138629650
03138628412
03138626521
03138621171
03138621798
03138625954
03138621149
03138628643
03138626702
03138624842
03138629816
03138629653
03138621760
03138621625
03138621285
03138622726
03138623219
03138623774
03138628679
03138624882
03138623389
03138625861
03138625713
03138625601
03138626144
03138621168
03138625411
03138625143
03138628423
03138627999
03138628584
03138621373
03138625389
03138624472
03138623132
03138628097
03138627868
03138622993
03138621848
03138626924
03138625193
03138621597
03138626651
03138623119
03138628091
03138625288
03138623586
03138622929
03138628697
03138628202
03138629122
03138624510
03138621082
03138622970
03138623285
03138624225
03138622764
03138625292
03138627904
03138627056
03138622720
03138623753
03138626630
03138624689
03138625975
03138623813
03138628491
03138626743
03138625535
03138623295
03138627787
03138622459
03138625774
03138624929
03138621111
03138623255
03138623446
03138626786
03138629568
03138626228
03138622782
03138623347
03138622062
03138622425
03138621170
03138627572
03138623443
03138627272
03138627384
03138626529
03138623513
03138623147
03138621028
03138626018
03138624338
03138627434
03138621947
03138624058
03138627075
03138626989
03138623536
03138622036
03138624457
03138622696
03138624185
03138621906
03138622628
03138625572
03138627963
03138628162
03138625911
03138621257
03138621416
03138627964
03138622226
03138627428
03138622447
03138622588
03138627621
03138628378
03138621937
03138624987
03138626955
03138629906
03138625235
03138622926
03138626258
03138627512
03138623162
03138621666
03138629277
03138629471
03138625058
03138629687
03138624934
03138622800
03138624826
03138624676
03138623282
03138629200
03138625571
03138629809
03138627822
03138626563
03138622022
03138629969
03138623338
03138626763
03138629417
03138621391
03138621007
03138626981
03138622984
03138624998
03138624736
03138622039
03138629810
03138627445
03138627475
03138623116
03138622563
03138628690
03138626488
03138621972
03138627754
03138624335
03138625425
03138625896
03138628436
03138627404
03138626598
03138629644
03138627180
03138622514
03138627373
03138628076
03138626760
03138621949
03138627802
03138626737
03138621243
03138629390
03138628126
03138626861
03138629553
03138624140
03138626991
03138624000
03138623332
03138622966
03138626850
03138626602
03138623253
03138622646
03138627501
03138627087
03138626562
03138621340
03138622395
03138628172
03138626941
03138626308
03138624653
03138624487
03138621929
03138625053
03138628686
03138625234
03138629655
03138628364
03138626208
03138626343
03138624295
03138622598
03138626311
03138628670
03138625912
03138623089
03138626880
03138625210
03138625429
03138629259
03138624861
03138621239
03138622757
03138625396
03138628847
03138621217
03138627861
03138622612
03138627832
03138622338
03138629512
03138621402
03138627912
03138628164
03138626530
03138624888
03138626438
03138628936
03138622267
03138626919
03138628742
03138626084
03138629502
03138629935
03138624521
03138623852
03138629427
03138629057
03138622670
03138627446
03138627314
03138627146
03138622137
03138623731
03138626462
03138623085
03138622165
03138626042
03138628991
03138624116
03138628972
03138625838
03138626654
03138622763
03138621715
03138621905
03138628405
03138622895
03138629215
03138622372
03138627741
03138628090
03138626798
03138627013
03138625804
03138625656
03138621174
03138627770
03138623384
03138629120
03138622347
03138626076
03138628473
03138621476
03138628043
03138625431
03138624971
03138628057
03138625179
03138621447
03138628506
03138626011
03138622579
03138623523
03138621588
03138622971
03138626765
03138625786
03138625020
03138621643
03138622244
03138627739
03138629188
03138621986
03138622310
03138622042
03138627746
03138623664
03138623026
03138624997
03138625705
03138626322
03138624972
03138624467
03138627372
03138629166
03138628973
03138624482
03138622185
03138626455
03138623467
03138629184
03138623037
03138621404
03138622242
03138629792
03138621394
03138629203
03138622427
03138629317
03138624025
03138623232
03138626957
03138625421
03138627971
03138626590
03138627265
03138623832
03138621792
03138621319
03138627647
03138627233
03138621222
03138627560
03138626938
03138623256
03138629850
03138627401
03138623098
03138622857
03138624708
03138622260
03138625205
03138624311
03138627119
03138622545
03138625149
03138625933
03138621865
03138623912
03138629883
03138621154
03138629864
03138626433
03138621674
03138627865
03138624170
03138621020
03138622231
03138628724
03138629170
03138622314
03138628493
03138625830
03138622202
03138621068
03138621385
03138622954
03138626713
03138629246
03138626169
03138624299
03138628757
03138627054
03138622102
03138622788
03138625667
03138624656
03138621423
03138624992
03138629318
03138629764
03138622835
03138624854
03138625853
03138628006
03138621710
03138627027
03138628479
03138622240
03138629720
03138621695
03138621091
03138623208
03138625731
03138626537
03138629966
03138625209
03138627068
03138629525
03138622826
03138625761
03138622435
03138627210
03138622979
03138627423
03138628411
03138627367
03138621857
03138625872
03138623334
03138629444
03138625109
03138625184
03138627688
03138627047
03138622016
03138627188
03138622416
03138621247
03138628996
03138628227
03138626436
03138625619
03138629645
03138626306
03138622028
03138625241
03138624499
03138627776
03138627106
03138629604
03138624872
03138627862
03138626555
03138628361
03138621646
03138628099
03138628848
03138627325
03138625052
03138623345
03138623614
03138623439
03138623913
03138623166
03138628098
03138623390
03138621975
03138621747
03138622212
03138629565
03138625018
03138629943
03138622117
03138622547
03138626157
03138627120
03138627543
03138626581
03138626780
03138623485
03138627587
03138622700
03138621253
03138629545
03138626390
03138626745
03138621626
03138622132
03138624610
03138629007
03138626213
03138625650
03138628335
03138624229
03138623081
03138626731
03138627606
03138628517
03138625801
03138628977
03138626585
03138624388
03138629047
03138629892
03138628311
03138621026
03138628272
03138621961
03138625902
03138629944
03138629028
03138624419
03138627733
03138625450
03138622351
03138623699
03138622881
03138625101
03138621938
03138627872
03138621395
03138621133
03138621608
03138627689
03138626307
03138623703
03138625758
03138628678
03138627856
03138623203
03138622286
03138626746
03138628410
03138621721
03138624240
03138627662
03138629488
03138621382
03138622496
03138625548
03138622377
03138624233
03138627618
03138627023
03138626719
03138627200
03138628540
03138623153
03138627328
03138626921
03138628851
03138628212
03138623636
03138625324
03138626772
03138628743
03138628890
03138624108
03138623917
03138623380
03138626871
03138624276
03138628383
03138629561
03138628899
03138625584
03138629230
03138623791
03138629284
03138627358
03138621477
03138629315
03138627480
03138625365
03138627894
03138626027
03138624163
03138621040
03138623634
03138626428
03138629423
03138621410
03138624264
03138628021
03138621122
03138623679
03138628141
03138625294
03138629428
03138621409
03138625230
03138625859
03138629130
03138624219
03138628520
03138626808
03138625596
03138621342
03138622855
03138624556
03138629557
03138621148
03138625050
03138625279
03138627343
03138624627
03138626935
03138627886
03138629673
03138629010
03138629513
03138623481
03138624205
03138627319
03138623209
03138622280
03138629485
03138629643
03138626458
03138625526
03138621496
03138628426
03138621450
03138624145
03138624377
03138623818
03138621585
03138628924
03138628560
03138628864
03138623327
03138621390
03138624022
03138621657
03138627614
03138627277
03138621037
03138624730
03138627699
03138625597
03138621087
03138628176
03138624604
03138628063
03138629336
03138629828
03138622167
03138625624
03138623311
03138621623
03138628017
03138623719
03138626528
03138623435
03138625340
03138623131
03138624135
03138622251
03138626867
03138624172
03138629088
03138621227
03138627515
03138622963
03138621869
03138622401
03138628398
03138628346
03138625913
03138629597
03138623557
03138625135
03138629389
03138621684
03138626920
03138625038
03138627273
03138628337
03138627737
03138628819
03138623890
03138626854
03138623078
03138624397
03138628207
03138624658
03138621034
03138627952
03138629977
03138629140
03138622573
03138621698
03138621492
03138621214
03138625738
03138629698
03138628377
03138629617
03138623558
03138624063
03138622867
03138622011
03138626910
03138625074
03138624001
03138627706
03138629094
03138626567
03138623732
03138626942
03138625898
03138624699
03138623933
03138626845
03138626782
03138627605
03138623276
03138629507
03138623379
03138629830
03138621099
03138626971
03138621868
03138625940
03138623067
03138622003
03138627499
03138624222
03138626269
03138623247
03138622119
03138627813
03138626869
03138629171
03138625045
03138625810
03138626323
03138625542
03138627970
03138629624
03138627217
03138624406
03138624325
03138624095
03138625364
03138628834
03138621662
03138622784
03138627791
03138623894
03138627424
03138625486
03138625462
03138622638
03138621576
03138629043
03138627350
03138624717
03138621475
03138629754
03138625784
03138621534
03138624374
03138625371
03138623284
03138626151
03138627491
03138629576
03138628585
03138628342
03138626067
03138626641
03138622549
03138628920
03138628171
03138624990
03138622748
03138621829
03138627902
03138629841
03138627000
03138624442
03138629519
03138624027
03138627296
03138622327
03138629670
03138628163
03138622201
03138629310
03138625146
03138622000
03138626073
03138621023
03138626375
03138625407
03138623112
03138623234
03138622614
03138621261
03138629384
03138624366
03138621126
03138624846
03138629168
03138629589
03138625259
03138621763
03138628005
03138623249
03138623739
03138624386
03138626718
03138629843
03138621759
03138627740
03138622494
03138626728
03138623766
03138623641
03138623602
03138622930
03138623316
03138623033
03138625556
03138622266
03138629260
03138629372
03138621668
03138626141
03138625895
03138622400
03138629540
03138629676
03138624679
03138622046
03138623086
03138621427
03138621785
03138627095
03138623005
03138621493
03138628121
03138624824
03138628930
03138622537
03138626377
03138621070
03138628481
03138628872
03138629818
03138627660
03138622059
03138625679
03138626499
03138624917
03138623926
03138628251
03138629155
03138622259
03138629867
03138629320
03138621139
03138628256
03138629052
03138629763
03138627778
03138625192
03138625253
03138621194
03138625806
03138622227
03138625747
03138625286
03138622418
03138626575
03138624044
03138628336
03138622068
03138623381
03138624118
03138622080
03138627340
03138625825
03138629220
03138629551
03138629404
03138621290
03138624331
03138621694
03138627139
03138622731
03138626928
03138624580
03138626842
03138622745
03138624211
03138622433
03138624562
03138626984
03138625749
03138625645
03138627852
03138621974
03138626254
03138623548
03138621269
03138627839
03138624574
03138621594
03138629436
03138624838
03138628457
03138622995
03138624054
03138622532
03138621636
03138626222
03138622759
03138623632
03138626806
03138627914
03138628857
03138629768
03138625945
03138625178
03138625406
03138627734
03138626190
03138624441
03138627617
03138625248
03138625925
03138625753
03138627361
03138629295
03138625301
03138623907
03138625092
03138625796
03138629447
03138625633
03138626077
03138621648
03138627377
03138628628
03138626415
03138629234
03138629432
03138627084
03138623297
03138623433
03138623074
03138622216
03138622169
03138621780
03138626014
03138627129
03138623497
03138621988
03138629438
03138623100
03138622065
03138624900
03138621498
03138622641
03138621160
03138626742
03138627745
03138624238
03138628587
03138622793
03138629363
03138628989
03138628832
03138624074
03138626493
03138622353
03138623928
03138626220
03138622127
03138629781
03138622466
03138623644
03138626639
03138624277
03138621977
03138624349
03138624334
03138628081
03138626968
03138626690
03138625328
03138627977
03138623582
03138628986
03138628297
03138625495
03138624407
03138627066
03138622050
03138629371
03138623566
03138628693
03138624101
03138627599
03138627128
03138625085
03138627011
03138628558
03138626948
03138625384
03138627237
03138622917
03138622419
03138622755
03138624169
03138628149
03138624392
03138625105
03138621548
03138623179
03138622565
03138628563
03138624514
03138626634
03138628580
03138621568
03138623814
03138627458
03138621682
03138626977
03138621933
03138629537
03138622219
03138626230
03138621147
03138627578
03138624524
03138625951
03138622735
03138629980
03138621302
03138627174
03138628749
03138621629
03138621339
03138629665
03138622539
03138624559
03138622741
03138621212
03138624772
03138622710
03138623359
03138623171
03138624927
03138622332
03138623367
03138629056
03138628919
03138621633
03138625275
03138625010
03138623718
03138624551
03138622512
03138622507
03138625025
03138625348
03138629871
03138629124
03138621670
03138624836
03138627420
03138626708
03138623451
03138626829
03138627663
03138629066
03138629693
03138622709
03138629705
03138624389
03138627529
03138629376
03138626047
03138629261
03138628190
03138627842
03138629747
03138629777
03138622577
03138622139
03138629214
03138621220
03138623071
03138624750
03138624212
03138624415
03138623693
03138621803
03138624780
03138626137
03138625678
03138625958
03138625481
03138625623
03138626645
03138626326
03138624231
03138627160
03138625609
03138627001
03138625473
03138627959
03138625492
03138623853
03138623114
03138625683
03138624243
03138624481
03138627091
03138621705
03138624993
03138626658
03138621472
03138627573
03138628424
03138623567
03138623445
03138623107
03138629787
03138622276
03138629963
03138625069
03138621380
03138626553
03138629554
03138624620
03138624426
03138627058
03138623323
03138622543
03138624654
03138626128
03138624136
03138621962
03138623958
03138627899
03138629535
03138623783
03138629546
03138622237
03138621136
03138623932
03138627304
03138623825
03138628770
03138626291
03138625029
03138627408
03138623658
03138625483
03138623803
03138624596
03138626508
03138629735
03138629783
03138625133
03138622848
03138625932
03138621032
03138627844
03138625522
03138621826
03138621891
03138625836
03138623233
03138624939
03138626251
03138626727
03138628304
03138628475
03138629879
03138627661
03138622501
03138621352
03138625926
03138622171
03138629880
03138622656
03138622403
03138628903
03138625550
03138627185
03138625582
03138623413
03138622862
03138625769
03138621840
03138623275
03138624796
03138627154
03138621754
03138625508
03138622682
03138629204
03138629987
03138629412
03138623370
03138628656
03138622484
03138629324
03138626694
03138625412
03138627078
03138622439
03138629726
03138621145
03138624890
03138625612
03138624110
03138623819
03138626796
03138629762
03138627704
03138624197
03138624171
03138626662
03138623452
03138628916
03138626138
03138621888
03138628528
03138626257
03138626168
03138625691
03138627685
03138621487
03138627863
03138628761
03138623069
03138627118
03138621916
03138625877
03138625593
03138626574
03138621309
03138622722
03138621619
03138624694
03138622522
03138624813
03138629728
03138629959
03138625120
03138629102
03138623911
03138621771
03138628419
03138623918
03138629110
03138621899
03138628943
03138624120
03138623409
03138623593
03138624241
03138625393
03138623274
03138628375
03138623039
03138625314
03138625232
03138624637
03138629827
03138625087
03138627957
03138621528
03138622742
03138629136
03138621659
03138629158
03138621184
03138626749
03138622472
03138627463
03138625449
03138622676
03138629112
03138626684
03138626692
03138626539
03138628830
03138621153
03138629156
03138627300
03138624984
03138621749
03138624435
03138623057
03138622222
03138626525
03138625903
03138625581
03138628870
03138624408
03138629252
03138624533
03138622452
03138624515
03138623622
03138624844
03138625996
03138627871
03138622465
03138624645
03138626673
03138622843
03138626309
03138621117
03138627363
03138625387
03138627514
03138622112
03138621525
03138625938
03138624922
03138628289
03138623692
03138627531
03138629487
03138623159
03138626243
03138621969
03138629303
03138624268
03138626026
03138621540
03138626584
03138623663
03138627169
03138627064
03138624685
03138625154
03138629067
03138627216
03138624629
03138624919
03138625409
03138628777
03138621630
03138628507
03138625640
03138629346
03138623484
03138623418
03138622809
03138624228
03138625498
03138629388
03138621704
03138627625
03138624094
03138626627
03138624801
03138629027
03138621945
03138625398
03138626646
03138627497
03138629020
03138624234
03138624317
03138623684
03138627898
03138624843
03138623541
03138621717
03138627535
03138623272
03138622925
03138627293
03138621213
03138621539
03138623205
03138624443
03138627582
03138628000
03138621634
03138623308
03138622981
03138629416
03138627321
03138629957
03138624463
03138625829
03138624409
03138622770
03138628104
03138622505
03138625652
03138626283
03138622191
03138625972
03138623998
03138622145
03138624692
03138627256
03138623716
03138625901
03138622164
03138623985
03138628012
03138621797
03138623009
03138627837
03138626387
03138621716
03138623058
03138621421
03138624787
03138628264
03138628326
03138624723
03138626756
03138628716
03138628573
03138624798
03138629583
03138624119
03138621601
03138627640
03138624485
03138624573
03138625320
03138627694
03138626830
03138625015
03138624258
03138624176
03138625326
03138621999
03138624275
03138624963
03138627376
03138624674
03138622639
03138629685
03138627074
03138628677
03138627313
03138629415
03138628622
03138624704
03138626804
03138623686
03138624288
03138627230
03138627053
03138627738
03138623727
03138625497
03138628255
03138623246
03138621593
03138624232
03138628168
03138628248
03138622206
03138628961
03138627411
03138628007
03138626261
03138621573
03138626393
03138621841
03138626773
03138621038
03138624768
03138627225
03138622822
03138626353
03138626609
03138621816
03138627821
03138627387
03138624598
03138622775
03138624724
03138626334
03138623355
03138621696
03138626747
03138621842
03138625207
03138623655
03138626825
03138622787
03138623090
03138629570
03138629797
03138621306
03138625576
03138621234
03138622773
03138622048
03138627494
03138629606
03138622534
03138628778
03138628160
03138627583
03138625112
03138627378
03138625592
03138621811
03138629684
03138629018
03138621361
03138622049
03138624852
03138623821
03138624589
03138627504
03138621876
03138623449
03138625064
03138627036
03138621000
03138628906
03138628030
03138623722
03138623827
03138622754
03138624624
03138629983
03138629272
03138629381
03138626895
03138628148
03138623954
03138627417
03138624967
03138626610
03138627681
03138624957
03138624158
03138628456
03138623570
03138628150
03138627608
03138626431
03138622143
03138626002
03138628117
03138625555
03138625509
03138628327
03138628928
03138623837
03138621335
03138621471
03138622538
03138629355
03138626245
03138629494
03138628541
03138626874
03138629354
03138626043
03138621875
03138626218
03138628193
03138623269
03138622593
03138622945
03138622247
03138628444
03138629089
03138626368
03138627453
03138626985
03138628362
03138623174
03138627461
03138629325
03138628762
03138621108
03138622005
03138621049
03138626607
03138622034
03138625997
03138628066
03138627257
03138622025
03138623760
03138626761
03138623997
03138621050
03138629451
03138621900
03138629053
03138623464
03138626097
03138627966
03138623856
03138621836
03138627394
03138629761
03138625122
03138624756
03138629727
03138626337
03138621851
03138621490
03138626188
03138622591
03138626862
03138624588
03138622055
03138624952
03138622796
03138624743
03138626147
03138624026
03138622257
03138629692
03138623745
03138623680
03138623754
03138623656
03138623117
03138626480
03138623736
03138629760
03138626475
03138621819
03138623594
03138627798
03138625037
03138623152
03138629780
03138621701
03138622441
03138623537
03138623613
03138621392
03138622498
03138628105
03138627810
03138627941
03138624892
03138621861
03138627759
03138624804
03138624688
03138628268
03138625863
03138622207
03138625186
03138622053
03138629579
03138625088
03138623701
03138628664
03138621274
03138622906
03138623111
03138623705
03138622021
03138627248
03138627750
03138629185
03138627107
03138628038
03138625312
03138625293
03138629304
03138621102
03138623601
03138624687
03138622821
03138621557
03138621481
03138629361
03138625155
03138623965
03138621830
03138628376
03138623759
03138626554
03138622489
03138626040
03138629006
03138627594
03138623396
03138627477
03138624401
03138626060
03138625794
03138623647
03138624161
03138623161
03138626364
03138625549
03138628866
03138629689
03138621142
03138628267
03138625224
03138622761
03138627884
03138621566
03138622716
03138627046
03138623563
03138623815
03138627079
03138623300
03138629360
03138626569
03138621118
03138626217
03138622827
03138624681
03138627687
03138622799
03138624897
03138625379
03138623781
03138626164
03138625511
03138624448
03138628087
03138623474
03138627147
03138622218
03138622548
03138622527
03138628711
03138629344
03138624966
03138625864
03138622443
03138626766
03138625349
03138629851
03138628100
03138628034
03138629358
03138629398
03138625563
03138626467
03138622701
03138625707
03138622258
03138623605
03138626281
03138624606
03138623970
03138624746
03138628976
03138623455
03138627917
03138623720
03138625001
03138628745
03138628236
03138628931
03138625043
03138627242
03138626450
03138621581
03138622791
03138623003
03138629582
03138628726
03138623404
03138622795
03138621350
03138622861
03138628191
03138628846
03138625942
03138627831
03138625151
03138622116
03138626608
03138628231
03138621237
03138626474
03138625489
03138623164
03138625973
03138626369
03138624885
03138625949
03138627747
03138625374
03138627182
03138626860
03138626622
03138621503
03138623704
03138625637
03138628835
03138626394
03138623063
03138625017
03138628344
03138622252
03138621362
03138624006
03138624732
03138622449
03138627455
03138623782
03138627752
03138624346
03138628647
03138621758
03138625040
03138629613
03138625840
03138624076
03138627527
03138627561
03138629578
03138623305
03138629990
03138622740
03138623741
03138621732
03138627049
03138623194
03138621236
03138626615
03138627533
03138624416
03138623259
03138623303
03138628165
03138624309
03138624978
03138629490
03138624830
03138626266
03138629305
03138625011
03138624112
03138625119
03138627161
03138621645
03138627460
03138626236
03138626733
03138622044
03138628889
03138626972
03138626686
03138624291
03138626177
03138625575
03138622678
03138627470
03138623888
03138622824
03138627178
03138621465
03138622010
03138623561
03138626848
03138628155
03138622785
03138622333
03138623790
03138627104
03138629820
03138629544
03138628980
03138621129
03138627783
03138627588
03138627757
03138623765
03138624636
03138622863
03138629058
03138625268
03138626132
03138624395
03138624625
03138625356
03138622013
03138628988
03138624835
03138623405
03138621555
03138627048
03138625719
03138626029
03138628278
03138623777
03138629575
03138625936
03138629984
03138622211
03138624195
03138622886
03138623155
03138627937
03138622428
03138627829
03138623149
03138624834
03138628795
03138621730
03138624183
03138626202
03138626717
03138628917
03138626834
03138621700
03138622355
03138622947
03138627926
03138625100
03138628688
03138626735
03138622292
03138623618
03138627983
03138624792
03138627817
03138621680
03138622159
03138623617
03138626633
03138623291
03138625744
03138624257
03138625338
03138626613
03138626653
03138627845
03138621232
03138625800
03138623294
03138622495
03138624989
03138627327
03138621596
03138625537
03138625313
03138629531
03138624003
03138623023
03138622023
03138622584
03138625625
03138621089
03138627442
03138621727
03138626333
03138627255
03138627456
03138629139
03138622296
03138621919
03138625964
03138624148
03138627892
03138621095
03138622650
03138628208
03138622994
03138627669
03138627162
03138628655
03138621215
03138626174
03138629207
03138621993
03138628753
03138629661
03138629550
03138621397
03138623322
03138629247
03138622654
03138626117
03138627243
03138629972
03138625892
03138623850
03138625023
03138627055
03138625502
03138627728
03138622084
03138624227
03138624462
03138623984
03138626933
03138626823
03138627547
03138627153
03138627678
03138621383
03138622133
03138624646
03138624833
03138627887
03138625115
03138625335
03138625189
03138626481
03138623048
03138624047
03138626512
03138627786
03138624930
03138624914
03138626115
03138626139
03138628119
03138621556
03138622721
03138624597
03138623070
03138626096
03138622669
03138624626
03138621818
03138622897
03138623726
03138623408
03138621964
03138621196
03138628876
03138625728
03138629756
03138625041
03138626158
03138623325
03138621789
03138625423
03138623776
03138628999
03138628050
03138623429
03138623633
03138627910
03138622367
03138629306
03138624693
03138625517
03138624378
03138623717
03138626489
03138626382
03138623623
03138625397
03138629395
03138629965
03138621280
03138623139
03138627245
03138622819
03138624847
03138623235
03138629978
03138628330
03138627435
03138623360
03138624255
03138621464
03138627808
03138623992
03138629989
03138628612
03138621667
03138624111
03138626983
03138621931
03138628235
03138624365
03138627240
03138622402
03138628026
03138627100
03138624132
03138621455
03138624400
03138626282
03138625523
03138627026
03138629367
03138626676
03138621549
03138623868
03138623150
03138625539
03138623562
03138624206
03138629123
03138623725
03138622422
03138629590
03138627138
03138627291
03138626960
03138623011
03138625353
03138621764
03138624747
03138624302
03138622778
03138628592
03138625198
03138627490
03138626352
03138624540
03138622704
03138628667
03138627796
03138622619
03138624380
03138629113
03138626818
03138625792
03138628265
03138623204
03138626835
03138621921
03138629648
03138625519
03138622530
03138622043
03138622561
03138629960
03138621178
03138626263
03138626153
03138628476
03138623400
03138625048
03138628748
03138622921
03138628636
03138625245
03138629008
03138621765
03138621832
03138622421
03138624800
03138624198
03138621831
03138627070
03138624256
03138625832
03138621982
03138624964
03138622461
03138626872
03138626517
03138627124
03138622064
03138621330
03138626978
03138623522
03138627538
03138623529
03138621507
03138621041
03138629101
03138627948
03138624821
03138621347
03138625278
03138622915
03138622120
03138621957
03138628396
03138625196
03138628613
03138628244
03138626792
03138623526
03138628293
03138628431
03138627880
03138621889
03138621866
03138624782
03138629477
03138624677
03138627436
03138621565
03138621990
03138628333
03138628354
03138626705
03138622026
03138624250
03138621958
03138621067
03138626577
03138623021
03138624617
03138621752
03138622528
03138626178
03138629319
03138627414
03138626624
03138624858
03138625229
03138625770
03138625823
03138621546
03138621193
03138626303
03138626094
03138623629
03138629930
03138628519
03138622148
03138624859
03138624526
03138628498
03138622281
03138627488
03138623559
03138625802
03138625366
03138627918
03138621847
03138628480
03138625243
03138626259
03138628799
03138622430
03138623225
03138627483
03138625730
03138622209
03138625835
03138629998
03138621244
03138621989
03138622179
03138624246
03138627040
03138628220
03138625888
03138626059
03138623371
03138624440
03138624891
03138627041
03138627260
03138625709
03138621661
03138627193
03138625765
03138626541
03138625167
03138627382
03138622308
03138623538
03138625297
03138629227
03138629035
03138629946
03138623939
03138625600
03138621110
03138622884
03138627097
03138627563
03138626182
03138625319
03138623675
03138627213
03138622397
03138627913
03138621061
03138627638
03138629912
03138627407
03138629518
03138624367
03138628824
03138623120
03138621743
03138629897
03138626674
03138627909
03138622199
03138626083
03138625033
03138621210
03138624754
03138629848
03138623780
03138626580
03138628159
03138628166
03138622536
03138629971
03138621627
03138621044
03138624420
03138621233
03138626212
03138627989
03138629399
03138629334
03138625422
03138626299
03138622624
03138624977
03138622604
03138629205
03138624146
03138625117
03138629339
03138629332
03138628681
03138627360
03138625046
03138623544
03138623488
03138624827
03138624281
03138628803
03138624266
03138622470
03138622092
03138628840
03138623188
03138629932
03138625261
03138626714
03138621094
03138628649
03138623714
03138629396
03138628061
03138628894
03138624748
03138624492
03138626883
03138628322
03138628675
03138628133
03138625354
03138627239
03138622688
03138626134
03138628174
03138629406
03138629236
03138624348
03138621942
03138621609
03138622594
03138622020
03138626621
03138629147
03138624612
03138628232
03138623440
03138625159
03138622124
03138622771
03138626379
03138627438
03138627756
03138621742
03138627761
03138623728
03138629197
03138626815
03138625819
03138621098
03138621491
03138621418
03138624696
03138625213
03138627112
03138627969
03138628867
03138622093
03138622892
03138624186
03138627177
03138621519
03138621672
03138624887
03138627045
03138627996
03138623444
03138629005
03138627823
03138628845
03138623638
03138621446
03138624353
03138621731
03138623448
03138625095
03138622001
03138629241
03138626649
03138623082
03138626819
03138624896
03138627749
03138622571
03138622847
03138627772
03138621940
03138628451
03138629940
03138626287
03138626006
03138622316
03138622889
03138623306
03138626911
03138623412
03138622070
03138621173
03138625763
03138624450
03138626292
03138628374
03138626124
03138624912
03138626579
03138625699
03138624452
03138628070
03138623651
03138626794
03138627771
03138621140
03138623185
03138623512
03138623830
03138624759
03138629470
03138626807
03138629196
03138622911
03138628397
03138621480
03138625028
03138621516
03138627189
03138627390
03138622878
03138622098
03138629717
03138624464
03138622087
03138627479
03138629823
03138622980
03138621399
03138625885
03138624982
03138623749
03138629672
03138627279
03138627370
03138624209
03138625921
03138628262
03138623795
03138628808
03138625005
03138627838
03138627108
03138625432
03138628500
03138626698
03138626679
03138625476
03138627168
03138622407
03138628348
03138629039
03138629675
03138623743
03138623733
03138627059
03138628971
03138627604
03138627077
03138626715
03138628779
03138623752
03138627981
03138628051
03138627511
03138621664
03138625760
03138622738
03138624755
03138629472
03138624808
03138625323
03138628303
03138622220
03138626186
03138621441
03138626024
03138629621
03138629610
03138629962
03138621707
03138623794
03138628237
03138625923
03138627020
03138624733
03138622078
03138625465
03138623545
03138623210
03138625718
03138629459
03138627338
03138627889
03138622054
03138623833
03138629815
03138621235
03138621283
03138627487
03138626232
03138624068
03138627895
03138624150
03138628425
03138623176
03138627349
03138622041
03138623324
03138624753
03138629532
03138622706
03138621631
03138621887
03138626318
03138621991
03138622239
03138622017
03138628850
03138626408
03138625296
03138622600
03138629866
03138624705
03138626472
03138621260
03138624601
03138626739
03138625647
03138627805
03138626439
03138622932
03138622480
03138625311
03138624560
03138624529
03138626054
03138622115
03138625480
03138628458
03138625487
03138622712
03138624010
03138626898
03138626160
03138627781
03138622986
03138628088
03138627235
03138629378
03138624623
03138624864
03138626224
03138622490
03138628918
03138623401
03138621301
03138622888
03138623260
03138628421
03138623793
03138624052
03138623392
03138623029
03138624789
03138621844
03138624631
03138623036
03138626775
03138623083
03138628708
03138629725
03138627519
03138625566
03138625543
03138626722
03138624159
03138622066
03138624356
03138625595
03138626669
03138627018
03138621297
03138624983
03138628869
03138627580
03138625019
03138629933
03138624445
03138627269
03138626277
03138621263
03138628727
03138623163
03138629529
03138629501
03138629772
03138627276
03138625948
03138629713
03138628967
03138624422
03138625265
03138627362
03138624816
03138628123
03138623863
03138622899
03138623842
03138624152
03138624943
03138627496
03138623053
03138622007
03138624949
03138623996
03138629832
03138625717
03138623667
03138625741
03138624304
03138625878
03138625190
03138627318
03138626360
03138628153
03138622114
03138624128
03138627334
03138627028
03138622629
03138626814
03138625734
03138626155
03138626154
03138626974
03138628291
03138625630
03138626568
03138629755
03138625339
03138624339
03138627481
03138626494
03138626790
03138622089
03138628878
03138622803
03138623088
03138626853
03138623611
03138625908
03138629724
03138624489
03138621918
03138624905
03138629365
03138624709
03138626952
03138624373
03138623872
03138629865
03138627290
03138623870
03138623775
03138624065
03138624393
03138629577
03138622542
03138623844
03138626561
03138623903
03138623846
03138623420
03138624267
03138627379
03138621926
03138628659
03138625493
03138623383
03138628611
03138626543
03138625658
03138627525
03138625327
03138624811
03138621837
03138627192
03138623869
03138622523
03138625097
03138626685
03138624438
03138622467
03138626744
03138628223
03138627949
03138622825
03138628078
03138625894
03138627609
03138623251
03138627849
03138621928
03138625063
03138629637
03138623612
03138621445
03138623197
03138621328
03138623236
03138622642
03138623887
03138621560
03138623223
03138624881
03138627975
03138625208
03138621365
03138624340
03138626589
03138625608
03138625857
03138629105
03138626386
03138624411
03138621922
03138623871
03138623962
03138623952
03138629855
03138622876
03138628800
03138621878
03138629482
03138625952
03138628495
03138624270
03138626953
03138629733
03138626300
03138622626
03138628948
03138624903
03138623304
03138622732
03138629813
03138627051
03138629059
03138627860
03138627398
03138625162
03138624376
03138628238
03138623142
03138622500
03138621105
03138622086
03138628583
03138627555
03138623220
03138622647
03138621443
03138626432
03138629092
03138622362
03138624073
03138628921
03138625610
03138623572
03138624049
03138628719
03138627804
03138627953
03138625284
03138625075
03138628209
03138622849
03138628379
03138622233
03138625591
03138624671
03138623744
03138621121
03138625174
03138623506
03138628459
03138623630
03138627795
03138622879
03138625258
03138623702
03138627231
03138628292
03138623668
03138627344
03138628809
03138626397
03138627876
03138627263
03138622458
03138625090
03138623805
03138629750
03138626032
03138623175
03138622665
03138624437
03138629824
03138623472
03138629413
03138621690
03138621076
03138622829
03138621114
03138629316
03138627191
03138627626
03138627789
03138621453
03138625357
03138624565
03138623854
03138625107
03138628912
03138626799
03138624194
03138622261
03138626255
03138621442
03138628353
03138627246
03138623122
03138623826
03138623698
03138623281
03138629539
03138629642
03138626887
03138623177
03138628279
03138627295
03138626424
03138622526
03138625527
03138628754
03138625316
03138621216
03138627449
03138626221
03138625588
03138628373
03138625914
03138623287
03138622974
03138621903
03138621748
03138628638
03138621015
03138625827
03138621299
03138627714
03138627616
03138626070
03138622365
03138623317
03138625344
03138626612
03138626665
03138623568
03138627117
03138627641
03138621622
03138626045
03138629559
03138621074
03138625255
03138628013
03138627141
03138627298
03138624832
03138623789
03138628281
03138625785
03138628203
03138628029
03138628987
03138622234
03138625317
03138621318
03138629521
03138622174
03138624649
03138625692
03138624071
03138629469
03138626057
03138626625
03138625732
03138626198
03138628310
03138625472
03138623077
03138625510
03138621248
03138626778
03138624021
03138622197
03138624915
03138621001
03138625847
03138624382
03138624691
03138626362
03138627664
03138624815
03138626338
03138627021
03138629878
03138623299
03138624484
03138622603
03138624414
03138625252
03138624471
03138628680
03138621518
03138627683
03138622765
03138628639
03138629347
03138628959
03138628529
03138624312
03138629898
03138624398
03138623250
03138629030
03138622942
03138628939
03138628447
03138626490
03138625929
03138626366
03138628802
03138624920
03138621415
03138625775
03138625905
03138621980
03138628665
03138625695
03138624865
03138624383
03138621533
03138626592
03138628730
03138622952
03138626770
03138629154
03138627402
03138624740
03138622856
03138623010
03138623476
03138627167
03138622982
03138626021
03138621265
03138621738
03138627199
03138622996
03138629647
03138624585
03138626846
03138622964
03138621047
03138625583
03138629500
03138622685
03138622702
03138629441
03138627987
03138629425
03138621494
03138622103
03138623785
03138626663
03138624345
03138623278
03138623991
03138622567
03138621195
03138626987
03138624272
03138621935
03138624002
03138622224
03138625067
03138627226
03138625704
03138623027
03138627544
03138622304
03138622672
03138621460
03138622437
03138627222
03138623779
03138621289
03138627764
03138626051
03138628312
03138628428
03138628286
03138624093
03138623358
03138629586
03138625238
03138623606
03138626030
03138628735
03138625682
03138628482
03138629463
03138623929
03138626253
03138623145
03138625197
03138625686
03138628048
03138628966
03138623377
03138621734
03138628552
03138629804
03138629370
03138624648
03138628110
03138622483
03138629429
03138626296
03138623333
03138624207
03138623865
03138626239
03138623571
03138627826
03138625078
03138623366
03138622837
03138626175
03138627202
03138621778
03138625392
03138625564
03138627721
03138626504
03138629489
03138624995
03138627643
03138629800
03138624292
03138629646
03138625068
03138624396
03138628884
03138628814
03138623520
03138629221
03138622069
03138623187
03138625687
03138627732
03138622475
03138627495
03138624134
03138623892
03138625918
03138622652
03138627271
03138621722
03138629808
03138628941
03138623697
03138624115
03138629216
03138627170
03138625464
03138628607
03138626280
03138624666
03138621561
03138626150
03138624628
03138628277
03138627686
03138624996
03138629678
03138629779
03138625079
03138627356
03138625138
03138623906
03138623909
03138625141
03138623190
03138624129
03138626754
03138629886
03138625668
03138629956
03138629953
03138628283
03138623402
03138626500
03138625478
03138624536
03138625368
03138627307
03138626195
03138623944
03138627317
03138626365
03138621360
03138623417
03138623864
03138624423
03138627400
03138625185
03138629712
03138625199
03138629373
03138626010
03138626821
03138626506
03138627341
03138627928
03138629183
03138623757
03138628569
03138622556
03138626841
03138626265
03138622912
03138629634
03138628314
03138626445
03138627294
03138629029
03138624538
03138626009
03138628217
03138621143
03138623160
03138628200
03138625722
03138621393
03138627639
03138625779
03138629614
03138623609
03138626180
03138623619
03138625303
03138628755
03138621042
03138626116
03138621611
03138627636
03138621855
03138627762
03138621820
03138624607
03138626638
03138621570
03138621325
03138627249
03138629654
03138626089
03138628883
03138627355
03138629282
03138629420
03138628359
03138626136
03138626298
03138625890
03138625490
03138627598
03138627814
03138624360
03138625560
03138624403
03138624791
03138628934
03138626400
03138623307
03138621172
03138621547
03138622399
03138623711
03138624139
03138625272
03138627396
03138625444
03138625363
03138621795
03138625125
03138624343
03138622519
03138629836
03138628861
03138621960
03138626631
03138624318
03138626556
03138623901
03138629003
03138625661
03138629298
03138625977
03138625865
03138624837
03138627672
03138628785
03138628534
03138628812
03138621045
03138628837
03138623729
03138628413
03138627753
03138629206
03138621279
03138624965
03138628189
03138629129
03138622271
03138624190
03138628453
03138628544
03138628944
03138621501
03138629050
03138624763
03138625875
03138622497
03138628112
03138624528
03138622707
03138622902
03138628566
03138622232
03138626262
03138629143
03138628158
03138624886
03138629069
03138629213
03138627008
03138627878
03138623649
03138625915
03138628531
03138626395
03138621692
03138623091
03138624016
03138623521
03138629323
03138623386
03138626403
03138627799
03138626791
03138626275
03138627451
03138623681
03138624326
03138625768
03138628443
03138628260
03138627002
03138626203
03138623406
03138622541
03138626729
03138621505
03138629920
03138628095
03138627846
03138628122
03138622693
03138621936
03138628836
03138623893
03138623585
03138629709
03138624143
03138623600
03138629199
03138621610
03138622359
03138624806
03138627857
03138624162
03138624563
03138624947
03138623978
03138625530
03138622913
03138629988
03138627083
03138622568
03138623237
03138623228
03138628522
03138628888
03138622029
03138629860
03138627330
03138623639
03138628794
03138627576
03138622250
03138622106
03138624208
03138627632
03138626828
03138623867
03138623144
03138622392
03138629072
03138626510
03138626409
03138623993
03138626966
03138622411
03138627532
03138629181
03138627452
03138628932
03138629104
03138623462
03138627809
03138624566
03138621530
03138622903
03138629374
03138625499
03138627292
03138627430
03138629894
03138629891
03138623264
03138625696
03138621246
03138623143
03138626184
03138628768
03138629464
03138621473
03138627281
03138628077
03138623118
03138625026
03138623597
03138622196
03138626031
03138625868
03138622997
03138627432
03138627250
03138626416
03138626082
03138625727
03138622356
03138624031
03138624245
03138624950
03138621689
03138623514
03138625956
03138626597
03138628254
03138629784
03138628269
03138623792
03138621914
03138621166
03138622213
03138621303
03138628546
03138622350
03138629087
03138622077
03138626509
03138626958
03138626268
03138626297
03138628054
03138621862
03138621685
03138629117
03138627596
03138621135
03138621804
03138623326
03138621655
03138626435
03138621598
03138623951
03138623578
03138629857
03138628206
03138621389
03138629077
03138622324
03138628140
03138626980
03138621615
03138624204
03138626507
03138628942
03138622471
03138624517
03138628031
03138629299
