03215436424
03215885423
03215506485
03215960564
03215917591
03215288971
03215403429
03215298582
03215902938
03215883806
03215594521
03215688619
03215479410
03215152505
03215288128
03215547203
03215466232
03215944392
03215303280
03215668975
03215408827
03215501434
03215826552
03215719395
03215612641
03215774332
03215543322
03215361896
03215185178
03215808424
03215135729
03215775487
03215323839
03215532017
03215462810
03215932933
03215293155
03215347662
03215983759
03215483230
03215291881
03215269187
03215430235
03215615302
03215728150
03215980696
03215351699
03215783961
03215307542
03215270607
03215394457
03215887560
03215383988
03215679933
03215241169
03215304949
03215514639
03215860106
03215936686
03215717760
03215458792
03215913131
03215155571
03215620488
03215825317
03215614270
03215173076
03215596729
03215319520
03215524450
03215377094
03215407573
03215232246
03215396316
03215104092
03215884491
03215793635
03215191623
03215577934
03215877635
03215537817
03215741271
03215718774
03215436279
03215504419
03215252999
03215469120
03215623123
03215355194
03215283493
03215193805
03215971443
03215702170
03215572579
03215360207
03215526381
03215169690
03215134466
03215673877
03215532262
03215510465
03215620023
03215151742
03215283617
03215137076
03215420458
03215721003
03215668482
03215358752
03215840125
03215537564
03215717520
03215194357
03215719291
03215116068
03215746495
03215361271
03215121090
03215554017
03215850400
03215901326
03215124079
03215424872
03215401921
03215311911
03215433427
03215665241
03215408243
03215743168
03215863939
03215666333
03215186511
03215925814
03215884396
03215927079
03215969382
03215914909
03215622253
03215748116
03215954640
03215996442
03215443368
03215656241
03215253922
03215507813
03215853288
03215244139
03215779886
03215808419
03215119860
03215224537
03215630936
03215488565
03215495944
03215113301
03215858744
03215735155
03215108547
03215287576
03215950508
03215673624
03215793477
03215231672
03215819416
03215391888
03215206180
03215931763
03215102283
03215946686
03215680710
03215382199
03215170949
03215894107
03215458623
03215189288
03215885355
03215599824
03215729792
03215744079
03215441796
03215555575
03215437248
03215388451
03215813778
03215110637
03215179754
03215513706
03215460540
03215951399
03215346411
03215982617
03215202736
03215499967
03215960470
03215416530
03215807195
03215188096
03215122253
03215684250
03215463107
03215815233
03215731102
03215687794
03215841047
03215649924
03215117885
03215350683
03215367163
03215929544
03215609390
03215452270
03215356228
03215843220
03215281251
03215418057
03215641742
03215995286
03215979523
03215334298
03215399581
03215968213
03215394140
03215398812
03215176821
03215924885
03215183293
03215922597
03215555983
03215319542
03215871325
03215974140
03215573217
03215422843
03215338706
03215863782
03215362253
03215833514
03215695250
03215979247
03215593345
03215703582
03215169245
03215954832
03215135279
03215780768
03215770039
03215480511
03215688963
03215483584
03215480934
03215331521
03215719580
03215446907
03215251111
03215921466
03215192999
03215167389
03215444566
03215373561
03215289847
03215580945
03215382087
03215270003
03215922962
03215858407
03215687720
03215554275
03215279489
03215161772
03215284272
03215355050
03215346508
03215374867
03215346443
03215695230
03215970053
03215141828
03215785944
03215839031
03215182361
03215490556
03215751154
03215703262
03215891799
03215612670
03215440786
03215640514
03215527860
03215534681
03215679512
03215303498
03215466751
03215321494
03215899242
03215276871
03215215763
03215201021
03215527191
03215199311
03215125884
03215985013
03215344712
03215100463
03215555881
03215913890
03215222946
03215119375
03215302737
03215587616
03215450815
03215398583
03215891531
03215177720
03215171808
03215155145
03215795920
03215941605
03215838702
03215521258
03215756411
03215820369
03215666995
03215879691
03215373736
03215108332
03215938183
03215771142
03215570180
03215638009
03215655170
03215291244
03215966398
03215766141
03215358549
03215791335
03215526896
03215417567
03215408485
03215231943
03215852683
03215429962
03215721522
03215860061
03215121726
03215297127
03215274158
03215362319
03215442899
03215305514
03215318017
03215273343
03215220772
03215182145
03215805557
03215284762
03215348233
03215253957
03215812805
03215743413
03215600286
03215211321
03215405666
03215796595
03215884816
03215311805
03215103690
03215347926
03215588425
03215575100
03215218685
03215811523
03215943773
03215386810
03215649416
03215751652
03215296021
03215275690
03215649236
03215848344
03215660884
03215448124
03215570563
03215874642
03215721338
03215132804
03215977985
03215324754
03215829676
03215510200
03215454395
03215325130
03215292543
03215389341
03215902242
03215717088
03215742916
03215409248
03215238372
03215418746
03215206641
03215698817
03215502305
03215721414
03215537115
03215751941
03215550437
03215957542
03215711390
03215434021
03215590466
03215970885
03215287673
03215610440
03215500641
03215178807
03215486768
03215114097
03215876610
03215623726
03215324285
03215459109
03215906680
03215225177
03215746993
03215753371
03215943795
03215705207
03215161314
03215636270
03215302592
03215926163
03215361435
03215475680
03215353044
03215502762
03215230577
03215959762
03215496852
03215613740
03215858521
03215379168
03215460046
03215931357
03215807299
03215106648
03215242275
03215875850
03215922479
03215124275
03215542136
03215582914
03215374531
03215814734
03215311938
03215347182
03215998570
03215606642
03215252334
03215680842
03215272706
03215373903
03215287874
03215926238
03215134759
03215147596
03215676045
03215256190
03215916847
03215126874
03215710544
03215600587
03215527511
03215765130
03215815636
03215946071
03215837147
03215462932
03215154696
03215238834
03215511995
03215760455
03215343249
03215986903
03215432483
03215538310
03215190824
03215883395
03215353120
03215244517
03215932897
03215585814
03215172171
03215886635
03215881061
03215971888
03215199805
03215666288
03215625288
03215456039
03215663986
03215442608
03215287222
03215546807
03215531546
03215769495
03215789402
03215526146
03215861907
03215527419
03215701472
03215939334
03215702276
03215609285
03215485220
03215372795
03215957198
03215563726
03215882356
03215777647
03215522246
03215592959
03215929001
03215865258
03215368253
03215954891
03215572545
03215424082
03215135166
03215887209
03215322916
03215989874
03215251088
03215644016
03215351849
03215583625
03215455115
03215406751
03215551943
03215143357
03215644752
03215185162
03215941726
03215269612
03215485393
03215714584
03215293493
03215130714
03215573683
03215886339
03215427836
03215764975
03215953848
03215602544
03215987489
03215904236
03215421148
03215571255
03215461325
03215437825
03215392252
03215814263
03215616418
03215712401
03215358197
03215841203
03215930533
03215980101
03215427240
03215370895
03215462829
03215378889
03215948206
03215743838
03215123283
03215595646
03215882860
03215240306
03215279052
03215293367
03215313525
03215436576
03215562038
03215486112
03215690168
03215749304
03215679388
03215835496
03215705532
03215252500
03215370899
03215325308
03215557210
03215127196
03215873380
03215272546
03215200180
03215146443
03215515444
03215965007
03215386086
03215858705
03215864205
03215308590
03215538288
03215330948
03215182273
03215144457
03215318647
03215500737
03215179841
03215150362
03215872084
03215151035
03215271642
03215891358
03215300712
03215393274
03215535399
03215372211
03215673357
03215695706
03215372939
03215797975
03215755664
03215366925
03215992144
03215167082
03215921132
03215597031
03215100026
03215684526
03215890598
03215174969
03215370798
03215495677
03215504547
03215908344
03215561074
03215933852
03215870161
03215145467
03215406848
03215255111
03215722345
03215308822
03215780748
03215753168
03215980044
03215592795
03215712728
03215309935
03215485766
03215270155
03215782624
03215964023
03215175767
03215326503
03215333654
03215258708
03215553331
03215772057
03215466508
03215381043
03215716388
03215929913
03215897596
03215463867
03215112282
03215761853
03215502777
03215652508
03215631587
03215500552
03215644579
03215784364
03215211396
03215413913
03215941088
03215387297
03215374591
03215404832
03215108739
03215100643
03215713052
03215540523
03215732576
03215509804
03215607349
03215536506
03215886758
03215853516
03215483053
03215255837
03215619861
03215592434
03215850834
03215855572
03215949191
03215128927
03215600446
03215548082
03215982988
03215413722
03215638567
03215282072
03215319443
03215170166
03215266906
03215115106
03215919741
03215317619
03215549095
03215384760
03215976211
03215607649
03215829270
03215184543
03215490328
03215731290
03215602478
03215154503
03215966270
03215765749
03215778070
03215388742
03215385739
03215191929
03215360562
03215558341
03215991896
03215875308
03215786851
03215826508
03215421843
03215695016
03215462075
03215430980
03215221079
03215562410
03215242898
03215492242
03215616765
03215569139
03215304421
03215163919
03215643650
03215984785
03215671029
03215458863
03215397637
03215997968
03215393578
03215647973
03215860497
03215264573
03215930701
03215784426
03215754544
03215361399
03215325723
03215673786
03215597908
03215265408
03215554367
03215912632
03215367194
03215753562
03215269248
03215168879
03215359579
03215662261
03215349504
03215196610
03215473648
03215919205
03215224822
03215742089
03215207144
03215338998
03215887312
03215533033
03215477671
03215788883
03215432930
03215405126
03215601577
03215166406
03215290378
03215777984
03215167921
03215737697
03215255366
03215243416
03215630635
03215500384
03215898511
03215654368
03215917466
03215189614
03215228757
03215638388
03215731317
03215667212
03215451363
03215386849
03215345368
03215705878
03215867831
03215415546
03215474087
03215792689
03215196115
03215809025
03215832478
03215149241
03215865589
03215765617
03215587155
03215978870
03215390895
03215191657
03215924563
03215953194
03215843013
03215418820
03215326311
03215652806
03215134992
03215684630
03215969845
03215343419
03215248913
03215150495
03215701613
03215737913
03215595680
03215214728
03215821038
03215584499
03215735647
03215300090
03215322151
03215781278
03215450726
03215434519
03215691359
03215940041
03215206562
03215888751
03215330310
03215210743
03215837861
03215446730
03215806753
03215573074
03215498168
03215543835
03215926547
03215379567
03215389529
03215732839
03215730916
03215504242
03215449269
03215947201
03215658530
03215130864
03215411327
03215269909
03215550888
03215766117
03215394370
03215655248
03215891567
03215602411
03215312860
03215502467
03215408494
03215727461
03215260278
03215712765
03215928429
03215795878
03215639535
03215132675
03215411052
03215703764
03215894859
03215164839
03215670893
03215894490
03215204931
03215346117
03215567250
03215591235
03215277036
03215487317
03215935168
03215528714
03215936653
03215337863
03215564193
03215816372
03215182612
03215555162
03215204341
03215260213
03215995701
03215135341
03215199086
03215119289
03215676764
03215804410
03215935037
03215864706
03215316594
03215536149
03215954765
03215236004
03215246488
03215172397
03215879994
03215871626
03215189439
03215309131
03215324316
03215501010
03215921176
03215694631
03215325109
03215184051
03215991775
03215458015
03215316302
03215228439
03215148602
03215690518
03215904625
03215101809
03215535551
03215695404
03215669352
03215762840
03215656198
03215412329
03215684862
03215951168
03215699163
03215282226
03215764255
03215457868
03215692567
03215626933
03215873481
03215230845
03215193165
03215224389
03215494690
03215214165
03215504454
03215794180
03215492713
03215812634
03215477022
03215789365
03215307710
03215806163
03215545486
03215341862
03215344442
03215176222
03215103796
03215639779
03215561476
03215354977
03215623494
03215816148
03215970008
03215616567
03215625945
03215901824
03215227519
03215382774
03215689369
03215354958
03215917756
03215497352
03215680235
03215607119
03215321386
03215190949
03215291462
03215176638
03215950205
03215179175
03215622964
03215684571
03215643458
03215271900
03215153677
03215940363
03215693668
03215113425
03215516345
03215523137
03215233702
03215669369
03215838187
03215600895
03215678542
03215244156
03215887887
03215168234
03215590888
03215585115
03215476876
03215406590
03215310922
03215952751
03215888406
03215661626
03215463468
03215985272
03215812334
03215463140
03215611270
03215175802
03215131577
03215326550
03215344666
03215472268
03215961461
03215533851
03215886720
03215866429
03215166231
03215121256
03215248386
03215659164
03215928576
03215303062
03215123227
03215585750
03215365090
03215702299
03215216373
03215373648
03215690706
03215383494
03215105543
03215278736
03215230199
03215531072
03215710803
03215770561
03215662385
03215600364
03215546965
03215917606
03215543220
03215695966
03215629427
03215590155
03215540161
03215144690
03215831495
03215640020
03215388969
03215582285
03215534891
03215945825
03215682210
03215689106
03215877390
03215246179
03215473502
03215784157
03215757928
03215635843
03215961172
03215366724
03215682724
03215303651
03215796350
03215335356
03215455428
03215350694
03215190287
03215996779
03215478975
03215381611
03215159623
03215759841
03215427261
03215956322
03215313826
03215112143
03215676211
03215228958
03215859210
03215743473
03215716573
03215696451
03215695307
03215144544
03215848861
03215893171
03215811919
03215188882
03215816207
03215789036
03215281762
03215582047
03215329241
03215946702
03215747611
03215793805
03215204804
03215689261
03215480800
03215449732
03215392190
03215103309
03215153280
03215786201
03215922368
03215261844
03215921067
03215932352
03215361359
03215107945
03215528970
03215776633
03215217698
03215650151
03215986273
03215608344
03215651805
03215486495
03215433732
03215457523
03215378367
03215807896
03215662768
03215592574
03215877861
03215177793
03215566214
03215318337
03215471407
03215539696
03215378409
03215293741
03215324382
03215593141
03215542027
03215358342
03215926492
03215759851
03215972104
03215879566
03215827523
03215708262
03215260066
03215505129
03215364349
03215679090
03215960429
03215139267
03215141999
03215718309
03215255529
03215584294
03215440541
03215560705
03215908340
03215744575
03215163824
03215911447
03215366138
03215636537
03215989273
03215398223
03215923957
03215325768
03215393132
03215293463
03215560002
03215673880
03215485418
03215498801
03215980373
03215954505
03215332508
03215372731
03215813444
03215418929
03215426947
03215176338
03215753098
03215284167
03215355132
03215222375
03215740088
03215152599
03215981322
03215450001
03215181917
03215596026
03215513428
03215784501
03215270793
03215106906
03215440391
03215353321
03215567297
03215848536
03215158307
03215581649
03215537858
03215572563
03215603921
03215486035
03215228197
03215535608
03215931130
03215744895
03215862257
03215939190
03215866683
03215883439
03215705106
03215701581
03215585680
03215240532
03215843461
03215378084
03215424762
03215985372
03215195871
03215882781
03215265825
03215373052
03215481893
03215353996
03215327801
03215594791
03215702517
03215817273
03215649812
03215136167
03215666563
03215753124
03215914392
03215250786
03215851131
03215198399
03215574237
03215917818
03215188285
03215565686
03215738810
03215767641
03215326764
03215987956
03215780222
03215503796
03215113096
03215587191
03215408049
03215603254
03215166481
03215269783
03215558078
03215679287
03215380363
03215585194
03215538881
03215288648
03215225818
03215449512
03215573969
03215331869
03215929068
03215127297
03215226721
03215226362
03215411134
03215278053
03215694496
03215496028
03215202011
03215634242
03215297966
03215155128
03215366040
03215322727
03215814568
03215198721
03215704176
03215728118
03215586642
03215644609
03215692708
03215171844
03215818035
03215989043
03215378936
03215899636
03215563097
03215837996
03215687040
03215318129
03215752795
03215656086
03215652924
03215277074
03215886734
03215176056
03215129996
03215908758
03215670453
03215923835
03215381320
03215225234
03215219153
03215216154
03215474080
03215803867
03215521641
03215989148
03215721394
03215510659
03215745226
03215284458
03215434588
03215408326
03215422091
03215899116
03215794859
03215932930
03215364014
03215979837
03215402333
03215709953
03215246720
03215161643
03215921646
03215817442
03215886564
03215598122
03215154550
03215916189
03215576837
03215768873
03215790523
03215592800
03215769889
03215162782
03215425556
03215759230
03215316354
03215697891
03215596734
03215242135
03215910859
03215791547
03215218336
03215222197
03215478407
03215753965
03215230879
03215113899
03215737523
03215703757
03215976633
03215401483
03215822901
03215509200
03215969433
03215312436
03215882220
03215704199
03215102584
03215123272
03215356108
03215829037
03215707620
03215665715
03215264353
03215815525
03215652201
03215736334
03215369302
03215173699
03215249309
03215383102
03215160198
03215799094
03215455173
03215943307
03215699449
03215339034
03215132599
03215367242
03215178666
03215873080
03215792239
03215389039
03215769899
03215260689
03215193348
03215113120
03215877010
03215612155
03215595307
03215473462
03215886026
03215552620
03215957843
03215662881
03215101763
03215494544
03215744596
03215563823
03215656098
03215727323
03215662702
03215710105
03215514259
03215369129
03215182771
03215365164
03215969985
03215756029
03215315457
03215650371
03215834540
03215873476
03215875314
03215391512
03215542986
03215256182
03215296689
03215435504
03215654002
03215909639
03215274172
03215717272
03215371247
03215390686
03215741605
03215676153
03215872698
03215296055
03215614843
03215216982
03215370657
03215107197
03215550583
03215679088
03215743991
03215694238
03215246990
03215625321
03215717433
03215570569
03215431451
03215249385
03215679144
03215617255
03215710250
03215951558
03215488414
03215267133
03215220593
03215108741
03215388530
03215992833
03215143012
03215978442
03215441166
03215689011
03215939149
03215883331
03215617558
03215808560
03215504656
03215938429
03215840928
03215863897
03215512191
03215602451
03215188513
03215192206
03215703603
03215285820
03215121861
03215711542
03215659075
03215320584
03215921139
03215807640
03215347709
03215996388
03215991594
03215261916
03215718666
03215557750
03215536075
03215765548
03215253071
03215557979
03215686171
03215834101
03215551167
03215395923
03215631827
03215870583
03215577873
03215678826
03215869322
03215976222
03215664682
03215916534
03215684927
03215707012
03215266900
03215782090
03215630113
03215618565
03215962192
03215211761
03215687818
03215621170
03215816966
03215242740
03215219762
03215283178
03215327821
03215746642
03215349379
03215630533
03215342509
03215358105
03215152436
03215889897
03215490034
03215840958
03215380071
03215451262
03215833478
03215831417
03215683027
03215964307
03215946953
03215345381
03215850737
03215514925
03215498648
03215470981
03215927865
03215871909
03215339405
03215708104
03215335132
03215459063
03215586144
03215759839
03215229580
03215315302
03215401546
03215702130
03215558429
03215532491
03215817114
03215531116
03215425941
03215700887
03215250042
03215167302
03215128713
03215380343
03215656862
03215870012
03215897358
03215186023
03215432440
03215812896
03215247994
03215878397
03215702667
03215274902
03215486195
03215813030
03215181792
03215479377
03215787341
03215746069
03215921007
03215865118
03215601837
03215367724
03215562760
03215244822
03215786951
03215501247
03215983808
03215770093
03215677823
03215900303
03215743195
03215959062
03215703313
03215353794
03215183604
03215437774
03215273040
03215153703
03215946943
03215981585
03215436904
03215698879
03215427228
03215719461
03215635321
03215638599
03215954817
03215329034
03215302184
03215778505
03215637066
03215625189
03215110407
03215684775
03215398817
03215829087
03215175287
03215108304
03215374599
03215742999
03215853967
03215478478
03215125582
03215603737
03215308295
03215647966
03215711414
03215126695
03215620252
03215930820
03215863881
03215817594
03215714717
03215781786
03215398300
03215932069
03215434106
03215815275
03215348788
03215598118
03215688120
03215180557
03215259692
03215558414
03215327367
03215588265
03215754885
03215117855
03215806297
03215328600
03215674034
03215329234
03215865494
03215156843
03215926157
03215646522
03215681068
03215590769
03215928379
03215158253
03215706246
03215230220
03215807594
03215395689
03215902988
03215897018
03215741181
03215293028
03215676055
03215776480
03215673409
03215412231
03215865889
03215980928
03215956529
03215813954
03215602219
03215189846
03215764965
03215385482
03215916292
03215241457
03215399244
03215168753
03215667720
03215759740
03215360001
03215750819
03215931677
03215685276
03215754368
03215220836
03215997979
03215276148
03215274355
03215192084
03215744611
03215989539
03215665594
03215621366
03215634240
03215919539
03215344298
03215104026
03215986695
03215759058
03215891106
03215341937
03215124274
03215769130
03215295138
03215651105
03215836416
03215294503
03215374424
03215202160
03215788003
03215748838
03215566647
03215191867
03215488816
03215111127
03215724208
03215496845
03215945644
03215409704
03215503159
03215373108
03215840201
03215678005
03215255975
03215989098
03215708190
03215921469
03215698580
03215995310
03215329730
03215723179
03215911297
03215989644
03215507017
03215979216
03215540979
03215692382
03215223851
03215695036
03215616342
03215246942
03215432080
03215131535
03215595460
03215537379
03215848506
03215553812
03215899079
03215262487
03215262212
03215945462
03215932232
03215621115
03215961980
03215396022
03215454936
03215973099
03215796254
03215847317
03215586312
03215127781
03215675843
03215206850
03215458272
03215655349
03215202222
03215981798
03215131910
03215183228
03215804463
03215721793
03215714668
03215886816
03215799411
03215941027
03215708665
03215718595
03215140592
03215154377
03215436093
03215733097
03215384268
03215790946
03215290182
03215110995
03215524280
03215567880
03215896128
03215376533
03215108723
03215488561
03215571098
03215225230
03215673263
03215569801
03215882029
03215646283
03215572013
03215767169
03215457749
03215223668
03215217564
03215734298
03215162568
03215454994
03215746270
03215890553
03215706725
03215431934
03215105391
03215239750
03215473753
03215234712
03215365167
03215174559
03215870803
03215607630
03215615348
03215908335
03215345259
03215605944
03215398255
03215228312
03215715797
03215512743
03215836566
03215494309
03215582364
03215255221
03215356834
03215275347
03215160599
03215573382
03215555883
03215865094
03215656000
03215778009
03215677326
03215818469
03215669808
03215676788
03215383170
03215331348
03215751477
03215599258
03215335089
03215516862
03215471724
03215701210
03215159538
03215463910
03215549414
03215878409
03215611619
03215336043
03215934256
03215739196
03215710867
03215377810
03215241092
03215212415
03215849570
03215850170
03215882916
03215198405
03215913404
03215661329
03215809284
03215309464
03215214802
03215829620
03215938022
03215675451
03215929156
03215896964
03215964320
03215436144
03215177654
03215319704
03215881153
03215892923
03215725932
03215282190
03215961763
03215219839
03215930838
03215916804
03215299515
03215577377
03215457393
03215827217
03215533000
03215448431
03215553071
03215685853
03215673759
03215707577
03215162259
03215486407
03215329917
03215525888
03215459549
03215202957
03215682462
03215320958
03215774876
03215274723
03215200156
03215921388
03215189829
03215968416
03215754487
03215989992
03215472472
03215631214
03215699566
03215589444
03215378625
03215297998
03215762479
03215638506
03215512487
03215218058
03215101938
03215482084
03215448532
03215411248
03215750290
03215503894
03215612126
03215860325
03215394746
03215765764
03215367035
03215266383
03215279300
03215898881
03215893547
03215141927
03215792417
03215655989
03215267563
03215858800
03215778512
03215458438
03215974192
03215118133
03215783634
03215188409
03215567438
03215887382
03215947061
03215984899
03215580524
03215838874
03215588759
03215363627
03215524433
03215696261
03215309262
03215329503
03215573670
03215988722
03215622957
03215206089
03215551981
03215420266
03215690563
03215485078
03215156070
03215970061
03215539146
03215856498
03215950494
03215243137
03215703571
03215990093
03215330650
03215695650
03215529701
03215493992
03215206336
03215198326
03215479652
03215319321
03215698775
03215304788
03215778299
03215267984
03215403098
03215346727
03215938060
03215285130
03215789789
03215835481
03215874509
03215502657
03215553926
03215427570
03215298556
03215597376
03215348235
03215337386
03215135302
03215598665
03215828782
03215166560
03215815269
03215252812
03215367334
03215790396
03215143305
03215886768
03215457648
03215721490
03215630556
03215180289
03215377771
03215702077
03215136048
03215509771
03215958007
03215913781
03215154612
03215456140
03215192993
03215975775
03215778135
03215173998
03215600949
03215131417
03215361389
03215924703
03215706122
03215745322
03215439201
03215236537
03215531457
03215685247
03215917796
03215999393
03215692175
03215987741
03215832435
03215797013
03215118266
03215654567
03215895299
03215212187
03215580792
03215379379
03215221520
03215444052
03215576836
03215635789
03215190784
03215748848
03215474677
03215193336
03215189446
03215658010
03215397719
03215360101
03215705852
03215474167
03215632448
03215262875
03215899510
03215978314
03215327186
03215914388
03215462436
03215468399
03215147984
03215143340
03215269407
03215659868
03215519430
03215705650
03215919230
03215647965
03215982010
03215703182
03215262069
03215168485
03215803412
03215782608
03215210570
03215724460
03215809946
03215680288
03215647289
03215472333
03215644099
03215632424
03215312676
03215694782
03215339167
03215307132
03215981616
03215108436
03215487804
03215479440
03215814808
03215673905
03215483796
03215359760
03215378091
03215212097
03215463963
03215459462
03215853757
03215195705
03215116615
03215315751
03215104442
03215782148
03215138669
03215500695
03215671006
03215178246
03215497311
03215606553
03215343176
03215642842
03215396050
03215280453
03215315608
03215998308
03215303168
03215395762
03215326149
03215587630
03215319685
03215287528
03215432002
03215558155
03215172961
03215458919
03215406772
03215578167
03215202690
03215199467
03215969767
03215987109
03215376437
03215301193
03215799039
03215176593
03215410570
03215486103
03215964557
03215735249
03215606619
03215931643
03215403914
03215143854
03215855448
03215892536
03215720853
03215265196
03215778292
03215194517
03215818983
03215213167
03215576764
03215583767
03215939156
03215900264
03215147634
03215638714
03215765008
03215619425
03215193359
03215328499
03215621870
03215596723
03215873961
03215915579
03215101527
03215355127
03215270943
03215358992
03215481871
03215500358
03215154240
03215603470
03215514236
03215857313
03215758220
03215424398
03215150784
03215773941
03215799673
03215211437
03215215272
03215237437
03215510305
03215338468
03215325843
03215251575
03215115823
03215413259
03215850657
03215313633
03215815355
03215233577
03215890561
03215124129
03215391235
03215862713
03215463855
03215942223
03215217771
03215607884
03215784915
03215871158
03215544164
03215124477
03215907695
03215861205
03215768961
03215939496
03215554557
03215822197
03215790538
03215381451
03215636523
03215405273
03215763058
03215243169
03215649700
03215840607
03215213750
03215369892
03215623675
03215733183
03215366984
03215561685
03215911960
03215686929
03215831717
03215581901
03215603552
03215131863
03215452521
03215639147
03215794303
03215201365
03215343880
03215254618
03215644297
03215774622
03215374137
03215260798
03215411380
03215100023
03215742678
03215754711
03215457439
03215329931
03215434570
03215922855
03215974602
03215539272
03215433707
03215944308
03215657407
03215174271
03215500802
03215174511
03215494220
03215207276
03215164075
03215252567
03215722839
03215240295
03215186985
03215249587
03215184002
03215766125
03215968754
03215827918
03215675486
03215988550
03215424313
03215875078
03215466469
03215952952
03215958512
03215523652
03215990505
03215612273
03215104245
03215582028
03215252358
03215908861
03215607299
03215698155
03215508213
03215981739
03215620032
03215700562
03215169369
03215760398
03215437021
03215610546
03215121570
03215537958
03215171084
03215913037
03215493090
03215570709
03215691313
03215361176
03215606651
03215247369
03215986051
03215114958
03215558629
03215477838
03215704454
03215215758
03215977150
03215184005
03215881946
03215103031
03215582046
03215813977
03215632996
03215122705
03215551432
03215675788
03215784386
03215348722
03215127356
03215506117
03215228152
03215987292
03215264531
03215344899
03215414993
03215787428
03215610614
03215497414
03215412931
03215220852
03215645706
03215661492
03215621247
03215949320
03215139525
03215277285
03215404273
03215723412
03215985364
03215878451
03215333989
03215121361
03215723981
03215538087
03215790332
03215941658
03215894920
03215906927
03215479295
03215741251
03215757899
03215127666
03215294098
03215132939
03215289460
03215428330
03215366536
03215686591
03215840383
03215690100
03215361193
03215354502
03215152484
03215173384
03215411906
03215645414
03215507100
03215944449
03215403943
03215520753
03215349701
03215653303
03215236031
03215223538
03215691012
03215249341
03215820281
03215555755
03215146643
03215506003
03215208399
03215166410
03215920241
03215863348
03215821654
03215845427
03215897435
03215987824
03215975943
03215356875
03215298772
03215643889
03215667306
03215766858
03215571496
03215526338
03215616948
03215529752
03215249506
03215399826
03215220498
03215408198
03215474362
03215909400
03215598448
03215178988
03215546255
03215130835
03215693739
03215184096
03215152794
03215188091
03215232243
03215148401
03215351729
03215566478
03215747978
03215519276
03215968505
03215221980
03215311632
03215568724
03215456679
03215119515
03215723003
03215203332
03215897136
03215106176
03215140395
03215699742
03215455149
03215347292
03215787361
03215988034
03215389375
03215796954
03215810620
03215167937
03215344328
03215459792
03215514511
03215578766
03215339253
03215377936
03215265219
03215963274
03215501527
03215880550
03215998517
03215464948
03215489341
03215452720
03215478933
03215455985
03215342922
03215104832
03215796603
03215532500
03215693251
03215779117
03215759943
03215129900
03215171551
03215236447
03215967304
03215549621
03215877913
03215780261
03215345066
03215938113
03215395609
03215225626
03215701224
03215358584
03215882343
03215298019
03215535314
03215910442
03215340969
03215467698
03215547725
03215381873
03215502112
03215481733
03215684685
03215260781
03215184156
03215741583
03215750649
03215927946
03215791835
03215944474
03215129261
03215915327
03215435128
03215574807
03215698671
03215110918
03215404808
03215400994
03215852293
03215971502
03215831275
03215334666
03215122093
03215481097
03215224629
03215219458
03215830582
03215768749
03215990939
03215419578
03215167747
03215552100
03215396179
03215973508
03215660380
03215677332
03215878572
03215654025
03215474977
03215112949
03215270939
03215756750
03215229323
03215967016
03215862890
03215960506
03215211771
03215230050
03215146731
03215529580
03215530609
03215447476
03215975477
03215350018
03215138688
03215703059
03215516954
03215531190
03215953535
03215709682
03215747579
03215883028
03215178628
03215725163
03215450538
03215727476
03215163531
03215746969
03215377315
03215858552
03215763317
03215105343
03215155077
03215618207
03215264123
03215600531
03215705858
03215969937
03215272847
03215638167
03215948702
03215998030
03215310361
03215538643
03215175512
03215137070
03215943786
03215247853
03215803214
03215519641
03215219436
03215979862
03215781878
03215486608
03215779512
03215335414
03215857469
03215399762
03215152264
03215672056
03215684158
03215900952
03215244675
03215983610
03215252831
03215523503
03215496833
03215317227
03215983597
03215436834
03215109411
03215861536
03215229925
03215727132
03215140176
03215188832
03215988018
03215609898
03215433529
03215842967
03215515464
03215271310
03215585701
03215935641
03215638344
03215482244
03215521079
03215821019
03215370444
03215112468
03215873085
03215485903
03215349434
03215264544
03215555033
03215884239
03215420282
03215518751
03215930625
03215819617
03215110024
03215118325
03215551953
03215759475
03215639336
03215146581
03215869451
03215789864
03215718734
03215829088
03215168694
03215629641
03215658973
03215446507
03215770586
03215675813
03215946783
03215871129
03215563748
03215623508
03215512102
03215965381
03215630054
03215633798
03215897357
03215725658
03215324215
03215584839
03215451693
03215502894
03215825616
03215520019
03215930291
03215761603
03215181683
03215223862
03215243017
03215767168
03215520346
03215467436
03215406712
03215507063
03215644153
03215113653
03215417857
03215842938
03215983841
03215948488
03215519057
03215486516
03215606223
03215586571
03215129421
03215564846
03215512782
03215972093
03215705487
03215504872
03215583855
03215177948
03215156079
03215222353
03215926487
03215840294
03215240820
03215494130
03215722920
03215628112
03215480527
03215856339
03215991755
03215869531
03215162617
03215667777
03215126735
03215253203
03215612004
03215595389
03215481277
03215600997
03215503204
03215983836
03215339100
03215913795
03215343719
03215632182
03215616836
03215711079
03215270923
03215511994
03215289487
03215250633
03215284710
03215717666
03215273359
03215177036
03215348807
03215260921
03215320376
03215630177
03215614467
03215717040
03215966804
03215897068
03215386047
03215718890
03215452200
03215110097
03215982858
03215674743
03215172242
03215883252
03215496574
03215608638
03215877293
03215357188
03215461511
03215794657
03215976282
03215357536
03215873129
03215417144
03215842024
03215535537
03215338645
03215418352
03215132470
03215340075
03215182828
03215945306
03215708923
03215299328
03215626679
03215665377
03215719768
03215325031
03215552033
03215566814
03215951583
03215991878
03215529136
03215614743
03215401457
03215704974
03215776785
03215568397
03215471513
03215249080
03215963187
03215577018
03215835519
03215638184
03215359504
03215479924
03215544023
03215183352
03215113555
03215691745
03215891124
03215642782
03215491915
03215226935
03215174329
03215713363
03215869895
03215943260
03215157525
03215686809
03215805155
03215894697
03215843073
03215984403
03215828399
03215258385
03215338753
03215440566
03215830563
03215561859
03215849954
03215660956
03215219641
03215368288
03215873403
03215661143
03215267174
03215571703
03215239844
03215781008
03215368680
03215453259
03215259838
03215100753
03215886354
03215122828
03215851455
03215227128
03215991610
03215906890
03215625136
03215313988
03215562270
03215158032
03215682321
03215992445
03215653781
03215531104
03215835289
03215141170
03215103456
03215352789
03215551695
03215841790
03215230168
03215551786
03215272274
03215858647
03215300926
03215602720
03215371557
03215917681
03215905800
03215436474
03215441437
03215583235
03215883650
03215942045
03215135556
03215487298
03215213438
03215838952
03215654969
03215224817
03215346967
03215528724
03215685966
03215880957
03215736070
03215736414
03215677551
03215901563
03215418048
03215870585
03215334568
03215850554
03215992807
03215926201
03215939390
03215304169
03215253579
03215396307
03215656469
03215721558
03215240883
03215409210
03215770130
03215589059
03215699732
03215653872
03215890018
03215513836
03215896725
03215616972
03215883201
03215210665
03215172680
03215419968
03215866650
03215635143
03215819008
03215228249
03215420582
03215539874
03215165186
03215607476
03215285002
03215494490
03215287236
03215899562
03215350799
03215971238
03215950660
03215872255
03215340050
03215445083
03215471747
03215237231
03215147010
03215444800
03215787532
03215502054
03215801075
03215987383
03215311506
03215639889
03215820126
03215506233
03215894532
03215437519
03215618435
03215577298
03215428220
03215300975
03215701009
03215244023
03215757065
03215981582
03215414730
03215159382
03215602782
03215614274
03215545926
03215645734
03215932540
03215150806
03215870614
03215727597
03215948220
03215807626
03215719639
03215598461
03215374207
03215440716
03215918528
03215535036
03215364111
03215295970
03215645112
03215674363
03215781002
03215913280
03215352802
03215373361
03215444034
03215744074
03215227723
03215480165
03215165427
03215621951
03215285418
03215184750
03215887779
03215458911
03215155340
03215160700
03215769274
03215558012
03215717879
03215203091
03215987503
03215382447
03215165972
03215879911
03215731384
03215685612
03215769617
03215485018
03215821779
03215609244
03215632646
03215292931
03215559178
03215706771
03215831539
03215983523
03215720497
03215327461
03215554212
03215976509
03215255966
03215208770
03215970837
03215135270
03215875838
03215581833
03215222989
03215918124
03215195400
03215332829
03215170270
03215456531
03215656627
03215578101
03215347811
03215748780
03215479815
03215852334
03215800399
03215362971
03215278534
03215826265
03215862409
03215495664
03215453928
03215937735
03215109006
03215837515
03215759444
03215163667
03215114302
03215731537
03215351698
03215671140
03215760547
03215550342
03215893779
03215903184
03215598789
03215691120
03215437245
03215960102
03215388908
03215250240
03215174911
03215405421
03215372685
03215578680
03215124175
03215288388
03215892994
03215752213
03215249859
03215346361
03215475172
03215681341
03215938102
03215472827
03215385474
03215158679
03215289365
03215724994
03215304929
03215488253
03215676670
03215988233
03215929473
03215958555
03215897215
03215764182
03215587413
03215389019
03215902306
03215106756
03215203688
03215762823
03215703584
03215464830
03215180763
03215919288
03215825913
03215838542
03215599485
03215839988
03215324779
03215285374
03215869000
03215955676
03215430357
03215213314
03215532441
03215405513
03215670737
03215332940
03215525245
03215869982
03215917168
03215696014
03215590447
03215144923
03215165620
03215391173
03215128812
03215164799
03215860840
03215444054
03215368415
03215477652
03215175279
03215769242
03215920644
03215977916
03215942461
03215370076
03215230054
03215886451
03215705443
03215648265
03215351891
03215702858
03215466857
03215550867
03215983506
03215231569
03215773816
03215678442
03215892841
03215786415
03215768815
03215590315
03215944347
03215753668
03215434739
03215709729
03215434685
03215979147
03215880724
03215916958
03215391348
03215780397
03215661114
03215292670
03215554524
03215463051
03215300660
03215102886
03215638794
03215164538
03215268903
03215344123
03215887588
03215162741
03215924316
03215577945
03215109826
03215877334
03215212485
03215594599
03215799210
03215282438
03215982827
03215151828
03215387600
03215998114
03215616408
03215795314
03215176721
03215270757
03215669117
03215471166
03215785900
03215669124
03215222481
03215805743
03215258196
03215500448
03215520454
03215930909
03215670929
03215728302
03215517512
03215424692
03215702727
03215859896
03215590926
03215510423
03215131783
03215324859
03215101813
03215668239
03215322358
03215592137
03215497958
03215678287
03215140841
03215166924
03215464937
03215684251
03215307572
03215462072
03215893781
03215599785
03215872956
03215101688
03215415327
03215940259
03215118572
03215319749
03215609378
03215356879
03215281575
03215923669
03215759562
03215554136
03215465314
03215727136
03215684873
03215138217
03215284890
03215945898
03215567303
03215802927
03215463541
03215724522
03215127456
03215117354
03215333523
03215246657
03215363357
03215577576
03215834521
03215917726
03215551736
03215601038
03215444569
03215650666
03215391851
03215812034
03215715480
03215744934
03215386663
03215398688
03215832575
03215943822
03215212972
03215413705
03215482051
03215326719
03215658769
03215417134
03215947882
03215638147
03215338340
03215215737
03215991116
03215202394
03215275854
03215301362
03215560312
03215181986
03215719614
03215547587
03215175400
03215693648
03215374815
03215893039
03215232903
03215230418
03215822369
03215416264
03215244411
03215780699
03215914483
03215703649
03215851472
03215728797
03215587888
03215340675
03215160441
03215886638
03215885245
03215481707
03215962891
03215106228
03215434929
03215400734
03215609639
03215439625
03215443572
03215351745
03215838376
03215650589
03215224208
03215665384
03215238305
03215398217
03215633071
03215283953
03215129642
03215184230
03215717464
03215210112
03215653764
03215573294
03215435037
03215498745
03215424382
03215572564
03215447030
03215219636
03215832975
03215662342
03215693692
03215120942
03215587419
03215939886
03215492304
03215623263
03215790792
03215378797
03215226475
03215593821
03215556491
03215249098
03215465343
03215453255
03215303934
03215211032
03215976210
03215169174
03215675133
03215827943
03215389596
03215999891
03215324101
03215110893
03215871007
03215904715
03215618739
03215629044
03215391232
03215544612
03215277274
03215344066
03215637338
03215560967
03215926671
03215831314
03215589245
03215346819
03215500107
03215878546
03215827534
03215971127
03215476838
03215143095
03215663801
03215987209
03215865749
03215731345
03215575120
03215939995
03215168203
03215512369
03215775549
03215507789
03215159803
03215607735
03215964776
03215165259
03215246055
03215920731
03215175980
03215959868
03215573694
03215415243
03215242503
03215843818
03215238697
03215121345
03215496566
03215394169
03215761619
03215610135
03215583711
03215727431
03215678863
03215545929
03215470531
03215404071
03215469134
03215151122
03215323525
03215429441
03215739083
03215535330
03215713286
03215581478
03215112670
03215795147
03215426764
03215183226
03215434909
03215630089
03215421297
03215143391
03215627052
03215688567
03215818650
03215671636
03215434877
03215731433
03215113619
03215398183
03215997600
03215381065
03215437828
03215230222
03215241868
03215630050
03215579542
03215555796
03215104559
03215366646
03215520292
03215809255
03215303694
03215976861
03215408058
03215915088
03215964821
03215248968
03215967405
03215578392
03215175226
03215953621
03215306133
03215872442
03215857361
03215407603
03215585420
03215797498
03215613719
03215419688
03215209905
03215741483
03215154265
03215275458
03215351256
03215870802
03215165096
03215847221
03215627429
03215330349
03215263443
03215329916
03215623098
03215817796
03215384873
03215410592
03215756548
03215470056
03215482464
03215146214
03215819790
03215822373
03215427443
03215131694
03215357780
03215190057
03215772689
03215171939
03215970376
03215307061
03215752926
03215671693
03215310386
03215777997
03215562211
03215822596
03215563831
03215120184
03215950962
03215844877
03215690178
03215976217
03215249343
03215234014
03215472487
03215321536
03215174828
03215143662
03215937223
03215211466
03215919109
03215726821
03215143764
03215993475
03215680745
03215392406
03215675281
03215657053
03215510516
03215658223
03215312711
03215822662
03215263470
03215277992
03215192716
03215376038
03215398592
03215868828
03215977495
03215737265
03215155476
03215956042
03215300202
03215850403
03215795547
03215266111
03215609263
03215734469
03215246695
03215566530
03215643101
03215988835
03215570355
03215413272
03215691466
03215444903
03215293909
03215821590
03215179661
03215317994
03215936632
03215194215
03215649825
03215896836
03215848233
03215767624
03215538631
03215342638
03215941614
03215989555
03215988287
03215885039
03215724703
03215824877
03215861506
03215757176
03215901253
03215923753
03215473267
03215179561
03215167695
03215289157
03215622360
03215962765
03215707125
03215581127
03215574919
03215155905
03215557604
03215837482
03215171804
03215761826
03215650377
03215792338
03215898710
03215417878
03215841639
03215195837
03215209035
03215223892
03215701487
03215106219
03215685316
03215688569
03215599261
03215620025
03215432402
03215278408
03215394240
03215870616
03215720948
03215470263
03215890369
03215607679
03215225872
03215804858
03215831505
03215456533
03215767719
03215785708
03215431951
03215150804
03215713234
03215962876
03215441827
03215962795
03215339297
03215727915
03215856980
03215249375
03215478074
03215288608
03215937043
03215274196
03215107864
03215961101
03215142516
03215279195
03215443241
03215301187
03215180113
03215901968
03215291031
03215192005
03215364332
03215752502
03215456172
03215915778
03215674267
03215849743
03215972081
03215725692
03215157434
03215587485
03215469606
03215725116
03215218794
03215666325
03215471572
03215992189
03215828893
03215319070
03215288828
03215530662
03215723641
03215495431
03215625203
03215694216
03215152755
03215707563
03215412046
03215921998
03215261713
03215130571
03215671764
03215147292
03215363583
03215104478
03215793203
03215562295
03215387209
03215438865
03215964961
03215548503
03215950429
03215373616
03215672910
03215366375
03215776916
03215287551
03215569306
03215187923
03215971961
03215903176
03215640691
03215257070
03215830969
03215221562
03215521511
03215142180
03215560034
03215803694
03215895720
03215456914
03215797842
03215577823
03215195960
03215302742
03215909158
03215678368
03215429893
03215441684
03215880205
03215323866
03215982158
03215773211
03215121815
03215952292
03215327841
03215930647
03215124495
03215352692
03215699803
03215244115
03215516716
03215722892
03215847407
03215962234
03215340733
03215865697
03215296684
03215404927
03215744809
03215916701
03215875068
03215788551
03215864441
03215474173
03215378393
03215890937
03215758030
03215631390
03215579309
03215523958
03215867479
03215135255
03215878676
03215893721
03215429157
03215211533
03215435539
03215451002
03215821930
03215399417
03215333708
03215679243
03215579850
03215716133
03215575987
03215583520
03215918939
03215237349
03215718502
03215205113
03215539289
03215227912
03215456473
03215746102
03215461754
03215315759
03215426106
03215608047
03215664805
03215992757
03215855412
03215712152
03215447012
03215436539
03215969387
03215293807
03215232778
03215517284
03215777028
03215454843
03215185197
03215894323
03215316642
03215174803
03215668869
03215508235
03215660369
03215286609
03215148976
03215930141
03215801451
03215354431
03215201244
03215755059
03215689436
03215989247
03215506170
03215973310
03215489991
03215668902
03215686485
03215724437
03215349598
03215632575
03215642148
03215139447
03215498369
03215949552
03215943542
03215485723
03215687829
03215300195
03215562149
03215429460
03215286950
03215646890
03215370703
03215706148
03215706436
03215782010
03215282107
03215235295
03215330091
03215279951
03215304559
03215726608
03215543973
03215287037
03215785941
03215498711
03215169886
03215967043
03215542228
03215915956
03215710817
03215343067
03215663252
03215242312
03215501255
03215269985
03215158529
03215192910
03215259976
03215702296
03215859280
03215602607
03215390179
03215664466
03215980337
03215567587
03215350468
03215549567
03215904151
03215168277
03215669601
03215638982
03215759115
03215143855
03215298504
03215544003
03215392263
03215462416
03215744722
03215620168
03215454747
03215293618
03215363081
03215539697
03215780851
03215822594
03215137181
03215602263
03215867328
03215941366
03215896857
03215121475
03215518374
03215151884
03215399455
03215191760
03215477154
03215841588
03215704084
03215904137
03215488096
03215971481
03215614526
03215800646
03215797559
03215957573
03215239111
03215147859
03215300233
03215370847
03215974818
03215569616
03215726972
03215827386
03215649626
03215891787
03215202488
03215116300
03215177028
03215240378
03215552962
03215143014
03215442943
03215248357
03215252401
03215658996
03215139045
03215441240
03215292754
03215851113
03215462238
03215336534
03215222415
03215644689
03215628217
03215793507
03215596624
03215750627
03215901118
03215177066
03215371566
03215622143
03215750181
03215184417
03215810492
03215391590
03215667365
03215895968
03215371796
03215794452
03215588897
03215560268
03215734599
03215404611
03215704916
03215118446
03215958259
03215835772
03215586649
03215276861
03215875859
03215365147
03215694561
03215427211
03215392030
03215263570
03215408981
03215519675
03215426401
03215124510
03215691394
03215930819
03215392833
03215258525
03215437865
03215860811
03215991631
03215545271
03215920958
03215873341
03215776266
03215487816
03215240077
03215532120
03215544749
03215632181
03215942859
03215341293
03215784916
03215345281
03215874322
03215819270
03215115930
03215964379
03215275335
03215748779
03215486986
03215852120
03215368051
03215464387
03215496956
03215473792
03215446390
03215614009
03215257635
03215966628
03215709076
03215355903
03215819198
03215491806
03215918295
03215939395
03215151952
03215731449
03215320390
03215974925
03215794219
03215181651
03215722018
03215906477
03215585537
03215518510
03215439255
03215321935
03215896431
03215716296
03215377915
03215688608
03215408953
03215279309
03215444611
03215766285
03215828857
03215642200
03215930740
03215374546
03215976231
03215632216
03215743539
03215989378
03215327463
03215197634
03215123382
03215166596
03215877194
03215573832
03215282736
03215774938
03215136726
03215888254
03215184752
03215292074
03215361203
03215250331
03215331160
03215983092
03215287065
03215130589
03215638985
03215494783
03215385666
03215902591
03215678190
03215419672
03215205420
03215162938
03215596158
03215463386
03215111791
03215124300
03215871447
03215592913
03215360585
03215891688
03215191642
03215114776
03215126217
03215504371
03215307884
03215878030
03215644105
03215635065
03215638665
03215725899
03215301055
03215760447
03215702313
03215924534
03215244611
03215558648
03215530200
03215737715
03215114738
03215488405
03215833009
03215154159
03215685137
03215973787
03215292096
03215721365
03215895343
03215167774
03215489755
03215657417
03215970575
03215956635
03215134614
03215186898
03215507635
03215258485
03215405520
03215406329
03215479520
03215788745
03215402491
03215893845
03215538852
03215867180
03215565651
03215341246
03215855198
03215245847
03215403283
03215358633
03215960617
03215819234
03215334097
03215585934
03215922740
03215739722
03215470891
03215523587
03215330480
03215669043
03215606890
03215908721
03215287975
03215424034
03215343301
03215230079
03215856252
03215445281
03215427488
03215747829
03215597795
03215896391
03215571296
03215398251
03215182512
03215602122
03215148508
03215802219
03215724727
03215736788
03215907734
03215315380
03215852801
03215921701
03215335745
03215303402
03215934628
03215882742
03215411039
03215458264
03215733447
03215286954
03215630131
03215579204
03215141617
03215997945
03215625118
03215389595
03215958002
03215931144
03215212787
03215451105
03215922842
03215762800
03215187683
03215740228
03215711559
03215868768
03215375078
03215266261
03215605753
03215980923
03215870102
03215853525
03215380241
03215108654
03215490500
03215308378
03215520507
03215141878
03215492860
03215865087
03215186756
03215438127
03215837848
03215111296
03215552381
03215448958
03215460505
03215150563
03215177101
03215730118
03215805643
03215842407
03215456628
03215392537
03215734018
03215595517
03215591842
03215507663
03215144777
03215852511
03215752524
03215416851
03215776605
03215198962
03215507444
03215316739
03215869088
03215816123
03215438284
03215347700
03215264349
03215484715
03215924952
03215187846
03215262601
03215408262
03215224514
03215270621
03215250805
03215923613
03215716116
03215400499
03215574360
03215924989
03215550036
03215426999
03215357423
03215585616
03215694445
03215775775
03215249995
03215427542
03215643119
03215860362
03215466044
03215913994
03215367359
03215494707
03215192279
03215907822
03215165048
03215657631
03215407670
03215657597
03215283149
03215581889
03215501718
03215352393
03215765487
03215275349
03215316846
03215106945
03215742379
03215944098
03215266086
03215990277
03215222371
03215899098
03215839628
03215381941
03215412070
03215980719
03215581395
03215228797
03215804576
03215336810
03215697099
03215516410
03215731333
03215808294
03215235450
03215916728
03215517319
03215220795
03215769402
03215986359
03215583605
03215342051
03215974645
03215110696
03215536173
03215117982
03215521945
03215647908
03215356074
03215504429
03215969908
03215325420
03215995599
03215316635
03215676877
03215701753
03215826820
03215777313
03215164908
03215655294
03215249076
03215544016
03215508551
03215871494
03215825650
03215426778
03215241882
03215916003
03215236011
03215895372
03215256022
03215401782
03215870023
03215110814
03215282630
03215688902
03215341025
03215761425
03215799570
03215910030
03215641037
03215521720
03215904160
03215372520
03215159539
03215226413
03215418697
03215686757
03215761211
03215430629
03215602145
03215664679
03215292331
03215602616
03215114191
03215588426
03215733896
03215113351
03215235800
03215593816
03215278674
03215806854
03215656532
03215716006
03215494682
03215476005
03215314269
03215237095
03215782590
03215708980
03215961464
03215184612
03215905058
03215141131
03215149358
03215543483
03215668958
03215837325
03215353132
03215640570
03215607331
03215267877
03215380542
03215818482
03215187463
03215226833
03215423555
03215686219
03215840632
03215405237
03215927903
03215625485
03215285669
03215715988
03215443532
03215731731
03215942691
03215372488
03215524116
03215648039
03215893164
03215703215
03215107718
03215190109
03215461485
03215964832
03215657424
03215444392
03215232071
03215882668
03215953246
03215671343
03215538977
03215275989
03215897523
03215307218
03215389719
03215813540
03215755061
03215120831
03215779375
03215977154
03215515645
03215863689
03215827495
03215632939
03215937227
03215894634
03215980644
03215116454
03215959291
03215374712
03215710763
03215997354
03215624800
03215262001
03215378612
03215370104
03215241827
03215608561
03215522569
03215974657
03215954142
03215746692
03215439998
03215546009
03215424512
03215552971
03215285052
03215710575
03215892978
03215870404
03215582383
03215328343
03215212955
03215945839
03215101143
03215217447
03215507164
03215337437
03215902023
03215836791
03215712051
03215164264
03215598662
03215186759
03215309864
03215764919
03215825434
03215434927
03215384956
03215780933
03215512270
03215256806
03215561502
03215116996
03215387496
03215512714
03215341662
03215695591
03215405878
03215504308
03215382420
03215784398
03215678960
03215160857
03215161165
03215345619
03215734662
03215271123
03215620545
03215137866
03215242091
03215582428
03215841335
03215359250
03215114648
03215788052
03215459618
03215275647
03215508021
03215210458
03215384337
03215984146
03215829950
03215937555
03215994450
03215995774
03215206431
03215430912
03215645737
03215659955
03215503719
03215804338
03215525465
03215664576
03215273762
03215241146
03215636260
03215864630
03215319411
03215534568
03215546160
03215727679
03215398066
03215553609
03215235973
03215130230
03215558292
03215414838
03215310883
03215573940
03215294623
03215176710
03215331214
03215408064
03215740211
03215275348
03215414113
03215706953
03215596353
03215922473
03215337616
03215554911
03215589182
03215702094
03215795041
03215468685
03215828966
03215435276
03215345827
03215449578
03215283789
03215209876
03215596383
03215442165
03215970458
03215300682
03215245117
03215478890
03215493455
03215951524
03215791334
03215487866
03215942548
03215631272
03215306059
03215965798
03215222146
03215157677
03215723057
03215612095
03215208544
03215172767
03215808883
03215851515
03215440932
03215128345
03215371638
03215195862
03215875607
03215228113
03215229698
03215727131
03215198188
03215143828
03215833183
03215443655
03215406271
03215508908
03215677355
03215858725
03215637657
03215910759
03215307175
03215837412
03215737140
03215863168
03215213129
03215188150
03215341867
03215837483
03215787499
03215590649
03215529525
03215172336
03215997837
03215873478
03215283027
03215617847
03215723411
03215561636
03215760734
03215895123
03215433083
03215162231
03215132614
03215778491
03215751405
03215214149
03215934739
03215349819
03215111310
03215171226
03215940756
03215133757
03215252194
03215634498
03215332693
03215662478
03215887830
03215889648
03215972179
03215161079
03215356328
03215242533
03215914129
03215233934
03215511070
03215803877
03215575697
03215443608
03215914246
03215349122
03215546440
03215164213
03215404329
03215574909
03215730553
03215434638
03215436744
03215127718
03215902744
03215725425
03215925797
03215616273
03215649892
03215395768
03215103328
03215745643
03215238979
03215950333
03215955369
03215683448
03215673805
03215871085
03215922943
03215272004
03215805902
03215890080
03215864361
03215517470
03215703078
03215130861
03215774121
03215667702
03215256979
03215591634
03215587316
03215904795
03215847865
03215602140
03215227840
03215603218
03215760112
03215986904
03215246753
03215235281
03215740054
03215592641
03215518360
03215130606
03215765426
03215564898
03215625363
03215488238
03215230797
03215675316
03215675355
03215241269
03215132324
03215769006
03215840472
03215570276
03215919273
03215424639
03215771882
03215951304
03215258095
03215359293
03215808452
03215198532
03215897778
03215179389
03215348193
03215727529
03215913692
03215884181
03215676190
03215297439
03215346000
03215386864
03215937651
03215565963
03215148757
03215179463
03215916317
03215911961
03215663525
03215715540
03215290583
03215761667
03215657563
03215683944
03215335473
03215215022
03215295449
03215977186
03215380760
03215534382
03215709908
03215932073
03215867648
03215385508
03215277170
03215760708
03215150567
03215761624
03215791173
03215565079
03215703158
03215543033
03215224275
03215532409
03215486987
03215205919
03215802547
03215333111
03215141941
03215896491
03215535007
03215182238
03215888806
03215586526
03215396285
03215578219
03215669159
03215380741
03215685087
03215763057
03215636092
03215454790
03215180454
03215871587
03215418754
03215875614
03215154692
03215120787
03215619938
03215587425
03215218634
03215433287
03215151535
03215848485
03215492901
03215898554
03215392440
03215813416
03215397066
03215685410
03215496702
03215690643
03215690742
03215754281
03215183405
03215122014
03215184337
03215779975
03215588183
03215416984
03215930960
03215659876
03215457496
03215987248
03215775704
03215436560
03215562299
03215301381
03215367892
03215636678
03215244750
03215729733
03215660056
03215887839
03215160981
03215637438
03215370617
03215822676
03215384592
03215683751
03215180943
03215728012
03215121332
03215971287
03215998772
03215914108
03215583873
03215569354
03215438658
03215845104
03215431501
03215983637
03215561941
03215238678
03215590152
03215405191
03215123110
03215195321
03215322750
03215509531
03215453671
03215461958
03215296498
03215875083
03215380632
03215409358
03215765506
03215341713
03215750016
03215931864
03215336163
03215776932
03215522451
03215978426
03215732026
03215929234
03215791573
03215170834
03215298232
03215676419
03215325898
03215922303
03215965425
03215784963
03215261482
03215488430
03215858193
03215673948
03215611801
03215517616
03215536813
03215617610
03215708789
03215188722
03215399109
03215641923
03215811924
03215306813
03215253988
03215389230
03215260780
03215438055
03215144684
03215463294
03215393516
03215262490
03215338697
03215155439
03215785539
03215970599
03215952780
03215333346
03215443933
03215980543
03215922679
03215770909
03215853282
03215891823
03215257916
03215724362
03215498345
03215240118
03215904841
03215269636
03215543304
03215899934
03215711976
03215116814
03215899122
03215513974
03215615489
03215793297
03215576194
03215524183
03215659161
03215116797
03215464677
03215411458
03215273103
03215362176
03215751274
03215647010
03215756009
03215855375
03215585366
03215131340
03215628199
03215788640
03215920101
03215529626
03215890885
03215533213
03215875047
03215919990
03215493581
03215550514
03215221883
03215256316
03215751043
03215456625
03215337290
03215540049
03215867738
03215456359
03215263517
03215654111
03215828147
03215427145
03215846458
03215451259
03215136168
03215488843
03215257830
03215513627
03215687928
03215314567
03215612921
03215985473
03215270922
03215245854
03215593872
03215566592
03215263670
03215685309
03215503522
03215125947
03215241750
03215105145
03215971095
03215860944
03215105860
03215190385
03215418718
03215315326
03215717628
03215642695
03215867822
03215974088
03215960493
03215492955
03215202439
03215754717
03215531818
03215275383
03215361419
03215232061
03215179013
03215937592
03215236410
03215985393
03215505189
03215862752
03215770698
03215276378
03215182428
03215952837
03215137569
03215412361
03215723001
03215456049
03215985514
03215400039
03215488612
03215372601
03215596939
03215970225
03215117650
03215296834
03215285360
03215100916
03215364152
