03006600777
03006601777
03006602777
03006603777
03006604777
03006605777
03006606777
03006607777
03006608777
03006609777
03006610777
03006611777
03006612777
03006613777
03006614777
03006615777
03006616777
03006617777
03006618777
03006619777
03006620777
03006621777
03006622777
03006623777
03006624777
03006625777
03006626777
03006627777
03006628777
03006629777
03006630777
03006631777
03006632777
03006633777
03006634777
03006635777
03006636777
03006637777
03006638777
03006639777
03006640777
03006641777
03006642777
03006643777
03006644777
03006645777
03006646777
03006647777
03006648777
03006649777
03006650777
03006651777
03006652777
03006653777
03006654777
03006655777
03006656777
03006657777
03006658777
03006659777
03006660777
03006661777
03006662777
03006663777
03006664777
03006665777
03006666777
03006667777
03006668777
03006669777
03006670777
03006671777
03006672777
03006673777
03006674777
03006675777
03006676777
03006677777
03006678777
03006679777
03006680777
03006681777
03006682777
03006683777
03006684777
03006685777
03006686777
03006687777
03006688777
03006689777
03006690777
03006691777
03006692777
03006693777
03006694777
03006695777
03006696777
03006697777
03006698777
03006699777
