03217801537
03217803995
03217803444
03217804807
03217809954
03217804405
03217804440
03217803432
03217808033
03217809287
03217803388
03217802878
03217801335
03217804590
03217809791
03217803546
03217806729
03217808679
03217805303
03217803698
03217803394
03217809530
03217807864
03217803514
03217805347
03217809922
03217802125
03217801156
03217803239
03217809147
03217802163
03217804604
03217804811
03217802523
03217804118
03217808706
03217807968
03217802161
03217809507
03217809066
03217807459
03217804941
03217805770
03217808120
03217808320
03217801450
03217801406
03217806234
03217807329
03217803914
03217806943
03217806440
03217809058
03217803503
03217803288
03217808111
03217807162
03217802232
03217809638
03217802187
03217808067
03217809986
03217804979
03217807934
03217809427
03217808023
03217803141
03217804190
03217804328
03217802071
03217802923
03217803211
03217809576
03217802816
03217809560
03217801602
03217809749
03217803075
03217802913
03217801866
03217807274
03217805580
03217807677
03217809647
03217804465
03217808873
03217801396
03217801903
03217805226
03217805302
03217808114
03217807703
03217808133
03217805604
03217802022
03217803383
03217809452
03217803092
03217806106
03217803001
03217801843
03217804019
03217803228
03217809481
03217803727
03217806508
03217806487
03217802482
03217806563
03217809274
03217806200
03217802712
03217804083
03217802354
03217801749
03217808375
03217806245
03217804268
03217802794
03217802424
03217806844
03217807621
03217805096
03217801873
03217804683
03217803956
03217801216
03217808652
03217806366
03217803623
03217809821
03217805760
03217804273
03217809053
03217801560
03217804449
03217803779
03217805145
03217804887
03217805416
03217802744
03217808738
03217808839
03217801502
03217805421
03217801521
03217808031
03217805008
03217803207
03217808823
03217803311
03217804998
03217806398
03217808132
03217807607
03217806003
03217809771
03217805292
03217807835
03217806116
03217802939
03217809453
03217808438
03217805029
03217807300
03217808209
03217802466
03217809123
03217807906
03217807007
03217804100
03217808882
03217806256
03217809261
03217802435
03217803184
03217808379
03217801358
03217802448
03217803696
03217804055
03217805162
03217806316
03217802558
03217807775
03217805374
03217809595
03217807581
03217806627
03217805799
03217809386
03217801062
03217806982
03217806491
03217807238
03217802972
03217806798
03217809699
03217805405
03217803568
03217807515
03217801875
03217807236
03217806741
03217807335
03217802107
03217809456
03217804758
03217808455
03217807991
03217804742
03217805631
03217805650
03217804690
03217803748
03217808311
03217809426
03217807472
03217803083
03217806870
03217809308
03217802278
03217805943
03217805946
03217805406
03217804559
03217809675
03217801298
03217807043
03217803156
03217807646
03217804441
03217805321
03217801034
03217808038
03217807487
03217808124
03217801869
03217803275
03217803071
03217802240
03217805517
03217801606
03217801988
03217801147
03217806050
03217805950
03217807094
03217804142
03217803425
03217804432
03217805004
03217807928
03217804462
03217801391
03217806161
03217804049
03217802848
03217807157
03217804614
03217807817
03217807984
03217806542
03217803655
03217805709
03217801301
03217805602
03217809807
03217805939
03217806237
03217804339
03217803418
03217803411
03217803624
03217809949
03217805985
03217809731
03217803214
03217809436
03217807393
03217806571
03217806646
03217801325
03217804075
03217801671
03217803773
03217802123
03217807626
03217807699
03217803622
03217805445
03217802395
03217806270
03217802840
03217807823
03217804624
03217809064
03217801691
03217804424
03217801822
03217806787
03217809223
03217801809
03217808629
03217808086
03217804769
03217807105
03217802935
03217807084
03217809063
03217809497
03217807226
03217803931
03217809380
03217802166
03217804114
03217802412
03217802727
03217807973
03217802593
03217801229
03217805106
03217803678
03217803144
03217801907
03217808590
03217805702
03217802147
03217805681
03217809503
03217804883
03217801203
03217801963
03217801124
03217808996
03217809612
03217808852
03217808339
03217807882
03217805311
03217801177
03217806772
03217805614
03217803891
03217805244
03217806898
03217807576
03217802012
03217808237
03217801105
03217802657
03217804194
03217807994
03217806703
03217807320
03217805484
03217806178
03217806179
03217806733
03217807233
03217804936
03217803381
03217809994
03217803781
03217809047
03217808176
03217802990
03217803415
03217803114
03217801864
03217809633
03217804710
03217805918
03217803928
03217806906
03217807530
03217808016
03217803346
03217803473
03217808125
03217807443
03217808397
03217803209
03217805260
03217803803
03217803512
03217803433
03217802672
03217807796
03217806777
03217801833
03217804843
03217807067
03217806695
03217804586
03217808596
03217805123
03217809240
03217803024
03217809483
03217802076
03217802774
03217807954
03217808162
03217802833
03217803260
03217809108
03217804801
03217805937
03217801596
03217802993
03217808357
03217804966
03217804942
03217809186
03217809903
03217809680
03217809192
03217808027
03217804061
03217805543
03217806132
03217805696
03217803172
03217806278
03217803538
03217801538
03217802320
03217809157
03217807763
03217801206
03217801133
03217802485
03217803389
03217805557
03217805271
03217809839
03217808345
03217801540
03217805573
03217801858
03217805180
03217806486
03217802100
03217801753
03217805400
03217808693
03217805442
03217804996
03217805422
03217806532
03217806642
03217802257
03217804989
03217806554
03217806482
03217805569
03217803262
03217803617
03217802439
03217805230
03217807151
03217803833
03217802456
03217805797
03217804345
03217804409
03217809353
03217809681
03217802520
03217809970
03217804947
03217806857
03217806686
03217804177
03217805024
03217808138
03217802845
03217806878
03217802766
03217805783
03217804600
03217805843
03217803103
03217803299
03217803284
03217801862
03217805971
03217802310
03217808241
03217802741
03217803609
03217809334
03217808266
03217809296
03217809603
03217804347
03217801033
03217805315
03217802902
03217806562
03217802368
03217805339
03217808302
03217802377
03217801458
03217807431
03217806738
03217803330
03217802464
03217801368
03217809233
03217806613
03217802693
03217801046
03217804126
03217806068
03217807818
03217806548
03217807659
03217806032
03217802205
03217803247
03217807352
03217805910
03217805728
03217808534
03217808498
03217805845
03217808413
03217807451
03217802881
03217803475
03217807764
03217807898
03217801979
03217808540
03217801893
03217809410
03217801144
03217807966
03217809033
03217802683
03217806909
03217803301
03217804626
03217807496
03217806353
03217808902
03217806336
03217803133
03217802153
03217806466
03217805730
03217808896
03217801918
03217804917
03217805012
03217808486
03217801195
03217803138
03217804929
03217803147
03217805161
03217807414
03217808008
03217805765
03217804529
03217802795
03217802102
03217809385
03217806877
03217803044
03217801625
03217805197
03217808939
03217803787
03217806528
03217809135
03217807138
03217804631
03217805745
03217801028
03217804674
03217809644
03217809975
03217804493
03217806131
03217809479
03217807838
03217809544
03217809465
03217808344
03217803137
03217801807
03217801564
03217809588
03217802685
03217807270
03217806721
03217801954
03217801129
03217805058
03217801958
03217802059
03217805999
03217807402
03217801119
03217802739
03217808364
03217805790
03217803919
03217805970
03217809905
03217809039
03217803500
03217809645
03217805043
03217804180
03217804322
03217809872
03217808183
03217805998
03217805331
03217804293
03217805695
03217809463
03217804852
03217801989
03217802373
03217803254
03217808654
03217803363
03217801073
03217807521
03217805778
03217803545
03217801681
03217802751
03217803639
03217808744
03217807343
03217809980
03217807347
03217807887
03217802035
03217804079
03217801659
03217809184
03217807625
03217801677
03217807773
03217806807
03217805185
03217803775
03217806061
03217806005
03217801706
03217801655
03217805868
03217805990
03217802536
03217805265
03217804939
03217804897
03217802384
03217807964
03217802292
03217805577
03217802529
03217808202
03217808650
03217807444
03217802258
03217801616
03217807804
03217804302
03217802804
03217804748
03217801576
03217806555
03217805887
03217803745
03217809716
03217802877
03217805675
03217801044
03217801984
03217802876
03217806593
03217803989
03217802622
03217807095
03217809181
03217807288
03217809229
03217809660
03217809384
03217807232
03217801230
03217802656
03217805572
03217807410
03217803223
03217803746
03217803850
03217801565
03217807944
03217801242
03217804384
03217808383
03217809009
03217808638
03217803544
03217807077
03217802288
03217801248
03217808557
03217802701
03217805935
03217804213
03217803839
03217804822
03217802434
03217808529
03217807013
03217803574
03217805087
03217802192
03217803648
03217805325
03217803231
03217808173
03217802305
03217809654
03217801929
03217801310
03217808648
03217802746
03217803851
03217808711
03217803744
03217802152
03217807371
03217808135
03217808675
03217808528
03217806720
03217801359
03217803570
03217808400
03217808583
03217807655
03217804552
03217804369
03217806154
03217808766
03217803058
03217805777
03217801238
03217807423
03217807287
03217801466
03217809988
03217806584
03217806450
03217802262
03217807893
03217803268
03217801422
03217807715
03217804056
03217804972
03217806796
03217806511
03217806813
03217808734
03217801253
03217803345
03217803297
03217802812
03217806757
03217804278
03217806591
03217805084
03217807501
03217805653
03217804394
03217802506
03217804728
03217807012
03217807840
03217808251
03217807137
03217809433
03217809893
03217803582
03217801815
03217802132
03217805393
03217807427
03217801283
03217802947
03217805763
03217806261
03217809266
03217803652
03217802503
03217806170
03217807014
03217806996
03217807611
03217804633
03217803008
03217804874
03217804903
03217809082
03217807867
03217807723
03217806693
03217806215
03217809659
03217806919
03217805151
03217809437
03217801212
03217807904
03217805384
03217805474
03217801331
03217808152
03217801738
03217809391
03217805127
03217806518
03217808558
03217809998
03217806424
03217805019
03217802733
03217807526
03217809703
03217806253
03217807735
03217808494
03217809043
03217806601
03217802188
03217806732
03217805801
03217809092
03217802226
03217809159
03217804528
03217807344
03217801405
03217801205
03217808134
03217805372
03217806080
03217807156
03217801900
03217806472
03217806704
03217809877
03217804953
03217805077
03217801880
03217802695
03217802789
03217802938
03217809785
03217802650
03217801826
03217804196
03217801751
03217803343
03217804747
03217808298
03217804150
03217805388
03217809929
03217804786
03217809760
03217808119
03217807029
03217803122
03217802963
03217809445
03217801535
03217804832
03217805924
03217808714
03217806545
03217804206
03217806600
03217806303
03217802648
03217804649
03217808616
03217809800
03217801419
03217808110
03217806308
03217803621
03217807667
03217803812
03217805906
03217803601
03217802321
03217801315
03217809947
03217805591
03217807182
03217805193
03217806957
03217803387
03217808758
03217801403
03217801770
03217801797
03217808272
03217803036
03217801867
03217809137
03217808146
03217801994
03217801313
03217804985
03217807079
03217801650
03217801811
03217809501
03217805296
03217805633
03217805628
03217808713
03217805976
03217809362
03217809012
03217809642
03217802915
03217803890
03217805272
03217806339
03217804510
03217808236
03217807759
03217801607
03217808634
03217803542
03217805146
03217802866
03217809257
03217804435
03217807710
03217805775
03217803722
03217803084
03217802295
03217809914
03217802504
03217808504
03217809078
03217805822
03217806040
03217806588
03217805310
03217802284
03217808916
03217809496
03217807869
03217809623
03217807739
03217808137
03217807341
03217802516
03217809259
03217805470
03217804495
03217807561
03217802743
03217803128
03217801426
03217805940
03217803294
03217804549
03217809254
03217802528
03217804753
03217804017
03217809490
03217808232
03217807846
03217806751
03217807905
03217804099
03217805472
03217804946
03217804954
03217807397
03217803245
03217804654
03217804009
03217809029
03217802978
03217805340
03217808479
03217803966
03217802182
03217805873
03217806343
03217808246
03217806201
03217806409
03217808614
03217804532
03217803384
03217809768
03217807237
03217806648
03217809466
03217805542
03217804716
03217808643
03217806480
03217803272
03217809894
03217805245
03217803499
03217809412
03217801620
03217801972
03217804238
03217802094
03217808737
03217809291
03217807005
03217801561
03217808899
03217803476
03217807417
03217807360
03217809562
03217808685
03217809798
03217807669
03217809250
03217809226
03217804526
03217809393
03217805357
03217804973
03217806152
03217806514
03217803368
03217803595
03217804303
03217803972
03217808446
03217808148
03217801187
03217804676
03217805228
03217802198
03217806804
03217805424
03217801637
03217806715
03217804918
03217804372
03217806572
03217802477
03217807885
03217803936
03217801543
03217809613
03217806445
03217802394
03217801523
03217802578
03217808881
03217807120
03217802584
03217803827
03217805923
03217803410
03217806636
03217807588
03217809573
03217805328
03217806230
03217802684
03217804334
03217802994
03217807201
03217803825
03217807810
03217804474
03217804576
03217809579
03217804037
03217805483
03217809658
03217802759
03217804359
03217804187
03217807644
03217805753
03217809663
03217802097
03217806346
03217805078
03217804219
03217806639
03217809500
03217808227
03217801244
03217806246
03217805201
03217809601
03217805057
03217806619
03217809243
03217806976
03217804805
03217803713
03217808103
03217804304
03217803004
03217809790
03217803751
03217803877
03217803229
03217805386
03217802808
03217809574
03217806567
03217807987
03217801407
03217808774
03217804324
03217809360
03217807731
03217807145
03217803369
03217806681
03217808335
03217807790
03217807701
03217807740
03217804943
03217805949
03217803993
03217802041
03217808560
03217801215
03217806849
03217809060
03217804476
03217805820
03217801111
03217801669
03217809679
03217801614
03217803650
03217807844
03217808681
03217802651
03217805444
03217805981
03217809837
03217804668
03217802000
03217803694
03217806175
03217805489
03217802139
03217808626
03217805945
03217802847
03217807559
03217805264
03217804884
03217801529
03217807548
03217805570
03217806666
03217805667
03217808442
03217804051
03217809895
03217806262
03217808017
03217805503
03217809968
03217803034
03217801106
03217808722
03217806546
03217804849
03217808901
03217808610
03217805378
03217808971
03217803043
03217809062
03217808020
03217805668
03217804968
03217807387
03217804451
03217807914
03217803386
03217804267
03217808002
03217803889
03217804491
03217805251
03217805594
03217804179
03217804122
03217803559
03217804838
03217804124
03217801012
03217808864
03217806362
03217804101
03217801503
03217804434
03217802170
03217806598
03217803248
03217809609
03217801293
03217805516
03217805120
03217807720
03217804455
03217808543
03217804410
03217805530
03217807902
03217803016
03217801198
03217809920
03217808414
03217804461
03217806678
03217809272
03217806104
03217801024
03217806458
03217802948
03217803479
03217807668
03217804379
03217804842
03217808874
03217805984
03217802886
03217803492
03217808179
03217805132
03217807118
03217809669
03217802469
03217801952
03217808571
03217803600
03217801417
03217803702
03217803185
03217801944
03217806570
03217805189
03217809605
03217808484
03217802567
03217801640
03217806504
03217806786
03217804164
03217806117
03217807565
03217803053
03217809028
03217807031
03217808312
03217801356
03217801740
03217803281
03217806022
03217803711
03217807008
03217806803
03217808199
03217809072
03217809347
03217802061
03217805919
03217804208
03217803659
03217802303
03217805648
03217807696
03217803886
03217809695
03217802564
03217802883
03217808304
03217801787
03217804386
03217804572
03217802658
03217801961
03217807351
03217808233
03217803533
03217806989
03217803220
03217809578
03217806259
03217803487
03217801908
03217803906
03217806724
03217801383
03217807470
03217802045
03217803097
03217804125
03217806411
03217804686
03217802369
03217804775
03217807675
03217807585
03217805526
03217808715
03217806856
03217806496
03217802299
03217802115
03217803353
03217809098
03217809344
03217807220
03217804354
03217802016
03217804817
03217809879
03217802997
03217807848
03217803003
03217802042
03217802922
03217809915
03217806634
03217807938
03217805136
03217805437
03217805034
03217805846
03217808444
03217808674
03217804772
03217805051
03217807409
03217803982
03217809267
03217809909
03217804116
03217801373
03217802003
03217808743
03217802108
03217803681
03217809372
03217806927
03217804671
03217802604
03217808799
03217807163
03217807304
03217807080
03217807506
03217805317
03217805680
03217806676
03217804827
03217803069
03217802776
03217803865
03217803735
03217802133
03217808805
03217806968
03217805261
03217806393
03217803328
03217801353
03217804045
03217808855
03217801517
03217807231
03217803130
03217802735
03217805973
03217804829
03217803057
03217809780
03217806610
03217803063
03217805432
03217803636
03217801705
03217801137
03217806595
03217803061
03217803409
03217803798
03217801830
03217804960
03217803975
03217805727
03217806083
03217805866
03217802015
03217809381
03217808085
03217802549
03217803940
03217804071
03217804217
03217809718
03217807186
03217801548
03217802352
03217802195
03217804892
03217804787
03217809248
03217803329
03217807896
03217807716
03217802339
03217802259
03217808456
03217806295
03217809720
03217808936
03217809868
03217806229
03217802287
03217802703
03217806459
03217803697
03217801091
03217808600
03217801491
03217809564
03217801707
03217806876
03217805875
03217809387
03217801057
03217801603
03217806938
03217803374
03217807440
03217806078
03217808011
03217803743
03217805363
03217809756
03217801790
03217802828
03217805003
03217807988
03217804483
03217805088
03217801451
03217804831
03217803695
03217806405
03217808151
03217803583
03217805382
03217802581
03217806907
03217808663
03217807333
03217807203
03217802855
03217804846
03217806624
03217808448
03217809953
03217805380
03217806810
03217807685
03217809635
03217801577
03217808931
03217804299
03217802402
03217806476
03217802726
03217809673
03217809859
03217803110
03217801779
03217804374
03217804882
03217807670
03217802725
03217805133
03217807859
03217808701
03217806070
03217804527
03217803529
03217803836
03217805130
03217809917
03217808516
03217809054
03217804651
03217801189
03217802608
03217806260
03217807181
03217803219
03217806950
03217808589
03217806842
03217805930
03217801927
03217803520
03217808817
03217806860
03217803532
03217803701
03217804082
03217807580
03217808890
03217809494
03217801343
03217807127
03217808436
03217807155
03217802274
03217807629
03217807214
03217802362
03217808050
03217801909
03217801609
03217801100
03217807910
03217809076
03217807656
03217804948
03217803098
03217807193
03217807245
03217802786
03217806473
03217807493
03217804666
03217809653
03217805616
03217808327
03217809280
03217803929
03217808793
03217804498
03217802624
03217801613
03217808983
03217801239
03217806980
03217807884
03217808656
03217809736
03217806145
03217806274
03217809498
03217807325
03217805345
03217807390
03217806942
03217803766
03217801633
03217803714
03217809071
03217805995
03217801103
03217807040
03217802255
03217805992
03217802772
03217802326
03217803980
03217804578
03217805032
03217801485
03217808532
03217809031
03217804257
03217802843
03217808537
03217807509
03217806641
03217805168
03217802327
03217809166
03217806987
03217805026
03217802864
03217808909
03217808804
03217802771
03217805617
03217807879
03217804199
03217804725
03217801892
03217805883
03217802165
03217804214
03217804781
03217801986
03217804629
03217805904
03217801580
03217807911
03217809509
03217808790
03217805177
03217803295
03217802430
03217802970
03217801872
03217809927
03217805721
03217801835
03217803159
03217806993
03217807032
03217801714
03217806123
03217806534
03217807943
03217809531
03217802653
03217805983
03217803351
03217805641
03217804074
03217803732
03217805509
03217809820
03217804908
03217804797
03217804048
03217804250
03217805171
03217803067
03217808342
03217805451
03217803078
03217809977
03217803196
03217809813
03217809619
03217801169
03217809586
03217806802
03217805574
03217807917
03217801515
03217807640
03217802391
03217801025
03217807602
03217806048
03217805744
03217802505
03217804734
03217808605
03217805847
03217809304
03217808801
03217802359
03217804890
03217808955
03217806658
03217805997
03217805539
03217806235
03217801208
03217802312
03217802386
03217805289
03217801157
03217805210
03217806090
03217807246
03217808676
03217807254
03217805666
03217805427
03217805951
03217804426
03217809083
03217803987
03217805183
03217805243
03217803918
03217807349
03217801011
03217809335
03217808810
03217804696
03217801805
03217808915
03217801919
03217805975
03217801404
03217801182
03217808712
03217805215
03217806041
03217801348
03217809523
03217808690
03217807170
03217802049
03217803135
03217804856
03217806408
03217809871
03217801008
03217801474
03217803178
03217807290
03217804963
03217803736
03217808995
03217805953
03217802346
03217804965
03217805440
03217805334
03217809691
03217804022
03217804768
03217805713
03217803867
03217807946
03217809225
03217805719
03217804366
03217802559
03217807876
03217804479
03217802401
03217804232
03217807441
03217806495
03217805678
03217808226
03217803892
03217803749
03217801479
03217807045
03217804501
03217809001
03217809008
03217803725
03217806714
03217803443
03217801639
03217804750
03217806004
03217803062
03217806746
03217806198
03217804577
03217808811
03217804730
03217804785
03217807136
03217809945
03217806282
03217803712
03217804643
03217802319
03217804012
03217805796
03217801964
03217802388
03217806710
03217802768
03217809885
03217803645
03217805248
03217801101
03217809414
03217809161
03217808963
03217804342
03217805926
03217803027
03217809056
03217801275
03217805090
03217807875
03217809430
03217805037
03217802785
03217803616
03217806519
03217807866
03217808170
03217808089
03217807251
03217807828
03217809182
03217806800
03217808463
03217806908
03217801624
03217808542
03217802911
03217806381
03217801715
03217803000
03217808045
03217807200
03217801167
03217803984
03217805366
03217802009
03217805002
03217808608
03217806696
03217801632
03217804175
03217804321
03217803234
03217801071
03217806947
03217807091
03217805198
03217809873
03217805925
03217801549
03217803465
03217809332
03217808655
03217809048
03217807188
03217809319
03217803882
03217807541
03217802723
03217804338
03217805241
03217801684
03217809219
03217806830
03217801334
03217807448
03217804221
03217809677
03217806053
03217805733
03217802001
03217801294
03217808058
03217809079
03217804212
03217802677
03217808483
03217809952
03217806910
03217808385
03217809514
03217809352
03217803703
03217808348
03217801850
03217807556
03217805979
03217805821
03217804718
03217803032
03217806017
03217805111
03217806841
03217803519
03217808404
03217803731
03217804617
03217801454
03217807317
03217803513
03217805823
03217808462
03217801723
03217803201
03217803193
03217802949
03217802592
03217804707
03217801433
03217802294
03217809103
03217808177
03217802236
03217804360
03217807967
03217808195
03217807566
03217801641
03217806433
03217802546
03217801444
03217806930
03217807538
03217806001
03217803528
03217809286
03217806712
03217802455
03217802628
03217803949
03217803424
03217806516
03217802086
03217806109
03217805513
03217803277
03217801295
03217802907
03217803586
03217803756
03217801931
03217804997
03217801559
03217805687
03217809324
03217806019
03217805053
03217806797
03217806191
03217805670
03217809817
03217803822
03217809309
03217808149
03217809608
03217804770
03217805124
03217806436
03217802891
03217806243
03217803093
03217809941
03217801140
03217802868
03217804288
03217803879
03217806768
03217802613
03217804625
03217804063
03217808371
03217801697
03217809719
03217805894
03217809455
03217803978
03217803689
03217805871
03217807161
03217806434
03217808485
03217807122
03217803393
03217802366
03217805612
03217802801
03217805528
03217801027
03217805430
03217801380
03217806995
03217805786
03217803821
03217805465
03217808453
03217805996
03217803566
03217804197
03217804256
03217805963
03217807450
03217806453
03217806360
03217807517
03217805490
03217801231
03217801696
03217809561
03217806084
03217802863
03217807637
03217808912
03217808428
03217803377
03217807903
03217802370
03217801029
03217803253
03217803556
03217808168
03217804553
03217807277
03217807601
03217805805
03217807022
03217809075
03217803863
03217801504
03217804554
03217806836
03217802542
03217807610
03217808358
03217804653
03217805769
03217804957
03217808980
03217809546
03217802626
03217805330
03217805360
03217804263
03217801934
03217808072
03217803527
03217808806
03217801970
03217803240
03217801832
03217801889
03217801092
03217803761
03217805477
03217803348
03217809924
03217803926
03217802989
03217808487
03217802422
03217804894
03217802399
03217806851
03217801912
03217808054
03217804396
03217804992
03217804677
03217809599
03217809570
03217808597
03217801828
03217806526
03217802764
03217808973
03217802008
03217801183
03217805443
03217803502
03217806197
03217805022
03217808699
03217806843
03217802937
03217809368
03217804978
03217801128
03217808156
03217805186
03217806099
03217804425
03217801840
03217805907
03217806866
03217801326
03217802416
03217808052
03217808368
03217806138
03217804120
03217808409
03217801856
03217805835
03217803899
03217802492
03217801739
03217806538
03217807469
03217803671
03217804086
03217809183
03217805551
03217805270
03217802873
03217807582
03217809342
03217807595
03217809331
03217806602
03217808928
03217804885
03217801000
03217806894
03217802487
03217809610
03217801647
03217805139
03217801796
03217802199
03217801933
03217809684
03217809369
03217805362
03217803857
03217808425
03217808330
03217807400
03217808869
03217802817
03217801246
03217806326
03217802525
03217802138
03217809094
03217805223
03217803563
03217806854
03217809230
03217809643
03217801184
03217808866
03217805853
03217803474
03217805649
03217809241
03217803968
03217809838
03217801528
03217806016
03217808182
03217806027
03217809611
03217808262
03217802702
03217808370
03217803246
03217809725
03217804717
03217807125
03217807241
03217803854
03217803015
03217802406
03217807392
03217807158
03217805504
03217802587
03217808556
03217802300
03217804877
03217802034
03217801047
03217808803
03217806213
03217808032
03217805049
03217807279
03217805994
03217808500
03217809251
03217802713
03217805776
03217809077
03217802757
03217808245
03217802247
03217801784
03217802098
03217806335
03217802408
03217809407
03217806108
03217803683
03217808321
03217802219
03217807965
03217804995
03217806620
03217806875
03217801090
03217804087
03217809982
03217808386
03217809040
03217807837
03217804982
03217803456
03217809786
03217806709
03217808987
03217801599
03217803585
03217805567
03217804392
03217808851
03217802493
03217805035
03217802013
03217802164
03217807986
03217802641
03217804158
03217802943
03217801114
03217801801
03217807295
03217804571
03217804136
03217801126
03217801689
03217804184
03217805163
03217808286
03217807632
03217805276
03217808935
03217807504
03217804134
03217801695
03217801267
03217809535
03217806547
03217802802
03217804489
03217802969
03217809829
03217807143
03217807958
03217809858
03217807886
03217809014
03217801844
03217801265
03217803878
03217804105
03217802441
03217801778
03217802494
03217804380
03217806888
03217808507
03217802463
03217809206
03217805921
03217801768
03217809646
03217801859
03217803143
03217808315
03217805086
03217805304
03217802691
03217807389
03217805287
03217808489
03217802289
03217801088
03217808826
03217804868
03217802930
03217808588
03217802941
03217807476
03217802306
03217803164
03217806652
03217803709
03217802900
03217803109
03217802018
03217801296
03217806692
03217804566
03217809803
03217803934
03217801992
03217806218
03217808838
03217807651
03217809568
03217808917
03217801063
03217801921
03217804652
03217803017
03217803793
03217803679
03217802387
03217801243
03217804701
03217803571
03217808076
03217808363
03217802191
03217808522
03217806088
03217801130
03217801305
03217804841
03217804944
03217804400
03217806920
03217808407
03217804546
03217803540
03217803100
03217803006
03217803285
03217805819
03217804279
03217806127
03217804713
03217801507
03217804705
03217807006
03217805737
03217805460
03217804913
03217809432
03217805355
03217804974
03217808848
03217809278
03217805466
03217802836
03217805544
03217804739
03217801415
03217803338
03217803305
03217808449
03217805404
03217804513
03217807623
03217804242
03217804735
03217809961
03217806417
03217809017
03217807933
03217809085
03217808627
03217807929
03217805258
03217801292
03217806540
03217808813
03217807912
03217806767
03217807584
03217805590
03217804597
03217802024
03217807850
03217805013
03217804373
03217803548
03217808040
03217806448
03217804902
03217805152
03217807113
03217803485
03217808079
03217801882
03217806794
03217803221
03217801083
03217805429
03217806822
03217809378
03217805482
03217803030
03217802551
03217802347
03217806264
03217804419
03217805908
03217809030
03217809775
03217807309
03217809606
03217803018
03217802364
03217803009
03217804123
03217805782
03217804038
03217802105
03217804319
03217803261
03217807179
03217803797
03217805635
03217808891
03217805488
03217808562
03217804350
03217802029
03217808994
03217807428
03217806925
03217807337
03217805160
03217806176
03217807834
03217808863
03217806224
03217802838
03217805157
03217803064
03217803813
03217805254
03217809700
03217803376
03217808512
03217809146
03217803007
03217808624
03217803511
03217804609
03217802500
03217805081
03217801819
03217801575
03217804014
03217806694
03217808856
03217802316
03217808877
03217805928
03217806484
03217805554
03217801279
03217807036
03217804340
03217809984
03217809190
03217807141
03217808319
03217802405
03217802882
03217805878
03217804329
03217806535
03217802664
03217803225
03217809002
03217801143
03217801018
03217802729
03217801059
03217809634
03217804313
03217803592
03217804485
03217808732
03217806706
03217801398
03217804228
