03217807686
03217806962
03217809809
03217805371
03217805411
03217801436
03217806186
03217809487
03217805516
03217807575
03217802333
03217802149
03217805862
03217803596
03217806290
03217804790
03217808477
03217806275
03217807991
03217807842
03217801884
03217802033
03217804110
03217801537
03217804802
03217807196
03217803206
03217807436
03217803704
03217802946
03217805946
03217806645
03217804618
03217808554
03217808423
03217801058
03217804531
03217807181
03217803938
03217807676
03217801565
03217808159
03217806803
03217802471
03217802786
03217807593
03217806909
03217801728
03217804020
03217805802
03217804929
03217805698
03217803833
03217804239
03217802979
03217802907
03217805782
03217802570
03217801629
03217805687
03217807531
03217807308
03217805173
03217805232
03217804576
03217803946
03217809094
03217807467
03217807685
03217807945
03217801555
03217806434
03217809971
03217806643
03217804650
03217806110
03217806037
03217804217
03217802624
03217804256
03217802752
03217803494
03217805359
03217806380
03217803921
03217802941
03217807544
03217807250
03217808155
03217807907
03217806046
03217805878
03217809495
03217807298
03217807554
03217803016
03217802963
03217802634
03217806552
03217802676
03217807856
03217803373
03217809263
03217803861
03217803966
03217803846
03217802244
03217808257
03217809672
03217806533
03217807411
03217803063
03217803274
03217804555
03217801678
03217809872
03217808196
03217806153
03217809923
03217809790
03217803648
03217804093
03217806015
03217803436
03217807095
03217803094
03217803074
03217801583
03217806071
03217801580
03217804896
03217806096
03217802518
03217809955
03217805299
03217808993
03217808483
03217801373
03217808634
03217802815
03217807352
03217804939
03217805619
03217807682
03217804820
03217802938
03217806481
03217806629
03217802241
03217808065
03217809725
03217808875
03217809767
03217807950
03217802949
03217808807
03217801161
03217806577
03217803459
03217805828
03217806991
03217801694
03217809658
03217801558
03217803775
03217805677
03217807058
03217804623
03217801441
03217801306
03217802274
03217801753
03217801278
03217808662
03217805957
03217807817
03217809413
03217808273
03217805102
03217809442
03217809338
03217806830
03217807221
03217802750
03217802004
03217806145
03217806492
03217807831
03217801905
03217807914
03217802806
03217805823
03217805657
03217805280
03217804061
03217803906
03217809142
03217802870
03217809422
03217802005
03217806758
03217807450
03217807121
03217808489
03217809288
03217801748
03217808304
03217803324
03217807548
03217802355
03217802828
03217801163
03217806554
03217802926
03217808064
03217808131
03217803610
03217809401
03217804360
03217808946
03217805454
03217803004
03217803756
03217805506
03217809131
03217807265
03217805679
03217807437
03217808539
03217802944
03217804261
03217802716
03217809153
03217805502
03217806083
03217803601
03217804589
03217802081
03217808274
03217803302
03217802452
03217802897
03217806215
03217804805
03217808509
03217803873
03217807189
03217807357
03217803090
03217808175
03217803034
03217806283
03217806314
03217807233
03217806241
03217809172
03217806059
03217805045
03217803816
03217802755
03217808219
03217806454
03217808665
03217805347
03217801760
03217802629
03217807526
03217805799
03217809771
03217806865
03217807179
03217809702
03217808223
03217808153
03217802916
03217802459
03217807170
03217803563
03217801349
03217802714
03217809854
03217801924
03217801227
03217806433
03217802838
03217808268
03217809841
03217804429
03217808530
03217807035
03217808163
03217809485
03217809696
03217804678
03217807550
03217809458
03217806749
03217801243
03217809662
03217801557
03217803318
03217801309
03217805854
03217806580
03217808090
03217806374
03217808088
03217806256
03217803600
03217807875
03217806548
03217802467
03217808365
03217804530
03217807438
03217808914
03217808921
03217807684
03217801370
03217801241
03217809829
03217809016
03217808527
03217806180
03217807255
03217805366
03217803000
03217802319
03217801687
03217801156
03217806535
03217805372
03217809852
03217804747
03217801894
03217808172
03217809160
03217801615
03217807017
03217809655
03217806313
03217806367
03217807827
03217806883
03217801977
03217802077
03217801480
03217806837
03217806362
03217809563
03217807453
03217804228
03217808884
03217801830
03217803916
03217802065
03217809061
03217804174
03217802466
03217805931
03217803197
03217806311
03217807401
03217803199
03217808871
03217809867
03217805254
03217802456
03217802594
03217805436
03217809709
03217804457
03217809134
03217808535
03217803490
03217805183
03217801700
03217807282
03217804330
03217801706
03217807386
03217806237
03217804483
03217802451
03217808046
03217801482
03217803653
03217804416
03217806989
03217805766
03217809436
03217803162
03217809944
03217805636
03217808142
03217804859
03217808791
03217801070
03217807372
03217804781
03217803529
03217805571
03217808990
03217805010
03217805915
03217801980
03217808962
03217808100
03217805384
03217808435
03217807207
03217808940
03217801019
03217803662
03217803979
03217808690
03217808323
03217809099
03217804491
03217801646
03217806187
03217806847
03217808595
03217805166
03217802856
03217807110
03217807669
03217804516
03217805911
03217804662
03217803651
03217801036
03217801074
03217803785
03217801847
03217809421
03217806200
03217802592
03217804942
03217801509
03217808428
03217807168
03217805918
03217807771
03217807407
03217803934
03217808682
03217806458
03217804430
03217805243
03217804499
03217809391
03217804033
03217804269
03217805793
03217802114
03217801419
03217801795
03217802690
03217805063
03217804278
03217807368
03217802626
03217802905
03217804904
03217806475
03217809677
03217804127
03217801898
03217806430
03217809466
03217803217
03217809019
03217807758
03217808427
03217801211
03217804259
03217807002
03217806805
03217807992
03217809732
03217808002
03217804404
03217807348
03217806668
03217805738
03217802104
03217801640
03217801029
03217803777
03217809982
03217804752
03217801116
03217802600
03217802960
03217804566
03217801051
03217806773
03217801186
03217804037
03217806322
03217809846
03217809553
03217802604
03217804395
03217804114
03217803109
03217805623
03217806100
03217806911
03217806742
03217801675
03217809722
03217804550
03217809761
03217808723
03217807478
03217806914
03217802977
03217807892
03217804649
03217801229
03217805333
03217809550
03217807562
03217801298
03217802435
03217805753
03217801219
03217808546
03217807406
03217801026
03217806822
03217801189
03217803134
03217807708
03217807525
03217807293
03217809157
03217803239
03217803076
03217801393
03217808050
03217803198
03217805843
03217803572
03217809858
03217801897
03217801059
03217808430
03217805196
03217808324
03217807270
03217804845
03217801810
03217803188
03217805692
03217808195
03217809355
03217803523
03217802939
03217807534
03217804344
03217809205
03217801762
03217803127
03217803819
03217802962
03217807784
03217807989
03217802256
03217808156
03217809512
03217808099
03217806592
03217802180
03217801360
03217806649
03217807231
03217809307
03217802596
03217801626
03217802864
03217805863
03217802863
03217805482
03217805969
03217804582
03217801173
03217805043
03217802038
03217804526
03217808309
03217809228
03217807047
03217807240
03217805467
03217807412
03217805013
03217806688
03217807039
03217803711
03217806596
03217808166
03217804332
03217801546
03217807037
03217801312
03217804669
03217808480
03217806341
03217807644
03217807850
03217808380
03217806610
03217803449
03217806118
03217804985
03217807839
03217808283
03217802951
03217806514
03217802067
03217807129
03217804214
03217802530
03217806175
03217801771
03217809373
03217806416
03217806840
03217803497
03217801769
03217801990
03217803599
03217808947
03217803640
03217804310
03217809345
03217809402
03217809389
03217807086
03217807388
03217801564
03217802053
03217805871
03217808312
03217805214
03217803624
03217805031
03217806853
03217807980
03217803797
03217807098
03217802138
03217807630
03217806855
03217805873
03217801964
03217809770
03217809448
03217801679
03217801386
03217808892
03217804643
03217802203
03217806396
03217802678
03217803413
03217805142
03217809285
03217805606
03217801880
03217805899
03217801060
03217801202
03217803216
03217808465
03217804916
03217804010
03217809801
03217801848
03217801501
03217803118
03217804144
03217802490
03217803528
03217805122
03217801031
03217807939
03217809885
03217806441
03217806979
03217803669
03217803010
03217807227
03217807862
03217805301
03217803755
03217803685
03217806996
03217808345
03217804559
03217804974
03217809974
03217807417
03217806762
03217801584
03217807043
03217803141
03217809085
03217802251
03217807252
03217801766
03217804920
03217802381
03217807203
03217809399
03217809164
03217801213
03217808920
03217807390
03217808191
03217805988
03217808844
03217808708
03217804505
03217804772
03217809584
03217807516
03217803554
03217803493
03217804476
03217806955
03217803122
03217806324
03217809082
03217809935
03217803924
03217804976
03217803184
03217808819
03217803535
03217808834
03217801303
03217809793
03217805395
03217803761
03217801054
03217807918
03217801408
03217805538
03217808880
03217808636
03217804312
03217802666
03217807162
03217803698
03217808272
03217807904
03217806276
03217802840
03217802130
03217808984
03217806861
03217804266
03217801011
03217807418
03217807211
03217806860
03217804711
03217805826
03217804189
03217803754
03217802499
03217803466
03217801790
03217803910
03217806575
03217805204
03217804915
03217803544
03217801055
03217801891
03217809612
03217802309
03217806022
03217805120
03217805262
03217808275
03217803398
03217809546
03217802669
03217802555
03217801630
03217802069
03217803165
03217808303
03217809554
03217807893
03217806235
03217808326
03217802020
03217808486
03217803407
03217801198
03217804806
03217808769
03217803994
03217803671
03217801072
03217807924
03217808586
03217807929
03217804970
03217804654
03217808702
03217801395
03217809910
03217808936
03217803461
03217805165
03217803157
03217801634
03217802124
03217803486
03217804356
03217803612
03217807310
03217808679
03217805218
03217809035
03217807966
03217801125
03217803832
03217802615
03217803922
03217809505
03217809404
03217805874
03217801596
03217804630
03217803044
03217804140
03217803649
03217801566
03217802988
03217808558
03217808759
03217805328
03217806843
03217801283
03217805283
03217809637
03217809245
03217803368
03217808893
03217807003
03217804870
03217808780
03217809455
03217809430
03217804057
03217809291
03217801560
03217809079
03217806289
03217802105
03217809836
03217803505
03217802045
03217804321
03217802354
03217809207
03217805796
03217806988
03217801331
03217803154
03217805950
03217804222
03217805815
03217807835
03217805385
03217809675
03217805246
03217801191
03217805980
03217802006
03217806869
03217809959
03217804500
03217809468
03217803768
03217809839
03217804478
03217802400
03217805446
03217806131
03217808013
03217809440
03217806890
03217807540
03217808416
03217807796
03217807731
03217807881
03217807448
03217807828
03217803504
03217805208
03217804290
03217803476
03217803725
03217801617
03217801042
03217809716
03217807524
03217809259
03217802314
03217805484
03217805869
03217805976
03217809738
03217802028
03217807149
03217809128
03217808675
03217803550
03217808776
03217803635
03217807801
03217808395
03217808495
03217802135
03217806829
03217803394
03217802389
03217805337
03217804178
03217803364
03217804750
03217805992
03217808221
03217802799
03217803435
03217801485
03217805730
03217808607
03217808753
03217807125
03217801405
03217801670
03217802440
03217808058
03217805703
03217808319
03217809152
03217809954
03217806432
03217805674
03217805330
03217807268
03217804213
03217807520
03217807327
03217809425
03217808136
03217802119
03217801118
03217805765
03217803746
03217801984
03217808927
03217806329
03217805239
03217802064
03217803045
03217805028
03217809047
03217801269
03217807089
03217804389
03217805335
03217806685
03217807367
03217805026
03217803410
03217808318
03217809556
03217804713
03217805099
03217805530
03217809222
03217803965
03217808403
03217809181
03217804832
03217808988
03217809286
03217806675
03217804311
03217803718
03217801805
03217801989
03217803913
03217807890
03217803386
03217805625
03217806626
03217804060
03217806033
03217809824
03217802184
03217802058
03217806903
03217803110
03217808709
03217802800
03217806209
03217803428
03217807271
03217803827
03217806016
03217804642
03217805846
03217804215
03217802280
03217807803
03217809912
03217807713
03217801023
03217802967
03217805561
03217801112
03217805519
03217804932
03217803930
03217803691
03217809066
03217808726
03217809398
03217801780
03217807761
03217807123
03217807928
03217807752
03217806446
03217807977
03217801190
03217807896
03217808743
03217809779
03217802411
03217801779
03217808229
03217806891
03217802110
03217801160
03217807673
03217806496
03217801875
03217801997
03217803190
03217807868
03217802278
03217809737
03217806619
03217804761
03217802072
03217806618
03217806318
03217806880
03217808722
03217806287
03217806402
03217807226
03217802159
03217807248
03217806520
03217807584
03217803837
03217805728
03217806188
03217804151
03217801280
03217808873
03217801835
03217807288
03217806052
03217803881
03217809884
03217808186
03217801146
03217809827
03217803215
03217809118
03217803471
03217801862
03217801056
03217806123
03217805377
03217801003
03217804731
03217804861
03217801153
03217808911
03217808038
03217807461
03217808127
03217808457
03217807745
03217803925
03217809329
03217806793
03217808095
03217802520
03217809840
03217802275
03217808994
03217806693
03217804369
03217804719
03217801937
03217804325
03217803095
03217805156
03217803496
03217809833
03217807104
03217802426
03217809600
03217808934
03217801716
03217808014
03217805100
03217809925
03217808204
03217802688
03217809290
03217808881
03217801948
03217807773
03217805069
03217805889
03217802857
03217802455
03217805800
03217802025
03217804459
03217804542
03217807353
03217805032
03217803300
03217804249
03217804092
03217803132
03217806098
03217807858
03217806379
03217802220
03217807419
03217809914
03217804071
03217809002
03217806305
03217804611
03217805078
03217805837
03217809989
03217809256
03217809267
03217808669
03217804648
03217807574
03217804475
03217807173
03217804695
03217804720
03217809388
03217807832
03217805198
03217805748
03217801674
03217806581
03217805437
03217801248
03217808384
03217806797
03217805720
03217809847
03217809463
03217807480
03217808097
03217804898
03217805422
03217808484
03217808523
03217803383
03217809161
03217805194
03217803220
03217803976
03217806917
03217806779
03217809880
03217804944
03217802809
03217803553
03217805598
03217805201
03217807421
03217806264
03217809828
03217801854
03217804627
03217807709
03217807214
03217801403
03217803999
03217802753
03217805354
03217804221
03217809775
03217807264
03217804768
03217803150
03217803828
03217807375
03217806144
03217806054
03217805164
03217802821
03217808802
03217803067
03217809583
03217807391
03217801909
03217807911
03217801345
03217808408
03217808001
03217806669
03217808755
03217801496
03217801194
03217803848
03217801563
03217802558
03217802824
03217808217
03217806177
03217809453
03217808926
03217801366
03217801099
03217807006
03217803051
03217801559
03217808125
03217809823
03217809494
03217806088
03217806701
03217808782
03217806918
03217805812
03217801774
03217805044
03217804319
03217805072
03217805879
03217805834
03217808517
03217804860
03217804697
03217808973
03217807239
03217809479
03217801733
03217808253
03217805167
03217808982
03217809482
03217806634
03217801120
03217803442
03217803617
03217807195
03217803370
03217808263
03217805106
03217803765
03217805065
03217804644
03217806745
03217808329
03217807780
03217805856
03217803177
03217803144
03217803618
03217806506
03217808033
03217801050
03217808646
03217805256
03217807760
03217807834
03217808866
03217803614
03217807936
03217805140
03217807877
03217802508
03217805348
03217809754
03217803908
03217802595
03217803763
03217801149
03217806786
03217805877
03217805075
03217804690
03217804869
03217805363
03217809073
03217804717
03217805409
03217807805
03217804723
03217805230
03217801450
03217806707
03217803189
03217803856
03217804979
03217805267
03217807789
03217808270
03217806752
03217805469
03217804124
03217807287
03217807497
03217808469
03217801882
03217802758
03217804175
03217808745
03217802573
03217805012
03217809206
03217805468
03217805058
03217801732
03217807785
03217809749
03217802482
03217802457
03217805887
03217803347
03217807959
03217802930
03217804762
03217809423
03217807079
03217807093
03217808918
03217803375
03217809247
03217801284
03217804587
03217808857
03217806760
03217808620
03217804512
03217802704
03217804134
03217803160
03217808177
03217809511
03217808151
03217801667
03217807330
03217803940
03217809537
03217805539
03217807996
03217801665
03217805479
03217808337
03217801636
03217809958
03217804183
03217802874
03217803358
03217801128
03217807970
03217805310
03217809752
03217801752
03217809782
03217808280
03217801387
03217809507
03217805888
03217807075
03217808941
03217808512
03217809106
03217809811
03217809616
03217807257
03217804917
03217807688
03217801220
03217807636
03217806516
03217805970
03217801039
03217808655
03217804822
03217806540
03217805327
03217804784
03217809444
03217804793
03217809276
03217806299
03217804125
03217801914
03217805577
03217803752
03217807258
03217809597
03217808488
03217808864
03217806537
03217804567
03217803212
03217807956
03217802137
03217803492
03217801453
03217809340
03217808713
03217803097
03217805364
03217803242
03217803590
03217806060
03217805227
03217807631
03217804148
03217809236
03217805686
03217807702
03217801680
03217801164
03217807934
03217803962
03217808039
03217808027
03217807105
03217806449
03217802117
03217804998
03217804009
03217804543
03217801571
03217802703
03217806573
03217802655
03217805784
03217803201
03217802480
03217808388
03217806512
03217803668
03217803536
03217803636
03217806958
03217802388
03217809724
03217804461
03217801532
03217806792
03217804936
03217805453
03217803426
03217802234
03217802263
03217809232
03217805300
03217803152
03217802523
03217801057
03217801493
03217803451
03217807961
03217809199
03217802776
03217801422
03217804502
03217804262
03217803468
03217809490
03217809728
03217804409
03217804285
03217803894
03217801637
03217804479
03217801418
03217802549
03217801500
03217808021
03217807279
03217804621
03217808236
03217801113
03217805901
03217807136
03217803559
03217802364
03217804015
03217803514
03217807882
03217808765
03217802772
03217801251
03217804947
03217808965
03217803114
03217806612
03217809420
03217807014
03217803121
03217806542
03217808351
03217807698
03217804754
03217804142
03217805672
03217806265
03217803589
03217808833
03217807272
03217802522
03217806522
03217801530
03217807705
03217801895
03217808122
03217806597
03217809379
03217802254
03217803783
03217808164
03217802331
03217805656
03217806831
03217807498
03217803880
03217805220
03217805207
03217808801
03217804634
03217809260
03217809371
03217802209
03217804685
03217805514
03217806410
03217809183
03217802417
03217808684
03217802424
03217802442
03217809875
03217805408
03217804716
03217801297
03217803741
03217804287
03217805398
03217807449
03217809434
03217806150
03217807855
03217807108
03217804952
03217803257
03217807302
03217801314
03217802729
03217803070
03217808751
03217804388
03217804693
03217806739
03217807373
03217808981
03217803380
03217809907
03217803213
03217802089
03217809783
03217803464
03217803402
03217807185
03217806570
03217807560
03217802192
03217805251
03217809364
03217802074
03217807465
03217805426
03217805121
03217801127
03217807146
03217802338
03217802082
03217802545
03217806028
03217809048
03217807547
03217807194
03217806417
03217809617
03217809309
03217801903
03217802478
03217808071
03217801488
03217802984
03217806369
03217809326
03217805885
03217806063
03217802195
03217806906
03217807953
03217804785
03217802085
03217809751
03217807701
03217802637
03217807435
03217801225
03217803385
03217803445
03217806985
03217807567
03217807261
03217805389
03217802773
03217805303
03217805977
03217808752
03217807819
03217806452
03217806018
03217801355
03217809606
03217808374
03217809510
03217809251
03217807117
03217802668
03217804308
03217809287
03217804053
03217801759
03217807229
03217802340
03217805533
03217802071
03217808336
03217806757
03217805511
03217801633
03217803299
03217801683
03217801282
03217801618
03217805070
03217807474
03217808315
03217805905
03217805768
03217803223
03217808134
03217807215
03217805821
03217807027
03217802937
03217804862
03217805844
03217801084
03217803084
03217801009
03217808687
03217808004
03217802158
03217804865
03217806993
03217806133
03217806564
03217801076
03217805894
03217802464
03217804828
03217808409
03217806510
03217804467
03217805461
03217806574
03217808681
03217805112
03217804721
03217803453
03217807455
03217807587
03217809985
03217801425
03217802858
03217801472
03217805996
03217801065
03217804317
03217808827
03217806372
03217807024
03217801814
03217806859
03217802397
03217801016
03217804674
03217804167
03217804219
03217802543
03217803877
03217801458
03217804659
03217806549
03217802836
03217809538
03217808545
03217807139
03217801091
03217806798
03217803035
03217804268
03217807344
03217805897
03217807033
03217806633
03217805680
03217809044
03217806636
03217802913
03217805257
03217804141
03217807206
03217807595
03217809084
03217801337
03217803939
03217801582
03217809289
03217802347
03217809233
03217805933
03217805016
03217803823
03217806731
03217806550
03217808269
03217808810
03217804069
03217805909
03217809149
03217806571
03217803907
03217802282
03217805493
03217803792
03217802901
03217805632
03217801881
03217806949
03217809591
03217802720
03217803396
03217805200
03217803404
03217805429
03217805451
03217803332
03217803075
03217802154
03217808201
03217804038
03217809649
03217802313
03217805582
03217806987
03217803137
03217804406
03217809934
03217804766
03217806387
03217806715
03217808983
03217805424
03217801102
03217808009
03217803619
03217803359
03217805399
03217808564
03217804863
03217806073
03217805706
03217808243
03217801479
03217804893
03217801619
03217808314
03217803997
03217805265
03217807242
03217809362
03217806617
03217805723
03217803171
03217802936
03217806466
03217801657
03217804147
03217801970
03217807737
03217805841
03217804535
03217804324
03217809943
03217806665
03217807363
03217808970
03217802788
03217804011
03217805455
03217804419
03217807608
03217808246
03217801244
03217805307
03217804203
03217806349
03217808392
03217808717
03217802473
03217809462
03217801404
03217807813
03217807299
03217804771
03217807384
03217809952
03217803264
03217805808
03217803806
03217807628
03217804517
03217801010
03217801105
03217808548
03217807972
03217808232
03217803511
03217801394
03217804635
03217806040
03217805512
03217807223
03217801712
03217804549
03217807642
03217801503
03217808298
03217804879
03217809647
03217808293
03217807085
03217805435
03217809124
03217805159
03217806179
03217805338
03217802197
03217801676
03217804240
03217803172
03217808707
03217807654
03217802664
03217803077
03217801551
03217808094
03217809832
03217803078
03217809657
03217809601
03217803093
03217803670
03217807995
03217806426
03217802269
03217809475
03217809465
03217809333
03217809515
03217804853
03217806074
03217801376
03217806967
03217803849
03217805634
03217801801
03217806614
03217807340
03217806521
03217801946
03217808582
03217806231
03217805177
03217801466
03217805036
03217803611
03217809926
03217808276
03217802035
03217802057
03217808699
03217803757
03217801701
03217802689
03217804433
03217805752
03217804616
03217801291
03217803282
03217807946
03217801381
03217806698
03217802811
03217807569
03217807454
03217803124
03217809843
03217806199
03217805500
03217803897
03217808464
03217802446
03217808190
03217801786
03217805920
03217805282
03217806871
03217801569
03217801794
03217803831
03217807536
03217801933
03217807291
03217808445
03217808284
03217803795
03217808686
03217809039
03217807114
03217808362
03217807393
03217804466
03217804603
03217805574
03217807188
03217802170
03217803101
03217806160
03217805460
03217807394
03217801047
03217809826
03217802579
03217808979
