03216641107
03216643198
03216647422
03216649127
03216643942
03216646604
03216642593
03216641520
03216649017
03216647841
03216642866
03216641999
03216646747
03216644229
03216647871
03216644083
03216646526
03216646105
03216646185
03216648716
03216642490
03216645438
03216644781
03216648202
03216642171
03216647210
03216642337
03216647547
03216648506
03216645460
03216645215
03216648898
03216647510
03216642434
03216647133
03216642012
03216642747
03216641566
03216641856
03216642669
03216646088
03216644810
03216648943
03216648599
03216643058
03216641850
03216645090
03216641365
03216649514
03216646127
03216648617
03216647760
03216642640
03216643374
03216647477
03216644309
03216646680
03216644359
03216646538
03216641532
03216645330
03216641649
03216649392
03216648006
03216643358
03216644619
03216646860
03216649820
03216649349
03216649971
03216649258
03216641968
03216648812
03216649113
03216645360
03216647246
03216646181
03216647778
03216645945
03216649087
03216649750
03216649794
03216646208
03216648638
03216645270
03216641145
03216647546
03216645988
03216645794
03216642405
03216647067
03216644984
03216642697
03216645697
03216647370
03216644895
03216649267
03216648796
03216648410
03216642668
03216641666
03216641406
03216648664
03216641308
03216648948
03216649434
03216644112
03216646581
03216642444
03216645049
03216641855
03216643184
03216649368
03216648088
03216643474
03216649313
03216643832
03216643555
03216649521
03216646853
03216644900
03216643827
03216646415
03216645159
03216641548
03216642823
03216641050
03216641485
03216641339
03216647125
03216644541
03216647231
03216646605
03216649836
03216648598
03216646553
03216641681
03216643868
03216641812
03216644623
03216649935
03216642087
03216648345
03216642513
03216643990
03216649281
03216641421
03216649954
03216644964
03216644855
03216643147
03216644813
03216646505
03216644836
03216644892
03216643788
03216647886
03216641289
03216646173
03216649542
03216642624
03216643564
03216649270
03216644729
03216648642
03216642136
03216641482
03216643637
03216647278
03216641874
03216645653
03216645040
03216643892
03216644327
03216646814
03216649034
03216648832
03216641126
03216649628
03216649866
03216646520
03216646484
03216643978
03216649728
03216641768
03216644944
03216644809
03216648667
03216647694
03216642270
03216641998
03216646371
03216642817
03216643616
03216643871
03216641853
03216647798
03216647784
03216649238
03216647686
03216642980
03216647493
03216649772
03216646228
03216646974
03216648851
03216642456
03216645047
03216649913
03216642757
03216647043
03216642786
03216648914
03216641410
03216649714
03216648693
03216645905
03216648610
03216641481
03216647958
03216642770
03216648278
03216647521
03216641510
03216643197
03216645163
03216646979
03216643327
03216641844
03216648834
03216643503
03216649955
03216644498
03216644379
03216647834
03216649816
03216647935
03216642647
03216642356
03216649241
03216649328
03216642865
03216644956
03216648084
03216649091
03216643333
03216649075
03216641499
03216649535
03216647002
03216647949
03216643422
03216649054
03216643776
03216643687
03216645477
03216641719
03216648068
03216642130
03216648208
03216649282
03216644266
03216648959
03216646911
03216648889
03216644313
03216648070
03216648794
03216643545
03216645311
03216649037
03216648193
03216641479
03216646535
03216645242
03216642753
03216647294
03216649759
03216642004
03216646949
03216642952
03216646548
03216647401
03216645324
03216644057
03216646128
03216642458
03216644287
03216647110
03216641119
03216645997
03216643531
03216649195
03216644777
03216645262
03216647953
03216644223
03216646588
03216648912
03216645229
03216647574
03216643444
03216643480
03216648941
03216646477
03216645315
03216648448
03216647316
03216646006
03216641487
03216648988
03216644013
03216642665
03216641086
03216644384
03216646125
03216641926
03216647073
03216641732
03216644209
03216643004
03216646047
03216647976
03216642032
03216649477
03216644050
03216642725
03216646364
03216647636
03216642172
03216647750
03216642648
03216643517
03216644449
03216648972
03216642274
03216642670
03216643469
03216641283
03216649991
03216643168
03216647707
03216645788
03216641249
03216647615
03216646866
03216649839
03216646985
03216648155
03216646843
03216641712
03216649271
03216645936
03216647338
03216642803
03216648971
03216643227
03216644590
03216649642
03216642726
03216649315
03216641238
03216643399
03216647569
03216649934
03216647152
03216649652
03216644402
03216647261
03216644218
03216649835
03216648340
03216642188
03216641862
03216647184
03216642886
03216645901
03216644016
03216648901
03216643377
03216647580
03216644020
03216641634
03216649470
03216643699
03216646692
03216648392
03216644549
03216647849
03216647598
03216649297
03216649904
03216643309
03216647332
03216643753
03216649582
03216641262
03216645052
03216646101
03216642089
03216645150
03216642020
03216647108
03216646043
03216641704
03216643740
03216642075
03216645298
03216646640
03216649988
03216645914
03216645518
03216647019
03216643757
03216643869
03216649393
03216649947
03216647638
03216642934
03216644264
03216647887
03216642981
03216642591
03216643318
03216641324
03216648324
03216641930
03216647449
03216646590
03216644199
03216644988
03216646608
03216648366
03216643093
03216644217
03216643350
03216649308
03216647791
03216647150
03216643050
03216642563
03216647505
03216641183
03216646707
03216642141
03216647511
03216649086
03216642844
03216648156
03216648722
03216641149
03216648756
03216645035
03216649007
03216648316
03216648509
03216643983
03216642732
03216644111
03216642820
03216648769
03216647260
03216641027
03216646854
03216643421
03216649583
03216643306
03216648578
03216648991
03216644799
03216646168
03216647212
03216648761
03216647140
03216644772
03216649789
03216648973
03216648363
03216643746
03216646265
03216645458
03216649610
03216648057
03216645209
03216646490
03216642641
03216648757
03216644418
03216648938
03216649742
03216648736
03216643922
03216645680
03216645287
03216644089
03216649502
03216649538
03216649577
03216649730
03216646349
03216642588
03216647823
03216646727
03216641175
03216643737
03216644193
03216644369
03216646777
03216642503
03216641802
03216641417
03216648212
03216647779
03216648984
03216646042
03216641750
03216648273
03216649018
03216641396
03216643217
03216644502
03216644883
03216648860
03216644207
03216646465
03216649108
03216647021
03216644962
03216649762
03216641465
03216647062
03216645813
03216648696
03216648573
03216642965
03216646233
03216642120
03216644262
03216645876
03216646409
03216648873
03216641797
03216649549
03216641228
03216647957
03216644645
03216649691
03216645177
03216645509
03216646158
03216645967
03216642693
03216644395
03216648562
03216643250
03216643330
03216649198
03216643171
03216647346
03216641701
03216649700
03216646052
03216641097
03216644829
03216648011
03216642450
03216645333
03216644667
03216648801
03216646182
03216643734
03216644432
03216643508
03216642416
03216646121
03216643518
03216644539
03216642415
03216642654
03216649426
03216649867
03216647928
03216642626
03216643078
03216649674
03216641080
03216647575
03216642960
03216649137
03216649849
03216645175
03216646859
03216641679
03216646169
03216645643
03216647877
03216649515
03216645690
03216648300
03216647049
03216647162
03216647284
03216643398
03216644898
03216641671
03216644961
03216646381
03216649372
03216645658
03216643587
03216648213
03216645840
03216647045
03216648559
03216644265
03216646648
03216642600
03216644442
03216647349
03216641480
03216641591
03216647010
03216645533
03216641654
03216643110
03216644180
03216643984
03216642780
03216649132
03216641975
03216642565
03216641777
03216645268
03216645188
03216644854
03216641595
03216649788
03216643686
03216645165
03216642056
03216641965
03216648051
03216641166
03216647042
03216644632
03216649041
03216645699
03216642606
03216646478
03216645681
03216645693
03216646387
03216644812
03216646137
03216643307
03216643270
03216645191
03216641674
03216647687
03216645070
03216648269
03216646781
03216648997
03216641460
03216647746
03216642846
03216647560
03216647794
03216646425
03216644954
03216648120
03216647482
03216643008
03216642154
03216649548
03216644942
03216647080
03216647919
03216646293
03216646871
03216645390
03216649050
03216641546
03216641563
03216646517
03216648494
03216643490
03216644278
03216641343
03216646096
03216648772
03216644174
03216645634
03216647581
03216649760
03216648917
03216641433
03216646691
03216648654
03216642819
03216647024
03216641116
03216646731
03216643726
03216649767
03216644053
03216648776
03216641398
03216641391
03216648541
03216642409
03216646199
03216641043
03216649300
03216642935
03216643704
03216643842
03216646139
03216644391
03216644235
03216647979
03216643914
03216647360
03216648159
03216648407
03216647603
03216643957
03216643764
03216648726
03216644538
03216645401
03216642850
03216646758
03216647522
03216644510
03216647290
03216647319
03216647374
03216642783
03216647092
03216645172
03216641753
03216648476
03216647874
03216648585
03216646332
03216647728
03216642848
03216642515
03216648428
03216642788
03216643136
03216641729
03216649371
03216644599
03216641608
03216643794
03216647434
03216642013
03216647472
03216646744
03216645641
03216646449
03216646176
03216649332
03216648848
03216647071
03216645195
03216646821
03216647373
03216649682
03216645862
03216649821
03216641270
03216647879
03216641749
03216642264
03216641121
03216647387
03216642923
03216642901
03216646973
03216646950
03216643579
03216645349
03216642314
03216643158
03216644280
03216642232
03216642135
03216643515
03216643666
03216641356
03216645928
03216647941
03216644907
03216647182
03216647225
03216641925
03216644453
03216642524
03216641205
03216643861
03216644133
03216647174
03216644994
03216643376
03216645328
03216648788
03216643258
03216646430
03216641875
03216643281
03216649846
03216644507
03216649030
03216647950
03216643629
03216641114
03216644682
03216647400
03216644212
03216645821
03216644323
03216646213
03216642520
03216646402
03216641055
03216644143
03216648453
03216649024
03216647106
03216646737
03216648855
03216646806
03216641368
03216648288
03216647085
03216641791
03216641235
03216642646
03216648094
03216648152
03216644132
03216643975
03216642861
03216641409
03216646523
03216646461
03216649921
03216648233
03216649172
03216649053
03216649115
03216648583
03216645454
03216649354
03216643718
03216642225
03216645702
03216646053
03216645987
03216641212
03216644773
03216649745
03216646393
03216642420
03216647705
03216643175
03216645812
03216642052
03216641565
03216647001
03216641696
03216643541
03216649645
03216647620
03216641991
03216649103
03216648872
03216647564
03216649802
03216647691
03216642784
03216641630
03216642437
03216647516
03216642392
03216644346
03216648146
03216648145
03216642762
03216646049
03216641982
03216641664
03216646146
03216647500
03216642824
03216643302
03216646530
03216645995
03216647657
03216642580
03216648081
03216644061
03216647114
03216643648
03216644971
03216643187
03216646961
03216645666
03216648684
03216649983
03216642754
03216643836
03216643906
03216643420
03216644238
03216645646
03216641559
03216647981
03216647491
03216645845
03216641603
03216641567
03216646977
03216644389
03216646254
03216644732
03216643177
03216644779
03216647840
03216644310
03216647244
03216641030
03216649114
03216641078
03216644702
03216644463
03216647462
03216643243
03216641836
03216642574
03216644214
03216642010
03216648618
03216644598
03216648216
03216649298
03216642081
03216647993
03216648798
03216645506
03216645203
03216644914
03216649525
03216641180
03216646662
03216642389
03216645124
03216644568
03216642764
03216643278
03216643027
03216648383
03216644086
03216648323
03216647989
03216642552
03216643630
03216642157
03216648963
03216642768
03216648720
03216643241
03216643719
03216642069
03216647945
03216642260
03216647033
03216643084
03216649996
03216643996
03216643529
03216641955
03216642312
03216647487
03216648329
03216649462
03216645961
03216649089
03216647442
03216645854
03216641320
03216647562
03216649832
03216645212
03216646246
03216647076
03216648775
03216646542
03216642435
03216644130
03216641672
03216645805
03216649111
03216648717
03216648091
03216641483
03216642767
03216649498
03216646427
03216641774
03216649994
03216648526
03216641896
03216647668
03216641973
03216649874
03216645326
03216641921
03216646156
03216642236
03216642733
03216641498
03216643275
03216643080
03216643750
03216646920
03216644753
03216645412
03216649877
03216643357
03216646656
03216643656
03216641544
03216645958
03216643086
03216642038
03216648064
03216643405
03216643437
03216643762
03216641477
03216644349
03216649407
03216646802
03216646668
03216641263
03216649751
03216649649
03216646874
03216645983
03216648630
03216644816
03216648402
03216642361
03216644744
03216641014
03216643337
03216644869
03216641917
03216648876
03216649367
03216649779
03216649882
03216648092
03216648831
03216649295
03216641255
03216649513
03216641602
03216649400
03216647512
03216647951
03216648744
03216642093
03216646905
03216644007
03216644670
03216641260
03216641425
03216647555
03216644069
03216649676
03216643320
03216642390
03216641540
03216643998
03216648983
03216644884
03216647740
03216649868
03216641556
03216648043
03216646688
03216647375
03216645302
03216646800
03216649616
03216644848
03216646793
03216649128
03216645068
03216646432
03216649162
03216642695
03216641811
03216645710
03216646440
03216647754
03216648174
03216649088
03216648529
03216643066
03216645028
03216647036
03216646626
03216644572
03216644049
03216644452
03216644827
03216642412
03216648012
03216643991
03216645746
03216648317
03216644392
03216645096
03216645773
03216649662
03216646784
03216648934
03216649200
03216646214
03216641805
03216646319
03216641318
03216644099
03216644459
03216649396
03216646442
03216641816
03216641056
03216641257
03216645379
03216648245
03216646321
03216645341
03216649247
03216647083
03216648708
03216648673
03216645856
03216649099
03216645023
03216645638
03216644663
03216648949
03216648507
03216642800
03216648312
03216643552
03216644595
03216647335
03216649263
03216645230
03216643279
03216644872
03216644515
03216644283
03216648539
03216645281
03216643592
03216649038
03216641118
03216642557
03216647131
03216647611
03216645053
03216645461
03216645000
03216649622
03216642021
03216642744
03216644030
03216648952
03216641593
03216647153
03216642106
03216641020
03216645445
03216647519
03216647028
03216646609
03216641912
03216647820
03216643478
03216642576
03216644226
03216643091
03216647126
03216642045
03216645810
03216646391
03216643106
03216643339
03216643312
03216643930
03216645232
03216646277
03216646356
03216646126
03216642765
03216643495
03216647411
03216643094
03216647762
03216646563
03216642428
03216649310
03216644329
03216642885
03216649301
03216648930
03216645618
03216644288
03216646907
03216645783
03216643607
03216645714
03216647913
03216645975
03216647698
03216644179
03216643716
03216642679
03216647926
03216647321
03216647201
03216644367
03216646450
03216646825
03216645679
03216644032
03216641979
03216645481
03216643381
03216642928
03216643796
03216646763
03216643417
03216642538
03216644628
03216643644
03216649370
03216642519
03216647051
03216645581
03216641436
03216645395
03216643583
03216649749
03216642690
03216643324
03216646722
03216646932
03216649961
03216646434
03216649312
03216642475
03216641585
03216642308
03216642401
03216649968
03216644117
03216649212
03216643724
03216641178
03216648050
03216644282
03216648348
03216641643
03216647830
03216643931
03216644409
03216641244
03216644243
03216648636
03216648396
03216642635
03216643631
03216642421
03216647074
03216649831
03216643455
03216644019
03216643225
03216642152
03216648635
03216647944
03216648171
03216641840
03216647082
03216641464
03216642224
03216649859
03216641668
03216641698
03216648408
03216644975
03216645078
03216649101
03216646167
03216644902
03216641231
03216649006
03216642948
03216643912
03216648790
03216649381
03216649704
03216647952
03216645898
03216643888
03216649885
03216645623
03216642090
03216647327
03216649780
03216642019
03216648537
03216641933
03216641829
03216647446
03216641995
03216647288
03216641516
03216648322
03216641387
03216644438
03216644723
03216649154
03216649401
03216641399
03216644420
03216642842
03216645800
03216644519
03216644014
03216642070
03216649215
03216641450
03216646986
03216645426
03216645374
03216646836
03216648611
03216648651
03216643536
03216648188
03216649629
03216644976
03216642501
03216646522
03216648284
03216646222
03216645359
03216649176
03216648382
03216647250
03216646132
03216647309
03216643431
03216649925
03216641514
03216641103
03216644400
03216649012
03216649348
03216641330
03216642564
03216642787
03216649373
03216644191
03216646753
03216641966
03216642018
03216643785
03216648484
03216644321
03216649721
03216649784
03216646090
03216647810
03216648194
03216646992
03216641301
03216646669
03216645121
03216647136
03216646791
03216647084
03216648882
03216645505
03216648100
03216648936
03216643657
03216647903
03216648356
03216645986
03216644985
03216646416
03216643163
03216645308
03216645291
03216645940
03216646140
03216643030
03216642422
03216641381
03216643380
03216641859
03216644251
03216647054
03216649962
03216644881
03216645318
03216643917
03216649980
03216644849
03216649084
03216641818
03216641427
03216642825
03216647716
03216647410
03216646010
03216648981
03216644106
03216645703
03216642125
03216646693
03216646579
03216641798
03216646417
03216645591
03216641734
03216647930
03216641534
03216647959
03216649990
03216641373
03216645960
03216641291
03216643946
03216641758
03216649562
03216643765
03216643100
03216641780
03216643347
03216646464
03216645475
03216642037
03216645592
03216649177
03216643192
03216642407
03216643286
03216648865
03216645835
03216648369
03216644894
03216647200
03216649450
03216645405
03216644636
03216644768
03216647689
03216642610
03216648849
03216647745
03216643593
03216644798
03216645295
03216645334
03216643554
03216644981
03216644923
03216646798
03216648966
03216642673
03216643022
03216643504
03216642893
03216644161
03216644906
03216648870
03216645899
03216642739
03216643896
03216641058
03216647269
03216642982
03216643036
03216648900
03216644342
03216644661
03216649693
03216643470
03216645145
03216642281
03216641904
03216649912
03216642277
03216646684
03216648774
03216648606
03216645669
03216642094
03216646655
03216649717
03216644683
03216643943
03216648874
03216647693
03216642059
03216644275
03216646284
03216648884
03216642193
03216641940
03216649319
03216641775
03216642455
03216644305
03216642979
03216649551
03216648359
03216649361
03216649702
03216641418
03216643001
03216648957
03216643621
03216646054
03216645122
03216642451
03216645169
03216645174
03216642912
03216643265
03216641057
03216644216
03216645787
03216642000
03216649256
03216644356
03216645996
03216643020
03216647718
03216647364
03216646999
03216646151
03216641364
03216645116
03216648296
03216642276
03216649917
03216644071
03216646004
03216646276
03216641823
03216644933
03216641110
03216645971
03216646061
03216648674
03216648262
03216647559
03216648518
03216648140
03216644612
03216645346
03216645421
03216649981
03216643284
03216648690
03216648123
03216646300
03216643805
03216646059
03216647796
03216647835
03216642909
03216648780
03216649457
03216645869
03216645406
03216647470
03216647433
03216649422
03216644886
03216647048
03216641657
03216641662
03216649102
03216649440
03216644094
03216648134
03216646975
03216643684
03216646930
03216647844
03216648678
03216647314
03216648153
03216645522
03216641128
03216645050
03216648175
03216648225
03216645764
03216649481
03216642599
03216643051
03216642734
03216647141
03216642671
03216645923
03216642933
03216649581
03216641621
03216649588
03216648682
03216642206
03216647924
03216644151
03216642658
03216648496
03216647190
03216649316
03216641911
03216648294
03216649620
03216642831
03216641494
03216645083
03216644240
03216647579
03216641006
03216647308
03216648026
03216649097
03216649165
03216647726
03216643316
03216647354
03216644074
03216643105
03216647631
03216643502
03216644102
03216645457
03216645909
03216644643
03216647824
03216647628
03216644060
03216646149
03216645723
03216649967
03216645851
03216642841
03216646580
03216647608
03216645797
03216648093
03216648594
03216648125
03216642708
03216641518
03216649356
03216642792
03216641989
03216649329
03216647391
03216644740
03216649173
03216649597
03216648718
03216646819
03216643378
03216643965
03216642947
03216643441
03216647758
03216643619
03216642604
03216649409
03216644285
03216646466
03216648027
03216646787
03216647704
03216643632
03216647933
03216644277
03216647978
03216642165
03216649503
03216647991
03216642542
03216642931
03216646521
03216643319
03216646019
03216643667
03216646983
03216648890
03216648258
03216647465
03216649188
03216646504
03216644534
03216642607
03216646227
03216645990
03216648423
03216642890
03216644764
03216645202
03216641624
03216643759
03216647376
03216641240
03216645319
03216644654
03216643875
03216641423
03216646154
03216647097
03216649284
03216643389
03216643789
03216647576
03216649768
03216649322
03216648516
03216647128
03216642218
03216641670
03216646174
03216649567
03216643903
03216648166
03216642775
03216644896
03216649560
03216648643
03216642426
03216648150
03216643603
03216643589
03216645081
03216648990
03216644024
03216642826
03216649129
03216646705
03216647805
03216646955
03216645313
03216644996
03216645879
03216643108
03216646631
03216645158
03216647842
03216648989
03216648480
03216643087
03216649049
03216649625
03216642251
03216642343
03216647004
03216642200
03216649724
03216644746
03216648191
03216649425
03216646164
03216645732
03216642046
03216648844
03216642620
03216649469
03216641762
03216644842
03216648589
03216643169
03216646896
03216641787
03216642929
03216643484
03216644584
03216648015
03216649161
03216645123
03216641521
03216645455
03216646739
03216646929
03216646981
03216649613
03216644830
03216645887
03216648468
03216644804
03216646368
03216649010
03216647627
03216647287
03216644783
03216643662
03216646794
03216641261
03216644109
03216641040
03216646424
03216646488
03216645691
03216642488
03216644880
03216642148
03216642701
03216644337
03216646748
03216646624
03216641554
03216646115
03216643210
03216642793
03216646113
03216642874
03216644233
03216643076
03216642508
03216645713
03216646516
03216644917
03216648739
03216645441
03216641782
03216645138
03216644771
03216644835
03216643359
03216648449
03216649706
03216647471
03216644927
03216642355
03216642190
03216645918
03216643411
03216645183
03216649175
03216642301
03216645560
03216646142
03216649291
03216647077
03216646545
03216641831
03216647884
03216645338
03216642116
03216649590
03216649095
03216645900
03216642115
03216647672
03216642353
03216642727
03216641737
03216649612
03216648514
03216648151
03216642864
03216642561
03216646549
03216642029
03216645593
03216644473
03216641501
03216644221
03216647186
03216648995
03216645480
03216643883
03216648289
03216641528
03216645903
03216648097
03216642153
03216649471
03216645354
03216645336
03216642228
03216643095
03216641296
03216644955
03216646447
03216645948
03216648926
03216643681
03216641335
03216648275
03216646954
03216645368
03216642940
03216648232
03216649382
03216646824
03216643639
03216646018
03216646360
03216642797
03216647527
03216643453
03216642058
03216649518
03216641237
03216641366
03216644957
03216644608
03216642258
03216649510
03216642517
03216644738
03216649287
03216642995
03216643063
03216648129
03216649623
03216646923
03216649930
03216641267
03216649120
03216647881
03216646217
03216641663
03216647436
03216645562
03216641711
03216641702
03216648732
03216644774
03216648567
03216642255
03216643818
03216646508
03216643952
03216647832
03216648058
03216641045
03216642460
03216647669
03216649952
03216645387
03216645430
03216646734
03216641307
03216646889
03216648828
03216648454
03216643321
03216646686
03216646160
03216645080
03216648256
03216647584
03216644263
03216645187
03216649787
03216643354
03216645563
03216647367
03216647315
03216641288
03216647891
03216647423
03216643756
03216641710
03216642048
03216648633
03216644447
03216646320
03216645245
03216645569
03216643208
03216642751
03216648881
03216649302
03216643460
03216646195
03216647273
03216647882
03216646597
03216649824
03216648062
03216647885
03216645601
03216645429
03216649847
03216649033
03216643032
03216649045
03216643280
03216647189
03216645629
03216647667
03216645340
03216647034
03216643073
03216649189
03216644430
03216646483
03216645112
03216642223
03216642068
03216641347
03216642509
03216645849
03216641918
03216643689
03216646460
03216646306
03216644175
03216649718
03216646022
03216646271
03216649605
03216642541
03216649563
03216649507
03216648677
03216647064
03216641568
03216648034
03216643363
03216642681
03216643920
03216646976
03216641932
03216644679
03216645749
03216641650
03216645491
03216642523
03216643205
03216649931
03216648818
03216649352
03216643268
03216646878
03216645256
03216645549
03216642715
03216645803
03216647697
03216647171
03216645892
03216648817
03216648271
03216648909
03216642859
03216644090
03216643855
03216648214
03216641606
03216648746
03216648246
03216642215
03216647298
03216642839
03216647372
03216647425
03216648370
03216641172
03216641322
03216646982
03216642608
03216649530
03216644681
03216641683
03216647220
03216645519
03216649908
03216646493
03216649178
03216646567
03216644365
03216646560
03216643708
03216645030
03216642395
03216648425
03216648593
03216645977
03216641884
03216641687
03216644609
03216648176
03216641360
03216644307
03216647323
03216643553
03216642694
03216645587
03216649070
03216648337
03216645722
03216646272
03216647494
03216643461
03216643059
03216641809
03216648927
03216644183
03216644286
03216645706
03216644999
03216646258
03216647792
03216644805
03216646411
03216641958
03216643005
03216642253
03216646385
03216649355
03216648270
03216644181
03216643404
03216647058
03216646701
03216645544
03216643839
03216643717
03216643992
03216641735
03216648218
03216641616
03216641278
03216649246
03216641708
03216644314
03216645793
03216649555
03216647998
03216644664
03216649227
03216644828
03216646016
03216645443
03216645614
03216646001
03216642916
03216649556
03216647717
03216649261
03216642571
03216648240
03216647708
03216641388
03216644035
03216644769
03216644245
03216642005
03216648077
03216649023
03216648764
03216643659
03216646646
03216648434
03216643328
03216649164
03216642657
03216646291
03216642603
03216645615
03216644315
03216649753
03216649773
03216643560
03216641655
03216649136
03216646073
03216642011
03216648784
03216645520
03216643229
03216647221
03216649216
03216646751
03216642178
03216646850
03216645304
03216647198
03216648380
03216644912
03216648543
03216648730
03216644978
03216641431
03216642252
03216644516
03216641609
03216649627
03216649317
03216649526
03216641647
03216647862
03216644998
03216645205
03216647390
03216642413
03216645664
03216645753
03216645004
03216645470
03216646863
03216646362
03216642364
03216641177
03216641160
03216649541
03216644969
03216647816
03216642234
03216644557
03216647222
03216641293
03216645778
03216642634
03216646130
03216643065
03216645678
03216644149
03216644536
03216648154
03216648334
03216648450
03216649985
03216648367
03216644056
03216641130
03216646295
03216643543
03216648530
03216643711
03216643232
03216642835
03216641815
03216644162
03216643346
03216645355
03216643410
03216642939
03216648411
03216649569
03216648187
03216644080
03216644487
03216642235
03216645792
03216644267
03216647947
03216648147
03216644505
03216645951
03216647322
03216647147
03216643945
03216642720
03216646724
03216642978
03216647797
03216646574
03216641117
03216642497
03216643015
03216646097
03216646619
03216649758
03216647439
03216648568
03216642871
03216645459
03216647407
03216647458
03216645617
03216649487
03216641881
03216644241
03216647763
03216649217
03216649873
03216648793
03216646682
03216647545
03216643913
03216641490
03216649853
03216646014
03216647388
03216649863
03216645377
03216641895
03216641120
03216641264
03216645571
03216645382
03216641943
03216649116
03216649895
03216645499
03216641234
03216641718
03216648521
03216649992
03216646009
03216648856
03216642051
03216645236
03216648222
03216642452
03216644078
03216649862
03216648546
03216644363
03216647605
03216642918
03216649603
03216643874
03216649624
03216641633
03216648864
03216648967
03216646498
03216645547
03216643395
03216646220
03216644373
03216647558
03216644963
03216643921
03216649035
03216643844
03216646481
03216643962
03216644626
03216642025
03216642925
03216645709
03216646835
03216645896
03216647359
03216646887
03216643791
03216647041
03216642358
03216646231
03216646578
03216646519
03216643812
03216644624
03216643760
03216646436
03216645640
03216644997
03216649608
03216645938
03216647721
03216644009
03216647975
03216648711
03216645815
03216648590
03216649243
03216648477
03216642869
03216645243
03216646803
03216644122
03216645595
03216645278
03216643904
03216644364
03216648675
03216644871
03216642211
03216642044
03216647096
03216645189
03216646069
03216644569
03216646024
03216646987
03216648101
03216648701
03216646957
03216642313
03216645704
03216649244
03216643356
03216641401
03216643103
03216646500
03216648703
03216648221
03216644858
03216647604
03216641686
03216646761
03216644374
03216646263
03216644203
03216647732
03216646170
03216642166
03216648226
03216642007
03216644885
03216641574
03216645944
03216642713
03216643714
03216643013
03216649879
03216648164
03216646539
03216649327
03216645450
03216641329
03216647093
03216647197
03216647602
03216646933
03216646120
03216641397
03216646147
03216643283
03216641659
03216647971
03216642759
03216647914
03216644300
03216645683
03216646384
03216646038
03216642562
03216642327
03216646153
03216641256
03216645366
03216642680
03216649435
03216646405
03216645619
03216645411
03216641947
03216641063
03216647807
03216641866
03216642017
03216644281
03216642567
03216647299
03216643779
03216646928
03216645645
03216648116
03216641158
03216644606
03216644525
03216648789
03216642645
03216643466
03216641452
03216643039
03216645253
03216641454
03216647348
03216643237
03216647040
