03216674768
03216673053
03216672126
03216672717
03216671708
03216677115
03216678623
03216676653
03216671873
03216678881
03216678159
03216678468
03216679504
03216677258
03216671874
03216675260
03216678806
03216673748
03216676449
03216674958
03216674870
03216677130
03216673706
03216673609
03216678645
03216676214
03216678137
03216675533
03216676364
03216676631
03216679489
03216676308
03216675278
03216676440
03216672423
03216677966
03216674881
03216675989
03216671761
03216672171
03216673755
03216671673
03216677603
03216673692
03216675269
03216672028
03216675272
03216674117
03216673561
03216679809
03216672663
03216677255
03216675586
03216676613
03216678099
03216678470
03216672408
03216678516
03216676340
03216672517
03216671528
03216678979
03216673195
03216671979
03216675434
03216672836
03216678866
03216673197
03216678217
03216671115
03216675457
03216676103
03216676884
03216678339
03216676616
03216675596
03216672864
03216675405
03216672246
03216673070
03216679680
03216673645
03216678022
03216675809
03216677596
03216676782
03216677519
03216679352
03216673655
03216677415
03216679155
03216676075
03216674713
03216672074
03216675183
03216672435
03216679288
03216675251
03216673101
03216676611
03216674445
03216676140
03216673485
03216679759
03216671853
03216676812
03216675651
03216678457
03216679298
03216679550
03216673957
03216674580
03216677027
03216673243
03216672083
03216672939
03216673844
03216674562
03216673700
03216676301
03216672170
03216676265
03216676567
03216676116
03216676995
03216679968
03216673068
03216679199
03216671882
03216675299
03216674111
03216677022
03216675665
03216672540
03216678003
03216676479
03216678885
03216677618
03216675415
03216672524
03216676091
03216675408
03216676044
03216673167
03216672767
03216679883
03216672440
03216673826
03216671314
03216673494
03216675286
03216676399
03216675222
03216674818
03216673275
03216678488
03216676230
03216673854
03216671728
03216679131
03216675061
03216677274
03216671304
03216676558
03216677220
03216677416
03216676755
03216673741
03216679808
03216675020
03216673828
03216679806
03216679315
03216679442
03216676898
03216674815
03216672797
03216673528
03216676141
03216672781
03216671661
03216675610
03216679130
03216679185
03216672172
03216674016
03216676748
03216673680
03216676912
03216678105
03216672888
03216671463
03216673324
03216675220
03216676410
03216678074
03216674558
03216679753
03216674809
03216676590
03216674746
03216679446
03216678682
03216675928
03216671035
03216672632
03216676956
03216676334
03216671533
03216676894
03216675162
03216673777
03216675558
03216671806
03216673278
03216677570
03216671568
03216676459
03216673059
03216671340
03216673159
03216675722
03216676918
03216678838
03216675991
03216674222
03216676741
03216678238
03216673774
03216675570
03216672579
03216676915
03216676163
03216673256
03216671137
03216671384
03216679792
03216676767
03216676572
03216675993
03216676300
03216679546
03216679661
03216674603
03216674796
03216676988
03216678185
03216678350
03216673531
03216678860
03216671586
03216673724
03216671764
03216677090
03216675044
03216678410
03216676468
03216678096
03216677758
03216671324
03216675612
03216671198
03216678643
03216675643
03216672830
03216674314
03216675075
03216673267
03216674573
03216672581
03216679149
03216672538
03216676444
03216674560
03216675884
03216671944
03216671249
03216675588
03216677219
03216676018
03216673718
03216675328
03216672438
03216678683
03216676165
03216676093
03216672973
03216673323
03216676596
03216672481
03216678813
03216674669
03216678348
03216671017
03216678960
03216671965
03216672674
03216677755
03216673274
03216674287
03216679005
03216674574
03216674552
03216678600
03216673849
03216678226
03216676846
03216674104
03216679593
03216677480
03216673314
03216673204
03216674146
03216678148
03216674337
03216672102
03216679943
03216677976
03216676254
03216671850
03216673542
03216676923
03216679979
03216678575
03216677833
03216673945
03216675755
03216679430
03216676323
03216677863
03216677843
03216671613
03216677493
03216679123
03216672739
03216678370
03216675634
03216676643
03216671093
03216677702
03216675756
03216677818
03216674525
03216673417
03216671172
03216676311
03216678905
03216674238
03216674585
03216672701
03216673660
03216678247
03216678271
03216674336
03216673838
03216678049
03216676991
03216675340
03216676303
03216676534
03216676844
03216672978
03216677203
03216679606
03216674464
03216675689
03216677227
03216675840
03216671167
03216672160
03216674049
03216674416
03216672773
03216675435
03216673119
03216677417
03216673625
03216673258
03216678912
03216678816
03216679079
03216677363
03216672307
03216677254
03216672818
03216671515
03216677991
03216676573
03216678193
03216673116
03216676705
03216674440
03216678896
03216671943
03216673276
03216674466
03216672493
03216676086
03216674221
03216679920
03216677385
03216678403
03216674930
03216679574
03216671715
03216673044
03216677622
03216679855
03216674161
03216678124
03216679483
03216677100
03216675282
03216673502
03216674408
03216675128
03216676058
03216677842
03216674579
03216672319
03216676414
03216672976
03216673078
03216674362
03216676968
03216673712
03216674350
03216676585
03216674036
03216673142
03216672387
03216673020
03216678851
03216677888
03216678700
03216676717
03216674032
03216674991
03216677222
03216677339
03216679162
03216673613
03216678441
03216678867
03216679337
03216671742
03216675441
03216678162
03216672077
03216672806
03216676084
03216676597
03216678637
03216676142
03216679811
03216671538
03216675446
03216673958
03216678997
03216672261
03216674651
03216676519
03216673991
03216672050
03216672174
03216675690
03216671125
03216677327
03216679191
03216675636
03216673915
03216678527
03216674845
03216675012
03216674843
03216678594
03216674980
03216672766
03216679372
03216674540
03216679788
03216679713
03216673452
03216671775
03216673381
03216671351
03216673789
03216672347
03216675346
03216679691
03216672472
03216672259
03216678756
03216679324
03216674721
03216677933
03216672127
03216671297
03216674798
03216676695
03216676852
03216678977
03216678687
03216672047
03216671884
03216677147
03216679451
03216671987
03216672386
03216675976
03216676325
03216673874
03216672255
03216673751
03216679397
03216674737
03216672497
03216679666
03216675151
03216675326
03216672508
03216679357
03216677954
03216674009
03216673579
03216675342
03216671854
03216677586
03216679276
03216679422
03216676757
03216674922
03216674403
03216671477
03216679304
03216671904
03216675200
03216675894
03216677704
03216676495
03216675934
03216674882
03216671907
03216678704
03216678536
03216677389
03216678800
03216675132
03216671543
03216671525
03216676469
03216679329
03216674092
03216677875
03216677098
03216675871
03216676644
03216678390
03216671273
03216676902
03216677117
03216677851
03216672274
03216672833
03216677296
03216673771
03216677447
03216674444
03216676012
03216678955
03216672020
03216679127
03216678140
03216674875
03216674372
03216673317
03216674290
03216675214
03216673396
03216672147
03216675211
03216674029
03216678101
03216671059
03216678104
03216679128
03216679031
03216677764
03216679413
03216678695
03216678443
03216674556
03216671503
03216671360
03216674095
03216677080
03216672072
03216678747
03216678957
03216672272
03216677214
03216678194
03216672612
03216671903
03216679097
03216679917
03216678804
03216679195
03216673749
03216676387
03216677907
03216679827
03216672989
03216671363
03216678727
03216674021
03216675676
03216674874
03216675639
03216678972
03216672930
03216671118
03216676315
03216677476
03216671773
03216673139
03216679144
03216679026
03216678787
03216673135
03216679910
03216678330
03216676418
03216675861
03216678568
03216675752
03216672308
03216677611
03216677708
03216672985
03216672549
03216679082
03216677384
03216676974
03216676595
03216672339
03216672554
03216671824
03216679682
03216672441
03216678353
03216673522
03216674722
03216677599
03216677997
03216671497
03216676570
03216675501
03216673085
03216677108
03216671312
03216679887
03216676664
03216675319
03216673409
03216673330
03216674926
03216671226
03216674056
03216677898
03216678913
03216672051
03216672192
03216677355
03216676506
03216676736
03216675076
03216677535
03216678494
03216671818
03216672229
03216672257
03216672026
03216679049
03216672512
03216671819
03216673889
03216679487
03216671026
03216672666
03216675160
03216674363
03216677375
03216677514
03216677127
03216677686
03216675624
03216672671
03216675407
03216679833
03216674590
03216676893
03216679494
03216677657
03216674406
03216672430
03216673300
03216671303
03216672177
03216671544
03216676015
03216677093
03216678161
03216672704
03216679769
03216674688
03216671345
03216672373
03216677700
03216678083
03216673087
03216674132
03216676605
03216671119
03216674701
03216671862
03216673911
03216674057
03216672678
03216671456
03216672594
03216671532
03216675009
03216671932
03216674074
03216678147
03216677140
03216674949
03216679608
03216674043
03216674509
03216672702
03216675952
03216677460
03216672725
03216672791
03216673610
03216673805
03216675361
03216671051
03216673287
03216672213
03216678599
03216679440
03216676462
03216678119
03216674559
03216676149
03216678863
03216678236
03216679679
03216679936
03216673839
03216678138
03216677990
03216676997
03216677076
03216675707
03216671998
03216671468
03216677958
03216675217
03216678730
03216678152
03216675688
03216678788
03216676171
03216677466
03216679718
03216675475
03216678706
03216676829
03216677275
03216675048
03216677894
03216675646
03216672591
03216672157
03216676272
03216677020
03216679100
03216672855
03216679770
03216675666
03216677370
03216674054
03216676210
03216676600
03216677972
03216678503
03216677707
03216673648
03216675829
03216677996
03216673175
03216671322
03216672065
03216673125
03216678149
03216671229
03216673161
03216671309
03216671949
03216679182
03216679407
03216679310
03216671685
03216677359
03216678197
03216679630
03216675297
03216675917
03216673121
03216679903
03216671255
03216673211
03216678875
03216679121
03216673627
03216679219
03216679897
03216672471
03216671269
03216679927
03216676297
03216671625
03216676608
03216674357
03216676655
03216672104
03216677028
03216676445
03216677193
03216678661
03216676817
03216675450
03216676198
03216672698
03216677257
03216678200
03216673265
03216675819
03216671870
03216677510
03216679274
03216672187
03216677087
03216672730
03216679284
03216677589
03216679218
03216671135
03216677431
03216671899
03216678680
03216673671
03216679308
03216678764
03216672145
03216677798
03216674227
03216676766
03216671681
03216675356
03216678773
03216678176
03216677198
03216675213
03216673069
03216676826
03216674731
03216678057
03216671675
03216671130
03216675621
03216672169
03216679567
03216679374
03216677743
03216678855
03216679056
03216675682
03216672916
03216673551
03216677518
03216679027
03216677948
03216679436
03216678020
03216677642
03216677592
03216678422
03216675630
03216673414
03216678911
03216679709
03216672085
03216672376
03216675068
03216672391
03216676403
03216673111
03216677004
03216672541
03216673686
03216676594
03216672577
03216678423
03216676483
03216677910
03216672625
03216672630
03216679674
03216675856
03216674625
03216678171
03216677265
03216673632
03216676710
03216678043
03216674082
03216672708
03216679991
03216678754
03216679664
03216675658
03216673987
03216677050
03216679278
03216673541
03216676485
03216674261
03216672841
03216678541
03216679597
03216671159
03216674967
03216675791
03216675955
03216677557
03216674285
03216674208
03216673914
03216675110
03216671435
03216676684
03216679692
03216678959
03216672921
03216679832
03216673694
03216677839
03216671922
03216678758
03216671430
03216675579
03216672314
03216674186
03216674987
03216673003
03216677165
03216677113
03216679255
03216675210
03216679115
03216676916
03216671197
03216676369
03216675456
03216671743
03216671369
03216672552
03216679585
03216674582
03216675370
03216675001
03216676619
03216671403
03216676329
03216675559
03216675242
03216679220
03216672228
03216672107
03216679519
03216679704
03216679858
03216672915
03216679658
03216676642
