03316507476
03316508418
03316507618
03316505320
03316503349
03316504477
03316507556
03316501720
03316506789
03316502544
03316509343
03316503920
03316504843
03316503738
03316508476
03316507735
03316504388
03316505044
03316508511
03316509803
03316508703
03316501548
03316504755
03316503887
03316502857
03316502153
03316502490
03316507453
03316508519
03316508303
03316502814
03316501728
03316505922
03316508484
03316502577
03316501750
03316506318
03316501346
03316501508
03316506529
03316506215
03316507209
03316505710
03316502076
03316508091
03316502432
03316509907
03316507814
03316506617
03316509334
03316503233
03316509722
03316506724
03316507832
03316503931
03316509078
03316501430
03316502901
03316506323
03316501759
03316506747
03316501813
03316505903
03316502466
03316508206
03316508052
03316502384
03316503247
03316504302
03316507672
03316505648
03316504339
03316502173
03316507545
03316501685
03316503479
03316508494
03316506200
03316501760
03316504744
03316506373
03316501470
03316505928
03316502267
03316508681
03316508606
03316504455
03316506285
03316508962
03316502188
03316509965
03316501701
03316509761
03316504232
03316509132
03316503229
03316506474
03316502421
03316508283
03316505940
03316506905
03316501372
03316505355
03316505619
03316507444
03316508252
03316505613
03316504143
03316507721
03316501832
03316506582
03316506456
03316507934
03316501322
03316504640
03316504096
03316503216
03316509362
03316505376
03316509813
03316509985
03316505844
03316504347
03316505265
03316509725
03316509338
03316504584
03316508090
03316505529
03316505614
03316505362
03316507308
03316503250
03316504586
03316504381
03316508840
03316504650
03316508044
03316502243
03316509868
03316503179
03316507776
03316501197
03316501906
03316501833
03316508325
03316506943
03316508920
03316506919
03316501279
03316509511
03316504676
03316502620
03316503097
03316502987
03316505887
03316504805
03316503137
03316503742
03316501053
03316502572
03316504013
03316501389
03316509509
03316508835
03316504666
03316505163
03316501940
03316507849
03316505975
03316507763
03316509677
03316503149
03316503358
03316507891
03316501013
03316507641
03316509169
03316504965
03316505113
03316508442
03316506028
03316503739
03316509910
03316505742
03316507722
03316508762
03316503239
03316509106
03316506126
03316502126
03316506933
03316508625
03316507892
03316508815
03316508108
03316508398
03316505897
03316505336
03316504979
03316503430
03316503536
03316506913
03316502943
03316509948
03316509628
03316507996
03316503792
03316505496
03316504573
03316506087
03316505728
03316504129
03316507984
03316507650
03316509599
03316507074
03316504779
03316506401
03316508701
03316508742
03316509849
03316505637
03316502743
03316504523
03316505465
03316507447
03316502197
03316509533
03316509068
03316509776
03316503463
03316502598
03316502996
03316508817
03316505794
03316508093
03316509446
03316503610
03316501552
03316506038
03316501205
03316504495
03316502793
03316509215
03316501033
03316503618
03316508953
03316508935
03316506277
03316504687
03316503686
03316501275
03316505424
03316504163
03316501594
03316505963
03316503802
03316507018
03316505951
03316505386
03316506602
03316508257
03316508985
03316508849
03316505634
03316509254
03316505132
03316508296
03316509598
03316501537
03316505557
03316504654
03316502982
03316508499
03316507152
03316507185
03316507910
03316506516
03316501721
03316508616
03316503930
03316507852
03316507646
03316507750
03316509020
03316505254
03316503829
03316504521
03316505345
03316502612
03316502775
03316504633
03316503300
03316507023
03316509555
03316505390
03316501676
03316508662
03316505397
03316508605
03316505894
03316508612
03316507463
03316506649
03316506903
03316505110
03316503480
03316504881
03316509640
03316508615
03316504919
03316505417
03316501402
03316507485
03316506283
03316506198
03316501036
03316509309
03316505723
03316502518
03316507540
03316508355
03316501125
03316509954
03316504972
03316505324
03316504323
03316509240
03316501101
03316502116
03316507044
03316504413
03316507730
03316503135
03316506017
03316505184
03316507883
03316505620
03316502069
03316504844
03316501098
03316502379
03316509199
03316507569
03316506585
03316508242
03316501739
03316504130
03316506892
03316507570
03316503318
03316509121
03316509806
03316504837
03316509686
03316503643
03316509594
03316501094
03316502162
03316507302
03316509444
03316508461
03316506139
03316505849
03316503991
03316504895
03316502639
03316502588
03316506500
03316504827
03316509656
03316504541
03316506280
03316508946
03316507575
03316505772
03316507754
03316507738
03316508443
03316506970
03316505224
03316502573
03316507030
03316507923
03316504607
03316502893
03316503448
03316502374
03316505589
03316506788
03316503458
03316504766
03316505400
03316502636
03316506239
03316503578
03316501689
03316505602
03316509150
03316507630
03316502065
03316507913
03316508776
03316502835
03316503525
03316505891
03316502111
03316507870
03316501840
03316503356
03316501163
03316508858
03316502474
03316503237
03316503566
03316508819
03316506067
03316509745
03316509140
03316504126
03316509237
03316502867
03316501083
03316501518
03316506309
03316501335
03316502423
03316504176
03316506048
03316505395
03316509292
03316509339
03316503159
03316504660
03316508253
03316505088
03316501082
03316507002
03316501336
03316504503
03316503749
03316503432
03316502294
03316505908
03316502925
03316509399
03316502673
03316504530
03316507510
03316505857
03316503503
03316502827
03316505045
03316507693
03316501316
03316502644
03316509581
03316505447
03316507663
03316505768
03316509565
03316503134
03316508906
03316509205
03316502742
03316507803
03316509623
03316505487
03316509435
03316508788
03316505610
03316507955
03316506910
03316506666
03316504646
03316509537
03316509282
03316505836
03316509614
03316503771
03316508437
03316507421
03316509055
03316506086
03316506124
03316506525
03316506342
03316509790
03316509321
03316503766
03316503964
03316506530
03316502196
03316503114
03316502207
03316503880
03316507339
03316508904
03316505705
03316504689
03316502670
03316502113
03316507554
03316502662
03316506231
03316507297
03316509746
03316509291
03316507208
03316505321
03316507242
03316509401
03316503310
03316502262
03316509268
03316508164
03316507589
03316503927
03316502449
03316506422
03316501956
03316502991
03316504003
03316501655
03316508065
03316503747
03316504750
03316508447
03316501501
03316505089
03316503462
03316506058
03316502492
03316509575
03316504475
03316503959
03316509322
03316501428
03316507793
03316504964
03316503312
03316507938
03316502299
03316506641
03316506437
03316505081
03316507217
03316503626
03316509808
03316503209
03316505341
03316506754
03316505287
03316508350
03316509142
03316507020
03316508794
03316509066
03316504312
03316509848
03316501968
03316503210
03316505671
03316508014
03316509968
03316501020
03316508628
03316502109
03316508643
03316505053
03316501704
03316505013
03316501628
03316507222
03316509669
03316501230
03316507874
03316504228
03316503249
03316502849
03316507151
03316502821
03316509187
03316505609
03316504408
03316507223
03316506170
03316504246
03316503625
03316502451
03316504673
03316503227
03316507066
03316506797
03316503658
03316509192
03316501179
03316501099
03316506697
03316501700
03316503583
03316503336
03316507513
03316509797
03316507564
03316501191
03316506599
03316501482
03316508520
03316505193
03316501233
03316504359
03316506612
03316501405
03316505939
03316504397
03316501427
03316509252
03316508401
03316506369
03316502602
03316504433
03316504216
03316504181
03316504057
03316509306
03316501749
03316501120
03316505603
03316502272
03316502666
03316504610
03316506322
03316503055
03316503542
03316505852
03316503191
03316502866
03316502333
03316501873
03316505563
03316509298
03316509412
03316502579
03316509773
03316505159
03316502300
03316504331
03316502997
03316509112
03316503428
03316508298
03316503131
03316506975
03316505902
03316502541
03316502175
03316508610
03316508066
03316504072
03316505630
03316502087
03316507967
03316502001
03316505083
03316507334
03316501341
03316507885
03316503400
03316507147
03316505535
03316504036
03316508869
03316504917
03316504768
03316501477
03316509532
03316506590
03316508153
03316501272
03316509275
03316503554
03316501182
03316508024
03316505474
03316506080
03316507639
03316501016
03316504255
03316504266
03316507801
03316509933
03316507211
03316501445
03316504690
03316507825
03316502386
03316503577
03316509392
03316507568
03316504262
03316502057
03316501133
03316501064
03316502643
03316502020
03316509912
03316503224
03316504357
03316502811
03316507059
03316501859
03316505261
03316506131
03316509769
03316502928
03316507706
03316503323
03316504841
03316508765
03316507194
03316503426
03316509977
03316501790
03316501212
03316504022
03316506506
03316502245
03316508372
03316502234
03316504353
03316504576
03316505575
03316504399
03316507031
03316509760
03316507631
03316505965
03316505696
03316502140
03316509717
03316502297
03316509622
03316505326
03316504350
03316507809
03316503255
03316502717
03316504763
03316504015
03316509385
03316504436
03316509027
03316506603
03316501239
03316507845
03316507759
03316509045
03316505415
03316508351
03316503359
03316503306
03316506291
03316501138
03316507210
03316502799
03316501498
03316506320
03316509502
03316503708
03316507680
03316502167
03316505814
03316505885
03316509672
03316508696
03316502079
03316508979
03316501635
03316501560
03316505014
03316502595
03316501027
03316505317
03316504457
03316502993
03316501958
03316503252
03316504207
03316506289
03316501966
03316501043
03316509028
03316501219
03316504513
03316505676
03316506756
03316506859
03316504762
03316501566
03316505043
03316505766
03316507187
03316503779
03316508537
03316501799
03316508292
03316503696
03316506182
03316507481
03316507040
03316507919
03316506508
03316504428
03316507960
03316509524
03316503918
03316507178
03316503050
03316509981
03316508524
03316501370
03316507046
03316509337
03316505839
03316503873
03316502890
03316503357
03316507227
03316504770
03316503186
03316507751
03316502751
03316507822
03316508622
03316504407
03316502973
03316504178
03316508004
03316503925
03316502328
03316508899
03316501264
03316502938
03316507865
03316502715
03316507206
03316501540
03316503363
03316507167
03316504752
03316508954
03316507857
03316506532
03316505944
03316506926
03316504150
03316504561
03316509280
03316506979
03316501241
03316507532
03316501773
03316503751
03316505876
03316509356
03316505573
03316505550
03316506237
03316509041
03316505412
03316503511
03316504973
03316508973
03316509712
03316509951
03316505492
03316504512
03316501645
03316507065
03316505414
03316503797
03316509964
03316502090
03316508462
03316506047
03316505962
03316508723
03316506946
03316501086
03316501366
03316509491
03316507092
03316507062
03316508509
03316508287
03316501632
03316505989
03316507125
03316504345
03316501558
03316506971
03316507213
03316504198
03316509415
03316509595
03316501188
03316508336
03316509391
03316502337
03316507110
03316509503
03316506209
03316504884
03316508466
03316502424
03316503607
03316509481
03316502619
03316502889
03316506983
03316506224
03316505931
03316505655
03316509939
03316504263
03316509703
03316501491
03316508833
03316505830
03316506894
03316503954
03316507530
03316508302
03316508755
03316504983
03316509118
03316505949
03316504522
03316506486
03316501436
03316505392
03316505076
03316501921
03316507951
03316507489
03316504593
03316501308
03316502084
03316508543
03316503483
03316503939
03316506925
03316508632
03316501824
03316503772
03316501806
03316507990
03316506363
03316502707
03316503864
03316507906
03316501409
03316509023
03316504311
03316505178
03316503697
03316502580
03316504001
03316504239
03316504809
03316505411
03316504047
03316507551
03316501377
03316505346
03316508902
03316505815
03316503445
03316509029
03316504141
03316505243
03316506310
03316503402
03316504219
03316508268
03316502074
03316501504
03316504097
03316504321
03316506645
03316509225
03316501617
03316506430
03316503180
03316506887
03316503381
03316502335
03316509802
03316503740
03316504747
03316502519
03316506132
03316502506
03316503353
03316508485
03316509381
03316505281
03316501037
