03007253111
03007258882
03007255922
03007255109
03007253166
03007255870
03007255167
03007251052
03007252248
03007258074
03007254414
03007253036
03007252450
03007259571
03007253533
03007251438
03007255388
03007255416
03007258488
03007258345
03007252826
03007255054
03007251120
03007253949
03007259416
03007256108
03007256573
03007254016
03007254329
03007251043
03007257835
03007252320
03007256050
03007252668
03007251459
03007255859
03007258045
03007254821
03007255813
03007254465
03007258735
03007253990
03007256890
03007259238
03007258774
03007257984
03007255565
03007258245
03007259770
03007252700
03007256589
03007253827
03007254802
03007251159
03007253749
03007259761
03007253843
03007255056
03007257036
03007257919
03007258043
03007253371
03007255200
03007253520
03007259979
03007259529
03007257370
03007253667
03007252531
03007252548
03007252385
03007259958
03007252526
03007256869
03007257798
03007252126
03007258451
03007256083
03007258343
03007251246
03007252035
03007252223
03007257866
03007252110
03007258284
03007253241
03007256546
03007251690
03007259109
03007255253
03007257118
03007255585
03007258716
03007252399
03007259033
03007254057
03007257736
03007253237
03007252416
03007251200
03007251223
03007252891
03007256044
03007252930
03007258585
03007251835
03007257783
03007255028
03007253953
03007258094
03007251296
03007252999
03007259679
03007257418
03007259086
03007252689
03007251775
03007259307
03007254043
03007251694
03007259339
03007257760
03007252544
03007255007
03007252865
03007257366
03007257860
03007259309
03007257189
03007254299
03007258986
03007255449
03007259098
03007255392
03007254932
03007257825
03007254655
03007254710
03007252907
03007255590
03007251014
03007253957
03007254119
03007255905
03007251297
03007253313
03007256343
03007252282
03007258428
03007259194
03007251861
03007255131
03007253500
03007257923
03007255720
03007254468
03007259922
03007255718
03007256764
03007253795
03007252310
03007257549
03007256532
03007253694
03007257756
03007254652
03007259332
03007258786
03007253748
03007253099
03007256745
03007258587
03007256959
03007256068
03007254547
03007252966
03007254907
03007259791
03007254727
03007257237
03007251432
03007259902
03007258935
03007252984
03007259872
03007257219
03007251646
03007256569
03007255324
03007254765
03007259619
03007258333
03007253776
03007259862
03007251935
03007258112
03007257288
03007258385
03007254912
03007257034
03007258760
03007258400
03007255375
03007252752
03007251857
03007257924
03007252519
03007252822
03007253343
03007256033
03007253432
03007256323
03007254046
03007255716
03007259090
03007255801
03007253875
03007252128
03007259525
03007256941
03007254319
03007251634
03007251303
03007254928
03007254378
03007252093
03007259928
03007252791
03007259125
03007253210
03007251875
03007256520
03007252868
03007251841
03007257609
03007257120
03007259113
03007259294
03007259126
03007253746
03007251981
03007258732
03007256186
03007252263
03007254286
03007258059
03007256134
03007254236
03007255159
03007258859
03007257970
03007252715
03007257125
03007257096
03007258373
03007255283
03007255831
03007252590
03007254217
03007251557
03007259803
03007251177
03007255541
03007257249
03007258192
03007256755
03007253014
03007257814
03007259653
03007252570
03007258742
03007252114
03007252287
03007254033
03007259157
03007256657
03007254888
03007258050
03007253016
03007258549
03007253049
03007254744
03007257162
03007258746
03007253830
03007253463
03007256536
03007253715
03007257763
03007255909
03007254628
03007252460
03007253108
03007252518
03007253522
03007257942
03007257481
03007252145
03007258628
03007252143
03007257472
03007254526
03007251704
03007256259
03007252996
03007251797
03007253433
03007253374
03007259329
03007254771
03007258541
03007251254
03007251024
03007252492
03007252504
03007251029
03007258008
03007259184
03007256767
03007251278
03007256856
03007251889
03007256660
03007254113
03007259654
03007259178
03007251515
03007255635
03007258714
03007257407
03007254387
03007258393
03007258009
03007255577
03007255458
03007252487
03007251665
03007253102
03007258434
03007251138
03007256087
03007251206
03007252084
03007251017
03007256913
03007259472
03007252961
03007258877
03007255286
03007255582
03007257865
03007257591
03007256605
03007253818
03007257797
03007254659
03007251921
03007258866
03007254153
03007252860
03007256914
03007252286
03007255570
03007255521
03007258350
03007255101
03007258176
03007256514
03007253454
03007255522
03007258025
03007258447
03007257094
03007251489
03007254617
03007251801
03007257934
03007252943
03007259516
03007252722
03007259994
03007252353
03007255882
03007257015
03007251383
03007255304
03007255682
03007256512
03007252271
03007251934
03007259069
03007258730
03007251342
03007253951
03007254611
03007256760
03007258772
03007252342
03007259566
03007258157
03007256724
03007258792
03007253179
03007252857
03007253987
03007251627
03007253344
03007256920
03007259933
03007257704
03007259638
03007251334
03007253717
03007252871
03007253250
03007256090
03007258024
03007258378
03007255887
03007253983
03007258332
03007255766
03007258815
03007253950
03007258300
03007257725
03007252591
03007252125
03007252824
03007252525
03007256349
03007255001
03007258777
03007256191
03007258797
03007253637
03007254312
03007253276
03007253042
03007257829
03007257939
03007255186
03007259091
03007253475
03007258055
03007258699
03007257292
03007252397
03007257589
03007255861
03007254529
03007256341
03007259053
03007259403
03007251913
03007251126
03007254416
03007256901
03007255783
03007255100
03007259247
03007252187
03007257089
03007256821
03007259670
03007252723
03007256011
03007252680
03007254825
03007259669
03007251591
03007252176
03007254832
03007252522
03007254445
03007252436
03007257137
03007258874
03007254234
03007252232
03007251916
03007257083
03007259931
03007252190
03007257691
03007252954
03007259451
03007258226
03007255576
03007252532
03007253137
03007253543
03007256373
03007259003
03007254577
03007252243
03007258949
03007255913
03007257581
03007251893
03007258141
03007251338
03007256811
03007255049
03007258215
03007252587
03007257271
03007253901
03007256080
03007251910
03007258729
03007257134
03007256715
03007252139
03007254629
03007254850
03007252189
03007256227
03007251307
03007256928
03007252106
03007259871
03007259656
03007252780
03007251170
03007252349
03007258876
03007254048
03007256352
03007258325
03007252640
03007253177
03007251987
03007252988
03007253061
03007259708
03007252330
03007259642
03007254249
03007254463
03007257443
03007255528
03007257312
03007254999
03007251283
03007252731
03007259704
03007257700
03007254704
03007254285
03007257116
03007257840
03007252730
03007253730
03007253033
03007254680
03007258390
03007259499
03007252642
03007259128
03007256519
03007258977
03007257285
03007257857
03007256300
03007259597
03007252213
03007254626
03007255468
03007257967
03007259886
03007259618
03007259171
03007252134
03007256322
03007257936
03007258891
03007253644
03007255944
03007259664
03007254490
03007256911
03007251429
03007255593
03007256661
03007257138
03007257813
03007254226
03007258641
03007255394
03007251053
03007256846
03007257985
03007258745
03007252489
03007254575
03007252844
03007254112
03007253862
03007252545
03007254459
03007257765
03007251562
03007251881
03007258997
03007251803
03007253183
03007256854
03007254487
03007257339
03007254870
03007254004
03007255551
03007257488
03007257655
03007253740
03007251244
03007258748
03007258595
03007256740
03007255269
03007251089
03007254898
03007259341
03007255088
03007254067
03007256405
03007257567
03007253047
03007252202
03007259372
03007256250
03007252345
03007259643
03007259066
03007257392
03007258539
03007256565
03007259507
03007253114
03007254741
03007255165
03007255000
03007256131
03007251599
03007255363
03007255266
03007255805
03007259189
03007257556
03007254099
03007252461
03007259728
03007251766
03007259870
03007256306
03007257303
03007253348
03007258116
03007251404
03007251395
03007251601
03007259682
03007251203
03007258200
03007258703
03007251581
03007257791
03007254175
03007258454
03007258167
03007258485
03007252468
03007251042
03007252300
03007257242
03007253013
03007251816
03007255776
03007251369
03007255544
03007256604
03007257663
03007256773
03007256695
03007253734
03007258573
03007255810
03007253785
03007256884
03007255516
03007254735
03007259998
03007255681
03007254063
03007257605
03007257387
03007253943
03007258286
03007251274
03007253598
03007251384
03007253838
03007259891
03007255003
03007253714
03007256299
03007255627
03007256057
03007253078
03007253539
03007251426
03007252007
03007256433
03007253008
03007251980
03007256371
03007252359
03007251569
03007252651
03007252470
03007255361
03007258236
03007259636
03007254428
03007256885
03007258185
03007251600
03007258318
03007256388
03007253174
03007255311
03007259896
03007258682
03007251481
03007259888
03007254709
03007253941
03007252602
03007256178
03007258478
03007255883
03007257572
03007255927
03007259705
03007257635
03007251368
03007254530
03007256766
03007254077
03007257808
03007251871
03007251840
03007254456
03007254760
03007257151
03007258252
03007256696
03007256537
03007254325
03007251173
03007252763
03007259039
03007258528
03007252758
03007257712
03007253458
03007254047
03007253474
03007251001
03007256982
03007254028
03007252390
03007256682
03007252227
03007257675
03007254152
03007254041
03007255993
03007253672
03007258713
03007251145
03007259484
03007257842
03007253372
03007257926
03007251782
03007254417
03007251272
03007258720
03007258183
03007252839
03007251771
03007253761
03007258397
03007257740
03007254858
03007252369
03007256024
03007259020
03007257131
03007257205
03007251617
03007256170
03007259044
03007254915
03007254340
03007255532
03007252265
03007259056
03007259443
03007256952
03007252756
03007257341
03007257961
03007254044
03007259079
03007255688
03007252380
03007254987
03007255374
03007259910
03007253404
03007258010
03007255473
03007252903
03007251902
03007252761
03007256407
03007252898
03007257843
03007256449
03007252425
03007253794
03007254713
03007255086
03007251496
03007259340
03007258297
03007257905
03007257671
03007255027
03007252506
03007259941
03007257793
03007254931
03007257295
03007251955
03007258212
03007258159
03007259987
03007259442
03007251436
03007253630
03007259503
03007252649
03007254054
03007251790
03007259498
03007251512
03007257478
03007256654
03007255524
03007258414
03007255107
03007252820
03007254087
03007253590
03007254493
03007258352
03007254265
03007253807
03007257413
03007251456
03007251993
03007256691
03007253850
03007255880
03007255529
03007254501
03007253287
03007252269
03007251869
03007254643
03007258880
03007253105
03007258054
03007258602
03007258996
03007251039
03007253707
03007258561
03007254469
03007253300
03007255757
03007258950
03007257019
03007252388
03007258086
03007258110
03007256998
03007258831
03007256421
03007254283
03007256254
03007255504
03007254916
03007255420
03007259533
03007253661
03007251321
03007258884
03007251389
03007251667
03007253512
03007255247
03007256211
03007255204
03007258417
03007252237
03007257748
03007255310
03007258129
03007255768
03007256578
03007253975
03007255376
03007252340
03007254159
03007254871
03007255811
03007252459
03007256697
03007258234
03007251799
03007253098
03007254079
03007251636
03007258287
03007257148
03007254900
03007253148
03007254415
03007254367
03007257283
03007253506
03007253877
03007256176
03007252881
03007259692
03007251083
03007251110
03007256153
03007259102
03007255704
03007255380
03007258338
03007255428
03007258635
03007257161
03007254013
03007259208
03007256815
03007257012
03007254412
03007254338
03007259460
03007258161
03007253229
03007252620
03007255755
03007259295
03007251499
03007254721
03007259458
03007254467
03007254728
03007251348
03007259132
03007256094
03007257717
03007255740
03007256207
03007258243
03007258513
03007253579
03007255986
03007258789
03007258075
03007256690
03007256864
03007251764
03007255353
03007254158
03007251622
03007252948
03007252924
03007256482
03007259570
03007259625
03007259043
03007254959
03007258544
03007253913
03007251862
03007252694
03007253902
03007257859
03007256272
03007257880
03007258317
03007254388
03007258597
03007254393
03007251216
03007259648
03007259649
03007256633
03007255732
03007256965
03007251220
03007253777
03007254634
03007252956
03007255951
03007253106
03007258399
03007257619
03007252650
03007256524
03007258092
03007251248
03007259699
03007254600
03007251716
03007253291
03007256499
03007257940
03007258984
03007253446
03007256387
03007256756
03007259765
03007253274
03007259848
03007253837
03007252659
03007257822
03007251181
03007253910
03007253581
03007257951
03007257742
03007259459
03007258652
03007255229
03007251793
03007256295
03007251899
03007253145
03007251517
03007255048
03007257933
03007253342
03007259233
03007259024
03007251004
03007253359
03007255649
03007259509
03007252295
03007252356
03007252701
03007255098
03007254344
03007252801
03007252687
03007255433
03007258875
03007255788
03007253643
03007258536
03007259709
03007258548
03007251765
03007253754
03007251653
03007254856
03007256620
03007258887
03007255341
03007256505
03007254603
03007253634
03007256818
03007258261
03007251446
03007251225
03007255041
03007254360
03007254308
03007252427
03007259105
03007253024
03007255728
03007259396
03007253632
03007258826
03007251593
03007251894
03007257856
03007252204
03007257499
03007253813
03007256296
03007258083
03007251798
03007252056
03007252244
03007257527
03007252196
03007257652
03007258484
03007256783
03007255156
03007256395
03007257457
03007251327
03007252547
03007259229
03007251832
03007253541
03007253158
03007256847
03007255945
03007252873
03007253918
03007254808
03007256228
03007256366
03007258680
03007253725
03007252198
03007251228
03007257514
03007255305
03007251022
03007259063
03007258201
03007251743
03007255148
03007253669
03007253853
03007254135
03007255308
03007252974
03007255667
03007253057
03007253423
03007254164
03007256990
03007255487
03007256015
03007251161
03007258605
03007258972
03007254758
03007254585
03007253928
03007252152
03007255195
03007251525
03007252708
03007254957
03007257639
03007254201
03007257724
03007252716
03007252092
03007255798
03007258282
03007255705
03007258058
03007256173
03007257515
03007252247
03007256858
03007252072
03007255480
03007254817
03007257039
03007252771
03007259316
03007259741
03007254972
03007251983
03007255372
03007253783
03007252808
03007253316
03007255697
03007258856
03007255698
03007254147
03007255852
03007253923
03007255362
03007253266
03007256700
03007258411
03007253354
03007251365
03007259905
03007252486
03007254666
03007255384
03007257890
03007257917
03007251430
03007257334
03007251396
03007257743
03007254499
03007252896
03007253256
03007254876
03007255155
03007253391
03007257010
03007252710
03007256220
03007252709
03007251677
03007259504
03007253690
03007256386
03007253607
03007252078
03007252886
03007259116
03007254715
03007259418
03007255425
03007257779
03007255323
03007257425
03007258364
03007253447
03007254936
03007255823
03007253443
03007255553
03007256209
03007255476
03007251956
03007251872
03007252674
03007256995
03007256240
03007251926
03007259795
03007255009
03007254136
03007258030
03007257540
03007255383
03007258180
03007257432
03007259832
03007255965
03007258646
03007259262
03007257681
03007257080
03007256741
03007254455
03007259133
03007255351
03007257908
03007257397
03007255564
03007257410
03007257159
03007252843
03007256743
03007258429
03007251539
03007258566
03007255498
03007254719
03007253652
03007259446
03007257395
03007259606
03007258121
03007251381
03007256377
03007256830
03007252693
03007254993
03007259915
03007252301
03007252792
03007253398
03007254443
03007257101
03007256738
03007252466
03007258223
03007255337
03007259002
03007255557
03007251265
03007253926
03007255610
03007252317
03007256789
03007259345
03007254014
03007256943
03007257229
03007256527
03007251020
03007255015
03007254466
03007252734
03007251750
03007258514
03007252040
03007256265
03007252706
03007257265
03007252217
03007256852
03007252512
03007259119
03007255824
03007255111
03007258203
03007258617
03007255848
03007257213
03007255717
03007257450
03007259550
03007253757
03007255343
03007253516
03007252604
03007256401
03007259972
03007252636
03007257980
03007252079
03007258127
03007255908
03007254933
03007257676
03007257382
03007254943
03007253547
03007259897
03007251887
03007257979
03007256857
03007258563
03007251995
03007258435
03007255865
03007257715
03007258460
03007257168
03007258631
03007252307
03007252321
03007257819
03007255566
03007258073
03007256489
03007254630
03007259809
03007252517
03007251874
03007256374
03007257659
03007251796
03007251628
03007257020
03007254406
03007254364
03007253336
03007255842
03007259479
03007258394
03007255797
03007252611
03007257376
03007257124
03007259260
03007253814
03007251490
03007251099
03007253932
03007252892
03007251900
03007258626
03007255841
03007252085
03007255371
03007258040
03007253090
03007251418
03007256257
03007256275
03007258521
03007253708
03007253152
03007253671
03007259623
03007251476
03007254011
03007254497
03007259674
03007253816
03007251330
03007255530
03007251514
03007255574
03007258766
03007258523
03007251251
03007259252
03007255587
03007251439
03007251193
03007251118
03007257505
03007256614
03007258337
03007251184
03007253268
03007254614
03007251343
03007252411
03007256054
03007251555
03007256709
03007257559
03007251615
03007256148
03007254761
03007253318
03007255790
03007259755
03007255185
03007251901
03007258084
03007253760
03007251304
03007258712
03007253378
03007259249
03007253029
03007257201
03007257707
03007257193
03007258618
03007259849
03007255875
03007255322
03007257179
03007258839
03007253198
03007254032
03007254729
03007254849
03007255147
03007259577
03007254970
03007255663
03007254187
03007254920
03007256436
03007252175
03007255085
03007256663
03007253309
03007254731
03007257964
03007253162
03007254353
03007256118
03007255157
03007252997
03007256516
03007257442
03007254830
03007254432
03007258005
03007257464
03007254051
03007253453
03007258911
03007256157
03007259134
03007258408
03007253585
03007258842
03007256378
03007259608
03007252787
03007258096
03007257673
03007253160
03007259212
03007257650
03007259214
03007255677
03007258611
03007259691
03007254780
03007256580
03007258671
03007259147
03007255992
03007256550
03007253375
03007258124
03007251631
03007257752
03007257152
03007255597
03007259556
03007259576
03007254182
03007257974
03007256509
03007252370
03007259609
03007258625
03007253355
03007258229
03007257180
03007253841
03007258791
03007257384
03007257290
03007254372
03007254841
03007259219
03007251376
03007252553
03007259737
03007254438
03007252096
03007255873
03007257381
03007255038
03007259549
03007251529
03007251460
03007254994
03007259658
03007256100
03007255991
03007252102
03007257321
03007255170
03007251679
03007255791
03007258515
03007258811
03007258123
03007255990
03007255767
03007253751
03007258532
03007255775
03007253043
03007259819
03007255138
03007257588
03007253452
03007256496
03007252228
03007259076
03007251826
03007256769
03007256683
03007258846
03007251298
03007252667
03007252739
03007251898
03007256206
03007251574
03007257750
03007251390
03007259271
03007254739
03007252928
03007254722
03007251950
03007259839
03007253906
03007254115
03007258649
03007252942
03007251817
03007253964
03007251746
03007253863
03007258990
03007254707
03007254049
03007259569
03007252169
03007256491
03007258503
03007256014
03007253278
03007257086
03007251960
03007256895
03007259293
03007258552
03007254090
03007251073
03007253264
03007258722
03007254682
03007259445
03007256484
03007254714
03007256294
03007255153
03007259781
03007259711
03007254470
03007255402
03007258100
03007252104
03007257690
03007256877
03007256967
03007259696
03007254385
03007257076
03007255560
03007256304
03007253113
03007251809
03007256668
03007259985
03007254154
03007258564
03007256396
03007257546
03007256807
03007257114
03007259582
03007255850
03007251989
03007258546
03007258995
03007257830
03007251032
03007257804
03007253929
03007259277
03007252298
03007257726
03007252182
03007258848
03007256667
03007258306
03007252661
03007258733
03007251531
03007258923
03007257950
03007255437
03007253360
03007259852
03007258534
03007252080
03007251412
03007255145
03007255282
03007254005
03007257291
03007257103
03007251856
03007258061
03007256381
03007255664
03007256812
03007257959
03007251275
03007253189
03007253255
03007258919
03007259622
03007256902
03007253209
03007252393
03007251907
03007257322
03007253571
03007255917
03007253763
03007259318
03007254169
03007253703
03007251385
03007258656
03007255994
03007254240
03007251819
03007257375
03007252743
03007254816
03007253546
03007255401
03007259405
03007258838
03007255344
03007251830
03007259662
03007252889
03007258464
03007259168
03007251373
03007257439
03007251972
03007255421
03007256279
03007256346
03007254255
03007259061
03007253340
03007254533
03007257261
03007254679
03007257802
03007255731
03007257115
03007255017
03007259163
03007258418
03007256942
03007254506
03007251767
03007258496
03007259469
03007251973
03007256826
03007252866
03007254379
03007259198
03007258001
03007251954
03007256464
03007258470
03007255497
03007254569
03007258480
03007253931
03007254820
03007257871
03007259301
03007254176
03007259143
03007257181
03007251860
03007259673
03007259336
03007258818
03007258135
03007252488
03007253871
03007252559
03007251813
03007253422
03007253063
03007252698
03007254036
03007259120
03007259370
03007259914
03007257607
03007258461
03007256947
03007257682
03007252008
03007257198
03007257338
03007258328
03007257342
03007257127
03007259651
03007252768
03007258657
03007259778
03007251626
03007258251
03007254134
03007257398
03007255706
03007256602
03007251486
03007257266
03007257245
03007252065
03007258371
03007255278
03007257560
03007253702
03007254762
03007252751
03007259804
03007256224
03007255571
03007254384
03007259356
03007252105
03007251794
03007251240
03007255816
03007253565
03007257656
03007256262
03007258971
03007256252
03007255207
03007253116
03007259837
03007253488
03007256863
03007254341
03007254921
03007259087
03007251031
03007257130
03007254257
03007256266
03007259080
03007252304
03007254382
03007254300
03007254124
03007257106
03007255092
03007259281
03007256292
03007259101
03007254522
03007256749
03007251144
03007257597
03007255065
03007255867
03007254930
03007258633
03007254973
03007256318
03007256729
03007252534
03007259749
03007255835
03007253552
03007252704
03007257172
03007252068
03007255712
03007257785
03007256382
03007256290
03007258049
03007252337
03007251713
03007255743
03007253175
03007256831
03007259192
03007256842
03007254150
03007253670
03007259409
03007257982
03007257603
03007255205
03007251104
03007259531
03007253491
03007252146
03007257943
03007258782
03007254586
03007257279
03007259485
03007254431
03007257349
03007255871
03007255919
03007254391
03007251461
03007256574
03007255969
03007256642
03007256710
03007257160
03007253022
03007251415
03007254558
03007255834
03007259428
03007258292
03007259567
03007257800
03007252206
03007254392
03007252245
03007251912
03007257356
03007251112
03007256800
03007253086
03007253537
03007252062
03007253004
03007256782
03007259047
03007252957
03007257521
03007256623
03007254259
03007259124
03007259545
03007258904
03007257949
03007256269
03007258307
03007259245
03007259299
03007256026
03007256490
03007256098
03007251253
03007258356
03007259254
03007253724
03007254730
03007259353
03007256048
03007256221
03007257877
03007258770
03007255313
03007253400
03007252129
03007255542
03007259211
03007255168
03007251408
03007258254
03007253302
03007256443
03007255976
03007254815
03007259048
03007251866
03007257501
03007257060
03007256905
03007253797
03007254906
03007251026
03007253695
03007254206
03007258989
03007251322
03007254689
03007255738
03007254181
03007258719
03007258250
03007254377
03007258407
03007257872
03007254317
03007253239
03007257317
03007257539
03007254020
03007252275
03007257264
03007255020
03007252870
03007258163
