03213007392
03213009613
03213009828
03213006491
03213008973
03213008612
03213007822
03213001898
03213004609
03213001405
03213007269
03213002573
03213008789
03213008704
03213008241
03213003099
03213001276
03213005122
03213001156
03213003689
03213003255
03213004789
03213001948
03213002504
03213003703
03213001378
03213002593
03213006529
03213009654
03213002092
03213007457
03213007472
03213009484
03213009822
03213004485
03213002011
03213006894
03213001514
03213005938
03213005373
03213003726
03213009650
03213005950
03213007533
03213006701
03213008048
03213007168
03213001025
03213002095
03213003955
03213005560
03213002603
03213008910
03213009171
03213004543
03213006469
03213004909
03213006443
03213009304
03213008079
03213001751
03213006755
03213001332
03213001232
03213008756
03213003277
03213006790
03213003111
03213004261
03213002175
03213007317
03213004043
03213005328
03213006930
03213002298
03213006553
03213006169
03213004677
03213004544
03213009361
03213008629
03213008418
03213008137
03213001897
03213004868
03213009942
03213005542
03213001984
03213005070
03213006633
03213002665
03213003621
03213006971
03213009169
03213004617
03213006301
03213007944
03213004771
03213007913
03213007833
03213001779
03213008242
03213008559
03213003581
03213002240
03213002245
03213009915
03213008739
03213001766
03213004760
03213008718
03213003122
03213008337
03213002343
03213009435
03213006363
03213008183
03213002626
03213006848
03213007569
03213002276
03213007105
03213001706
03213009959
03213003128
03213001935
03213009868
03213006732
03213009772
03213008983
03213006358
03213003654
03213006309
03213006991
03213008409
03213007697
03213005626
03213003245
03213003303
03213001873
03213003947
03213008633
03213006825
03213005182
03213009937
03213009760
03213002145
03213003528
03213005556
03213004673
03213007559
03213007181
03213001874
03213002281
03213009116
03213007979
03213008871
03213005034
03213004987
03213009734
03213002406
03213007752
03213005985
03213005781
03213001192
03213004216
03213009151
03213001942
03213009031
03213003802
03213008810
03213007430
03213001207
03213001325
03213006302
03213006753
03213009930
03213007627
03213005455
03213005028
03213001684
03213006094
03213009128
03213005116
03213006127
03213008580
03213007647
03213004374
03213008269
03213006885
03213004213
03213008092
03213009400
03213009883
03213008568
03213007928
03213004376
03213008402
03213006524
03213008749
03213009750
03213002813
03213001225
03213008940
03213008062
03213007360
03213004278
03213002035
03213002724
03213004301
03213009686
03213006075
03213008088
03213004294
03213004657
03213005532
03213001925
03213003217
03213003114
03213005462
03213007352
03213008403
03213009698
03213001078
03213001968
03213008503
03213007345
03213009377
03213004448
03213005171
03213005767
03213006421
03213005433
03213009524
03213009934
03213006056
03213008157
03213006539
03213009713
03213008958
03213002492
03213009840
03213003805
03213004107
03213001867
03213005339
03213006824
03213006533
03213007552
03213007351
03213003872
03213008893
03213009658
03213007662
03213003200
03213004220
03213003489
03213002341
03213001547
03213001626
03213002917
03213004803
03213007872
03213009224
03213005325
03213002400
03213003283
03213007057
03213002286
03213008922
03213007639
03213001088
03213005910
03213009858
03213007272
03213007861
03213006635
03213005472
03213002844
03213006896
03213004658
03213008415
03213002549
03213001862
03213006733
03213005989
03213003936
03213003050
03213007372
03213007410
03213006922
03213009002
03213006234
03213002643
03213004423
03213003249
03213008225
03213008428
03213006233
03213007805
03213003748
03213007803
03213005928
03213002205
03213007585
03213008016
03213001819
03213008703
03213004730
03213008258
03213006388
03213005323
03213002684
03213004776
03213006549
03213001068
03213008350
03213005872
03213003677
03213005044
03213002935
03213008270
03213003992
03213005459
03213006098
03213009594
03213006401
03213006433
03213009987
03213006315
03213008734
03213006800
03213004058
03213003784
03213006351
03213005552
03213008707
03213006135
03213008664
03213002614
03213009958
03213005236
03213003884
03213006700
03213009426
03213009874
03213002555
03213005967
03213004127
03213007657
03213003592
03213002556
03213005721
03213009108
03213008329
03213001825
03213006400
03213009007
03213003950
03213007976
03213006480
03213005743
03213007283
03213001999
03213004713
03213004970
03213008908
03213004271
03213005656
03213004033
03213002213
03213002894
03213006974
03213006558
03213007431
03213004606
03213008095
03213009190
03213003147
03213003205
03213002758
03213002477
03213009830
03213009598
03213007806
03213006838
03213006213
03213001903
03213006008
03213007260
03213007404
03213002143
03213007874
03213001717
03213001253
03213009156
03213009795
03213002001
03213009863
03213009558
03213002334
03213003508
03213006214
03213001354
03213005267
03213008968
03213008659
03213009343
03213009880
03213007290
03213002596
03213004078
03213009241
03213008361
03213004882
03213005371
03213001102
03213007432
03213009442
03213008812
03213008025
03213002962
03213004808
03213001937
03213004831
03213008683
03213005714
03213009094
03213005449
03213008300
03213008593
03213001146
03213003342
03213006322
03213003384
03213006451
03213001571
03213007244
03213003243
03213006664
03213007379
03213008360
03213008064
03213003356
03213006370
03213008692
03213003164
03213002558
03213001050
03213001533
03213009372
03213008699
03213004276
03213006522
03213006583
03213003254
03213009564
03213003894
03213001580
03213008697
03213001450
03213006040
03213008218
03213008560
03213001987
03213004650
03213005861
03213002198
03213005568
03213001360
03213005582
03213004694
03213003577
03213006766
03213002357
03213001664
03213009608
03213005428
03213008587
03213002291
03213001667
03213007623
03213009929
03213003989
03213003678
03213002770
03213005799
03213001417
03213006910
03213007328
03213005137
03213007810
03213001797
03213004041
03213007303
03213005482
03213003789
03213004004
03213009755
03213006534
03213006840
03213002229
03213001971
03213003268
03213002862
03213008444
03213004373
03213007448
03213002878
03213004721
03213008208
03213001889
03213008590
03213009783
03213006666
03213009438
03213007456
03213007219
03213004913
03213009867
03213005566
03213008125
03213008226
03213006809
03213001494
03213006980
03213003618
03213008453
03213003092
03213003827
03213008148
03213004047
03213008883
03213008219
03213007689
03213006874
03213008918
03213009319
03213006429
03213002151
03213001582
03213004005
03213004032
03213009077
03213003676
03213001927
03213002362
03213006404
03213005143
03213004635
03213001635
03213004469
03213004548
03213002420
03213005115
03213005051
03213005956
03213005129
03213002618
03213009236
03213009530
03213008039
03213006247
03213001695
03213006074
03213003216
03213009912
03213002974
03213002891
03213009855
03213009375
03213009415
03213004911
03213008179
03213007422
03213003005
03213009412
03213007248
03213005340
03213007221
03213009556
03213004449
03213004770
03213004009
03213007036
03213008540
03213003533
03213008049
03213005597
03213001413
03213009763
03213004146
03213003888
03213003447
03213002965
03213007493
03213004425
03213004692
03213003045
03213005699
03213009869
03213008534
03213002123
03213003206
03213003305
03213003896
03213002308
03213008482
03213006498
03213001476
03213007686
03213009038
03213004676
03213006379
03213004924
03213007294
03213009534
03213005269
03213001023
03213006765
03213007264
03213009557
03213008829
03213002375
03213009728
03213005130
03213004356
03213001336
03213008400
03213003663
03213009515
03213003473
03213008206
03213006457
03213005944
03213001838
03213005405
03213004914
03213008681
03213005760
03213009522
03213003742
03213006585
03213002568
03213007131
03213007130
03213004600
03213003510
03213009117
03213003103
03213001269
03213002565
03213002355
03213004476
03213001520
03213002580
03213003352
03213002142
03213001398
03213006722
03213007701
03213006275
03213002715
03213005409
03213003820
03213004756
03213003634
03213003589
03213003431
03213005617
03213001850
03213008583
03213003797
03213001328
03213005086
03213005789
03213007159
03213007999
03213007225
03213005477
03213007453
03213009283
03213008246
03213005851
03213001981
03213009257
03213002053
03213002771
03213001820
03213007467
03213003870
03213003310
03213002374
03213009921
03213006999
03213003499
03213001252
03213002686
03213008768
03213001026
03213009389
03213005731
03213005420
03213005353
03213004917
03213005920
03213009269
03213006795
03213006992
03213002155
03213007163
03213002912
03213008904
03213001653
03213009165
03213004173
03213003564
03213009078
03213001300
03213004758
03213009508
03213007619
03213001919
03213004688
03213004851
03213004511
03213007532
03213003907
03213005783
03213009307
03213002139
03213004824
03213002591
03213003837
03213007854
03213001362
03213009769
03213005024
03213001714
03213009995
03213003469
03213009312
03213002825
03213009935
03213002174
03213001385
03213001518
03213001770
03213003812
03213001409
03213001737
03213002888
03213001208
03213002848
03213001603
03213004080
03213009062
03213006864
03213001224
03213004989
03213004483
03213007144
03213004289
03213001381
03213005198
03213006776
03213001081
03213005848
03213007133
03213004174
03213008129
03213003306
03213004879
03213008416
03213006035
03213007788
03213009952
03213008032
03213002136
03213009266
03213008865
03213008392
03213009625
03213002489
03213003070
03213001448
03213009020
03213007034
03213004626
03213003608
03213005415
03213006375
03213008684
03213006210
03213004960
03213001806
03213005360
03213005715
03213007428
03213005593
03213003435
03213009984
03213006957
03213002347
03213007877
03213001338
03213001611
03213004664
03213001992
03213004949
03213006493
03213008592
03213002778
03213006183
03213002726
03213009109
03213006271
03213006194
03213001271
03213003001
03213009659
03213009104
03213003071
03213003906
03213003150
03213006981
03213008615
03213002007
03213002241
03213007513
03213001463
03213002062
03213004687
03213006748
03213002269
03213003803
03213001710
03213006691
03213001261
03213008466
03213003214
03213002582
03213009531
03213004702
03213003534
03213004501
03213002047
03213004322
03213001169
03213004331
03213006242
03213003886
03213002017
03213003971
03213008188
03213007682
03213003376
03213002941
03213001805
03213008023
03213008669
03213001262
03213007046
03213001584
03213009445
03213009197
03213007948
03213002412
03213002481
03213004604
03213007115
03213001324
03213006260
03213004114
03213009960
03213001650
03213001071
03213003182
03213005221
03213008176
03213002670
03213002776
03213004081
03213003155
03213004028
03213003315
03213008320
03213006661
03213005190
03213002044
03213003440
03213006488
03213002601
03213005319
03213009721
03213003220
03213001918
03213003761
03213009281
03213004901
03213002647
03213004569
03213004387
03213004235
03213009262
03213002981
03213001438
03213006372
03213009465
03213005486
03213006041
03213008869
03213008914
03213006669
03213004920
03213003920
03213009097
03213004160
03213007942
03213009279
03213002756
03213002820
03213006959
03213001197
03213007358
03213005046
03213001929
03213007850
03213001264
03213001459
03213008895
03213007768
03213009511
03213008767
03213009792
03213004052
03213005222
03213008818
03213002579
03213005375
03213007398
03213007618
03213004002
03213005932
03213003679
03213009300
03213009600
03213002976
03213003367
03213001813
03213001567
03213007276
03213008065
03213005622
03213006392
03213004443
03213001615
03213004222
03213004581
03213009974
03213001145
03213005408
03213007274
03213008821
03213002720
03213003106
03213007380
03213005421
03213009340
03213007194
03213001425
03213004647
03213008250
03213008550
03213001859
03213007556
03213004792
03213006761
03213007698
03213007200
03213002516
03213005987
03213009716
03213008830
03213004375
03213001153
03213002816
03213007644
03213002857
03213009392
03213004990
03213006405
03213005172
03213007775
03213008618
03213006667
03213004432
03213006145
03213007936
03213004196
03213001744
03213006192
03213003065
03213005778
03213002722
03213002417
03213006352
03213009778
03213007710
03213009056
03213009105
03213003889
03213008731
03213005736
03213006227
03213002604
03213004337
03213002033
03213009656
03213001844
03213003377
03213001080
03213008937
03213004923
03213003266
03213001055
03213004580
03213005519
03213007085
03213008182
03213007898
03213005226
03213006504
03213009614
03213007280
03213006331
03213003561
03213001673
03213004729
03213001137
03213008205
03213003540
03213006240
03213002163
03213002087
03213004348
03213009687
03213005109
03213001641
03213003479
03213001429
03213009684
03213009018
03213007030
03213003939
03213003585
03213006803
03213007837
03213002510
03213006468
03213007832
03213002418
03213002376
03213005512
03213009816
03213001949
03213009407
03213004208
03213003785
03213009162
03213005061
03213007514
03213008340
03213004997
03213003834
03213008210
03213008452
03213001747
03213005075
03213002836
03213007313
03213006530
03213004778
03213007925
03213003093
03213001030
03213009771
03213008701
03213009744
03213009711
03213008835
03213009871
03213003160
03213002234
03213009270
03213007643
03213009382
03213001504
03213008690
03213005356
03213006715
03213009626
03213002488
03213009540
03213008199
03213003285
03213007170
03213001319
03213006283
03213003196
03213006068
03213007708
03213006483
03213009881
03213003611
03213005286
03213004998
03213008339
03213007104
03213006218
03213002476
03213009408
03213003453
03213005809
03213007840
03213009422
03213007859
03213006119
03213003873
03213003467
03213006972
03213005050
03213007256
03213005990
03213002987
03213004446
03213004453
03213001674
03213005020
03213005475
03213006616
03213006519
03213001716
03213001287
03213003482
03213007839
03213005324
03213003079
03213006086
03213002389
03213005445
03213007748
03213003459
03213009323
03213003518
03213003937
03213006354
03213004363
03213001753
03213001114
03213005302
03213009488
03213002984
03213004954
03213007718
03213001242
03213002157
03213002179
03213009132
03213002804
03213004177
03213004084
03213001140
03213007455
03213002823
03213005123
03213001852
03213005508
03213006603
03213001538
03213001403
03213007353
03213002368
03213002537
03213002340
03213008124
03213004307
03213001600
03213007727
03213003800
03213002217
03213007165
03213007658
03213003317
03213002177
03213001031
03213006116
03213002871
03213007847
03213003102
03213001046
03213005280
03213002409
03213008196
03213004804
03213002645
03213006595
03213008279
03213006052
03213009776
03213006645
03213003413
03213004441
03213005237
03213002260
03213007957
03213001430
03213003074
03213005889
03213008220
03213008084
03213001236
03213008921
03213009496
03213004689
03213006091
03213004478
03213005022
03213003261
03213006319
03213006612
03213001391
03213001237
03213002367
03213002361
03213007776
03213006742
03213003783
03213005037
03213006124
03213001254
03213009471
03213007199
03213008430
03213002610
03213004404
03213009903
03213001672
03213007972
03213005224
03213004188
03213002895
03213007823
03213003567
03213003723
03213001419
03213001905
03213003956
03213006515
03213003049
03213004000
03213009893
03213005596
03213001345
03213003183
03213001960
03213009118
03213001764
03213001722
03213001066
03213002079
03213001687
03213004575
03213003349
03213005288
03213006168
03213001387
03213007203
03213008342
03213008793
03213001877
03213006708
03213005093
03213004738
03213009145
03213005380
03213008609
03213004510
03213008018
03213001640
03213008805
03213001005
03213001803
03213009826
03213002268
03213007680
03213001226
03213004156
03213005413
03213005845
03213005658
03213005349
03213006802
03213009601
03213001008
03213009467
03213008515
03213001945
03213006866
03213004380
03213002619
03213001323
03213005685
03213007176
03213005331
03213003648
03213007363
03213006198
03213007406
03213005838
03213006990
03213002050
03213002051
03213004439
03213002012
03213007413
03213003511
03213004984
03213002951
03213009160
03213007504
03213009337
03213001484
03213009059
03213004068
03213004324
03213009184
03213004667
03213006357
03213005092
03213008956
03213002349
03213007578
03213006793
03213004026
03213009647
03213008251
03213009811
03213007551
03213006037
03213007416
03213004075
03213009933
03213009453
03213007629
03213006338
03213006150
03213002764
03213006915
03213003016
03213009902
03213007138
03213003338
03213001372
03213005694
03213009347
03213003055
03213005064
03213005933
03213008195
03213009887
03213004699
03213009649
03213007692
03213004594
03213001921
03213007408
03213009125
03213004615
03213003456
03213001554
03213004339
03213008517
03213007075
03213004561
03213004123
03213002509
03213007997
03213002005
03213006178
03213005734
03213004727
03213006877
03213004389
03213004934
03213009434
03213006263
03213005818
03213008366
03213005071
03213006049
03213008421
03213006104
03213002493
03213008013
03213008722
03213008057
03213006252
03213007033
03213001785
03213002271
03213006863
03213009630
03213001371
03213009427
03213006834
03213007378
03213009786
03213001652
03213005687
03213004686
03213008860
03213002681
03213002247
03213008521
03213002119
03213008959
03213002253
03213008709
03213001120
03213009383
03213006140
03213002663
03213001630
03213004495
03213006190
03213009939
03213005752
03213003948
03213002455
03213003563
03213008545
03213008885
03213006031
03213006714
03213009384
03213001363
03213009561
03213005905
03213009812
03213005765
03213008495
03213009536
03213004132
03213008074
03213009532
03213009834
03213003562
03213005742
03213005231
03213006764
03213005204
03213002882
03213003596
03213001713
03213005541
03213008331
03213002233
03213005467
03213004957
03213002113
03213003368
03213001995
03213001736
03213008020
03213006578
03213006757
03213001817
03213008730
03213007694
03213001620
03213004416
03213004512
03213003242
03213003340
03213006003
03213002435
03213005000
03213009449
03213005821
03213004649
03213007574
03213009587
03213003532
03213003028
03213004579
03213002019
03213007660
03213006163
03213001566
03213004006
03213002225
03213008652
03213003386
03213004151
03213005901
03213001310
03213008314
03213004470
03213006298
03213007961
03213006626
03213008870
03213007073
03213007365
03213001553
03213006994
03213002199
03213001928
03213009183
03213002230
03213004666
03213005823
03213003410
03213008252
03213006187
03213007326
03213002287
03213009678
03213003236
03213009953
03213001851
03213003690
03213001135
03213001351
03213004154
03213008254
03213005570
03213002073
03213007952
03213003148
03213008798
03213004291
03213004572
03213001719
03213006723
03213008953
03213001235
03213005487
03213008713
03213001059
03213002242
03213007696
03213008667
03213006947
03213005634
03213007119
03213005513
03213003304
03213001150
03213007774
03213007907
03213003975
03213009627
03213007870
03213001896
03213002753
03213002955
03213002413
03213008797
03213002897
03213005298
03213008202
03213002422
03213001911
03213001166
03213004249
03213007873
03213003405
03213009271
03213001267
03213009178
03213008949
03213002915
03213007180
03213009325
03213008641
03213007617
03213002261
03213008235
03213002788
03213008213
03213001251
03213006407
03213003221
03213008322
03213002615
03213005102
03213008728
03213005862
03213006741
03213009726
03213001754
03213009188
03213009356
03213002625
03213001486
03213007975
03213003082
03213009497
03213001617
03213003571
03213006656
03213002056
03213009123
03213002952
03213002997
03213008721
03213006997
03213007013
03213004292
03213005145
03213009549
03213006165
03213001841
03213008623
03213003086
03213006174
03213007571
03213003323
03213008878
03213006620
03213005588
03213009765
03213001175
03213003324
03213009986
03213006705
03213009043
03213003064
03213004516
03213008567
03213008498
03213006739
03213003788
03213006728
03213003032
03213002190
03213009851
03213004645
03213004211
03213005499
03213003075
03213005320
03213006134
03213004458
03213004163
03213006000
03213009832
03213006837
03213003178
03213002503
03213003232
03213007545
03213003673
03213007026
03213008439
03213001625
03213006485
03213001649
03213003274
03213006347
03213002385
03213004539
03213007263
03213008678
03213002513
03213004445
03213005041
03213008866
03213009067
03213002541
03213003043
03213004684
03213001729
03213004236
03213006424
03213003496
03213004076
03213005771
03213006590
03213003671
03213002860
03213004333
03213004571
03213003438
03213001460
03213008932
03213008158
03213008511
03213001382
03213004850
03213008786
03213004806
03213007958
03213005898
03213008581
03213006965
03213001544
03213004805
03213002111
03213005960
03213007228
03213009052
03213008746
03213008075
03213004601
03213007247
03213005922
03213002180
03213004532
03213004496
03213009463
03213009103
03213005751
03213006808
03213002854
03213001573
03213004710
03213003710
03213004866
03213003909
03213009873
03213005291
03213005966
03213006706
03213001316
03213009528
03213002460
03213004976
03213002408
03213001193
03213003556
03213009616
03213004135
03213008928
03213008012
03213003462
03213006794
03213006998
03213004701
03213001213
03213007973
03213007996
03213002518
03213006071
03213005035
03213003209
03213009021
03213001955
03213009955
03213005004
03213004487
03213002893
03213009174
03213004728
03213004895
03213007192
03213006697
03213002657
03213003436
03213003204
03213003078
03213008292
03213001265
03213005492
03213003343
03213001531
03213003203
03213003691
03213006337
03213006157
03213007646
03213002863
03213008972
03213003944
03213009461
03213001426
03213006217
03213003901
03213007824
03213009972
03213006317
03213001741
03213005820
03213001599
03213007487
03213005942
03213003662
03213008575
03213007519
03213003472
03213008832
03213003897
03213009201
03213002837
03213008571
03213007150
03213006597
03213003195
03213008167
03213009976
03213006987
03213009177
03213001293
03213009175
03213005384
03213008848
03213007871
03213002923
03213004558
03213005840
03213005376
03213004651
03213005368
03213001941
03213001796
03213002594
03213002319
03213004986
03213001401
03213009068
03213004206
03213003998
03213008068
03213003066
03213001829
03213003193
03213007396
03213009399
03213002135
03213002745
03213006167
03213005049
03213001330
03213009914
03213004012
03213001407
03213001774
03213008022
03213003390
03213007385
03213007382
03213004668
03213004477
03213009892
03213004576
03213006520
03213008666
03213002704
03213001126
03213004011
03213004876
03213007886
03213002885
03213005968
03213009805
03213009050
03213006426
03213003369
03213007388
03213007661
03213009034
03213005976
03213005681
03213008963
03213007061
03213005831
03213009293
03213007558
03213006225
03213007501
03213004269
03213007209
03213002886
03213006898
03213004059
03213002698
03213001416
03213007319
03213001107
03213002445
03213004258
03213002689
03213006102
03213003741
03213004065
03213009565
03213009044
03213005598
03213007612
03213006675
03213008925
03213003000
03213006844
03213008201
03213003278
03213004172
03213004264
03213009741
03213003490
03213008432
03213001179
03213007299
03213002016
03213001966
03213004811
03213007401
03213003468
03213007830
03213007853
03213008461
03213005085
03213005124
03213004740
03213004494
03213002030
03213004398
03213004263
03213002550
03213008002
03213006057
03213009411
03213004858
03213004323
03213004418
03213009827
03213004833
03213009443
03213004393
03213005680
03213002434
03213004282
03213009740
03213008192
03213009048
03213008312
03213005246
03213004034
03213006916
03213004749
03213008611
03213005909
03213005399
03213006237
03213002542
03213007240
03213004497
03213001755
03213007241
03213004042
03213004772
03213004744
03213008971
03213003636
03213007916
03213004819
03213008156
03213002322
03213009745
03213009122
03213001218
03213002881
03213005334
03213007914
03213004616
03213006576
03213005564
03213003381
03213005159
03213001618
03213004948
03213008714
03213008595
03213006901
03213007152
03213001182
03213007041
03213005697
03213003420
03213004304
03213004610
03213009341
03213001609
03213003542
03213002097
03213006592
03213004921
03213009592
03213004181
03213007207
03213007139
03213006541
03213009207
03213009754
03213008687
03213009202
03213007918
03213001004
03213001139
03213009066
03213002081
03213007798
03213008577
03213008573
03213001073
03213002107
03213005404
03213002130
03213004533
03213005239
03213009693
03213007826
03213005762
03213003539
03213006376
03213004212
03213004856
03213001988
03213002921
03213004340
03213003500
03213004178
03213003537
03213005854
03213007407
03213006382
03213006065
03213008557
03213001136
03213009516
03213003330
03213004669
03213005730
03213008224
03213003177
03213005377
03213005527
03213005705
03213005635
03213005867
03213004545
03213008606
03213003382
03213005167
03213004382
03213004723
03213006384
03213008150
03213003210
03213007074
03213007809
03213007474
03213007818
03213008019
03213003976
03213009591
03213009670
03213007770
03213005954
03213002411
03213008159
03213001701
03213007508
03213002797
03213009143
03213004166
03213003407
03213009331
03213009951
03213009910
03213006853
03213007489
03213005134
03213006945
03213005014
03213007567
03213008053
03213003444
03213009609
03213005351
03213009818
03213007062
03213005271
03213007008
03213004054
03213003021
03213008876
03213005352
03213001317
03213002595
03213002908
03213004402
03213008142
03213007867
03213008108
03213007122
03213002793
03213006267
03213003151
03213002500
03213002274
03213003815
03213004063
03213003187
03213003791
03213004347
03213009114
03213004639
03213005882
03213001079
03213007477
03213008069
03213003952
03213002419
03213003165
03213009911
03213005335
03213002486
03213003551
03213002309
03213003911
03213008336
03213004662
03213006415
03213001780
03213009206
03213004812
03213002165
03213007525
03213002508
03213005949
03213008753
03213001240
03213002311
03213009126
03213008790
03213001985
03213008547
03213003115
03213007426
03213003796
03213001233
03213009764
03213006143
03213008357
03213001220
03213009298
03213008271
03213003256
03213009000
03213006427
03213004633
03213007215
03213004038
03213001266
03213001866
03213001246
03213001196
03213007733
03213009788
03213005810
03213001546
03213008989
03213009417
03213006084
03213001464
03213006291
03213002744
03213007764
03213009806
03213007974
03213003161
03213008245
03213002120
03213008610
03213008481
03213008324
03213002530
03213006862
03213009454
03213006432
03213009673
03213005076
03213002861
03213007171
03213007536
03213007166
03213006869
03213007409
03213006523
03213003291
03213002000
03213001368
03213004241
03213006414
03213007667
03213008778
03213001093
03213002879
03213009222
03213002010
03213005304
03213004176
03213001728
03213001396
03213001082
03213006984
03213008663
03213003169
03213009946
03213004147
03213005447
03213001443
03213001612
03213002802
03213001801
03213009238
03213008227
03213008987
03213007198
03213001794
03213007491
03213003322
03213007297
03213006608
03213008788
03213009982
03213007949
03213005526
03213004830
03213002990
03213005141
03213006012
03213005441
03213006306
03213001422
03213002266
03213003492
03213005682
03213005756
03213001452
03213005975
03213009291
03213003640
03213001065
03213003782
03213006978
03213009401
03213003590
03213001366
03213003737
03213006870
03213001158
03213007676
03213007154
03213006471
03213006789
03213006359
03213002932
03213008116
03213007347
03213005776
03213005211
03213009729
03213001541
03213005156
03213006341
03213006883
03213008513
03213006011
03213005207
03213006610
03213008674
03213007142
03213008907
03213008527
03213007302
03213004980
03213009186
03213002949
03213006435
03213006160
03213001202
03213004722
03213009672
03213006022
03213009824
03213006547
03213001662
03213001334
03213009314
03213002441
03213004509
03213009441
03213006304
03213003660
03213009112
03213004238
03213006563
03213005633
03213003934
03213005309
03213002353
03213004809
03213006938
03213002259
03213006621
03213008849
03213005412
03213008601
03213007572
03213005394
03213009886
03213004861
03213003716
03213008422
03213003507
03213006229
03213007964
03213005690
03213008417
03213009164
03213005586
03213008405
03213005411
03213005098
03213005700
03213005379
03213002867
03213006288
03213007631
03213003240
03213002250
03213003667
03213001644
03213002783
03213006907
03213005032
03213009225
03213006459
03213002129
03213008141
03213005213
03213009079
03213004388
03213009119
03213002067
03213003094
03213009710
03213003263
03213003503
03213001871
03213001373
03213002526
03213003598
03213007229
03213002937
03213005766
03213006172
03213006752
03213002916
03213004585
03213005180
03213008779
03213004131
03213007685
03213006209
03213001946
03213003281
03213004953
03213001899
03213008512
03213008711
03213002313
03213009155
03213007327
03213001489
03213002782
03213006859
03213005533
03213002505
03213005627
03213002148
03213003521
03213006362
03213007509
03213009208
03213002380
03213001822
03213002025
03213007054
03213006719
03213006545
03213001384
03213006420
03213008738
03213001699
03213008717
03213004225
03213007017
03213002795
03213003095
03213002398
03213005372
03213002826
03213003570
03213002057
03213004060
03213008424
03213006918
03213007443
03213009294
03213002691
03213008171
03213006330
03213001931
03213003280
03213006062
03213006861
03213005474
03213003767
03213003928
03213009296
03213002909
03213004950
03213005665
03213004967
03213009554
03213007338
03213009967
03213002993
03213009784
03213009801
03213001556
03213009359
03213008977
03213009444
03213007895
03213005315
03213009815
03213006335
03213008510
03213004457
03213007858
03213004008
03213006360
03213005522
03213007896
03213005881
03213002238
03213002853
03213001963
03213007279
03213006261
03213006115
03213009947
03213004801
03213006605
03213002202
03213003793
03213009479
03213002363
03213005792
03213002998
03213003455
03213003126
03213007341
03213001118
03213003972
03213008900
03213008035
03213007744
03213004061
03213001913
03213001558
03213008916
03213006313
03213005406
03213006746
03213004574
03213003373
03213004915
03213002839
03213003786
03213003116
03213006680
03213002775
03213001793
03213005544
03213004152
03213005900
03213008569
03213005263
03213003251
03213005945
03213004619
03213002928
03213001730
03213009604
03213001440
03213004538
03213005234
03213007719
03213006544
03213002278
03213008775
03213003120
03213009419
03213008118
03213007641
03213001415
03213002200
03213007444
03213004837
03213007760
03213005006
03213003495
03213003607
03213001496
03213004182
03213001676
03213007541
03213004073
03213003738
03213003554
03213007125
03213001784
03213003832
03213002847
03213001830
03213005185
03213007213
03213005484
03213006893
03213001843
03213004191
03213004184
03213002713
03213007098
03213002824
03213003568
03213006442
03213007342
03213007250
03213003706
03213007891
03213008533
03213004897
03213009265
03213004210
03213009663
03213007876
03213004426
03213002338
03213005894
03213007950
03213003357
03213009846
03213002624
03213008215
03213005169
03213001777
03213007637
03213004918
03213008502
03213007435
03213006162
03213002996
03213009141
03213002898
03213007548
03213009860
03213005981
03213002905
03213004251
03213003822
03213008686
03213002273
03213004281
03213004353
03213004411
03213002707
03213002649
03213002842
03213008645
03213008657
03213009457
03213006849
03213009074
03213005696
03213005858
03213008782
03213005769
03213004750
03213003814
03213008561
03213007020
03213003867
03213004221
03213006367
03213005350
03213008584
03213006492
03213008197
03213001901
03213008890
03213001421
03213003124
03213008984
03213006773
03213004364
03213001837
03213004596
03213001975
03213003372
03213002029
03213008166
03213003777
03213008091
03213001637
03213008636
03213002126
03213008804
03213008264
03213005435
03213007499
03213003957
03213009891
03213006784
03213004589
03213007977
03213006724
03213002423
03213001891
03213009328
03213003321
03213008063
03213005303
03213002714
03213008086
03213007310
03213007253
03213004488
03213004937
03213004646
03213003572
03213009161
03213009393
03213008642
03213004537
03213002137
03213007480
03213009756
03213001436
03213003359
03213009213
03213002679
03213007787
03213003052
03213001471
03213006318
03213006643
03213002140
03213002638
03213003836
03213006277
03213001846
03213003152
03213003262
03213002497
03213002206
03213004790
03213001183
03213005005
03213008306
03213005149
03213003526
03213007971
03213005874
03213008458
03213004170
03213001884
03213005841
03213009242
03213003370
03213009029
03213009526
03213001998
03213002397
03213009499
03213003643
03213008307
03213008080
03213007547
03213005951
03213005580
03213009927
03213007621
03213001312
03213001895
03213004983
03213008672
03213004315
03213003682
03213004598
03213009666
03213009576
03213009962
03213009096
03213009782
03213004233
03213002971
03213005442
03213002393
03213004827
03213006841
03213001187
03213008327
03213002088
03213003988
03213001957
03213005330
03213007929
03213001475
03213004045
03213003185
03213003325
03213008715
03213004900
03213003977
03213003902
03213008345
03213009295
03213002899
03213001718
03213007210
03213004287
03213005937
03213009950
03213007068
03213007485
03213005430
03213005677
03213008455
03213008004
03213003765
03213006717
03213009785
03213006882
03213002074
03213008496
03213006460
03213005427
03213007827
03213006778
03213005748
03213007471
03213001042
03213002282
03213004406
03213005904
03213002290
03213003284
03213008299
03213005218
03213006182
03213002117
03213007424
03213008489
03213002410
03213009152
03213002564
03213009644
03213004434
03213007603
03213008899
03213002723
03213008737
03213003900
03213007495
03213004695
03213004394
03213009085
03213009244
03213005710
03213008838
03213009354
03213007258
03213005060
03213003129
03213005414
03213008263
03213007855
03213006818
03213002739
03213002495
03213003037
03213007445
03213008216
03213009928
03213007447
03213007715
03213001487
03213003192
03213001893
03213003302
03213009544
03213005448
03213005473
03213002289
03213003858
03213005637
03213009640
03213004711
03213004145
03213009685
03213002737
03213008349
03213001798
03213001589
03213009425
03213008370
03213007596
03213005502
03213006946
03213009226
03213006652
03213009838
03213005505
03213003794
03213003137
03213009517
03213004399
03213001712
03213008128
03213001386
03213008040
03213004977
03213004275
03213009829
03213004016
03213007675
03213009138
03213003159
03213007506
03213007757
03213009667
03213001634
03213001622
03213009388
03213005233
03213009736
03213006205
03213008133
03213002736
03213005310
03213007464
03213004582
03213003415
03213003964
03213009121
03213009486
03213009349
03213002478
03213007361
03213007730
03213008373
03213004761
03213002652
03213001534
03213001964
03213004938
03213006386
03213003828
03213004341
03213007185
03213002512
03213004310
03213004143
03213005884
03213008755
03213005583
03213005959
03213009491
03213004361
03213009724
03213001075
03213003047
03213003871
03213005498
03213009286
03213006903
03213009111
03213001696
03213007232
03213003389
03213009102
03213006276
03213001632
03213006080
03213001337
03213002226
03213009635
03213004209
03213003279
03213001057
03213008965
03213007081
03213001201
03213008811
03213007089
03213001602
03213005003
03213002570
03213004978
03213005258
03213001414
03213005370
03213002533
03213009084
03213005863
03213001455
03213004902
03213001614
03213008763
03213007900
03213001638
03213009187
03213009735
03213007141
03213007223
03213006096
03213007429
03213009230
03213003181
03213007610
03213005667
03213007520
03213007771
03213004430
03213002948
03213005784
03213005888
03213001983
03213007728
03213006839
03213003388
03213002072
03213001658
03213002288
03213008459
03213004259
03213003826
03213002211
03213006926
03213001861
03213009766
03213001856
03213006430
03213005671
03213003027
03213001479
03213002977
03213008259
03213005782
03213009219
03213003833
03213002708
03213003366
03213006941
03213003351
03213006308
03213005095
03213004973
03213007503
03213005947
03213007813
03213007035
03213003811
03213001910
03213008905
03213009095
03213004029
03213001575
03213002875
03213005618
03213001036
03213006623
03213008027
03213007058
03213006499
03213008729
03213005970
03213009676
03213005170
03213007668
03213006017
03213005525
03213005437
03213009865
03213004737
03213003361
03213004971
03213006490
03213001923
03213002699
03213004952
03213009476
03213004272
03213004183
03213006123
03213009447
03213006289
03213003051
03213001064
03213004134
03213004648
03213003273
03213007438
03213004741
03213007674
03213005819
03213006103
03213005817
03213006928
03213001018
03213003395
03213001834
03213009875
03213003296
03213003575
03213003250
03213002356
03213005184
03213004285
03213004834
03213008050
03213009638
03213001783
03213006960
03213006598
03213008363
03213006125
03213002868
03213009209
03213005924
03213005669
03213006122
03213004933
03213003270
03213009605
03213008031
03213002814
03213003397
03213002752
03213007630
03213008970
03213005403
03213002314
03213006164
03213006508
03213006797
03213003470
03213009129
03213006780
03213007651
03213007580
03213003859
03213001914
03213004679
03213009030
03213005814
03213001588
03213005794
03213009234
03213006450
03213002969
03213005206
03213003609
03213009490
03213009719
03213008769
03213008289
03213004268
03213005581
03213003514
03213003175
03213009005
03213004290
03213008600
03213007078
03213009938
03213006114
03213007562
03213006159
03213001965
03213002617
03213008090
03213003211
03213004139
03213008653
03213005153
03213006390
03213005569
03213005892
03213003449
03213006919
03213002279
03213006059
03213008396
03213006200
03213009607
03213005205
03213009552
03213004193
03213006046
03213007937
03213002323
03213008109
03213003616
03213001694
03213009473
03213001959
03213009963
03213003914
03213001700
03213003852
03213003030
03213001185
03213007966
03213007656
03213008435
03213009436
03213001503
03213003543
03213005764
03213003010
03213007510
03213008538
03213008931
03213004460
03213009106
03213003569
03213003862
03213002806
03213008955
03213006095
03213004482
03213002348
03213005345
03213001585
03213002196
03213006536
03213008501
03213002167
03213003699
03213004566
03213007851
03213002732
03213003926
03213001962
03213003421
03213004982
03213007239
03213004745
03213009448
03213001132
03213007615
03213004104
03213002833
03213005348
03213002431
03213005629
03213005407
03213004141
03213002628
03213001303
03213006952
03213006153
03213007924
03213009730
03213009870
03213001980
03213001298
03213004481
03213003675
03213002258
03213007729
03213009362
03213002799
03213006759
03213004436
03213008332
03213009796
03213005460
03213004199
03213009315
03213007745
03213006371
03213001133
03213004785
03213004641
03213008952
03213005812
03213009045
03213004551
03213007983
03213003819
03213002970
03213007544
03213001047
03213009064
03213005300
03213004359
03213004354
03213002760
03213002671
03213006428
03213007195
03213005833
03213004916
03213008624
03213002383
03213003781
03213008670
03213006215
03213005496
03213003734
03213007565
03213008431
03213007450
03213003308
03213008823
03213001906
03213004593
03213001457
03213006284
03213004910
03213004452
03213006799
03213001555
03213007137
03213005396
03213008919
03213005164
03213008863
03213005194
03213001209
03213002551
03213005202
03213007605
03213007186
03213005575
03213008391
03213004660
03213003077
03213003658
03213008982
03213008051
03213003816
03213001089
03213003701
03213001900
03213001578
03213003949
03213006044
03213008862
03213009821
03213001869
03213004424
03213004214
03213006489
03213009916
03213003946
03213002370
03213002661
03213006328
03213005008
03213009008
03213007312
03213008604
03213008082
03213002214
03213007095
03213002634
03213004592
03213008668
03213003272
03213001597
03213001515
03213001631
03213001383
03213002263
03213003457
03213008304
03213003320
03213005425
03213004057
03213005144
03213005770
03213002646
03213003713
03213005610
03213006655
03213009459
03213008301
03213005048
03213002133
03213001423
03213004696
03213007624
03213008381
03213009093
03213008726
03213007712
03213003775
03213003524
03213008695
03213008951
03213005140
03213001951
03213004386
03213006880
03213005012
03213003760
03213008146
03213004067
03213007597
03213003006
03213007561
03213001272
03213008819
03213003627
03213004631
03213002727
03213001821
03213007371
03213005240
03213009720
03213009432
03213004541
03213004796
03213005311
03213007769
03213007172
03213006481
03213006886
03213009355
03213004627
03213001353
03213008675
03213007415
03213004408
03213003113
03213001828
03213006692
03213008247
03213006934
03213001007
03213004327
03213003604
03213002947
03213001917
03213009791
03213008886
03213007420
03213007889
03213001933
03213003864
03213005275
03213008099
03213008260
03213006565
03213002304
03213002048
03213001683
03213007849
03213008230
03213005868
03213001077
03213007693
03213005058
03213008504
03213005357
03213004720
03213003441
03213008626
03213009895
03213005578
03213007779
03213009381
03213007522
03213007587
03213008784
03213004716
03213002830
03213009014
03213003428
03213002742
03213005746
03213009807
03213004680
03213005336
03213008335
03213009660
03213005676
03213004297
03213006770
03213004195
03213005936
03213001447
03213008909
03213004329
03213001442
03213001773
03213008434
03213009612
03213006466
03213007149
03213007285
03213004022
03213002185
03213004111
03213009345
03213006381
03213005758
03213009053
03213007350
03213002244
03213002446
03213005245
03213005329
03213004972
03213009809
03213009098
03213001006
03213009610
03213001868
03213003140
03213008330
03213008390
03213003735
03213002748
03213008796
03213006374
03213005065
03213004091
03213004618
03213007724
03213007367
03213004020
03213001904
03213006562
03213002223
03213006636
03213001178
03213009421
03213008440
03213009538
03213004513
03213001285
03213001222
03213008238
03213003649
03213006548
03213004148
03213005915
03213006230
03213006602
03213001052
03213002082
03213007848
03213001206
03213009992
03213006888
03213002272
03213003644
03213001643
03213006423
03213002333
03213008570
03213005853
03213005855
03213001788
03213001053
03213007315
03213002819
03213007387
03213007709
03213001380
03213001230
03213001350
03213007009
03213008535
03213003602
03213007663
03213007011
03213005030
03213001815
03213002675
03213005197
03213001331
03213004371
03213007478
03213001511
03213009890
03213008203
03213002162
03213002668
03213004255
03213008491
03213002324
03213004502
03213008845
03213006048
03213002872
03213004338
03213001189
03213007713
03213004125
03213001776
03213002069
03213003026
03213003362
03213009346
03213008298
03213001142
03213008853
03213005282
03213001499
03213003139
03213002176
03213006323
03213002065
03213008303
03213009297
03213002535
03213006303
03213008367
03213003478
03213004636
03213005822
03213009547
03213008011
03213008948
03213006927
03213005663
03213002966
03213008954
03213002922
03213006440
03213009780
03213001054
03213004995
03213008979
03213006842
03213003809
03213006186
03213002845
03213009797
03213004820
03213001037
03213008474
03213002933
03213004461
03213003536
03213008655
03213001535
03213006015
03213004372
03213008009
03213004524
03213001086
03213006961
03213008438
03213005585
03213002021
03213004202
03213002761
03213001833
03213004492
03213006020
03213009386
03213007785
03213008244
03213002963
03213007091
03213004153
03213002318
03213001359
03213005452
03213007607
03213002106
03213002599
03213008831
03213006089
03213009070
03213003517
03213006611
03213005326
03213001792
03213005503
03213006884
03213006847
03213003868
03213006224
03213003014
03213009413
03213004169
03213003118
03213003841
03213002414
03213005096
03213009876
03213005040
03213008445
03213004050
03213008450
03213005045
03213006632
03213003186
03213006624
03213004944
03213007043
03213006484
03213006571
03213009768
03213009047
03213001750
03213006348
03213009559
03213001976
03213007369
03213009503
03213006175
03213003068
03213006154
03213008969
03213002220
03213003938
03213009245
03213008827
03213001523
03213001435
03213006455
03213008596
03213001596
03213007753
03213009115
03213009285
03213002697
03213005997
03213009036
03213009743
03213002953
03213003739
03213006418
03213004475
03213005249
03213006600
03213005652
03213007579
03213003404
03213009923
03213007373
03213002425
03213004466
03213004528
03213006897
03213001446
03213009514
03213003501
03213007633
03213007136
03213007857
03213008153
03213004640
03213003915
03213008283
03213001217
03213007045
03213003295
03213006073
03213005277
03213004854
03213007636
03213001176
03213004564
03213007204
03213003275
03213008651
03213003719
03213008554
03213002150
03213001392
03213002787
03213002569
03213005317
03213009501
03213008741
03213007400
03213008647
03213008549
03213002571
03213004877
03213009310
03213009632
03213007025
03213004894
03213005523
03213007524
03213003188
03213004366
03213005907
03213001394
03213006779
03213001887
03213003773
03213004546
03213006754
03213005062
03213002843
03213009313
03213009394
03213008267
03213006895
03213006397
03213002653
03213004607
03213001307
03213007537
03213005553
03213003237
03213001492
03213001789
03213008764
03213001104
03213008097
03213003849
03213002527
03213001510
03213002680
03213003069
03213002943
03213006099
03213009012
03213004996
03213006033
03213004024
03213009166
03213003702
03213009216
03213007897
03213006250
03213001072
03213001462
03213008426
03213008290
03213006090
03213005695
03213005847
03213001143
03213003215
03213008163
03213003096
03213004468
03213001228
03213006264
03213002480
03213002256
03213002181
03213007765
03213009696
03213001091
03213005540
03213004630
03213001849
03213001607
03213006747
03213004643
03213004653
03213005929
03213008906
03213005538
03213001056
03213004748
03213008280
03213005740
03213003993
03213005775
03213005780
03213007814
03213006555
03213006349
03213007002
03213006513
03213003350
03213005398
03213009588
03213005986
03213008855
03213008639
03213006343
03213001147
03213007466
03213003983
03213009478
03213004707
03213001277
03213002358
03213009127
03213004709
03213004625
03213003344
03213003311
03213005214
03213002644
03213008110
03213009872
03213003932
03213005982
03213002975
03213007759
03213004001
03213006332
03213005107
03213002911
03213004530
03213007934
03213003234
03213005251
03213007289
03213006696
03213004839
03213008698
03213005824
03213009082
03213007933
03213006710
03213001200
03213002255
03213007236
03213006911
03213007763
03213003951
03213002929
03213008813
03213007819
03213008473
03213001174
03213002337
03213006265
03213007230
03213001067
03213008047
03213005678
03213007129
03213008015
03213006889
03213007076
03213003546
03213004746
03213006152
03213001333
03213006798
03213004167
03213002669
03213004898
03213008861
03213003541
03213003393
03213007117
03213002342
03213003582
03213008859
03213007311
03213004927
03213002631
03213006184
03213008930
03213004932
03213008622
03213006448
03213002295
03213006025
03213003117
03213001516
03213003348
03213003593
03213007411
03213002404
03213008353
03213004027
03213001922
03213009251
03213003081
03213002464
03213006609
03213009931
03213008608
03213004859
03213006944
03213004822
03213007531
03213003058
03213006030
03213003717
03213004775
03213005220
03213004023
03213007593
03213003297
03213004526
03213001461
03213005559
03213005717
03213003463
03213006956
03213008117
03213004403
03213004739
03213008733
03213003207
03213002589
03213004873
03213006038
03213007625
03213002517
03213002710
03213009798
03213009016
03213006819
03213003360
03213001839
03213003771
03213001568
03213009150
03213006684
03213007001
03213003686
03213002339
03213005918
03213008650
03213008834
03213007583
03213009428
03213008468
03213009228
03213002902
03213009069
03213001249
03213003854
03213002265
03213009120
03213001445
03213006738
03213004613
03213006270
03213002332
03213006403
03213004531
03213008380
03213005417
03213009631
03213005921
03213007754
03213005120
03213006342
03213006514
03213003402
03213006248
03213007614
03213009261
03213009619
03213006024
03213001890
03213001912
03213006258
03213006502
03213006618
03213005827
03213003494
03213001390
03213007268
03213003264
03213006561
03213004931
03213005958
03213001211
03213004717
03213007306
03213008761
03213004030
03213002166
03213003208
03213001444
03213003847
03213001111
03213002350
03213002759
03213006517
03213004205
03213005953
03213005047
03213008520
03213009628
03213001326
03213005978
03213004447
03213007202
03213001327
03213002054
03213003595
03213008505
03213006411
03213009065
03213009825
03213007254
03213008820
03213006662
03213007865
03213001816
03213005099
03213009430
03213004836
03213006827
03213007684
03213002110
03213001576
03213009344
03213005857
03213008136
03213009292
03213009817
03213008702
03213004788
03213002629
03213009403
03213007963
03213005461
03213007049
03213005668
03213001860
03213009358
03213009586
03213006055
03213009966
03213001646
03213006110
03213004518
03213008745
03213004283
03213006630
03213009469
03213009402
03213001034
03213004419
03213003630
03213008847
03213005495
03213005402
03213002149
03213008319
03213007568
03213009624
03213004405
03213003354
03213009507
03213005873
03213003336
03213003248
03213005301
03213007783
03213008178
03213008852
03213006526
03213003477
03213009200
03213002437
03213004365
03213005397
03213001321
03213008858
03213009221
03213009615
03213005087
03213004319
03213006113
03213006500
03213001108
03213009510
03213009661
03213001292
03213009859
03213008273
03213003088
03213005321
03213008070
03213008528
03213008456
03213006472
03213009180
03213004759
03213009999
03213006307
03213005803
03213001656
03213005750
03213008326
03213006325
03213003391
03213004180
03213009924
03213001342
03213005436
03213001876
03213005919
03213007496
03213006171
03213004308
03213006760
03213007892
03213009320
03213007653
03213002470
03213001432
03213008486
03213006995
03213002292
03213003011
03213009032
03213008154
03213008160
03213004079
03213007539
03213003190
03213003720
03213007344
03213004798
03213008516
03213006933
03213008872
03213009940
03213003681
03213005574
03213001858
03213007664
03213009731
03213002838
03213002436
03213007079
03213001586
03213002098
03213009282
03213002193
03213001786
03213008524
03213008145
03213008843
03213009679
03213009017
03213005885
03213004520
03213002931
03213005431
03213001542
03213004584
03213008627
03213003475
03213002575
03213009948
03213008378
03213004961
03213009046
03213004314
03213002377
03213007300
03213001039
03213007399
03213006093
03213006212
03213005711
03213003755
03213006355
03213009140
03213006982
03213007412
03213009332
03213001301
03213004444
03213005779
03213005631
03213004391
03213002534
03213009326
03213004237
03213006465
03213001972
03213009905
03213007332
03213008006
03213005515
03213001032
03213001707
03213006018
03213001529
03213007469
03213008107
03213006441
03213006940
03213004835
03213008102
03213009364
03213004755
03213007069
03213005199
03213007890
03213007797
03213006253
03213008995
03213004077
03213009179
03213003053
03213004092
03213007945
03213007915
03213002439
03213008262
03213008541
03213002656
03213009278
03213004313
03213002687
03213008815
03213009142
03213008841
03213005839
03213007277
03213008093
03213006292
03213008451
03213006072
03213008101
03213007860
03213009124
03213005451
03213007991
03213001420
03213003613
03213006659
03213004942
03213005422
03213007403
03213007512
03213001733
03213007242
03213002024
03213006211
03213002277
03213003363
03213008791
03213002678
03213006356
03213008087
03213008302
03213003625
03213003718
03213003212
03213004103
03213001029
03213009080
03213005701
03213006462
03213004039
03213004472
03213002458
03213008170
03213004903
03213009379
03213008680
03213002172
03213009260
03213009996
03213003089
03213005686
03213007938
03213009254
03213002642
03213006320
03213007577
03213002326
03213009367
03213003299
03213002621
03213002169
03213008712
03213007781
03213006721
03213002873
03213002484
03213005998
03213006685
03213003520
03213007134
03213009568
03213002620
03213009845
03213004479
03213007217
03213004857
03213004661
03213001639
03213004675
03213009371
03213005131
03213006614
03213009101
03213001279
03213004019
03213006151
03213009560
03213004101
03213005684
03213003848
03213008393
03213005401
03213006772
03213008106
03213007762
03213007894
03213007498
03213004714
03213004926
03213003669
03213003774
03213002344
03213004253
03213001994
03213008341
03213007394
03213005166
03213008388
03213002182
03213009290
03213003747
03213004797
03213002152
03213004732
03213006647
03213008467
03213008993
03213004474
03213005865
03213003451
03213005196
03213001013
03213007671
03213005805
03213006251
03213002959
03213001943
03213003727
03213004270
03213008134
03213003225
03213001184
03213003904
03213004815
03213006670
03213007063
03213004342
03213006955
03213004082
03213002100
03213003942
03213001280
03213005930
03213004379
03213006518
03213001970
03213009464
03213001601
03213007888
03213005419
03213009135
03213008555
03213007600
03213009906
03213005268
03213006967
03213007772
03213006366
03213001944
03213005151
03213003481
03213009706
03213005802
03213009385
03213009790
03213006054
03213001431
03213002725
03213008757
03213006105
03213002821
03213008120
03213005713
03213006726
03213005238
03213005026
03213005478
03213004273
03213007183
03213009218
03213007393
03213006973
03213009193
03213007648
03213009232
03213004959
03213006968
03213002378
03213004316
03213002543
03213002052
03213004705
03213009249
03213008237
03213005485
03213003688
03213004305
03213009899
03213004343
03213001263
03213003924
03213004090
03213009956
03213005698
03213009752
03213003707
03213009900
03213002515
03213003960
03213004014
03213005999
03213009409
03213009973
03213007978
03213008385
03213007817
03213006949
03213008556
03213009075
03213004200
03213007067
03213005186
03213002811
03213008748
03213007273
03213001441
03213004681
03213003576
03213009739
03213008083
03213002207
03213002944
03213009024
03213004786
03213003166
03213009675
03213002041
03213005480
03213008957
03213006155
03213004562
03213002979
03213008356
03213004883
03213002068
03213008248
03213008572
03213006878
03213003987
03213002528
03213007737
03213002531
03213002930
03213005935
03213009203
03213008383
03213006445
03213002869
03213006196
03213008407
03213005038
03213002327
03213008277
03213008828
03213005641
03213005707
03213002449
03213005119
03213001767
03213005193
03213004025
03213009460
03213004102
03213003869
03213005620
03213006474
03213001358
03213003887
03213002284
03213002654
03213006047
03213003708
03213002310
03213004825
03213002252
03213008054
03213003434
03213001732
03213004224
03213008887
03213001256
03213001250
03213006146
03213006872
03213009099
03213005080
03213006805
03213005057
03213005253
03213001309
03213006311
03213003645
03213003994
03213004742
03213002015
03213008060
03213002968
03213001397
03213008233
03213002457
03213007917
03213008354
03213005266
03213004286
03213007626
03213004945
03213004168
03213002112
03213006823
03213008394
03213008824
03213002080
03213008727
03213007383
03213005343
03213004120
03213002115
03213003997
03213001260
03213006452
03213004064
03213002184
03213009527
03213007162
03213002609
03213005217
03213009573
03213007463
03213002992
03213009277
03213008944
03213002827
03213006550
03213005344
03213008735
03213003425
03213001565
03213001204
03213008114
03213006294
03213008198
03213003846
03213001418
03213008867
03213001661
03213005837
03213006117
03213004842
03213003171
03213009901
03213008720
03213007919
03213006109
03213005257
03213008127
03213006076
03213004704
03213004939
03213005606
03213001408
03213007683
03213007307
03213005434
03213002020
03213006477
03213002371
03213001811
03213002447
03213003751
03213007620
03213007829
03213005561
03213007441
03213002424
03213002454
03213007024
03213002218
03213001219
03213005830
03213003309
03213001188
03213003641
03213005187
03213007265
03213001570
03213009035
03213009523
03213009357
03213005423
03213006835
03213003380
03213006830
03213007065
03213001395
03213005939
03213009258
03213006226
03213008144
03213006013
03213009648
03213009302
03213001666
03213006806
03213009397
03213005577
03213002849
03213003792
03213001564
03213003130
03213004499
03213006711
03213001473
03213004437
03213004555
03213008854
03213003228
03213004203
03213002451
03213006829
03213005807
03213008546
03213001028
03213009611
03213004017
03213005693
03213008614
03213004823
03213001967
03213006039
03213004062
03213007951
03213005342
03213001845
03213006158
03213007842
03213008236
03213009057
03213004846
03213002693
03213009751
03213002874
03213009732
03213007505
03213002815
03213002835
03213001739
03213003754
03213005158
03213007029
03213009539
03213004994
03213009146
03213007969
03213009199
03213001411
03213008744
03213005027
03213009168
03213007864
03213005880
03213002546
03213007821
03213001872
03213006546
03213004392
03213002496
03213003084
03213009535
03213004162
03213008997
03213009655
03213008185
03213001613
03213009131
03213009387
03213003132
03213007980
03213004330
03213002567
03213004015
03213007987
03213001563
03213005551
03213005659
03213001528
03213008165
03213003173
03213002927
03213001428
03213005607
03213009841
03213007262
03213001678
03213007998
03213008105
03213009259
03213004228
03213001016
03213002386
03213002633
03213002709
03213005364
03213005624
03213009495
03213005053
03213002901
03213007554
03213006497
03213001996
03213008992
03213005657
03213007305
03213005535
03213008999
03213001070
03213005963
03213003097
03213005444
03213008760
03213004718
03213009715
03213001855
03213001379
03213001388
03213009395
03213005595
03213001406
03213003670
03213003565
03213005073
03213001647
03213008658
03213005745
03213005450
03213004155
03213003736
03213003087
03213008586
03213009391
03213009437
03213003409
03213001574
03213006567
03213008442
03213009850
03213008036
03213001152
03213004642
03213008525
03213001940
03213003750
03213003452
03213007251
03213008379
03213008038
03213006731
03213003020
03213009055
03213003125
03213004535
03213002109
03213004605
03213007451
03213004567
03213009158
03213007355
03213006787
03213009267
03213007316
03213006979
03213009181
03213007151
03213004003
03213009157
03213006671
03213005977
03213006654
03213007044
03213003506
03213002204
03213006791
03213001113
03213007218
03213004697
03213007454
03213006854
03213009877
03213004565
03213005154
03213003290
03213009144
03213004743
03213001001
03213006702
03213009574
03213005273
03213008522
03213009799
03213008294
03213002156
03213001123
03213007742
03213008073
03213005138
03213002042
03213005852
03213008488
03213007427
03213007121
03213004841
03213004768
03213004867
03213008100
03213005875
03213009759
03213003721
03213008464
03213004189
03213002317
03213006740
03213003231
03213004712
03213001956
03213009163
03213007301
03213006051
03213007735
03213007349
03213009255
03213006703
03213006166
03213002616
03213005483
03213002354
03213003141
03213001610
03213006177
03213004884
03213001302
03213001154
03213008868
03213001488
03213005614
03213006092
03213007064
03213009707
03213009339
03213003419
03213004946
03213001760
03213001172
03213008844
03213009363
03213003919
03213001314
03213006875
03213002018
03213008621
03213003067
03213009553
03213007167
03213006914
03213005019
03213006300
03213009542
03213005454
03213004591
03213005675
03213003158
03213005788
03213004288
03213002507
03213006786
03213007193
03213006487
03213005395
03213005777
03213002195
03213002006
03213008589
03213001771
03213008875
03213002945
03213002428
03213003825
03213004560
03213008772
03213002511
03213009513
03213009195
03213009898
03213003375
03213004500
03213002459
03213008169
03213005195
03213009519
03213005500
03213001343
03213004358
03213002954
03213006269
03213006494
03213003422
03213008104
03213009423
03213004573
03213007970
03213008231
03213009738
03213002532
03213007758
03213004087
03213005274
03213009253
03213001508
03213001282
03213005016
03213003403
03213004332
03213004490
03213002964
03213008296
03213006865
03213005305
03213004794
03213002407
03213001973
03213007309
03213005520
03213002950
03213007599
03213009643
03213009100
03213006456
03213004056
03213008042
03213002972
03213004306
03213004239
03213002985
03213009848
03213008143
03213005161
03213008372
