03218371103
03218373715
03218372908
03218374638
03218377522
03218372137
03218377650
03218374591
03218378751
03218375421
03218375907
03218377096
03218379087
03218374816
03218377308
03218372519
03218378625
03218377835
03218376653
03218372494
03218373732
03218371975
03218378772
03218372358
03218371611
03218378742
03218375345
03218373270
03218379396
03218371725
03218374637
03218374293
03218376089
03218374565
03218371553
03218379944
03218371535
03218379302
03218374731
03218375789
03218376937
03218377939
03218376170
03218379524
03218376467
03218378505
03218374006
03218377428
03218371863
03218372478
03218375879
03218376254
03218372143
03218373790
03218378308
03218373365
03218375292
03218372980
03218374812
03218375281
03218377055
03218374182
03218372458
03218374794
03218378727
03218372742
03218378499
03218372575
03218377090
03218378533
03218371922
03218376705
03218376794
03218374035
03218372601
03218372833
03218375144
03218376602
03218377917
03218371407
03218376918
03218375845
03218378382
03218372149
03218372298
03218376257
03218378187
03218374651
03218378554
03218379293
03218379918
03218379882
03218377004
03218371987
03218377065
03218371672
03218379777
03218371263
03218378928
03218379288
03218375387
03218377346
03218374332
03218375438
03218376995
03218374272
03218377836
03218379771
03218378209
03218377364
03218375647
03218374016
03218378336
03218374076
03218372645
03218376428
03218376485
03218377923
03218378535
03218379239
03218372003
03218376197
03218376912
03218377031
03218375768
03218373471
03218375338
03218378988
03218372118
03218371531
03218374050
03218376710
03218375303
03218371984
03218377424
03218372192
03218379522
03218371709
03218373142
03218374234
03218372988
03218373651
03218372989
03218379027
03218373349
03218374778
03218378617
03218371364
03218376851
03218378106
03218372328
03218379240
03218377241
03218376690
03218374364
03218379311
03218372870
03218378376
03218373529
03218372485
03218379837
03218375934
03218371125
03218374500
03218372887
03218375731
03218377817
03218379717
03218373055
03218372678
03218374042
03218376962
03218372779
03218374444
03218377110
03218374679
03218371722
03218377469
03218375219
03218374743
03218377274
03218375502
03218376353
03218378838
03218374765
03218373814
03218372963
03218373092
03218372223
03218375729
03218375633
03218379034
03218378389
03218372033
03218376185
03218377404
03218373198
03218373187
03218373910
03218379920
03218372201
03218372310
03218378005
03218372775
03218377806
03218379443
03218378303
03218378465
03218375905
03218379756
03218375613
03218371464
03218379506
03218371455
03218378289
03218371973
03218373539
03218373148
03218379816
03218371351
03218374886
03218374641
03218375119
03218375644
03218379688
03218371284
03218377814
03218371545
03218374086
03218371592
03218376432
03218378008
03218376528
03218376759
03218377928
03218372697
03218374370
03218374660
03218374627
03218376317
03218375405
03218377570
03218378882
03218377895
03218375431
03218379658
03218374094
03218378568
03218377315
03218372028
03218373364
03218377655
03218372161
03218377439
03218378614
03218377181
03218378090
03218378211
03218371526
03218378636
03218375031
03218371497
03218374927
03218371530
03218374044
03218378777
03218375155
03218376724
03218379760
03218374525
03218379714
03218378074
03218373121
03218379111
03218373388
03218372383
03218371886
03218374047
03218377497
03218377863
03218374499
03218373395
03218376930
03218376045
03218377445
03218378227
03218378590
03218376769
03218372538
03218377385
03218375649
03218376365
03218371387
03218378816
03218371261
03218378938
03218371843
03218378746
03218372268
03218378839
03218377941
03218374087
03218374318
03218379502
03218373793
03218375707
03218376325
03218377478
03218371138
03218377167
03218378134
03218373771
03218371846
03218379110
03218379279
03218377449
03218375935
03218372945
03218375535
03218375735
03218373461
03218377022
03218373070
03218372786
03218378559
03218376019
03218371946
03218372231
03218374556
03218372331
03218376448
03218372611
03218376543
03218373652
03218372520
03218375985
03218371111
03218375630
03218375371
03218376580
03218375221
03218378230
03218377615
03218378509
03218379414
03218379828
03218372564
03218378405
03218374818
03218372904
03218374996
03218378552
03218378582
03218376041
03218376770
03218374710
03218373255
03218374692
03218372578
03218371147
03218378857
03218378196
03218373578
03218371440
03218373859
03218379234
03218372567
03218375626
03218377821
03218374823
03218377314
03218379154
03218378240
03218378791
03218373380
03218374560
03218373371
03218378731
03218373455
03218373541
03218377412
03218371651
03218377335
03218374029
03218376882
03218377809
03218372730
03218376419
03218373051
03218374223
03218377723
03218377024
03218374652
03218376175
03218374650
03218377261
03218376938
03218373353
03218378080
03218377681
03218378388
03218379428
03218377800
03218377978
03218371329
03218378694
03218371320
03218373847
03218377692
03218375316
03218371927
03218374105
03218375963
03218375205
03218372065
03218378744
03218378734
03218378404
03218374262
03218375940
03218371431
03218371215
03218374139
03218377205
03218379910
03218373191
03218371469
03218376516
03218372956
03218374059
03218373570
03218379653
03218379507
03218374600
03218372701
03218378903
03218376479
03218375098
03218379203
03218376530
03218372407
03218376240
03218372724
03218372070
03218378687
03218374973
03218375196
03218378194
03218374619
03218379676
03218373418
03218372448
03218377996
03218376585
03218373838
03218374124
03218378783
03218378129
03218372377
03218371176
03218372359
03218378356
03218374451
03218376455
03218379363
03218379840
03218373532
03218374698
03218373305
03218375058
03218379409
03218379024
03218374974
03218371414
03218375135
03218371223
03218378217
03218376273
03218378322
03218372384
03218379439
03218373894
03218376234
03218377059
03218376604
03218376115
03218375065
03218372354
03218375252
03218376969
03218376826
03218375354
03218379515
03218374368
03218377618
03218375832
03218378353
03218377039
03218376371
03218378359
03218373038
03218378972
03218371610
03218372423
03218378989
03218377559
03218379911
03218376104
03218372853
03218379974
03218377285
03218374462
03218379395
03218374000
03218373248
03218374775
03218371177
03218379446
03218376336
03218378232
03218374054
03218378976
03218375458
03218377046
03218377516
03218378991
03218373849
03218379968
03218375344
03218379518
03218377874
03218374020
03218377632
03218374504
03218372641
03218377057
03218372501
03218372230
03218379906
03218379401
03218372835
03218372583
03218375862
03218378984
03218379995
03218376151
03218375377
03218371472
03218376062
03218375662
03218372885
03218374630
03218377766
03218376939
03218375375
03218376368
03218378743
03218372133
03218377811
03218371753
03218379278
03218377510
03218371552
03218378904
03218373227
03218377139
03218378115
03218376156
03218373480
03218377857
03218376389
03218379482
03218379044
03218377488
03218377747
03218375035
03218377636
03218378352
03218377263
03218371893
03218379124
03218375059
03218379616
03218375442
03218374464
03218372967
03218379058
03218377460
03218373999
03218373840
03218371445
03218378050
03218378721
03218372616
03218377432
03218371090
03218372924
03218378238
03218373357
03218372411
03218372581
03218377805
03218376495
03218375147
03218378722
03218379451
03218372594
03218374870
03218375918
03218372629
03218378282
03218372451
03218371936
03218378763
03218374171
03218379056
03218378696
03218379481
03218374944
03218371432
03218376731
03218375131
03218377603
03218376546
03218375428
03218379025
03218378536
03218376712
03218378414
03218377254
03218373120
03218375742
03218373516
03218376463
03218377120
03218375268
03218373450
03218376574
03218372131
03218376091
03218372473
03218375495
03218377629
03218374160
03218374066
03218374300
03218373100
03218373788
03218371550
03218378399
03218372719
03218377463
03218372736
03218372185
03218374961
03218377382
03218375916
03218379868
03218375197
03218378815
03218373167
03218373020
03218372592
03218371575
03218374213
03218378369
03218379300
03218374230
03218374258
03218374966
03218372107
03218378916
03218371268
03218374958
03218374235
03218372996
03218375314
03218373466
03218371570
03218376578
03218377342
03218379000
03218374384
03218373082
03218378488
03218374749
03218372604
03218374967
03218376680
03218374461
03218371139
03218373411
03218371708
03218372140
03218378886
03218373221
03218373180
03218374415
03218374168
03218378460
03218372496
03218373268
03218373693
03218373146
03218372920
03218374554
03218371730
03218377245
03218376588
03218375678
03218379858
03218373591
03218377191
03218371130
03218372077
03218377640
03218374550
03218374055
03218371653
03218379999
03218375427
03218374455
03218371547
03218372527
03218376427
03218372163
03218373174
03218372336
03218376503
03218373755
03218379814
03218374795
03218379842
03218371602
03218378049
03218373236
03218379434
03218377873
03218375461
03218373552
03218378116
03218374948
03218377756
03218371143
03218375540
03218379865
03218376806
03218372497
03218375200
03218378813
03218373564
03218379339
03218372063
03218378127
03218371485
03218378856
03218374425
03218372503
03218377521
03218377087
03218373435
03218371316
03218377282
03218377797
03218372947
03218376800
03218373603
03218376762
03218375993
03218376581
03218374666
03218377994
03218374411
03218375908
03218378670
03218379101
03218372848
03218372297
03218373061
03218375529
03218378555
03218371000
03218371230
03218375191
03218379922
03218371750
03218373448
03218372957
03218376031
03218371028
03218371512
03218376440
03218373860
03218377742
03218376917
03218373312
03218373203
03218379207
03218378897
03218371344
03218376208
03218376155
03218379457
03218376007
03218372127
03218379442
03218371992
03218373081
03218374880
03218376051
03218377294
03218371964
03218371609
03218373681
03218375011
03218375414
03218373133
03218371963
03218373382
03218374395
03218375240
03218375105
03218375380
03218379748
03218372326
03218378271
03218379348
03218378768
03218372333
03218379158
03218374774
03218379035
03218379366
03218374571
03218373514
03218374038
03218377946
03218376631
03218376124
03218374952
03218371703
03218379521
03218373792
03218379098
03218377188
03218379381
03218372825
03218371759
03218377226
03218377144
03218376746
03218379694
03218379666
03218374810
03218375532
03218371546
03218373718
03218378135
03218377189
03218372573
03218373216
03218371813
03218377924
03218375435
03218377763
03218376105
03218377431
03218374657
03218378045
03218372804
03218377547
03218375556
03218379670
03218371949
03218377276
03218373238
03218372222
03218373669
03218374573
03218373820
03218374372
03218373136
03218371099
03218374578
03218374090
03218372312
03218379129
03218376305
03218375079
03218372948
03218378994
03218371456
03218377389
03218373995
03218371121
03218379712
03218376244
03218376319
03218371649
03218376861
03218379976
03218371875
03218378574
03218378358
03218375297
03218379977
03218373422
03218377173
03218377239
03218374373
03218372299
03218376664
03218371527
03218373340
03218372344
03218372664
03218378915
03218376498
03218372467
03218372607
03218372385
03218376149
03218378320
03218374559
03218373280
03218372116
03218372509
03218377425
03218378254
03218372171
03218375873
03218371123
03218372702
03218375516
03218373954
03218372522
03218373832
03218376327
03218371656
03218375774
03218374621
03218377904
03218375090
03218377331
03218379594
03218376372
03218373899
03218373654
03218372733
03218377368
03218379490
03218372424
03218372016
03218377861
03218372202
03218376425
03218378824
03218377823
03218375082
03218376832
03218372339
03218371528
03218379469
03218375949
03218376136
03218373525
03218374599
03218379437
03218377147
03218371078
03218373754
03218373212
03218373091
03218373916
03218371841
03218371815
03218378466
03218376026
03218371060
03218372419
03218371862
03218378664
03218371790
03218378549
03218375509
03218373512
03218377651
03218373983
03218377150
03218379621
03218371212
03218376067
03218375339
03218374776
03218376222
03218374385
03218372764
03218378893
03218375347
03218371786
03218375612
03218374473
03218378301
03218373266
03218371704
03218371279
03218379109
03218378553
03218374158
03218371752
03218377587
03218378016
03218371087
03218376956
03218377094
03218373218
03218376061
03218372194
03218374294
03218375748
03218373127
03218375967
03218379803
03218376675
03218379654
03218372968
03218373316
03218375156
03218373817
03218371036
03218375210
03218378487
03218379729
03218375871
03218371787
03218371067
03218371909
03218373586
03218378206
03218373297
03218371937
03218378253
03218378567
03218379550
03218372536
03218377672
03218377518
03218378577
03218374099
03218371002
03218374603
03218379454
03218375585
03218374153
03218376595
03218373769
03218376979
03218375876
03218377402
03218378468
03218373177
03218373488
03218373226
03218373839
03218379540
03218378778
03218371597
03218373378
03218378676
03218371030
03218375063
03218371437
03218375606
03218371280
03218377538
03218376865
03218371267
03218375482
03218372919
03218377755
03218376990
03218373420
03218371226
03218377420
03218373575
03218373469
03218375075
03218375078
03218379359
03218372129
03218376951
03218377450
03218373679
03218379036
03218375321
03218379405
03218371224
03218372716
03218372488
03218376121
03218378338
03218378558
03218373361
03218374761
03218378923
03218378073
03218377744
03218377302
03218376084
03218372550
03218375358
03218375958
03218375100
03218377561
03218379988
03218376358
03218376246
03218379151
03218373905
03218373186
03218374494
03218379321
03218371554
03218375038
03218376001
03218379081
03218373039
03218374910
03218371713
03218377594
03218376486
03218379963
03218375266
03218375677
03218376992
03218372435
03218373337
03218372215
03218378250
03218377349
03218377684
03218378866
03218375440
03218378880
03218376518
03218376815
03218376807
03218371045
03218376548
03218374426
03218375265
03218376876
03218372061
03218372651
03218378274
03218376042
03218375809
03218375095
03218379939
03218375591
03218374387
03218374531
03218375877
03218373935
03218378059
03218378680
03218371258
03218372889
03218375689
03218377225
03218372847
03218374876
03218371555
03218377536
03218372391
03218376549
03218379937
03218375537
03218378390
03218373615
03218374341
03218378933
03218378242
03218377517
03218378310
03218371757
03218373296
03218374335
03218375153
03218374104
03218372880
03218378748
03218372365
03218375290
03218372375
03218375425
03218371165
03218374254
03218377558
03218372306
03218376599
03218379042
03218374450
03218378993
03218376517
03218376385
03218372261
03218379593
03218373898
03218378364
03218372325
03218379351
03218373931
03218373928
03218378511
03218379722
03218376895
03218379511
03218374183
03218374647
03218378704
03218371393
03218372345
03218377243
03218378733
03218379150
03218375211
03218371711
03218372715
03218378846
03218375341
03218377719
03218378379
03218373286
03218374850
03218374001
03218372965
03218377480
03218373524
03218372441
03218376916
03218371442
03218376803
03218372795
03218372008
03218374859
03218375123
03218374040
03218375018
03218375165
03218379213
03218377645
03218378667
03218371216
03218373169
03218371086
03218379731
03218378516
03218376224
03218379741
03218371681
03218374389
03218378820
03218374802
03218377418
03218371816
03218377707
03218377875
03218372415
03218379702
03218377856
03218375052
03218373678
03218373360
03218372608
03218379685
03218374787
03218375319
03218376843
03218371225
03218376415
03218373746
03218377071
03218372146
03218376570
03218372267
03218374677
03218378121
03218379064
03218375220
03218373260
03218373348
03218371506
03218379769
03218378645
03218371106
03218373359
03218376039
03218378117
03218377573
03218376052
03218373616
03218375394
03218376362
03218377546
03218373577
03218371003
03218378070
03218377350
03218377435
03218373178
03218375988
03218378458
03218373143
03218379347
03218376337
03218373281
03218375549
03218377865
03218375629
03218372782
03218371019
03218372953
03218372211
03218379283
03218379115
03218376639
03218372257
03218375277
03218374155
03218378965
03218371899
03218373670
03218375118
03218372128
03218377593
03218372011
03218374268
03218372112
03218372243
03218378447
03218374495
03218375711
03218374568
03218379784
03218372891
03218375224
03218373895
03218379162
03218379335
03218379591
03218379343
03218376504
03218371059
03218379125
03218376584
03218379397
03218377199
03218377938
03218375257
03218373500
03218377988
03218373425
03218374978
03218378684
03218378492
03218377170
03218374409
03218374739
03218371629
03218379587
03218379181
03218379884
03218379007
03218378445
03218376285
03218375956
03218372793
03218375203
03218375507
03218377177
03218372658
03218372986
03218374228
03218372846
03218371248
03218376557
03218378027
03218375370
03218378941
03218376579
03218375906
03218374206
03218376732
03218378215
03218374925
03218374851
03218374723
03218375576
03218378224
03218379538
03218379512
03218378192
03218379492
03218371398
03218379301
03218372784
03218375175
03218379471
03218371507
03218375833
03218376718
03218371562
03218373491
03218378062
03218372899
03218376259
03218373893
03218373007
03218372822
03218373977
03218374800
03218379560
03218377740
03218377868
03218373527
03218379930
03218371716
03218374434
03218376825
03218373333
03218377064
03218376629
03218376068
03218378235
03218373795
03218371182
03218376435
03218372699
03218372540
03218371496
03218373362
03218371359
03218376660
03218372677
03218379202
03218374330
03218374579
03218375534
03218373392
03218377779
03218371837
03218371560
03218372838
03218372433
03218371648
03218379790
03218379892
03218378228
03218376270
03218375658
03218379212
03218371639
03218377542
03218372100
03218377019
03218374505
03218376866
03218377253
03218372514
03218372245
03218377798
03218379663
03218379285
03218374791
03218374508
03218375397
03218371361
03218379534
03218376894
03218372909
03218379500
03218371805
03218371604
03218375134
03218376407
03218379011
03218378671
03218377317
03218372939
03218377992
03218371291
03218376964
03218374817
03218378332
03218373441
03218374782
03218372287
03218371293
03218373816
03218377646
03218371478
03218375682
03218377850
03218372105
03218379191
03218371314
03218375213
03218374640
03218379371
03218378067
03218371203
03218373502
03218371433
03218379600
03218379306
03218379806
03218378372
03218372320
03218377920
03218374752
03218374606
03218375632
03218377989
03218373957
03218374704
03218373949
03218374928
03218373329
03218378410
03218379466
03218377344
03218379603
03218378961
03218375374
03218373774
03218379860
03218374216
03218378340
03218372399
03218379392
03218371504
03218376490
03218373196
03218377353
03218373558
03218373108
03218377224
03218377915
03218375917
03218373023
03218378471
03218372461
03218376271
03218376671
03218378515
03218378102
03218372546
03218371173
03218373164
03218371857
03218378345
03218373773
03218375616
03218374080
03218377752
03218374557
03218373424
03218376839
03218379536
03218373481
03218371303
03218378541
03218372379
03218379993
03218374295
03218377459
03218375525
03218373601
03218376837
03218374082
03218378162
03218376127
03218372720
03218371133
03218377974
03218375094
03218377384
03218376179
03218372876
03218371701
03218374762
03218373451
03218372696
03218372492
03218374990
03218371157
03218377730
03218374130
03218377991
03218378522
03218373807
03218375087
03218374848
03218377639
03218378255
03218371508
03218379690
03218375747
03218371624
03218371836
03218372291
03218378865
03218372151
03218377301
03218378427
03218376840
03218377777
03218378927
03218373708
03218377296
03218373629
03218373032
03218373485
03218374878
03218378397
03218378589
03218379452
03218371286
03218371331
03218375237
03218373445
03218373254
03218373760
03218379317
03218374667
03218378537
03218374467
03218377690
03218377688
03218376352
03218379063
03218373594
03218377790
03218371219
03218377986
03218372480
03218376205
03218378914
03218373246
03218379148
03218379412
03218378832
03218379854
03218375970
03218373190
03218374523
03218375166
03218375609
03218379041
03218378759
03218372769
03218372831
03218375800
03218371337
03218375039
03218374273
03218377508
03218372237
03218374078
03218375858
03218371187
03218374506
03218377555
03218378448
03218375753
03218375310
03218377612
03218371052
03218375055
03218371718
03218377493
03218371829
03218373897
03218377984
03218371057
03218379030
03218378449
03218371775
03218375718
03218371009
03218375070
03218373554
03218372559
03218377937
03218373750
03218377611
03218377161
03218373287
03218373449
03218375157
03218371779
03218376449
03218375471
03218374733
03218375476
03218371663
03218378854
03218373272
03218379629
03218374768
03218371112
03218375982
03218371501
03218371211
03218373242
03218375860
03218376980
03218379556
03218378079
03218377769
03218375581
03218373291
03218379996
03218378663
03218374716
03218378207
03218379907
03218375704
03218374888
03218375680
03218377515
03218379871
03218374194
03218373704
03218374665
03218374120
03218371222
03218372392
03218372175
03218373857
03218375796
03218379244
03218373206
03218379611
03218377050
03218372360
03218379895
03218378371
03218378858
03218371831
03218376560
03218371205
03218373887
03218376000
03218371093
03218375820
03218373696
03218373370
03218371665
03218373276
03218374891
03218373958
03218378430
03218375594
03218371723
03218374736
03218374199
03218372195
03218377394
03218371510
03218378596
03218372154
03218375246
03218378272
03218378630
03218375154
03218375823
03218374846
03218373153
03218379549
03218375831
03218379970
03218372553
03218374703
03218377571
03218379835
03218377945
03218374476
03218375566
03218378619
03218376766
03218378171
03218373634
03218374659
03218379636
03218373571
03218377964
03218379050
03218378641
03218377727
03218377190
03218373394
03218375841
03218372058
03218375513
03218372599
03218374624
03218372183
03218379496
03218378771
03218379823
03218371674
03218377678
03218379679
03218379903
03218372160
03218371804
03218372188
03218373197
03218379581
03218379387
03218377867
03218371918
03218374825
03218374602
03218376233
03218379029
03218376441
03218372104
03218376046
03218373508
03218377564
03218373318
03218376020
03218372141
03218371451
03218375162
03218373748
03218377313
03218371371
03218377824
03218377940
03218377180
03218371589
03218373653
03218378243
03218378860
03218376126
03218374732
03218372705
03218377357
03218374893
03218372537
03218375233
03218378546
03218371632
03218372338
03218378841
03218373989
03218376247
03218375385
03218375023
03218372332
03218372367
03218377001
03218376662
03218379053
03218378876
03218378451
03218377803
03218376340
03218377192
03218371288
03218379435
03218375995
03218378327
03218372954
03218373253
03218378766
03218379739
03218372790
03218375486
03218373906
03218376203
03218372915
03218373219
03218375390
03218375225
03218374178
03218372158
03218378056
03218373483
03218371917
03218373829
03218371523
03218375998
03218376811
03218379390
03218376642
03218374754
03218374005
03218372878
03218379576
03218371514
03218377563
03218375863
03218374970
03218378647
03218374584
03218378119
03218371967
03218377109
03218373738
03218372038
03218374843
03218371037
03218372871
03218375910
03218379488
03218376813
03218376272
03218378464
03218372512
03218377579
03218371350
03218378480
03218377620
03218376947
03218371734
03218379245
03218373404
03218375048
03218379681
03218375592
03218379535
03218371450
03218371840
03218373115
03218374897
03218372026
03218371833
03218379262
03218376119
03218375596
03218378437
03218374717
03218375925
03218379459
03218377223
03218371137
03218374111
03218374439
03218377768
03218374896
03218375362
03218373368
03218379276
03218376453
03218376814
03218372244
03218379071
03218379900
03218373125
03218377807
03218376610
03218375293
03218373609
03218371991
03218378006
03218371939
03218377750
03218373637
03218379004
03218378233
03218376471
03218375894
03218372235
03218377765
03218371583
03218379472
03218379287
03218378083
03218371237
03218373538
03218377828
03218372474
03218374021
03218373948
03218375361
03218374404
03218371421
03218379166
03218378220
03218379725
03218379227
03218378208
03218371765
03218378754
03218373429
03218379403
03218372755
03218375571
03218378845
03218373710
03218375434
03218374137
03218372704
03218379923
03218376961
03218372732
03218372400
03218374694
03218379758
03218379870
03218376457
03218373099
03218375966
03218374844
03218372416
03218375168
03218371252
03218379562
03218372610
03218376264
03218377808
03218379410
03218374483
03218378983
03218378764
03218378586
03218379811
03218375437
03218373878
03218374460
03218379468
03218378337
03218375307
03218378869
03218376788
03218374757
03218373141
03218374592
03218371105
03218377871
03218376556
03218372432
03218372088
03218376354
03218374656
03218375085
03218377726
03218373994
03218379726
03218374983
03218377471
03218376926
03218377525
03218374369
03218375962
03218373720
03218372174
03218379614
03218378693
03218377232
03218377436
03218375829
03218377896
03218374700
03218378403
03218379344
03218375643
03218375180
03218375158
03218371680
03218373643
03218375844
03218372589
03218377113
03218379916
03218376180
03218375791
03218379630
03218374907
03218375642
03218373475
03218375783
03218378111
03218376796
03218377040
03218379582
03218371323
03218375638
03218371827
03218373139
03218371767
03218374609
03218372689
03218372318
03218374867
03218371131
03218375061
03218379698
03218377249
03218372902
03218373597
03218377885
03218376198
03218373048
03218372760
03218378408
03218372168
03218376603
03218375376
03218374540
03218377531
03218373473
03218374857
03218371806
03218376410
03218377862
03218378035
03218376720
03218378413
03218379547
03218377791
03218373442
03218372582
03218371850
03218376593
03218373717
03218378562
03218377229
03218379659
03218373743
03218374721
03218378490
03218371702
03218375715
03218379491
03218376591
03218377529
03218375590
03218379075
03218372749
03218371791
03218371474
03218372690
03218375013
03218374767
03218371985
03218378605
03218372676
03218378633
03218376571
03218373195
03218373161
03218372794
03218379755
03218376294
03218372923
03218372147
03218372667
03218371808
03218376332
03218378092
03218371283
03218379337
03218377155
03218375042
03218371107
03218373902
03218378703
03218375952
03218376576
03218378624
03218375904
03218371066
03218376087
03218378507
03218372554
03218376697
03218373901
03218375834
03218379172
03218376097
03218379826
03218379643
03218378807
03218375194
03218376674
03218375392
03218372869
03218379295
03218379416
03218378153
03218371509
03218371686
03218379175
03218377035
03218371051
03218373951
03218379718
03218374298
03218376242
03218371601
03218377053
03218379889
03218377825
03218375538
03218374586
03218379310
03218374292
03218375295
03218375215
03218372007
03218378319
03218379277
03218375874
03218373232
03218373035
03218379520
03218376792
03218371044
03218375010
03218374725
03218376379
03218375527
03218373400
03218377206
03218378141
03218371136
03218376081
03218376250
03218379130
03218372937
03218374014
03218374673
03218373843
03218371065
03218373207
03218372081
03218377388
03218374493
03218374585
03218374735
03218374678
03218378606
03218375093
03218379168
03218378140
03218379759
03218374457
03218373269
03218377662
03218374142
03218377416
03218371542
03218375623
03218373869
03218375542
03218372535
03218375124
03218377879
03218373604
03218376539
03218373841
03218375736
03218374186
03218373680
03218373249
03218371859
03218376533
03218374084
03218373915
03218378750
03218378811
03218373245
03218372951
03218373953
03218379193
03218374396
03218372142
03218375226
03218378424
03218375786
03218371498
03218373220
03218375654
03218377532
03218373476
03218374166
03218371330
03218373556
03218371894
03218371443
03218376313
03218375280
03218373327
03218373690
03218372586
03218374648
03218378977
03218379789
03218371538
03218378023
03218372481
03218374324
03218378380
03218373561
03218376073
03218375034
03218378261
03218371278
03218379122
03218372783
03218375889
03218372304
03218372623
03218375636
03218374864
03218373655
03218377017
03218378065
03218374873
03218373686
03218376143
03218378164
03218377005
03218379994
03218375821
03218378979
03218372285
03218373309
03218376158
03218377575
03218377438
03218371385
03218379962
03218374113
03218379406
03218377847
03218373343
03218375512
03218371363
03218375496
03218373614
03218377227
03218373387
03218372166
03218372723
03218379745
03218374140
03218375617
03218372714
03218375641
03218371402
03218376102
03218372394
03218373660
03218378620
03218375020
03218376421
03218371618
03218376955
03218374441
03218374279
03218371075
03218372799
03218372652
03218373447
03218374498
03218372207
03218378898
03218371142
03218372311
03218374345
03218373369
03218378004
03218371744
03218371851
03218372047
03218375006
03218378593
03218379558
03218371768
03218378281
03218371155
03218376946
03218371487
03218379267
03218376835
03218379650
03218378745
03218373495
03218372518
03218376309
03218376775
03218377328
03218376275
03218379330
03218371849
03218374289
03218372943
03218373613
03218377129
03218375931
03218379566
03218375758
03218371272
03218372226
03218378234
03218372999
03218377454
03218379333
03218375738
03218371264
03218373233
03218378910
03218373453
03218375096
03218376323
03218371650
03218376586
03218372280
03218376582
03218373417
03218371259
03218379805
03218377922
03218376331
03218371468
03218378551
03218372576
03218372348
03218379316
03218374307
03218374686
03218377476
03218375072
03218374949
03218375012
03218379648
03218372052
03218371088
03218372746
03218373457
03218379796
03218372386
03218374682
03218378212
03218371974
03218377773
03218376957
03218377122
03218379217
03218376439
03218373747
03218379388
03218376381
03218379925
03218372279
03218375884
03218378367
03218378344
03218371184
03218374856
03218376123
03218378273
03218374278
03218373307
03218378875
03218377666
03218372591
03218375555
03218374041
03218377345
03218377728
03218375855
03218373635
03218371201
03218375671
03218371162
03218376295
03218373912
03218374018
03218373749
03218379867
03218376027
03218378683
03218372844
03218377393
03218371345
03218371513
03218378284
03218378237
03218378155
03218378013
03218375984
03218372489
03218377548
03218371983
03218372144
03218378798
03218378867
03218371236
03218371801
03218379527
03218375695
03218375359
03218372289
03218378674
03218371881
03218375756
03218376005
03218377377
03218373241
03218372372
03218378887
03218379665
03218374237
03218375249
03218372242
03218372547
03218372099
03218376656
03218379289
03218377048
03218371989
03218374841
03218373677
03218378429
03218377130
03218375258
03218371920
03218371049
03218376037
03218376725
03218375351
03218376022
03218373111
03218378851
03218373858
03218378560
03218377154
03218376029
03218378374
03218373116
03218379742
03218372018
03218371644
03218371950
03218376645
03218375501
03218379336
03218377982
03218378952
03218376967
03218378616
03218374632
03218377511
03218379897
03218376220
03218377804
03218373137
03218373189
03218377686
03218377230
03218376122
03218375286
03218379901
03218379404
03218371109
03218376833
03218379960
03218376465
03218373350
03218373611
03218378202
03218377413
03218373741
03218375761
03218372408
03218376896
03218379513
03218379146
03218378506
03218371738
03218376462
03218374263
03218374267
03218375909
03218378270
03218373213
03218376232
03218372466
03218373665
03218377066
03218379211
03218373522
03218376496
03218372523
03218374454
03218376322
03218379577
03218372851
03218379484
03218376994
03218373714
03218377118
03218376002
03218376140
03218375688
03218379136
03218376923
03218375692
03218377379
03218374537
03218371637
03218378201
03218375083
03218375911
03218378145
03218376622
03218372184
03218374779
03218371243
03218373590
03218376801
03218379499
03218379114
03218371377
03218378313
03218374151
03218377359
03218374575
03218379375
03218372197
03218374740
03218374946
03218377665
03218372475
03218376774
03218376386
03218377802
03218376757
03218379517
03218375929
03218378713
03218377210
03218374356
03218375679
03218372102
03218378277
03218374102
03218378265
03218377011
03218379888
03218376318
03218374669
03218374655
03218379463
03218378871
03218379833
03218371114
03218371696
03218379705
03218378007
03218375448
03218376941
03218373547
03218373003
03218376147
03218372472
03218371097
03218378618
03218373932
03218377934
03218377405
03218372587
03218379250
03218372654
03218372087
03218374862
03218375545
03218377247
03218377887
03218372101
03218379498
03218372406
03218378124
03218371942
03218379003
03218374811
03218379126
03218371228
03218375548
03218372196
03218374327
03218376030
03218375779
03218371898
03218376172
03218378527
03218378805
03218372445
03218377486
03218373145
03218379902
03218379693
03218375660
03218378479
03218374045
03218373235
03218376211
03218375808
03218371149
03218378930
03218371580
03218373701
03218372483
03218379890
03218372108
03218372625
03218372459
03218378064
03218374909
03218379432
03218375567
03218377069
03218376125
03218373497
03218376050
03218374633
03218376228
03218379853
03218378423
03218375003
03218373642
03218371945
03218378477
03218373551
03218375853
03218372765
03218376251
03218375171
03218373072
03218377685
03218372361
03218374814
03218376632
03218379178
03218377037
03218372351
03218376231
03218378210
03218376596
03218373247
03218371266
03218371872
03218378381
03218375050
03218379894
03218375892
03218373867
03218377705
03218372111
03218378548
03218375573
03218373433
03218378173
03218377482
03218376194
03218375765
03218373544
03218379537
03218379825
03218376418
03218371191
03218372797
03218375415
03218378349
03218377492
03218376304
03218375389
03218375943
03218379673
03218379764
03218376458
03218372363
03218379104
03218376988
03218378047
03218377673
03218377833
03218379819
03218375942
03218375021
03218378892
03218376178
03218373346
03218379474
03218376514
03218376695
03218371056
03218379268
03218376399
03218376430
03218374049
03218376520
03218375930
03218372549
03218372181
03218372152
03218378585
03218374549
03218377718
03218376855
03218376106
03218378600
03218372042
03218372098
03218379695
03218376984
03218372864
03218373990
03218376212
03218372409
03218376693
03218376991
03218372737
03218371934
03218379542
03218372936
03218378461
03218372964
03218377916
03218374950
03218378795
03218373955
03218376301
03218374188
03218372455
03218379142
03218371108
03218374301
03218376735
03218372322
03218377566
03218373521
03218375189
03218375847
03218377513
03218375784
03218377997
03218374626
03218377466
03218376704
03218371778
03218376095
03218377913
03218375195
03218372256
03218376107
03218372505
03218374535
03218379261
03218377649
03218371854
03218377108
03218374169
03218375041
03218373010
03218374496
03218371018
03218372316
03218371145
03218376884
03218376114
03218377597
03218374957
03218376227
03218378051
03218374485
03218378198
03218374959
03218372072
03218379949
03218372555
03218375926
03218376703
03218376499
03218377609
03218371053
03218375614
03218371486
03218372219
03218377183
03218377642
03218376897
03218371241
03218377208
03218376482
03218373758
03218379683
03218376216
03218374569
03218374546
03218378463
03218375384
03218373284
03218371098
03218377348
03218375173
03218372436
03218375801
03218378434
03218376369
03218377433
03218371040
03218377775
03218374430
03218373052
03218378168
03218378718
03218373256
03218374247
03218376949
03218377925
03218374210
03218374261
03218374133
03218372897
03218376544
03218379548
03218374530
03218371010
03218371116
03218373313
03218371494
03218375066
03218376501
03218376925
03218376685
03218374148
03218379422
03218374914
03218378543
03218371392
03218378737
03218378840
03218373472
03218376849
03218376245
03218373876
03218373504
03218378954
03218375938
03218374187
03218373566
03218374611
03218379085
03218375570
03218372728
03218376396
03218373658
03218373657
03218377213
03218372395
03218378251
03218377151
03218375987
03218379618
03218373053
03218379841
03218372560
03218372254
03218377990
03218371340
03218379128
03218372313
03218371980
03218378316
03218376162
03218374685
03218376112
03218377076
03218372588
03218375489
03218378787
03218378200
03218372627
03218371623
03218374770
03218372239
03218377458
03218378651
03218374953
03218376086
03218375232
03218374079
03218371322
03218371301
03218379131
03218378775
03218376940
03218376628
03218379370
03218376341
03218379736
03218376764
03218372051
03218375946
03218374314
03218373922
03218375674
03218371835
03218375587
03218372993
03218374211
03218371429
03218371410
03218378063
03218377465
03218376899
03218373496
03218377373
03218372005
03218373813
03218377722
03218371887
03218374612
03218379969
03218376927
03218374903
03218375274
03218378166
03218375648
03218374074
03218377295
03218379839
03218378306
03218375353
03218372023
03218373097
03218375619
03218371860
03218379504
03218379948
03218372619
03218373975
03218373024
03218377284
03218376361
03218376526
03218371645
03218372789
03218372824
03218376200
03218379660
03218372234
03218377710
03218373974
03218379415
03218378726
03218371736
03218377042
03218379284
03218372823
03218377238
03218373787
03218373478
03218371780
03218373707
03218374388
03218372355
03218373437
03218373124
03218373342
03218377886
03218373414
03218376199
03218375248
03218378913
03218379318
03218377242
03218378821
03218375550
03218373334
03218378029
03218378853
03218379092
03218375487
03218379836
03218377635
03218372660
03218378366
03218376016
03218373605
03218376159
03218376877
03218371436
03218373770
03218375901
03218374480
03218372991
03218376478
03218374159
03218373030
03218376133
03218373501
03218374344
03218375694
03218373505
03218377390
03218372453
03218378097
03218371901
03218375713
03218371082
03218371944
03218374114
03218379564
03218373775
03218374921
03218374724
03218373408
03218379008
03218374453
03218378911
03218377647
03218372233
03218377289
03218371122
03218374894
03218373621
03218374576
03218376063
03218372942
03218374093
03218372357
03218378579
03218379620
03218377606
03218372286
03218371305
03218372630
03218379355
03218372649
03218379186
03218379668
03218376452
03218379299
03218371749
03218371579
03218379786
03218374432
03218377890
03218379642
03218374997
03218376744
03218379875
03218373934
03218379640
03218378896
03218377634
03218372670
03218375708
03218378048
03218375681
03218371993
03218372180
03218371102
03218379377
03218377287
03218377000
03218375725
03218372500
03218376872
03218377818
03218373162
03218379713
03218378951
03218378828
03218379793
03218376447
03218374109
03218371864
03218371664
03218379078
03218379525
03218375897
03218379979
03218372816
03218379257
03218379266
03218376934
03218373914
03218376395
03218372944
03218373041
03218373018
03218376756
03218379219
03218375114
03218379233
03218375182
03218375553
03218377927
03218377713
03218371529
03218373576
03218377347
03218378688
03218377265
03218379734
03218374834
03218378094
03218372896
03218375663
03218375469
03218371847
03218371861
03218377843
03218373904
03218379896
03218373144
03218378326
03218377736
03218375597
03218371128
03218377030
03218373222
03218373548
03218378662
03218379847
03218374587
03218379720
03218377697
03218375865
03218379269
03218375407
03218376672
03218376550
03218375309
03218378139
03218372557
03218377795
03218374831
03218375582
03218375241
03218372671
03218374534
03218377654
03218373632
03218377278
03218379057
03218371195
03218375409
03218373712
03218378803
03218371797
03218371025
03218379728
03218372095
03218373063
03218375146
03218374438
03218372508
03218378634
03218378861
03218371430
03218375572
03218373112
03218378615
03218377671
03218376146
03218376663
03218371972
03218374351
03218374986
03218373763
03218373868
03218378026
03218378700
03218372439
03218372643
03218372132
03218379820
03218373913
03218377032
03218371818
03218373721
03218371194
03218376040
03218371336
03218374879
03218373065
03218372565
03218371091
03218376763
03218374871
03218375086
03218379464
03218379420
03218378334
03218372035
03218373937
03218375539
03218376834
03218374661
03218377846
03218372568
03218379270
03218377052
03218374271
03218375635
03218376943
03218379477
03218375368
03218374532
03218379864
03218374257
03218378804
03218376965
03218379447
03218373434
03218378661
03218371938
03218379675
03218372303
03218379417
03218378395
03218375192
03218373784
03218371391
03218371958
03218374459
03218378343
03218371285
03218376970
03218377961
03218373409
03218372305
03218374988
03218377604
03218375994
03218371626
03218378138
03218372622
03218376738
03218375452
03218375462
03218376066
03218379152
03218377200
03218376611
03218372352
03218371691
03218371425
03218371698
03218377112
03218379423
03218372401
03218373109
03218373649
03218376904
03218375720
03218371517
03218371339
03218379904
03218371628
03218376209
03218379799
03218374658
03218372172
03218376590
03218371567
03218377403
03218377845
03218371814
03218378416
03218375497
03218377568
03218374304
03218373379
03218373000
03218379791
03218376375
03218372683
03218377312
03218376053
03218378758
03218371394
03218371532
03218377107
03218373545
03218375337
03218373731
03218378607
03218375488
03218376633
03218378229
03218377324
03218372829
03218371233
03218377010
03218379171
03218376416
03218371209
03218372984
03218375161
03218374502
03218372362
03218374906
03218374103
03218376035
03218377785
03218378087
03218371221
03218374393
03218379247
03218374684
03218374516
03218371679
03218373531
03218375275
03218371747
03218371271
03218372252
03218374128
03218373446
03218374224
03218373322
03218376300
03218379539
03218374110
03218374777
03218371012
03218371732
03218376692
03218371477
03218378132
03218377732
03218373159
03218371880
03218374763
03218377683
03218373058
03218373959
03218372153
03218375470
03218377259
03218372778
03218376174
03218371541
03218379441
03218377908
03218376492
03218371536
03218371856
03218377054
03218379185
03218371957
03218373831
03218379165
03218372010
03218377396
03218371369
03218375522
03218379313
03218376524
03218371255
03218372711
03218372808
03218375298
03218373967
03218378287
03218377095
03218378957
03218376241
03218376661
03218377097
03218378089
03218375814
03218375423
03218372543
03218373727
03218371055
03218377801
03218379246
03218371022
03218372507
03218377304
03218376356
03218372025
03218378881
03218375769
03218376144
03218374707
03218379843
03218372216
03218372277
03218373428
03218372434
03218374786
03218374820
03218372454
03218377496
03218371925
03218377106
03218378540
03218378859
03218379945
03218379792
03218372526
03218376236
03218371395
03218373002
03218374797
03218374981
03218371449
03218377627
03218379657
03218374808
03218374342
03218377721
03218372484
03218374365
03218373498
03218371140
03218372126
03218371695
03218371039
03218371817
03218371365
03218377657
03218372893
03218376944
03218371064
03218379479
03218378883
03218374051
03218378249
03218377307
03218379846
03218377831
03218379028
03218376137
03218377103
03218375399
03218375259
03218371386
03218376374
03218372875
03218377903
03218373383
03218379180
03218378052
03218375771
03218378020
03218373155
03218372189
03218372647
03218378720
03218371796
03218379881
03218375115
03218378218
03218373864
03218371448
03218379218
03218374069
03218379510
03218375999
03218378010
03218376640
03218376847
03218371587
03218372981
03218376527
03218374913
03218376678
03218373463
03218377596
03218372787
03218375164
03218372067
03218378801
03218379856
03218374248
03218376893
03218379972
03218374085
03218379086
03218374217
03218379099
03218379018
03218375797
03218379941
03218379749
03218371871
03218378475
03218372276
03218377637
03218377853
03218379740
03218376722
03218372516
03218371480
03218371969
03218378566
03218378862
03218371427
03218379954
03218371614
03218374337
03218372309
03218377660
03218374312
03218374708
03218379794
03218374249
03218371297
03218373962
03218378011
03218377494
03218377619
03218376082
03218371416
03218378686
03218373742
03218371948
03218372079
03218374977
03218379952
03218372410
03218378723
03218371689
03218378133
03218376931
03218376150
03218377884
03218374815
03218378412
03218379785
03218378323
03218372376
03218378780
03218372428
03218379272
03218378058
03218375084
03218378459
03218371390
03218377567
03218377132
03218371467
03218374542
03218374443
03218374180
03218376346
03218371239
03218372718
03218379352
03218376334
03218374595
03218375455
03218379891
03218379730
03218373855
03218373630
03218376932
03218379838
03218377711
03218371647
03218375110
03218374729
03218375328
03218375511
03218376922
03218378547
03218375740
03218373592
03218375056
03218372971
03218372743
03218378419
03218378222
03218372708
03218373776
03218373528
03218377704
03218373703
03218374203
03218374562
03218372314
03218378826
03218378221
03218377288
03218379292
03218374245
03218374083
03218372162
03218377105
03218372802
03218376755
03218377240
03218379592
03218375019
03218375888
03218378248
03218377576
03218373856
03218377717
03218378575
03218372121
03218376321
03218378365
03218376860
03218372296
03218375299
03218373458
03218374177
03218379182
03218377457
03218372071
03218377257
03218375017
03218374149
03218378043
03218377598
03218379040
03218379808
03218372374
03218375436
03218375670
03218377762
03218371952
03218374246
03218374855
03218372429
03218377374
03218379647
03218374071
03218378036
03218376920
03218376398
03218376625
03218378302
03218377820
03218372487
03218372925
03218378799
03218377788
03218373811
03218371858
03218372224
03218374935
03218376698
03218372176
03218376601
03218376474
03218371720
03218377951
03218374968
03218371771
03218375453
03218379037
03218372334
03218374515
03218372456
03218372074
03218371367
03218373563
03218374326
03218379700
03218375656
03218378825
03218371152
03218374905
03218377633
03218379762
03218378622
03218379523
03218371380
03218379195
03218374242
03218375234
03218374490
03218377079
03218373122
03218374838
03218373509
03218374822
03218378426
03218379222
03218371741
03218372220
03218376018
03218371257
03218371824
03218379928
03218377826
03218374002
03218373783
03218376014
03218375169
03218372269
03218375964
03218371897
03218372656
03218373877
03218374756
03218374889
03218378297
03218379893
03218371794
03218378161
03218375350
03218372250
03218375296
03218379298
03218376038
03218373344
03218372251
03218373963
03218376765
03218374680
03218378231
03218377072
03218372340
03218371033
03218379100
03218372397
03218379709
03218375126
03218373366
03218379646
03218377360
03218373015
03218378728
03218377839
03218377269
03218375184
03218378195
03218378123
03218379612
03218372420
03218374690
03218379066
03218374317
03218376154
03218376195
03218376901
03218377397
03218376160
03218378584
03218378708
03218375899
03218375849
03218372926
03218371586
03218375514
03218377041
03218378966
03218375850
03218375229
03218371981
03218379757
03218371164
03218376928
03218375312
03218373310
03218371481
03218372707
03218376537
03218373166
03218378467
03218377725
03218378774
03218375396
03218372990
03218378183
03218378003
03218378107
03218374975
03218376987
03218371568
03218371404
03218375559
03218376274
03218378691
03218377712
03218375766
03218372321
03218372810
03218378628
03218371998
03218376388
03218377751
03218376842
03218374358
03218377370
03218374196
03218375510
03218379327
03218372673
03218379684
03218378514
03218378266
03218378597
03218371479
03218372661
03218379170
03218378523
03218378431
03218373321
03218374012
03218379609
03218377782
03218374193
03218377299
03218375152
03218375116
03218377133
03218377061
03218378066
03218371593
03218374507
03218372883
03218377398
03218373702
03218373873
03218377539
03218375673
03218377078
03218379541
03218377580
03218371902
03218376292
03218374028
03218372675
03218374403
03218371458
03218376326
03218378999
03218372109
03218376838
03218379427
03218374697
03218379699
03218372210
03218376989
03218373908
03218378519
03218375610
03218374423
03218373073
03218377343
03218379505
03218376164
03218375301
03218375939
03218377376
03218378964
03218377121
03218375429
03218374019
03218375217
03218375996
03218377881
03218377507
03218374991
03218377993
03218372034
03218371717
03218378948
03218374244
03218374869
03218379613
03218375403
03218373302
03218379980
03218374513
03218378170
03218374789
03218372595
03218374702
03218377560
03218372911
03218371751
03218379818
03218375842
03218375378
03218372590
03218376741
03218374009
03218371256
03218375218
03218371229
03218374929
03218376594
03218379455
03218378142
03218372274
03218372502
03218371781
03218376414
03218374027
03218371276
03218375125
03218376519
03218379134
03218375580
03218376012
03218376204
03218375141
03218371441
03218371561
03218374574
03218375734
03218374803
03218372238
03218371676
03218373568
03218379667
03218372425
03218374746
03218374239
03218372227
03218372170
03218376103
03218373573
03218376329
03218371745
03218372914
03218373250
03218372260
03218372801
03218377709
03218372093
03218374378
03218376709
03218374033
03218374390
03218379809
03218373464
03218379199
03218375457
03218371001
03218379323
03218379045
03218371307
03218371543
03218373298
03218371490
03218373040
03218378792
03218379707
03218379460
03218378609
03218375483
03218371274
03218372155
03218372770
03218375332
03218374771
03218378986
03218372542
03218371349
03218377178
03218374328
03218371761
03218377734
03218378108
03218374555
03218379955
03218374189
03218379319
03218376981
03218376132
03218377882
03218375272
03218375867
03218372680
03218375825
03218379265
03218372928
03218372577
03218375503
03218372788
03218375840
03218371171
03218377160
03218377859
03218375739
03218374919
03218372002
03218373736
03218378753
03218379827
03218373583
03218376554
03218372476
03218374052
03218376189
03218379501
03218379112
03218374348
03218372983
03218373456
03218374264
03218377761
03218374422
03218377588
03218374174
03218372350
03218371896
03218379204
03218375081
03218376958
03218371376
03218373294
03218372294
03218371740
03218374043
03218373460
03218372709
03218377303
03218377372
03218375857
03218375546
03218379878
03218371282
03218374030
03218372208
03218373264
03218372972
03218376383
03218373290
03218379208
03218371557
03218374722
03218373338
03218373034
03218378665
03218378391
03218377689
03218371748
03218373415
03218371598
03218376950
03218371251
03218376187
03218373881
03218376141
03218371352
03218379358
03218373988
03218372096
03218373950
03218375170
03218376253
03218375282
03218378526
03218378370
03218375561
03218378534
03218372859
03218376982
03218371636
03218374933
03218379032
03218378765
03218375544
03218377760
03218378259
03218374240
03218377963
03218378361
03218373759
03218371588
03218377608
03218375790
03218376621
03218379236
03218376968
03218374616
03218377286
03218376034
03218378012
03218375323
03218376700
03218379773
03218371409
03218376945
03218377163
03218378889
03218371522
03218377653
03218371638
03218377310
03218371476
03218374302
03218374852
03218379595
03218371253
03218371697
03218371678
03218375080
03218372272
03218377667
03218379781
03218375764
03218376217
03218376531
03218371685
03218372922
03218379932
03218372642
03218371646
03218373129
03218372228
03218373806
03218378908
03218372931
03218378974
03218371962
03218374947
03218379586
03218378538
03218372288
03218378377
03218377033
03218371826
03218376726
03218375439
03218375750
03218377906
03218372832
03218376406
03218376289
03218374412
03218379747
03218375271
03218377959
03218371688
03218376072
03218379378
03218379465
03218378968
03218374361
03218372839
03218373835
03218376754
03218375706
03218373064
03218378808
03218379936
03218379413
03218377387
03218372541
03218372562
03218377333
03218377068
03218372929
03218373751
03218379009
03218379082
03218379483
03218371292
03218372117
03218378517
03218378398
03218379079
03218371500
03218377264
03218373672
03218375028
03218374144
03218377852
03218372045
03218371999
03218378712
03218371694
03218377745
03218373006
03218379324
03218378643
03218373176
03218375270
03218376996
03218375807
03218378550
03218379687
03218377877
03218375386
03218375575
03218378021
03218372862
03218377483
03218375092
03218378331
03218373107
03218375029
03218376308
03218373846
03218377468
03218378776
03218372574
03218371273
03218374984
03218376667
03218372533
03218371865
03218371904
03218377475
03218374610
03218377778
03218371423
03218372558
03218373438
03218375628
03218378428
03218375976
03218379015
03218377058
03218372551
03218376098
03218377892
03218375243
03218372292
03218379787
03218374275
03218379340
03218378902
03218371825
03218376376
03218379385
03218372323
03218375227
03218378219
03218376776
03218373926
03218374930
03218373114
03218375077
03218377735
03218373184
03218371406
03218373969
03218372442
03218378657
03218372080
03218377523
03218378950
03218375975
03218371516
03218374152
03218379766
03218378946
03218375560
03218377601
03218371096
03218375728
03218377855
03218375356
03218375419
03218379291
03218378118
03218376403
03218375979
03218373467
03218376219
03218377326
03218372819
03218372106
03218371968
03218374287
03218377417
03218372389
03218374478
03218376426
03218378975
03218378732
03218375163
03218379108
03218379320
03218377233
03218379105
03218374524
03218378829
03218373622
03218374164
03218379369
03218372032
03218375690
03218372758
03218379567
03218378351
03218378521
03218378944
03218372860
03218373355
03218378311
03218375945
03218373265
03218372068
03218373673
03218374131
03218378149
03218379599
03218378312
03218378900
03218379509
03218373131
03218373492
03218377256
03218376347
03218377679
03218377164
03218374101
03218379444
03218371154
03218378767
03218374832
03218373158
03218377720
03218371254
03218374255
03218375977
03218379368
03218379797
03218374904
03218377527
03218374922
03218378868
03218378613
03218378355
03218374363
03218376799
03218371549
03218371518
03218379958
03218374336
03218373204
03218379189
03218375148
03218378747
03218379529
03218378236
03218372465
03218379798
03218379177
03218378483
03218378307
03218376311
03218371995
03218371559
03218379638
03218372477
03218379290
03218374477
03218376871
03218371988
03218371129
03218372840
03218378040
03218379448
03218375937
03218373406
03218378947
03218375852
03218378836
03218377933
03218377987
03218372438
03218376255
03218373271
03218376494
03218373239
03218373822
03218375466
03218373289
03218371551
03218375492
03218373530
03218376534
03218373929
03218378937
03218372097
03218378258
03218378433
03218371035
03218377009
03218379682
03218376641
03218376592
03218371384
03218376382
03218376779
03218379701
03218376454
03218372569
03218374397
03218374980
03218375388
03218377266
03218377235
03218379095
03218375810
03218378175
03218376888
03218379294
03218374106
03218372544
03218375490
03218377124
03218378833
03218372396
03218372482
03218377258
03218378500
03218374553
03218379947
03218374118
03218373330
03218374220
03218374447
03218372712
03218378457
03218372000
03218373094
03218377102
03218378494
03218375267
03218372634
03218375875
03218371373
03218377947
03218373942
03218372090
03218377236
03218376411
03218376306
03218377524
03218379456
03218377537
03218374664
03218377936
03218374785
03218374972
03218377306
03218376717
03218375562
03218377526
03218376477
03218376404
03218371074
03218374034
03218372076
03218373778
03218372265
03218374999
03218371822
03218375839
03218376636
03218376402
03218378885
03218371046
03218377812
03218374470
03218378178
03218372089
03218371193
03218375417
03218378970
03218377870
03218379084
03218377143
03218371011
03218376096
03218378602
03218372818
03218373671
03218372803
03218371982
03218371148
03218379733
03218379873
03218371595
03218372890
03218374601
03218377318
03218375201
03218377244
03218375206
03218376093
03218375868
03218377753
03218376299
03218375067
03218375198
03218371803
03218373719
03218373972
03218377617
03218377234
03218373984
03218375247
03218376572
03218376324
03218371979
03218379372
03218373726
03218377591
03218371081
03218377356
03218373398
03218376723
03218375627
03218371868
03218378786
03218375971
03218372566
03218374605
03218372672
03218378225
03218375230
03218376878
03218377929
03218372873
03218374466
03218374955
03218373351
03218373430
03218374218
03218373709
03218378953
03218379495
03218377783
03218378256
03218379379
03218376276
03218376997
03218377363
03218376130
03218376213
03218371903
03218372754
03218373830
03218379215
03218378656
03218379855
03218376668
03218377958
03218376598
03218373282
03218379103
03218373510
03218377506
03218374380
03218373684
03218375686
03218377784
03218375304
03218379964
03218373997
03218376157
03218375872
03218376017
03218372414
03218375763
03218379552
03218373224
03218372404
03218377876
03218372681
03218373920
03218379617
03218377309
03218378407
03218371304
03218373799
03218377503
03218377834
03218378443
03218375812
03218378152
03218373789
03218378788
03218372027
03218374418
03218373479
03218378396
03218372900
03218379226
03218379107
03218371571
03218374528
03218374058
03218378469
03218377101
03218379735
03218373546
03218376505
03218373301
03218374024
03218378698
03218379716
03218374547
03218375861
03218375426
03218377419
03218374854
03218377194
03218371234
03218376733
03218378755
03218378024
03218373572
03218371227
03218377794
03218375519
03218377716
03218372281
03218379569
03218378926
03218375878
03218376153
03218372412
03218374730
03218376573
03218375882
03218378179
03218375869
03218374604
03218376064
03218373304
03218375009
03218377631
03218376887
03218376648
03218375015
03218375285
03218372307
03218378943
03218376342
03218371397
03218371727
03218374283
03218375424
03218371206
03218375524
03218371463
03218375526
03218376003
03218377081
03218372894
03218371548
03218376206
03218379721
03218378017
03218372888
03218377237
03218375961
03218376286
03218377674
03218379020
03218371101
03218372059
03218371830
03218376719
03218373444
03218374487
03218379783
03218375283
03218372062
03218378504
03218373874
03218372777
03218371966
03218378276
03218372440
03218378269
03218373706
03218373208
03218373740
03218372530
03218379768
03218371461
03218373277
03218372845
03218377401
03218377013
03218377590
03218378075
03218374701
03218376750
03218375624
03218379691
03218379206
03218377148
03218377901
03218375978
03218378226
03218376193
03218376373
03218378411
03218377399
03218375308
03218372315
03218378702
03218376405
03218379160
03218374713
03218375661
03218376643
03218373156
03218372620
03218374548
03218371737
03218374987
03218373251
03218371217
03218379664
03218374463
03218373077
03218378159
03218372178
03218371495
03218371265
03218376417
03218376753
03218373036
03218371346
03218377998
03218374232
03218376714
03218378498
03218377340
03218372703
03218375737
03218375026
03218371594
03218376466
03218376909
03218374195
03218376033
03218372014
03218376028
03218378293
03218372881
03218373927
03218373113
03218378393
03218378710
03218378039
03218376942
03218371616
03218372084
03218374184
03218372086
03218371311
03218377444
03218371153
03218378486
03218371068
03218377553
03218372744
03218374226
03218378264
03218373413
03218376223
03218377152
03218372290
03218372843
03218376567
03218378341
03218376609
03218377311
03218379732
03218379934
03218377467
03218372246
03218373745
03218372614
03218373323
03218373804
03218374031
03218378895
03218373828
03218374908
03218376681
03218376279
03218371262
03218373689
03218371499
03218376694
03218377731
03218374868
03218376892
03218373585
03218375795
03218375178
03218372317
03218372762
03218371342
03218374512
03218379719
03218371631
03218377581
03218379419
03218373777
03218374882
03218376936
03218372064
03218379543
03218374163
03218372346
03218376986
03218371603
03218379386
03218378177
03218377472
03218372867
03218371420
03218371400
03218374792
03218377215
03218377157
03218377201
03218375447
03218376870
03218372918
03218375106
03218378330
03218371006
03218379097
03218372969
03218372490
03218376758
03218374446
03218377298
03218375762
03218378932
03218375666
03218372308
03218374296
03218375485
03218378113
03218372092
03218379514
03218379589
03218375723
03218373875
03218374350
03218376513
03218372747
03218374331
03218372987
03218371020
03218379399
03218375588
03218378360
03218379546
03218378877
03218377528
03218372329
03218371296
03218373345
03218374354
03218379342
03218371180
03218374405
03218376048
03218378818
03218371408
03218378677
03218372693
03218374313
03218377093
03218372692
03218371422
03218379249
03218376177
03218376977
03218376630
03218373168
03218373645
03218377889
03218378432
03218377966
03218374408
03218375859
03218374558
03218378137
03218376512
03218379661
