03218246283
03218248425
03218248265
03218249972
03218247638
03218245304
03218241683
03218245578
03218246245
03218249323
03218241353
03218242643
03218241807
03218247896
03218247174
03218242857
03218241754
03218247566
03218242268
03218243468
03218248490
03218246429
03218242561
03218244988
03218241489
03218247748
03218247467
03218241649
03218249393
03218244607
03218242134
03218249700
03218243980
03218243914
03218242274
03218248573
03218248105
03218248405
03218249014
03218245505
03218248429
03218247499
03218244008
03218247761
03218242547
03218242585
03218245571
03218244878
03218246830
03218245683
03218247792
03218247860
03218241481
03218241208
03218242743
03218245122
03218247829
03218248778
03218247673
03218241960
03218248035
03218249672
03218248195
03218243193
03218248942
03218249479
03218248992
03218244162
03218245062
03218241585
03218245127
03218241975
03218242420
03218244799
03218242441
03218241327
03218245163
03218241895
03218244514
03218247777
03218246450
03218241908
03218246119
03218242433
03218241066
03218245829
03218242982
03218248211
03218241184
03218246727
03218245539
03218245972
03218248088
03218244351
03218246968
03218243643
03218246092
03218241768
03218241767
03218244098
03218242665
03218245884
03218248787
03218247943
03218242681
03218248866
03218242666
03218246883
03218246785
03218247445
03218243222
03218246287
03218247074
03218246508
03218248413
03218243163
03218241179
03218246851
03218248399
03218241220
03218245452
03218246447
03218246711
03218248089
03218244358
03218241520
03218245803
03218249119
03218243798
03218246009
03218242351
03218249243
03218241942
03218242278
03218247885
03218249345
03218248518
03218249844
03218243969
03218248093
03218245714
03218244865
03218248064
03218249894
03218247134
03218247678
03218248605
03218249536
03218244916
03218243697
03218244265
03218244664
03218245037
03218242340
03218241232
03218244591
03218244507
03218241145
03218241079
03218247666
03218243646
03218244248
03218247044
03218246838
03218244566
03218246135
03218245277
03218247506
03218241882
03218248555
03218247250
03218247358
03218241845
03218244464
03218244385
03218248124
03218244261
03218241093
03218248654
03218244978
03218245570
03218246905
03218249938
03218246653
03218245709
03218244837
03218247372
03218248764
03218246303
03218244446
03218241465
03218243995
03218241020
03218243055
03218242568
03218241542
03218243328
03218248658
03218247409
03218241814
03218247414
03218241606
03218249387
03218246760
03218242954
03218247152
03218249384
03218243155
03218242215
03218242066
03218241268
03218247661
03218246197
03218248623
03218245168
03218242668
03218244510
03218249791
03218242912
03218249268
03218247850
03218249005
03218241408
03218241817
03218246581
03218247185
03218245603
03218243683
03218246840
03218248156
03218249226
03218248331
03218247265
03218241143
03218244794
03218245809
03218249151
03218245061
03218248310
03218241779
03218248954
03218241787
03218244907
03218245345
03218244704
03218243490
03218244741
03218247303
03218245918
03218246467
03218244766
03218242338
03218241536
03218245561
03218248634
03218244942
03218246372
03218249966
03218243781
03218249471
03218245375
03218242797
03218243112
03218248434
03218247865
03218241358
03218244024
03218247873
03218243898
03218243981
03218241794
03218246071
03218249621
03218246910
03218241236
03218242480
03218242112
03218249537
03218243350
03218241688
03218244459
03218245993
03218245729
03218245582
03218246159
03218245669
03218249436
03218249184
03218241280
03218248838
03218246404
03218246156
03218248674
03218246472
03218247480
03218243346
03218249465
03218246867
03218243404
03218241936
03218244672
03218246915
03218241380
03218245465
03218245510
03218249013
03218248032
03218245136
03218247485
03218241668
03218245837
03218249447
03218241424
03218243975
03218241872
03218245629
03218248442
03218241714
03218248229
03218244545
03218242610
03218246570
03218242119
03218249666
03218243894
03218243755
03218249134
03218242647
03218242074
03218246132
03218241413
03218247015
03218247543
03218244612
03218247146
03218247637
03218244299
03218241698
03218249611
03218248309
03218246709
03218242496
03218245607
03218247717
03218241022
03218245153
03218245175
03218247391
03218242062
03218249260
03218245798
03218241615
03218248066
03218247593
03218248351
03218249021
03218248454
03218249705
03218248034
03218244408
03218246431
03218247260
03218245365
03218248370
03218244567
03218246959
03218243810
03218249100
03218243696
03218247941
03218248148
03218241417
03218241624
03218246921
03218244021
03218244952
03218247198
03218245351
03218248456
03218249080
03218242918
03218243347
03218249854
03218248675
03218242841
03218246065
03218248347
03218242652
03218244583
03218241151
03218243386
03218245450
03218246698
03218244430
03218244369
03218249652
03218243232
03218246934
03218247396
03218241532
03218248748
03218244012
03218249455
03218249232
03218249914
03218245487
03218247326
03218247563
03218246368
03218243955
03218248239
03218248510
03218241875
03218249800
03218249065
03218248972
03218246335
03218246373
03218246875
03218243801
03218243812
03218249900
03218247766
03218244025
03218244710
03218249685
03218246413
03218248321
03218244662
03218243385
03218246833
03218246439
03218241450
03218242738
03218245098
03218244036
03218249819
03218243587
03218247017
03218241495
03218248458
03218245920
03218243514
03218247776
03218243432
03218247868
03218248424
03218245197
03218242375
03218247137
03218245654
03218245419
03218242007
03218243135
03218245888
03218247640
03218241150
03218243174
03218245633
03218246126
03218243847
03218247469
03218245042
03218243361
03218247615
03218246234
03218241237
03218242337
03218247055
03218246794
03218249307
03218248104
03218241196
03218242615
03218246253
03218248544
03218244769
03218243124
03218249737
03218247524
03218247731
03218244431
03218248315
03218246849
03218244322
03218243880
03218242179
03218242437
03218243842
03218245861
03218242332
03218242073
03218246045
03218242734
03218242190
03218243959
03218245440
03218248625
03218243601
03218243827
03218247784
03218249579
03218247540
03218241386
03218242605
03218242508
03218246388
03218246322
03218243628
03218248929
03218249300
03218244875
03218247775
03218242952
03218242544
03218246975
03218246031
03218245151
03218249881
03218246182
03218248291
03218242579
03218249164
03218249699
03218247442
03218242291
03218242788
03218244487
03218244742
03218246339
03218249832
03218245437
03218243352
03218245943
03218245750
03218246307
03218249105
03218241140
03218242805
03218241581
03218245206
03218247664
03218245672
03218241057
03218241752
03218244428
03218247659
03218245204
03218244313
03218245826
03218243343
03218246689
03218248880
03218247446
03218248099
03218244812
03218242172
03218242116
03218244083
03218247514
03218249191
03218241032
03218248844
03218245041
03218247339
03218249773
03218242120
03218248118
03218242236
03218244626
03218247115
03218249772
03218247635
03218247312
03218248680
03218245588
03218245518
03218249254
03218246869
03218248861
03218248264
03218243040
03218246139
03218242486
03218244872
03218249464
03218241122
03218249720
03218248158
03218241865
03218245819
03218241471
03218245583
03218246882
03218246974
03218246052
03218241223
03218248570
03218246644
03218242819
03218243724
03218248327
03218247177
03218243006
03218241857
03218243436
03218248495
03218242425
03218247903
03218249182
03218241778
03218243411
03218249982
03218242511
03218242000
03218241199
03218247287
03218247247
03218241113
03218244905
03218248957
03218247907
03218241816
03218245841
03218244730
03218241797
03218245426
03218248543
03218243558
03218248785
03218246041
03218244540
03218244713
03218248962
03218243014
03218246028
03218242627
03218247295
03218242682
03218244041
03218248059
03218245601
03218244371
03218248161
03218245774
03218248765
03218249916
03218245530
03218247914
03218244767
03218245360
03218247165
03218247127
03218241638
03218243069
03218243881
03218244344
03218241094
03218243185
03218243941
03218247971
03218242237
03218247807
03218244233
03218242625
03218248486
03218247609
03218248703
03218245224
03218247781
03218249129
03218247426
03218247264
03218242768
03218244793
03218244809
03218244694
03218248126
03218244294
03218242313
03218245887
03218244390
03218249557
03218243414
03218245909
03218242284
03218242946
03218244874
03218241659
03218246400
03218243537
03218249742
03218247290
03218246064
03218245194
03218247585
03218247997
03218244212
03218245804
03218241112
03218249551
03218245815
03218248198
03218242993
03218248635
03218245494
03218248346
03218248235
03218248928
03218244195
03218242793
03218242940
03218244828
03218242907
03218247470
03218241025
03218246390
03218249231
03218243836
03218245067
03218243476
03218247650
03218247822
03218243708
03218249099
03218246015
03218242929
03218247889
03218243753
03218242302
03218246358
03218246696
03218242619
03218246383
03218245843
03218248202
03218247880
03218244901
03218245463
03218241395
03218249055
03218248115
03218246109
03218243270
03218242254
03218242757
03218246476
03218243186
03218249413
03218241881
03218247993
03218244489
03218243893
03218242620
03218242564
03218248057
03218241893
03218246434
03218246243
03218242209
03218246524
03218241626
03218242822
03218248509
03218244329
03218248373
03218243671
03218244420
03218249535
03218241712
03218246844
03218243257
03218246452
03218247361
03218246991
03218244339
03218246175
03218245767
03218245542
03218243712
03218243987
03218242281
03218242898
03218242939
03218244215
03218246836
03218246011
03218249952
03218248901
03218247551
03218247341
03218242430
03218241305
03218246280
03218244052
03218247049
03218249362
03218246111
03218243095
03218241065
03218241472
03218245791
03218246441
03218243775
03218249109
03218244522
03218242048
03218245474
03218242732
03218243422
03218246595
03218247497
03218242709
03218246499
03218248460
03218246627
03218243435
03218242869
03218243301
03218249326
03218243337
03218244237
03218241570
03218249660
03218246937
03218246786
03218247842
03218249932
03218242103
03218241044
03218245944
03218244107
03218248971
03218245125
03218241254
03218246381
03218245503
03218241867
03218244116
03218249008
03218244709
03218248783
03218246216
03218249612
03218244635
03218244438
03218247400
03218248603
03218242489
03218243103
03218246743
03218242205
03218249449
03218247584
03218248688
03218244889
03218243489
03218244491
03218244753
03218242556
03218248601
03218247528
03218243334
03218245372
03218247054
03218247365
03218241434
03218245209
03218249527
03218242787
03218249209
03218246264
03218243207
03218244702
03218244139
03218245202
03218241003
03218242227
03218242920
03218241804
03218248796
03218246374
03218243179
03218244029
03218247893
03218248051
03218242083
03218241300
03218241238
03218241055
03218245531
03218248774
03218247216
03218249417
03218246863
03218242864
03218241513
03218241682
03218247995
03218249788
03218244001
03218249686
03218247598
03218245300
03218243567
03218248258
03218248255
03218245982
03218248810
03218249309
03218248758
03218241315
03218249394
03218248213
03218245090
03218241906
03218246428
03218244356
03218242901
03218247500
03218249671
03218242228
03218245011
03218243502
03218241565
03218241933
03218243509
03218241665
03218247544
03218247523
03218243892
03218241641
03218246782
03218245497
03218242087
03218242799
03218249548
03218249964
03218247906
03218248923
03218247468
03218244651
03218246422
03218249775
03218241566
03218245432
03218247712
03218246501
03218245369
03218246911
03218242002
03218246325
03218247481
03218246590
03218248438
03218241286
03218248879
03218245343
03218247423
03218247753
03218247760
03218248308
03218242654
03218244700
03218242264
03218247104
03218242843
03218242641
03218248858
03218245242
03218247768
03218245956
03218244997
03218245702
03218247390
03218245083
03218246493
03218243974
03218243495
03218245762
03218242765
03218246209
03218241109
03218248677
03218249026
03218245316
03218241499
03218249715
03218246890
03218248114
03218248754
03218245057
03218241801
03218249891
03218243105
03218243184
03218244068
03218249360
03218241861
03218241347
03218245330
03218243882
03218249640
03218242677
03218241815
03218247046
03218247435
03218246506
03218249889
03218248491
03218243586
03218248077
03218247526
03218241142
03218244748
03218241967
03218245320
03218241834
03218245589
03218241735
03218241977
03218243308
03218249906
03218244134
03218243901
03218244142
03218244861
03218245144
03218245675
03218241466
03218243589
03218244213
03218246299
03218241708
03218243200
03218246656
03218243309
03218249519
03218245107
03218246541
03218248218
03218247112
03218246655
03218244219
03218241656
03218248996
03218244444
03218248506
03218247140
03218243300
03218242604
03218245746
03218243629
03218248574
03218242933
03218241851
03218249675
03218241159
03218247305
03218245177
03218245475
03218242279
03218242457
03218248201
03218243364
03218245916
03218246788
03218247486
03218246679
03218247022
03218249198
03218243513
03218244568
03218249899
03218244051
03218249421
03218249680
03218249280
03218242173
03218244690
03218248542
03218245953
03218248902
03218243391
03218247890
03218246871
03218243520
03218242164
03218243531
03218248242
03218247384
03218245816
03218248260
03218242987
03218246901
03218249837
03218245172
03218242653
03218244239
03218243036
03218242736
03218242219
03218241125
03218246053
03218242598
03218243177
03218246027
03218247373
03218248584
03218244432
03218245446
03218246224
03218243158
03218244857
03218245666
03218245271
03218242515
03218241161
03218246692
03218242378
03218242336
03218249518
03218243993
03218241614
03218245670
03218247466
03218249565
03218244976
03218245064
03218244278
03218245101
03218244980
03218249676
03218245737
03218245359
03218241455
03218243613
03218242013
03218247796
03218246293
03218248967
03218245549
03218241943
03218249704
03218242889
03218244892
03218245906
03218246043
03218243691
03218249156
03218241484
03218246842
03218243921
03218246895
03218242817
03218245691
03218245291
03218243208
03218242503
03218243254
03218241485
03218248722
03218247504
03218248091
03218247700
03218245694
03218244805
03218249670
03218245966
03218242856
03218242574
03218243659
03218248932
03218244266
03218248526
03218248138
03218245754
03218248841
03218242541
03218241679
03218246321
03218242505
03218245602
03218248761
03218246251
03218247200
03218249634
03218243407
03218244951
03218248891
03218249874
03218244968
03218241651
03218243392
03218249141
03218248226
03218242089
03218243147
03218243809
03218247621
03218243117
03218241631
03218241757
03218245940
03218242622
03218249747
03218243977
03218245116
03218245730
03218242113
03218244611
03218245587
03218241182
03218245586
03218242097
03218246933
03218242464
03218243418
03218243221
03218249167
03218248708
03218244391
03218245617
03218244292
03218245133
03218246751
03218247870
03218245513
03218243204
03218243844
03218242820
03218249718
03218246504
03218244518
03218247677
03218242837
03218244279
03218249381
03218247806
03218241293
03218249624
03218249729
03218245043
03218244400
03218243949
03218242923
03218241716
03218241548
03218247004
03218245454
03218245361
03218245217
03218241373
03218247978
03218244712
03218248252
03218244112
03218242746
03218246914
03218248702
03218241490
03218245870
03218245761
03218243760
03218246236
03218243824
03218241952
03218247126
03218249664
03218242826
03218247950
03218242128
03218241272
03218242714
03218241049
03218244378
03218249475
03218247475
03218249061
03218249257
03218249306
03218242490
03218243093
03218248792
03218247180
03218246878
03218242814
03218249501
03218245697
03218242459
03218247052
03218245954
03218247787
03218241630
03218241517
03218244167
03218245553
03218248546
03218248961
03218248724
03218246762
03218246123
03218242840
03218245864
03218241164
03218242015
03218248395
03218246699
03218244503
03218246930
03218241333
03218243159
03218249054
03218243325
03218245415
03218246174
03218243484
03218241946
03218249419
03218242860
03218244232
03218247507
03218249240
03218243508
03218243765
03218246331
03218246846
03218246950
03218248336
03218245393
03218248657
03218243284
03218243837
03218247284
03218241007
03218247986
03218245220
03218243545
03218241929
03218245865
03218249949
03218249356
03218248084
03218246444
03218248303
03218249154
03218243190
03218243791
03218246585
03218247567
03218247902
03218244715
03218243401
03218249898
03218246349
03218242239
03218246919
03218248109
03218249122
03218245575
03218243224
03218244595
03218241253
03218245490
03218246799
03218241836
03218242719
03218244983
03218249322
03218245937
03218249503
03218246063
03218249492
03218247252
03218242728
03218249382
03218248197
03218244585
03218248804
03218243523
03218245579
03218243625
03218243029
03218249155
03218249975
03218247321
03218242846
03218249911
03218247901
03218248385
03218248301
03218249786
03218245731
03218247436
03218247772
03218249731
03218244639
03218249392
03218244955
03218246394
03218246192
03218246398
03218246667
03218246000
03218245259
03218243275
03218246256
03218249689
03218245827
03218248786
03218246475
03218246025
03218241602
03218241191
03218246996
03218248465
03218249945
03218249412
03218245275
03218242823
03218245167
03218242174
03218248448
03218249117
03218246535
03218241233
03218242385
03218243042
03218246510
03218248083
03218243903
03218245853
03218246208
03218244224
03218244386
03218241134
03218249516
03218249397
03218244246
03218249965
03218247932
03218246722
03218246588
03218249983
03218241089
03218245951
03218247379
03218249668
03218242256
03218246338
03218242512
03218245292
03218248149
03218247521
03218241351
03218244660
03218244561
03218244092
03218243203
03218247625
03218248599
03218249754
03218245726
03218241530
03218242289
03218245580
03218245796
03218243058
03218246058
03218248386
03218244643
03218246184
03218243952
03218246880
03218247886
03218241874
03218247884
03218241366
03218242435
03218242895
03218243370
03218242629
03218242358
03218241852
03218248446
03218248480
03218246166
03218246931
03218245857
03218249496
03218244896
03218249135
03218246707
03218248037
03218247908
03218249250
03218248905
03218248988
03218241111
03218247565
03218243291
03218249655
03218244867
03218242210
03218242411
03218244206
03218242049
03218242242
03218243227
03218241720
03218244943
03218248388
03218246275
03218247538
03218242739
03218246187
03218241212
03218245333
03218244721
03218241613
03218241139
03218241403
03218247209
03218247406
03218241070
03218249086
03218241299
03218244720
03218243976
03218247084
03218241058
03218248261
03218242042
03218249959
03218245665
03218246023
03218242344
03218243962
03218244080
03218242722
03218241289
03218245752
03218243206
03218243654
03218246877
03218247160
03218248277
03218243066
03218246673
03218247196
03218241591
03218242156
03218249312
03218241304
03218241885
03218246847
03218241681
03218247926
03218249170
03218245373
03218248110
03218249269
03218242147
03218247440
03218243128
03218244683
03218249591
03218244898
03218244154
03218245880
03218247644
03218247843
03218246815
03218248807
03218245303
03218247624
03218244384
03218247023
03218247399
03218242762
03218244073
03218243866
03218243031
03218248571
03218243739
03218243149
03218241418
03218249404
03218248904
03218245234
03218245279
03218244484
03218241503
03218249817
03218249233
03218248108
03218247605
03218246693
03218248002
03218242776
03218242379
03218244115
03218246582
03218249223
03218247296
03218241770
03218244981
03218244244
03218246237
03218243575
03218243700
03218249979
03218243265
03218245994
03218248920
03218243160
03218248711
03218248640
03218245486
03218246705
03218248915
03218245156
03218247380
03218249599
03218245795
03218241360
03218249033
03218248922
03218247937
03218244376
03218242713
03218248893
03218243123
03218245922
03218243579
03218247343
03218245532
03218248129
03218246694
03218247418
03218249081
03218242830
03218249615
03218246039
03218245404
03218243855
03218241095
03218242517
03218242145
03218241987
03218244330
03218247453
03218247600
03218248379
03218246638
03218247780
03218244342
03218247364
03218246313
03218242718
03218249619
03218247737
03218246682
03218246783
03218246768
03218246179
03218245066
03218241726
03218247163
03218242389
03218248382
03218241439
03218245522
03218247542
03218246941
03218249562
03218243192
03218247183
03218248097
03218246605
03218249168
03218248593
03218249816
03218241137
03218249189
03218243154
03218242526
03218241200
03218243584
03218241596
03218249869
03218241601
03218247019
03218247316
03218249276
03218245638
03218249150
03218245191
03218243835
03218242064
03218246007
03218244965
03218246426
03218243602
03218248394
03218247683
03218242297
03218248685
03218247010
03218243929
03218242537
03218241188
03218244797
03218241723
03218244604
03218245946
03218247071
03218247961
03218246173
03218249866
03218243074
03218244415
03218245235
03218242906
03218242770
03218247103
03218242586
03218249751
03218245961
03218244223
03218243354
03218246099
03218245189
03218242032
03218248621
03218242910
03218249706
03218244590
03218243504
03218245347
03218243101
03218245141
03218241925
03218247266
03218244283
03218245460
03218249229
03218241839
03218243736
03218243268
03218247062
03218245779
03218247393
03218249907
03218244141
03218244060
03218247967
03218248313
03218247166
03218243590
03218249608
03218249691
03218245983
03218243035
03218245881
03218246362
03218247726
03218241314
03218249836
03218248302
03218244291
03218246732
03218246329
03218241515
03218245845
03218243862
03218248763
03218241558
03218247131
03218246150
03218249443
03218244787
03218244758
03218249057
03218247658
03218244592
03218249477
03218246193
03218248468
03218244372
03218241954
03218244798
03218247270
03218245838
03218249769
03218241234
03218241983
03218249138
03218241321
03218249728
03218249738
03218244424
03218245903
03218245052
03218248686
03218249730
03218246918
03218246526
03218245606
03218246221
03218242177
03218243709
03218244814
03218245802
03218243046
03218246488
03218242275
03218246809
03218242333
03218244613
03218249674
03218246145
03218242803
03218245348
03218243437
03218249329
03218247920
03218243665
03218249782
03218244642
03218245427
03218241361
03218248576
03218246205
03218247892
03218244954
03218246181
03218249848
03218243239
03218247463
03218244117
03218249834
03218243570
03218249418
03218247243
03218244200
03218243722
03218242784
03218241736
03218244257
03218249761
03218243264
03218246033
03218245028
03218241382
03218243228
03218243756
03218248837
03218246720
03218248183
03218244719
03218245449
03218246622
03218249256
03218243588
03218246089
03218249547
03218245218
03218246719
03218245708
03218245223
03218243210
03218241704
03218241103
03218245792
03218244468
03218243634
03218242084
03218245193
03218245855
03218242827
03218243018
03218247205
03218242434
03218242735
03218249813
03218241172
03218247352
03218242524
03218248750
03218247100
03218241002
03218249195
03218245647
03218244543
03218243529
03218244860
03218247555
03218241982
03218249677
03218242125
03218247964
03218244368
03218243085
03218249526
03218245003
03218248883
03218248021
03218246812
03218248613
03218246906
03218244293
03218248356
03218243989
03218244295
03218246596
03218248821
03218249833
03218241587
03218246916
03218245272
03218241411
03218244382
03218244479
03218241849
03218246803
03218245134
03218242997
03218243747
03218246333
03218244573
03218248626
03218246763
03218243684
03218245929
03218246623
03218249199
03218247617
03218242136
03218247686
03218245072
03218242024
03218241367
03218245547
03218243252
03218244512
03218248877
03218248086
03218241156
03218249158
03218244500
03218247569
03218243754
03218244133
03218245056
03218247490
03218244089
03218248854
03218247689
03218248271
03218245527
03218247970
03218242058
03218244054
03218246072
03218243794
03218242246
03218247985
03218242455
03218241255
03218241014
03218244120
03218245660
03218246560
03218243417
03218249467
03218242262
03218248209
03218249929
03218241796
03218241567
03218243076
03218245110
03218247138
03218246801
03218246496
03218243396
03218249197
03218246608
03218244156
03218247793
03218245363
03218244803
03218245768
03218241678
03218244574
03218248231
03218243569
03218244887
03218241711
03218242110
03218248502
03218249795
03218245844
03218247973
03218242924
03218248725
03218247350
03218245030
03218247799
03218245627
03218245958
03218247085
03218244014
03218249963
03218247866
03218247214
03218248333
03218244104
03218243406
03218244161
03218246992
03218242035
03218242251
03218244894
03218243693
03218249067
03218241995
03218244121
03218244454
03218249176
03218244584
03218245719
03218247489
03218248467
03218241257
03218244217
03218243606
03218247020
03218244496
03218243777
03218244398
03218249787
03218242806
03218241733
03218248927
03218244498
03218246922
03218243375
03218246093
03218241572
03218242191
03218244072
03218248464
03218245378
03218248730
03218248799
03218244211
03218243770
03218244230
03218249576
03218244397
03218248374
03218246315
03218245231
03218243906
03218244823
03218248426
03218247334
03218241487
03218245834
03218247532
03218245800
03218244147
03218245298
03218244395
03218244876
03218248221
03218249277
03218248207
03218244235
03218248408
03218242229
03218242133
03218248150
03218249651
03218248144
03218245500
03218241695
03218247549
03218241464
03218243731
03218249017
03218247936
03218248430
03218241086
03218244205
03218243979
03218247983
03218247477
03218242394
03218247009
03218241316
03218241043
03218249867
03218249673
03218242707
03218245104
03218249354
03218247043
03218247651
03218247655
03218242990
03218244229
03218245243
03218248282
03218244572
03218246756
03218245546
03218242691
03218246212
03218249776
03218248024
03218248153
03218247257
03218244183
03218249918
03218241828
03218244841
03218249967
03218246360
03218241973
03218248095
03218247065
03218249750
03218249194
03218247821
03218245769
03218247176
03218243460
03218242930
03218247438
03218241860
03218247079
03218246944
03218246521
03218248806
03218243266
03218241774
03218244287
03218241169
03218242406
03218249002
03218245053
03218241092
03218247421
03218248403
03218241511
03218249435
03218248414
03218249422
03218247031
03218241911
03218242528
03218243176
03218245095
03218243340
03218249517
03218244253
03218249288
03218248828
03218246013
03218243533
03218249856
03218244600
03218241922
03218244770
03218247388
03218243928
03218249658
03218242796
03218249451
03218241187
03218245639
03218243843
03218247122
03218246704
03218245786
03218245862
03218241116
03218243478
03218246554
03218244749
03218245764
03218247293
03218248592
03218242390
03218245088
03218245902
03218243814
03218249642
03218247982
03218247657
03218245644
03218248329
03218248896
03218249955
03218241706
03218249308
03218245092
03218247670
03218248739
03218246606
03218248443
03218245704
03218249179
03218246620
03218243473
03218244363
03218244800
03218245285
03218244614
03218246578
03218246343
03218247241
03218247061
03218245643
03218248205
03218241494
03218247614
03218247833
03218241158
03218248224
03218246868
03218247338
03218246886
03218243081
03218241241
03218245540
03218242285
03218247207
03218249056
03218244176
03218248808
03218248803
03218243521
03218248556
03218241281
03218243107
03218243044
03218243999
03218242317
03218243611
03218243339
03218249448
03218247245
03218248991
03218244546
03218242609
03218243043
03218249752
03218246134
03218244178
03218247325
03218243122
03218249259
03218247053
03218242328
03218249370
03218247286
03218243064
03218242121
03218242938
03218247641
03218246552
03218248050
03218245179
03218242135
03218244550
03218243727
03218242422
03218246091
03218248766
03218245040
03218248216
03218249630
03218246199
03218245759
03218243769
03218248048
03218244377
03218248159
03218245991
03218241671
03218246324
03218241400
03218241634
03218245443
03218244306
03218241349
03218244057
03218246495
03218247429
03218245201
03218242407
03218241756
03218246490
03218243168
03218248287
03218247288
03218241154
03218248840
03218243433
03218242053
03218245945
03218248352
03218248561
03218244994
03218248393
03218244203
03218249188
03218241604
03218247402
03218241021
03218246267
03218243322
03218246866
03218244388
03218248770
03218244851
03218248567
03218245641
03218246157
03218247703
03218241791
03218247484
03218247966
03218241940
03218245689
03218248974
03218249470
03218245745
03218246355
03218245664
03218248240
03218243597
03218245005
03218249649
03218248952
03218244403
03218244964
03218246555
03218244288
03218244452
03218243282
03218249784
03218246081
03218249812
03218244900
03218249790
03218243851
03218244987
03218248723
03218244407
03218244970
03218246507
03218243986
03218246276
03218247827
03218247503
03218247668
03218249139
03218249805
03218247517
03218248767
03218246755
03218244362
03218243784
03218245087
03218247679
03218243776
03218245728
03218249454
03218242752
03218246686
03218244813
03218249696
03218242329
03218241467
03218248745
03218248254
03218242309
03218245386
03218246242
03218245182
03218248512
03218242075
03218243774
03218241186
03218245548
03218241758
03218245612
03218241663
03218241625
03218246259
03218243726
03218245904
03218245188
03218248743
03218248009
03218246108
03218241475
03218248200
03218242292
03218244011
03218246385
03218247215
03218248978
03218246642
03218243627
03218245854
03218247119
03218241994
03218248582
03218249583
03218247173
03218248074
03218245269
03218249431
03218247804
03218243936
03218249711
03218247347
03218241912
03218243251
03218245225
03218242943
03218246926
03218241266
03218245295
03218245901
03218244617
03218244114
03218242892
03218248617
03218245119
03218248169
03218244315
03218241131
03218246953
03218242978
03218246824
03218243214
03218242706
03218243916
03218246800
03218247935
03218247319
03218242632
03218247931
03218241894
03218246808
03218249974
03218243187
03218249821
03218246818
03218246793
03218245081
03218248906
03218249864
03218244094
03218242921
03218244010
03218243711
03218248559
03218246832
03218248494
03218247965
03218247297
03218248005
03218248995
03218249121
03218248780
03218242311
03218243423
03218242206
03218248340
03218242884
03218247097
03218248070
03218243725
03218247800
03218246855
03218248248
03218248643
03218241479
03218245564
03218245889
03218246611
03218245878
03218249566
03218249609
03218248013
03218241399
03218247552
03218242937
03218249497
03218245371
03218249735
03218246823
03218245059
03218246531
03218241194
03218241577
03218242266
03218246451
03218245058
03218249258
03218243668
03218247859
03218243942
03218245594
03218242461
03218247531
03218248461
03218241914
03218242326
03218244863
03218245502
03218244779
03218244328
03218242573
03218248907
03218248740
03218245031
03218247988
03218241561
03218245265
03218242140
03218243884
03218243260
03218246271
03218248132
03218242909
03218242204
03218241963
03218243694
03218243145
03218249425
03218246075
03218245926
03218246685
03218244760
03218249118
03218243071
03218248921
03218249542
03218241117
03218246648
03218246629
03218248062
03218249230
03218246647
03218244314
03218246703
03218249092
03218245046
03218247684
03218245886
03218247248
03218241935
03218241913
03218245634
03218244535
03218245455
03218249124
03218244638
03218242519
03218244280
03218245132
03218242661
03218242127
03218244019
03218242795
03218244729
03218245032
03218241612
03218249311
03218248056
03218249529
03218241673
03218248090
03218247628
03218241260
03218245932
03218247505
03218246964
03218245543
03218246029
03218242366
03218247025
03218246286
03218241362
03218244042
03218248246
03218241866
03218243623
03218246902
03218245068
03218249018
03218244022
03218241067
03218245109
03218247813
03218245615
03218245706
03218242502
03218249584
03218246195
03218244383
03218249289
03218245290
03218247764
03218249489
03218248471
03218244586
03218243024
03218243368
03218241282
03218241153
03218244199
03218246098
03218247220
03218242560
03218241909
03218246889
03218244005
03218246437
03218241855
03218247096
03218248215
03218246051
03218241410
03218248860
03218249009
03218248662
03218246723
03218242576
03218249161
03218245858
03218247413
03218242200
03218247356
03218243826
03218243614
03218249903
03218242472
03218244285
03218247494
03218245284
03218248853
03218242393
03218242599
03218242443
03218244508
03218245004
03218247395
03218243522
03218249944
03218243773
03218248307
03218242473
03218244688
03218249383
03218248028
03218249803
03218244601
03218243015
03218247545
03218246536
03218241320
03218247292
03218249948
03218245019
03218241653
03218249756
03218242847
03218241205
03218242862
03218246218
03218244165
03218245646
03218241812
03218249469
03218247881
03218242590
03218246962
03218241993
03218246229
03218247750
03218249996
03218243568
03218246214
03218244932
03218247335
03218246940
03218248383
03218242679
03218242371
03218245673
03218246503
03218248656
03218242429
03218243655
03218241540
03218247989
03218245885
03218243580
03218249904
03218242584
03218249962
03218247512
03218242077
03218245597
03218244834
03218245649
03218249614
03218246957
03218246096
03218245626
03218241368
03218241582
03218247573
03218246912
03218247929
03218242028
03218246943
03218247915
03218241218
03218244859
03218243596
03218245027
03218248630
03218243822
03218241009
03218246780
03218244040
03218248616
03218246939
03218247483
03218249500
03218246549
03218242033
03218242462
03218245481
03218244138
03218249577
03218249364
03218248771
03218247387
03218245739
03218242030
03218246340
03218243750
03218248208
03218246920
03218249544
03218248956
03218247933
03218241500
03218242640
03218246571
03218243701
03218245782
03218244422
03218248721
03218248756
03218243546
03218249545
03218247699
03218246903
03218246870
03218247202
03218244676
03218245322
03218241228
03218246246
03218242247
03218245112
03218242917
03218245558
03218242115
03218247930
03218242108
03218241498
03218245662
03218242989
03218242964
03218241573
03218246983
03218248483
03218246795
03218245252
03218242341
03218242611
03218243359
03218246641
03218246958
03218243608
03218244786
03218241431
03218246772
03218248973
03218244196
03218245070
03218246204
03218245352
03218243763
03218246364
03218248344
03218242294
03218249578
03218245063
03218241278
03218243710
03218242129
03218241105
03218249594
03218246348
03218246005
03218246106
03218241230
03218248479
03218249669
03218248145
03218248288
03218249596
03218246628
03218247047
03218241759
03218244346
03218245262
03218243507
03218241927
03218241854
03218249205
03218246131
03218244602
03218243455
03218245984
03218242258
03218247105
03218249245
03218244421
03218249909
03218246012
03218249224
03218241702
03218249278
03218242532
03218247411
03218244476
03218242546
03218243799
03218242001
03218249420
03218245882
03218245124
03218249375
03218249274
03218241028
03218243538
03218243542
03218241810
03218249749
03218241183
03218244538
03218249917
03218249925
03218242831
03218247495
03218242702
03218249926
03218244312
03218248719
03218249789
03218242055
03218243982
03218243632
03218247685
03218249175
03218246646
03218241586
03218245758
03218243393
03218246370
03218249976
03218248887
03218244202
03218244930
03218241953
03218241985
03218244559
03218241904
03218242076
03218241155
03218241261
03218243051
03218245103
03218249347
03218246715
03218244819
03218242154
03218246116
03218243497
03218245362
03218248779
03218248330
03218246154
03218246532
03218241100
03218248181
03218243944
03218243293
03218241830
03218246318
03218246733
03218245230
03218241421
03218242477
03218246423
03218246124
03218241543
03218246534
03218241242
03218246677
03218241551
03218242047
03218244619
03218245836
03218244598
03218242631
03218246228
03218244478
03218245544
03218243079
03218249106
03218244650
03218241026
03218248085
03218245390
03218248404
03218243639
03218247073
03218249237
03218247236
03218249166
03218249620
03218248825
03218246543
03218241245
03218243152
03218242360
03218247231
03218243687
03218243527
03218249001
03218246942
03218247150
03218243344
03218249732
03218245507
03218243466
03218243966
03218247643
03218242197
03218247525
03218245970
03218244858
03218242562
03218241497
03218248665
03218244558
03218247253
03218241217
03218243729
03218242220
03218244652
03218243573
03218246082
03218246938
03218247557
03218241938
03218246610
03218241916
03218249090
03218243016
03218243439
03218249571
03218247577
03218244171
03218243796
03218241173
03218248466
03218242410
03218244423
03218243353
03218246961
03218248501
03218246415
03218247000
03218244449
03218241038
03218241370
03218247765
03218241635
03218242896
03218244002
03218247282
03218243213
03218242766
03218249183
03218245910
03218249120
03218249528
03218241339
03218247492
03218241101
03218248457
03218242861
03218243156
03218241907
03218243127
03218243173
03218249746
03218242801
03218249157
03218243475
03218241307
03218248113
03218242111
03218243748
03218241792
03218249318
03218244667
03218247294
03218247909
03218244920
03218249698
03218248236
03218244941
03218246664
03218246130
03218245267
03218241823
03218243467
03218246753
03218245712
03218248960
03218247864
03218241099
03218242744
03218246665
03218249022
03218248193
03218243997
03218248206
03218241509
03218249986
03218249871
03218244000
03218247597
03218241981
03218247956
03218241827
03218248949
03218247136
03218241563
03218243919
03218247672
03218246511
03218241841
03218244985
03218241270
03218245948
03218248348
03218241957
03218249978
03218247631
03218248969
03218244960
03218241157
03218243318
03218249826
03218243175
03218248263
03218249628
03218248176
03218244838
03218245047
03218242040
03218241640
03218244373
03218246858
03218246327
03218241085
03218242008
03218248184
03218248323
03218241848
03218245377
03218242612
03218243988
03218245009
03218248515
03218247309
03218247728
03218247707
03218242699
03218241562
03218246222
03218243907
03218242362
03218245678
03218248633
03218248679
03218247619
03218249853
03218243023
03218241667
03218241059
03218247030
03218247063
03218248419
03218245008
03218249130
03218246831
03218249411
03218241576
03218244488
03218248100
03218241476
03218249485
03218245355
03218244936
03218245747
03218249679
03218248683
03218246660
03218249038
03218246876
03218243582
03218243943
03218246548
03218246740
03218246551
03218249114
03218243503
03218248162
03218245203
03218245200
03218242093
03218243288
03218249261
03218247188
03218241207
03218249325
03218247894
03218245438
03218243553
03218244276
03218244387
03218248983
03218245180
03218241457
03218243838
03218249458
03218244782
03218247527
03218245590
03218241318
03218248295
03218248895
03218247616
03218242054
03218242151
03218247817
03218248432
03218242310
03218248699
03218246440
03218249847
03218241717
03218245493
03218245622
03218248939
03218244343
03218243068
03218242203
03218242293
03218244470
03218241632
03218247219
03218243897
03218249402
03218244076
03218247307
03218246965
03218244609
03218242690
03218248473
03218249094
03218243280
03218247953
03218243728
03218248081
03218243873
03218241056
03218249048
03218242122
03218246432
03218249913
03218243211
03218243474
03218241575
03218242693
03218248931
03218247636
03218247839
03218248328
03218244622
03218242558
03218245238
03218249027
03218246527
03218246567
03218249957
03218244888
03218245069
03218243413
03218241775
03218242970
03218244096
03218248524
03218243758
03218242955
03218242926
03218246056
03218243458
03218243556
03218245102
03218242224
03218243516
03218246687
03218241192
03218242566
03218245700
03218244426
03218242442
03218245076
03218247377
03218248975
03218243571
03218241126
03218248060
03218248011
03218248058
03218243759
03218246672
03218241871
03218241837
03218248948
03218248270
03218247254
03218241800
03218242999
03218242853
03218246395
03218244581
03218246332
03218244164
03218248676
03218244146
03218248812
03218247642
03218244570
03218243667
03218243592
03218244311
03218249643
03218246589
03218246010
03218246320
03218247911
03218246317
03218247576
03218246210
03218248286
03218241813
03218247752
03218248595
03218243161
03218249811
03218244801
03218249457
03218246816
03218245111
03218243397
03218249531
03218243355
03218246263
03218247443
03218241008
03218244418
03218242466
03218244474
03218246482
03218247912
03218245979
03218249294
03218245380
03218241048
03218248882
03218245650
03218242786
03218241518
03218248453
03218242812
03218244308
03218244636
03218241277
03218247831
03218246744
03218246717
03218246487
03218241119
03218245941
03218245337
03218248319
03218241545
03218243633
03218247149
03218241435
03218243331
03218242306
03218247381
03218244734
03218242554
03218243310
03218248439
03218245828
03218244331
03218249653
03218247568
03218244701
03218241463
03218245592
03218247762
03218249709
03218243281
03218247448
03218243199
03218246908
03218246519
03218249324
03218246754
03218247255
03218244365
03218245294
03218242080
03218244189
03218248047
03218241609
03218241041
03218247769
03218245685
03218247738
03218248839
03218247745
03218249618
03218245024
03218247654
03218241920
03218249586
03218242616
03218246019
03218248157
03218247098
03218243512
03218249717
03218247452
03218246514
03218242471
03218242240
03218249678
03218248638
03218242873
03218249015
03218241226
03218243857
03218244180
03218247639
03218243167
03218244032
03218241454
03218245974
03218242250
03218248587
03218244226
03218243641
03218241231
03218246924
03218247944
03218247975
03218243852
03218247007
03218246101
03218243630
03218248360
03218248759
03218245914
03218242339
03218241174
03218244525
03218241080
03218246387
03218243363
03218244789
03218242104
03218243025
03218244593
03218249663
03218247320
03218241535
03218245039
03218245157
03218245470
03218243094
03218246393
03218243867
03218244136
03218241886
03218247947
03218249355
03218243462
03218247159
03218243450
03218242772
03218242737
03218247519
03218243771
03218246255
03218242888
03218247891
03218242045
03218246681
03218242386
03218249639
03218248527
03218248597
03218247690
03218242520
03218249227
03218246576
03218242902
03218244157
03218242181
03218247028
03218241737
03218249077
03218246213
03218244548
03218244327
03218241699
03218246839
03218247849
03218247171
03218245975
03218242090
03218242325
03218245496
03218244935
03218244259
03218249468
03218245317
03218241751
03218243510
03218246120
03218242098
03218247604
03218246172
03218249148
03218246897
03218243849
03218246544
03218247588
03218249073
03218246035
03218245848
03218242815
03218243934
03218244740
03218246465
03218241783
03218241383
03218246153
03218244046
03218245035
03218241555
03218244833
03218246249
03218248959
03218244020
03218247674
03218245213
03218249371
03218246067
03218246110
03218247383
03218241432
03218245353
03218246265
03218249481
03218245860
03218241259
03218245996
03218241206
03218242444
03218246341
03218248953
03218243387
03218243674
03218247168
03218244675
03218241294
03218242506
03218244918
03218244126
03218249984
03218249478
03218249416
03218242779
03218244649
03218247630
03218245955
03218248911
03218244939
03218242816
03218242044
03218242312
03218249202
03218243372
03218248485
03218244375
03218241136
03218248507
03218241727
03218248760
03218245618
03218246238
03218241458
03218249025
03218249538
03218249774
03218242082
03218244275
03218244481
03218247351
03218248474
03218244556
03218249267
03218249111
03218246178
03218246433
03218243565
03218242773
03218244023
03218243598
03218244934
03218246103
03218248267
03218242346
03218242983
03218247537
03218245512
03218245331
03218241955
03218245775
03218248823
03218249400
03218245560
03218244458
03218249221
03218241496
03218249299
03218243828
03218244392
03218243539
03218249607
03218245402
03218246294
03218242740
03218247998
03218242621
03218241899
03218241204
03218247814
03218248568
03218247601
03218247439
03218248053
03218247441
03218248378
03218245642
03218249395
03218244345
03218245911
03218246764
03218247227
03218243821
03218244513
03218242944
03218248102
03218249215
03218246201
03218247501
03218246643
03218243895
03218246445
03218247428
03218244124
03218249530
03218242452
03218248078
03218246691
03218241762
03218245624
03218249509
03218249950
03218246427
03218246186
03218247702
03218245367
03218243218
03218247375
03218249137
03218245401
03218245846
03218247716
03218248872
03218245851
03218243702
03218243749
03218249423
03218244881
03218242350
03218245825
03218249438
03218242409
03218247051
03218248318
03218248865
03218249203
03218247553
03218249777
03218246142
03218248713
03218248639
03218248185
03218242724
03218242981
03218242470
03218248522
03218243017
03218243780
03218244966
03218243216
03218241177
03218248794
03218244495
03218246985
03218242733
03218243557
03218244515
03218248520
03218245249
03218249595
03218244069
03218241359
03218243519
03218245736
03218244337
03218245183
03218241646
03218243120
03218247327
03218241644
03218248412
03218244300
03218247535
03218244724
03218243136
03218243549
03218248400
03218246430
03218249062
03218242985
03218245773
03218243336
03218247949
03218248163
03218248955
03218248532
03218248947
03218242099
03218243744
03218246233
03218243652
03218244668
03218244948
03218244993
03218246980
03218246258
03218248845
03218249755
03218248135
03218242581
03218242638
03218244296
03218247719
03218248824
03218247344
03218245776
03218243420
03218241449
03218244655
03218248752
03218244699
03218241209
03218249391
03218246592
03218247991
03218248793
03218248008
03218249317
03218249200
03218248165
03218241336
03218241106
03218245332
03218247273
03218248155
03218245089
03218245100
03218242914
03218241390
03218245988
03218242771
03218243845
03218243132
03218242705
03218244416
03218247747
03218247611
03218243482
03218241760
03218248802
03218244059
03218244349
03218244099
03218242027
03218241493
03218246775
03218248564
03218242137
03218242259
03218245392
03218241405
03218242870
03218247283
03218249582
03218247330
03218246563
03218245178
03218243057
03218246316
03218245514
03218242922
03218246288
03218241344
03218241528
03218245997
03218249143
03218248019
03218246898
03218244657
03218244637
03218244258
03218245640
03218249040
03218249444
03218244053
03218245054
03218246460
03218242334
03218248600
03218244216
03218241288
03218242034
03218243661
03218245734
03218245263
03218243585
03218248187
03218246309
03218248420
03218243768
03218241343
03218245541
03218245038
03218242234
03218242669
03218246473
03218243662
03218242216
03218246770
03218241884
03218249701
03218246037
03218245442
03218247744
03218244469
03218244533
03218246207
03218244831
03218244341
03218245274
03218243102
03218243028
03218241887
03218249922
03218247897
03218248368
03218246483
03218244628
03218244521
03218244490
03218248199
03218241939
03218243875
03218249748
03218245711
03218247756
03218242428
03218241979
03218248781
03218244256
03218242395
03218242327
03218245533
03218243612
03218249710
03218241146
03218248232
03218246636
03218247838
03218244396
03218242818
03218246575
03218248580
03218248537
03218246446
03218243609
03218241932
03218241868
03218249474
03218241310
03218246697
03218249095
03218246520
03218244811
03218248449
03218246973
03218247363
03218244938
03218247179
03218241262
03218241468
03218247107
03218245718
03218244127
03218245949
03218248718
03218241680
03218248098
03218248251
03218243086
03218248552
03218246144
03218243990
03218242650
03218241564
03218243720
03218247572
03218244822
03218249286
03218249386
03218246509
03218244840
03218249171
03218248874
03218247785
03218242265
03218241243
03218245947
03218248627
03218245117
03218247478
03218244457
03218244807
03218247111
03218244589
03218249941
03218249610
03218249291
03218241461
03218243743
03218249149
03218242689
03218246556
03218246061
03218243038
03218246579
03218246971
03218242354
03218249293
03218246165
03218244582
03218248919
03218243382
03218243656
03218248963
03218248250
03218247980
03218243786
03218242891
03218249296
03218249136
03218247256
03218249998
03218241864
03218247923
03218243933
03218248238
03218249174
03218241692
03218241029
03218248642
03218241398
03218242178
03218245219
03218246054
03218242029
03218248846
03218243009
03218244245
03218246657
03218245733
03218248418
03218246907
03218242399
03218247708
03218247121
03218248805
03218242094
03218248791
03218243289
03218249287
03218246366
03218244174
03218245744
03218245325
03218247589
03218242842
03218249217
03218247858
03218244929
03218247315
03218246281
03218243648
03218241734
03218243180
03218241687
03218246414
03218243572
03218248367
03218243721
03218243876
03218248010
03218249988
03218249429
03218244778
03218243872
03218246076
03218244323
03218244056
03218248910
03218245630
03218247218
03218248354
03218244137
03218241053
03218249305
03218246314
03218246104
03218242305
03218249082
03218246884
03218242538
03218247069
03218243131
03218245757
03218247496
03218243734
03218245931
03218244182
03218244772
03218249163
03218249943
03218245473
03218245509
03218249971
03218246614
03218245240
03218245001
03218248560
03218244319
03218241402
03218245479
03218242580
03218243212
03218241921
03218248505
03218244641
03218248281
03218248433
03218242243
03218245025
03218242832
03218243007
03218243953
03218248835
03218248493
03218247810
03218244843
03218245980
03218248541
03218241961
03218245525
03218242484
03218248049
03218247554
03218242996
03218242670
03218244441
03218241879
03218244071
03218243333
03218248569
03218245645
03218244086
03218244537
03218246797
03218244111
03218243267
03218246774
03218246262
03218247754
03218247938
03218241998
03218246004
03218248274
03218245986
03218246022
03218242646
03218245346
03218245686
03218243938
03218244234
03218244519
03218241302
03218244270
03218243859
03218244364
03218248589
03218242958
03218244992
03218243616
03218248428
03218247001
03218242701
03218245258
03218248061
03218245536
03218249882
03218247763
03218241477
03218243607
03218242850
03218249228
03218249849
03218243446
03218241072
03218249895
03218246200
03218244318
03218248322
03218243963
03218242711
03218249434
03218249825
03218243078
03218248012
03218245210
03218246874
03218244317
03218249623
03218245893
03218249695
03218242162
03218247357
03218244707
03218244659
03218243841
03218248289
03218242962
03218246825
03218249107
03218249096
03218243766
03218243930
03218245478
03218244179
03218244654
03218249290
03218242186
03218242214
03218244282
03218243262
03218245781
03218248411
03218241118
03218241526
03218243636
03218245619
03218244504
03218244551
03218248045
03218243926
03218243399
03218243787
03218249146
03218246881
03218249483
03218245215
03218248549
03218244289
03218248279
03218247711
03218245534
03218247863
03218247663
03218243341
03218247005
03218248578
03218248757
03218242217
03218243429
03218244623
03218243259
03218247564
03218248620
03218242021
03218242977
03218249376
03218246225
03218249016
03218241491
03218241910
03218242798
03218242998
03218241619
03218244451
03218248212
03218242010
03218241992
03218244027
03218249285
03218242213
03218249792
03218247550
03218247955
03218248068
03218242904
03218243383
03218247757
03218248170
03218246741
03218249071
03218249378
03218246227
03218242130
03218241826
03218241185
03218244771
03218244460
03218248687
03218242692
03218241409
03218243864
03218243050
03218248478
03218246306
03218241941
03218242400
03218241252
03218248036
03218241600
03218246745
03218244173
03218244756
03218249631
03218244877
03218248776
03218247349
03218247830
03218245981
03218249193
03218247729
03218245812
03218241365
03218249587
03218243047
03218246152
03218247854
03218247733
03218244852
03218247462
03218247522
03218247460
03218247154
03218244090
03218242651
03218245457
03218244409
03218241486
03218247529
03218242446
03218244705
03218249494
03218245749
03218245766
03218242769
03218245328
03218247275
03218242426
03218247018
03218244031
03218242146
03218242368
03218244775
03218245158
03218247899
03218242231
03218249472
03218249931
03218244708
03218246036
03218241978
03218248227
03218249953
03218245409
03218245967
03218249973
03218244517
03218248272
03218244163
03218246913
03218244169
03218245397
03218243733
03218245720
03218245516
03218245282
03218242193
03218244646
03218244475
03218241074
03218249781
03218245308
03218249123
03218243681
03218244824
03218241004
03218245783
03218244321
03218244926
03218244731
03218242233
03218242717
03218244252
03218244070
03218248647
03218248214
03218248106
03218246512
03218246328
03218249533
03218249687
03218245174
03218248998
03218244462
03218245839
03218246409
03218246079
03218242031
03218249915
03218248357
03218245833
03218246661
03218244842
03218241700
03218244633
03218243356
03218245018
03218242808
03218241397
03218241696
03218242729
03218246412
03218241176
03218248243
03218248249
03218242100
03218248513
03218243021
03218246843
03218249556
03218245695
03218248852
03218241445
03218246721
03218244148
03218249332
03218247882
03218244685
03218249459
03218243853
03218246820
03218244606
03218245312
03218248262
03218247724
03218249721
03218243451
03218245021
03218249887
03218244367
03218246513
03218249859
03218245462
03218242545
03218246988
03218248987
03218246461
03218247848
03218243294
03218244509
03218245771
03218245690
03218243924
03218248415
03218242043
03218241832
03218246728
03218249131
03218241256
03218247186
03218241040
03218249126
03218247039
03218249365
03218245964
03218244825
03218246105
03218248851
03218245998
03218249876
03218245211
03218244644
03218241097
03218243389
03218242324
03218244982
03218246572
03218245420
03218243138
03218245143
03218249807
03218248644
03218247919
03218244263
03218243577
03218248618
03218244790
03218247972
03218243649
03218247041
03218241470
03218246357
03218241389
03218243430
03218242859
03218241473
03218247872
03218247704
03218241448
03218242849
03218241674
03218249327
03218249495
03218243182
03218241782
03218248788
03218249248
03218247647
03218248789
03218246580
03218244523
03218248693
03218247029
03218247751
03218247749
03218241042
03218241965
03218249047
03218247723
03218242660
03218241764
03218246252
03218243054
03218246449
03218242992
03218245154
03218248529
03218243133
03218247422
03218249178
03218244666
03218248652
03218249897
03218249440
03218248707
03218243920
03218249339
03218245721
03218245938
03218247318
03218249219
03218247536
03218248139
03218242563
03218245237
03218241330
03218246279
03218242863
03218249793
03218241926
03218249810
03218246778
03218244520
03218247354
03218245896
03218248728
03218249456
03218241531
03218246095
03218247368
03218248682
03218242947
03218243488
03218246273
03218244381
03218246057
03218247369
03218246822
03218244625
03218242038
03218244596
03218248999
03218245927
03218244653
03218243125
03218248717
03218241061
03218248585
03218246069
03218241224
03218247175
03218249629
03218244886
03218245145
03218241903
03218242523
03218249707
03218245572
03218241676
03218243833
03218248681
03218245653
03218245794
03218249206
03218249725
03218248651
03218244281
03218246375
03218248237
03218248994
03218249592
03218249297
03218245535
03218245751
03218249010
03218248016
03218241381
03218249330
03218244166
03218243945
03218247144
03218241345
03218241976
03218243425
03218244286
03218248811
03218241966
03218246497
03218244763
03218249641
03218243324
03218249147
03218241168
03218247430
03218244499
03218244986
03218241406
03218246419
03218245871
03218248365
03218248172
03218248976
03218249487
03218244883
03218248755
03218248220
03218246380
03218244064
03218241902
03218248285
03218246716
03218247633
03218248463
03218244755
03218248189
03218244370
03218243622
03218241244
03218243327
03218246887
03218247008
03218246765
03218247767
03218242069
03218246993
03218243972
03218241342
03218241024
03218243563
03218243500
03218242758
03218248575
03218248516
03218249192
03218246708
03218243070
03218241127
03218243888
03218243752
03218249902
03218247634
03218249069
03218243053
03218247464
03218242623
03218243201
03218241189
03218249079
03218241480
03218244972
03218243151
03218245456
03218244404
03218241425
03218249505
03218246569
03218246749
03218245519
03218249476
03218242342
03218245334
03218246773
03218243229
03218243367
03218241930
03218243141
03218245205
03218243172
03218242925
03218248563
03218243547
03218242783
03218248913
03218249994
03218244557
03218246848
03218249113
03218249840
03218245600
03218244726
03218249708
03218242270
03218241989
03218246137
03218241091
03218242003
03218241015
03218247272
03218242775
03218245186
03218247332
03218248795
03218246421
03218247934
03218243846
03218246155
03218247629
03218247142
03218244565
03218242494
03218248903
03218245832
03218248800
03218242824
03218249283
03218242141
03218244228
03218247412
03218249247
03218242072
03218248143
03218249508
03218248210
03218246397
03218242927
03218246301
03218243645
03218249661
03218242101
03218245344
03218247355
03218247962
03218244804
03218244853
03218241291
03218242792
03218249424
03218241971
03218246136
03218243757
03218248325
03218244695
03218249970
03218242559
03218244703
03218243680
03218245293
03218245429
03218242881
03218248692
03218243605
03218245785
03218246457
03218243164
03218245264
03218249744
03218249993
03218245287
03218243464
03218249441
03218247613
03218243316
03218241721
03218241442
03218241090
03218242851
03218245301
03218249824
03218246923
03218247811
03218245684
03218247161
03218244917
03218244352
03218248732
03218244634
03218246639
03218248727
03218244214
03218243965
03218243330
03218244989
03218241743
03218242398
03218241171
03218246658
03218248082
03218247725
03218247433
03218243908
03218241588
03218245676
03218246559
03218241808
03218246269
03218242263
03218244953
03218243850
03218241883
03218244081
03218246734
03218242255
03218244527
03218246403
03218243442
03218243139
03218249498
03218243793
03218243912
03218246640
03218248737
03218248704
03218249766
03218245847
03218245895
03218248538
03218244949
03218244696
03218244050
03218246087
03218246088
03218242078
03218248827
03218248731
03218242260
03218246702
03218244738
03218244097
03218243063
03218245108
03218241447
03218247824
03218245995
03218246987
03218245147
03218248112
03218246814
03218244776
03218247067
03218242688
03218244158
03218245033
03218248266
03218248553
03218241633
03218246547
03218247128
03218245255
03218246970
03218242874
03218243089
03218241311
03218241162
03218246626
03218243540
03218244405
03218244492
03218243256
03218242419
03218247251
03218243742
03218247520
03218249558
03218243290
03218249688
03218249654
03218241283
03218242272
03218241068
03218242142
03218249335
03218242635
03218248720
03218248440
03218243416
03218246021
03218242867
03218246817
03218249799
03218242781
03218241474
03218247696
03218243885
03218249753
03218242454
03218246776
03218245396
03218243954
03218247224
03218245010
03218245138
03218246999
03218245212
03218242628
03218246084
03218249605
03218241269
03218249645
03218242276
03218244207
03218249019
03218249581
03218247682
03218241384
03218247450
03218249511
03218245556
03218246516
03218247648
03218244541
03218248409
03218246391
03218244913
03218241670
03218241148
03218243463
03218246584
03218241251
03218246537
03218241364
03218245424
03218249273
03218244035
03218243530
03218241225
03218248747
03218242890
03218249445
03218245166
03218246297
03218249488
03218247580
03218249012
03218244629
03218242221
03218249334
03218249656
03218244190
03218243705
03218241459
03218242991
03218247834
03218248867
03218245341
03218245140
03218248015
03218244087
03218248259
03218247401
03218246059
03218248900
03218249004
03218249091
03218242645
03218249028
03218249806
03218241773
03218244177
03218242226
03218244925
03218246789
03218249072
03218245400
03218247556
03218248933
03218249863
03218248337
03218243240
03218249032
03218248435
03218245810
03218242756
03218243832
03218241062
03218245856
03218246771
03218248951
03218244531
03218249919
03218243550
03218242839
03218243717
03218245989
03218243889
03218248342
03218246791
03218248268
03218243374
03218246678
03218241568
03218248850
03218246637
03218243020
03218247328
03218242092
03218244621
03218241073
03218249741
03218243896
03218246650
03218248706
03218247852
03218241160
03218245045
03218245114
03218249463
03218247181
03218245623
03218245605
03218249108
03218249572
03218247828
03218249049
03218247170
03218249379
03218244669
03218246525
03218244967
03218247120
03218248406
03218244923
03218247417
03218246714
03218245524
03218243082
03218246725
03218242463
03218248586
03218245651
03218246353
03218248469
03218248120
03218243644
03218242163
03218244129
03218247715
03218243390
03218242885
03218242500
03218247132
03218244062
03218242499
03218246453
03218242161
03218247366
03218248521
03218243485
03218248334
03218245928
03218245195
03218245969
03218244034
