03003031130
03003034207
03003037197
03003033196
03003036116
03003034154
03003037177
03003031425
03003031728
03003039620
03003035796
03003035620
03003036992
03003039525
03003032247
03003032259
03003036295
03003039246
03003033013
03003034824
03003033122
03003039234
03003036072
03003032455
03003039488
03003037151
03003038370
03003035355
03003033547
03003034846
03003038354
03003035966
03003036139
03003035812
03003031677
03003039242
03003038787
03003031884
03003037992
03003034681
03003035220
03003034219
03003039023
03003034447
03003038857
03003033861
03003033299
03003039733
03003032052
03003037357
03003036305
03003031085
03003037963
03003037123
03003033660
03003034666
03003033054
03003036373
03003037265
03003031026
03003033386
03003036434
03003037052
03003031128
03003034508
03003035129
03003034553
03003035371
03003031852
03003033432
03003035040
03003038294
03003034509
03003032055
03003033813
03003032793
03003039661
03003035053
03003032427
03003035571
03003035581
03003034121
03003031857
03003037262
03003031619
03003038608
03003034270
03003036954
03003037996
03003031061
03003038800
03003037426
03003032717
03003032680
03003031593
03003036228
03003031797
03003035956
03003033409
03003034869
03003035271
03003039625
03003031732
03003038544
03003034317
03003038156
03003036267
03003031364
03003038332
03003037629
03003036028
03003031470
03003036337
03003039270
03003037246
03003033509
03003035944
03003031100
03003034898
03003035435
03003033979
03003039493
03003037083
03003039338
03003031132
03003031199
03003034769
03003037864
03003039097
03003039017
03003039282
03003035353
03003034495
03003038717
03003037301
03003036349
03003036114
03003036631
03003032728
03003031170
03003036562
03003036688
03003031209
03003035256
03003036957
03003034551
03003032446
03003037464
03003033768
03003034792
03003035645
03003032238
03003031461
03003034978
03003031126
03003036956
03003031498
03003033500
03003038612
03003036746
03003036117
03003031841
03003039145
03003038528
03003036207
03003039595
03003034986
03003034211
03003038803
03003031251
03003038322
03003032650
03003039923
03003035943
03003037812
03003033313
03003036651
03003031552
03003036934
03003038909
03003038850
03003037886
03003037256
03003032323
03003035223
03003039157
03003039188
03003033131
03003033493
03003032558
03003036402
03003039941
03003035092
03003033415
03003036022
03003036238
03003037869
03003038781
03003036161
03003035988
03003034394
03003033916
03003032328
03003031203
03003031013
03003033685
03003032583
03003037060
03003033226
03003037837
03003035556
03003032990
03003031258
03003031272
03003033884
03003034372
03003035829
03003035022
03003035672
03003037757
03003035763
03003034118
03003032708
03003034830
03003032527
03003039999
03003037291
03003033683
03003038152
03003032747
03003034571
03003034456
03003033970
03003036316
03003039994
03003034020
03003038143
03003035502
03003032943
03003035498
03003033176
03003032104
03003039535
03003036553
03003034749
03003032353
03003033496
03003032951
03003031139
03003036636
03003036821
03003036372
03003038485
03003032896
03003032170
03003033376
03003035073
03003035089
03003038534
03003037288
03003034956
03003033890
03003037685
03003039519
03003036846
03003035295
03003032103
03003033446
03003032541
03003038059
03003035200
03003031608
03003034255
03003037819
03003035818
03003039494
03003037647
03003039658
03003031816
03003038740
03003032121
03003038102
03003037014
03003038550
03003031889
03003039265
03003039793
03003038462
03003033144
03003035266
03003037588
03003039789
03003037887
03003035879
03003039016
03003031076
03003036381
03003034110
03003033190
03003039872
03003033481
03003036729
03003031469
03003035462
03003033516
03003032704
03003038027
03003037702
03003038106
03003032839
03003033589
03003036745
03003034180
03003039596
03003037042
03003039934
03003039988
03003036666
03003038029
03003037931
03003033614
03003031358
03003036571
03003033276
03003031577
03003039692
03003034629
03003038931
03003038229
03003033533
03003031820
03003031174
03003037795
03003034331
03003034946
03003037238
03003034907
03003031683
03003039743
03003033039
03003035427
03003036167
03003036058
03003037607
03003034514
03003036148
03003039938
03003033492
03003032686
03003033538
03003031847
03003032158
03003036133
03003034751
03003036125
03003032988
03003033477
03003039212
03003034609
03003034924
03003039040
03003036385
03003038416
03003034649
03003036601
03003032696
03003031759
03003036346
03003038187
03003035931
03003032239
03003037108
03003035518
03003032085
03003032783
03003038291
03003031757
03003038487
03003034256
03003032483
03003032788
03003034306
03003032487
03003037791
03003031919
03003038205
03003038430
03003039407
03003037127
03003039673
03003039190
03003039864
03003039546
03003037241
03003037420
03003038303
03003036339
03003035351
03003036227
03003033893
03003037642
03003033362
03003036429
03003036317
03003033167
03003032128
03003035932
03003031861
03003032294
03003038280
03003039840
03003038140
03003037656
03003032144
03003032832
03003039980
03003035844
03003032894
03003033236
03003031050
03003032620
03003033454
03003032147
03003038905
03003031211
03003036561
03003034844
03003037184
03003031016
03003034842
03003034102
03003032112
03003035357
03003036240
03003036575
03003037545
03003033257
03003038002
03003037251
03003037032
03003039139
03003038463
03003038199
03003037694
03003039127
03003035667
03003037662
03003034761
03003038008
03003033111
03003033192
03003035267
03003037393
03003039712
03003038404
03003033223
03003034721
03003035299
03003031881
03003035365
03003031096
03003038823
03003033298
03003033554
03003035201
03003036592
03003033405
03003038299
03003039637
03003032248
03003035985
03003034017
03003034990
03003033948
03003031210
03003032083
03003039352
03003037181
03003032422
03003033008
03003031731
03003036844
03003037964
03003036527
03003038171
03003034322
03003038535
03003032703
03003035369
03003031667
03003038043
03003039639
03003034900
03003034140
03003039095
03003034468
03003034257
03003036462
03003037207
03003031250
03003033912
03003034722
03003034455
03003032012
03003032638
03003034406
03003032529
03003038183
03003038673
03003035815
03003031567
03003032644
03003033188
03003037237
03003035234
03003033977
03003031101
03003039544
03003032349
03003035437
03003039048
03003037069
03003034883
03003032924
03003035960
03003034637
03003033702
03003035593
03003034052
03003031804
03003033715
03003032309
03003035897
03003038296
03003032840
03003033484
03003039369
03003033824
03003033333
03003031496
03003035906
03003033228
03003034403
03003039022
03003032484
03003037269
03003031318
03003036591
03003038901
03003038474
03003039370
03003035407
03003034942
03003039650
03003033978
03003037645
03003035258
03003032713
03003031178
03003038942
03003037595
03003033185
03003038260
03003031518
03003031668
03003035204
03003031248
03003037774
03003038865
03003036067
03003031527
03003035714
03003035573
03003037081
03003037199
03003033902
03003033476
03003037368
03003039548
03003037110
03003036692
03003035577
03003032433
03003038307
03003037366
03003036246
03003034318
03003035195
03003038226
03003036656
03003032645
03003032634
03003032554
03003038311
03003036142
03003037503
03003032064
03003038816
03003032406
03003037843
03003039693
03003032568
03003036778
03003037164
03003031356
03003039236
03003033810
03003031150
03003031831
03003037608
03003035826
03003033211
03003034302
03003038957
03003036929
03003032579
03003039410
03003038881
03003033080
03003033019
03003038770
03003037157
03003034338
03003036398
03003032660
03003035303
03003039478
03003038293
03003033171
03003034590
03003038614
03003033677
03003037539
03003038031
03003036870
03003038835
03003031483
03003037408
03003032434
03003034292
03003036513
03003033106
03003033141
03003036237
03003039397
03003032995
03003038962
03003036613
03003033797
03003039621
03003032826
03003034958
03003036576
03003038506
03003031672
03003033537
03003034246
03003034436
03003031236
03003034596
03003035280
03003039389
03003034548
03003031990
03003031596
03003032296
03003031362
03003034021
03003032105
03003036146
03003032196
03003032056
03003037259
03003035627
03003032001
03003031647
03003039880
03003037918
03003031912
03003039810
03003037185
03003033162
03003037997
03003039079
03003039696
03003037826
03003033751
03003031689
03003035628
03003031004
03003038917
03003035016
03003032435
03003034899
03003038804
03003032852
03003036310
03003035335
03003031481
03003036987
03003034261
03003035609
03003032595
03003034657
03003035399
03003031471
03003039343
03003031856
03003031147
03003039716
03003031785
03003035111
03003036725
03003034941
03003032409
03003035937
03003034369
03003032585
03003031630
03003039170
03003036709
03003036985
03003037594
03003037444
03003036400
03003039059
03003034018
03003034475
03003035703
03003036175
03003033736
03003033470
03003037100
03003035550
03003032426
03003032280
03003032346
03003033772
03003039857
03003039201
03003033230
03003038941
03003034235
03003038174
03003033862
03003034493
03003031940
03003032750
03003031114
03003035356
03003035090
03003038899
03003035610
03003037063
03003037955
03003038452
03003032942
03003032797
03003035697
03003037310
03003032024
03003035308
03003031943
03003038020
03003037858
03003039313
03003037508
03003033755
03003038653
03003033208
03003034845
03003032538
03003038616
03003035919
03003032078
03003031725
03003034588
03003038646
03003031490
03003034470
03003033828
03003039403
03003039122
03003033504
03003039533
03003032211
03003035185
03003032391
03003035134
03003034106
03003039997
03003032445
03003033094
03003037498
03003035776
03003031391
03003031855
03003038410
03003034747
03003033607
03003034815
03003033619
03003035584
03003034818
03003031205
03003034342
03003036899
03003033818
03003031899
03003037472
03003036476
03003036883
03003034004
03003037835
03003039119
03003039659
03003031813
03003032080
03003039279
03003031494
03003033320
03003032869
03003033179
03003039635
03003039723
03003038998
03003036794
03003039885
03003034714
03003031005
03003035491
03003031316
03003032207
03003032525
03003035969
03003034478
03003037387
03003034019
03003039291
03003033750
03003033947
03003033001
03003031538
03003036304
03003033324
03003037885
03003031473
03003033720
03003034182
03003031822
03003037748
03003036254
03003039618
03003035884
03003037500
03003034404
03003039991
03003038817
03003034655
03003032165
03003039606
03003039555
03003033310
03003037015
03003032705
03003037285
03003035792
03003035615
03003035972
03003036273
03003036094
03003031305
03003038346
03003034030
03003031389
03003033120
03003031771
03003037133
03003034776
03003039714
03003034860
03003039699
03003033268
03003036519
03003034886
03003033759
03003035130
03003035602
03003033395
03003031982
03003032994
03003036309
03003035179
03003034187
03003037927
03003038566
03003031036
03003031776
03003039981
03003033994
03003034579
03003035772
03003033014
03003039447
03003032884
03003035031
03003039221
03003034778
03003033596
03003032155
03003032179
03003037585
03003032524
03003039096
03003035899
03003032212
03003031143
03003033138
03003037560
03003037909
03003036364
03003031035
03003035080
03003037940
03003035181
03003033843
03003038567
03003039347
03003033000
03003033982
03003036532
03003035119
03003037496
03003033049
03003031871
03003036888
03003035682
03003033503
03003034174
03003037203
03003034153
03003036602
03003035403
03003039470
03003035137
03003039563
03003038837
03003037739
03003036433
03003036670
03003037933
03003038930
03003034266
03003039041
03003036463
03003039873
03003031778
03003033863
03003038172
03003035647
03003032465
03003035028
03003036046
03003034027
03003035324
03003035461
03003034057
03003033734
03003039160
03003031638
03003034940
03003038578
03003038440
03003034210
03003033437
03003036243
03003038449
03003038088
03003033937
03003037958
03003031415
03003033676
03003037039
03003034300
03003035425
03003035534
03003035980
03003037352
03003034137
03003033424
03003031109
03003034239
03003033375
03003037318
03003032375
03003032936
03003037006
03003033990
03003035687
03003037367
03003035663
03003038341
03003032967
03003031929
03003035548
03003034016
03003036939
03003035431
03003037365
03003034046
03003036743
03003037018
03003039433
03003033735
03003036103
03003037587
03003034441
03003038065
03003033100
03003039198
03003037520
03003038924
03003037722
03003035513
03003037841
03003039819
03003036931
03003033968
03003035728
03003033076
03003039671
03003038637
03003032567
03003034051
03003033435
03003031020
03003036873
03003039329
03003033502
03003036511
03003034692
03003032059
03003031246
03003032535
03003031695
03003032563
03003039143
03003035446
03003033004
03003037825
03003038502
03003035611
03003033157
03003033397
03003038317
03003033667
03003037346
03003036652
03003033536
03003035783
03003034320
03003037679
03003032079
03003032324
03003038191
03003038349
03003032365
03003032010
03003031330
03003035127
03003034872
03003037565
03003034481
03003037976
03003036073
03003037120
03003031046
03003031618
03003032380
03003037862
03003033475
03003031011
03003036907
03003038011
03003039859
03003031155
03003031163
03003036926
03003037905
03003034015
03003036818
03003037255
03003034654
03003035460
03003036492
03003037766
03003038285
03003035831
03003033836
03003033126
03003038711
03003036415
03003039849
03003032701
03003035298
03003034217
03003038848
03003037179
03003031442
03003034353
03003039304
03003033971
03003033709
03003036945
03003037555
03003033961
03003035590
03003031121
03003039865
03003036392
03003038517
03003035125
03003031896
03003039576
03003037643
03003037175
03003033780
03003038642
03003037983
03003034739
03003031314
03003038814
03003034224
03003037614
03003036265
03003037969
03003033212
03003031107
03003037187
03003036512
03003034576
03003038886
03003036280
03003039132
03003037590
03003036550
03003033456
03003033287
03003037575
03003033402
03003034640
03003031204
03003035711
03003031321
03003039232
03003032394
03003038131
03003033331
03003035020
03003035244
03003039324
03003033151
03003039790
03003037410
03003037938
03003035383
03003035000
03003038757
03003033288
03003033234
03003038851
03003033557
03003038189
03003037857
03003035527
03003036648
03003035314
03003031625
03003036764
03003035396
03003035866
03003035971
03003037280
03003032181
03003032949
03003035471
03003039807
03003034438
03003036760
03003035876
03003033444
03003038018
03003039640
03003032447
03003039110
03003034373
03003032476
03003032469
03003036767
03003031043
03003034537
03003032603
03003036683
03003039929
03003037699
03003036386
03003039719
03003032014
03003032071
03003034304
03003038103
03003032818
03003037945
03003037817
03003033070
03003039044
03003039118
03003031428
03003037580
03003037010
03003037296
03003031985
03003031176
03003032919
03003033396
03003039204
03003036236
03003037644
03003038151
03003036266
03003034344
03003032107
03003038051
03003037040
03003032647
03003039140
03003039914
03003034444
03003031164
03003036556
03003039406
03003033425
03003037648
03003039614
03003032952
03003039672
03003032632
03003032069
03003038759
03003036453
03003039094
03003038675
03003035100
03003031866
03003035174
03003039851
03003031679
03003033472
03003032836
03003036936
03003031067
03003034388
03003034933
03003035787
03003039445
03003031308
03003037381
03003035163
03003039795
03003034619
03003033513
03003039970
03003031555
03003036622
03003035198
03003036594
03003033666
03003037601
03003036393
03003035982
03003038281
03003036193
03003034768
03003038890
03003034039
03003038048
03003034592
03003039485
03003033083
03003036569
03003036489
03003036581
03003035226
03003032022
03003035250
03003032195
03003038963
03003031833
03003038704
03003033544
03003034485
03003034652
03003035085
03003039806
03003035084
03003036106
03003038739
03003031019
03003037268
03003039333
03003031535
03003036943
03003034974
03003031395
03003038665
03003038033
03003036366
03003034297
03003032350
03003035842
03003033786
03003039318
03003034360
03003039186
03003032803
03003037161
03003039940
03003034400
03003033277
03003031335
03003035947
03003033283
03003036145
03003032100
03003035917
03003037034
03003036914
03003038652
03003038638
03003038570
03003033848
03003035820
03003036618
03003038718
03003035508
03003032883
03003034699
03003031297
03003036788
03003034379
03003036774
03003036530
03003036354
03003035340
03003035910
03003038258
03003035608
03003037533
03003032276
03003035382
03003031888
03003036694
03003038808
03003036872
03003034062
03003034962
03003031924
03003038954
03003031341
03003033321
03003037768
03003038451
03003031247
03003032331
03003038903
03003034312
03003039303
03003035326
03003039386
03003031574
03003032742
03003032039
03003033029
03003037689
03003031572
03003034729
03003032023
03003033312
03003036450
03003035891
03003034425
03003036123
03003031284
03003035406
03003034849
03003035013
03003032019
03003037156
03003036286
03003033279
03003039945
03003036478
03003037576
03003037391
03003037046
03003038127
03003037922
03003037518
03003037273
03003036831
03003037382
03003038591
03003033658
03003036208
03003038586
03003033027
03003033897
03003031811
03003032514
03003031550
03003035872
03003031403
03003031627
03003033958
03003037152
03003034632
03003036442
03003037763
03003038200
03003033765
03003038132
03003034109
03003033427
03003036032
03003035155
03003037506
03003037892
03003034549
03003035235
03003032460
03003035743
03003035408
03003031646
03003035869
03003035018
03003035754
03003036944
03003031438
03003039026
03003038014
03003032597
03003037592
03003036645
03003038007
03003039262
03003035764
03003032458
03003031617
03003031557
03003036127
03003035517
03003037890
03003036066
03003031138
03003034168
03003035302
03003033384
03003032791
03003032119
03003032262
03003032999
03003034439
03003037165
03003031988
03003037543
03003038017
03003032557
03003033337
03003035729
03003037598
03003035287
03003037729
03003033935
03003033617
03003039615
03003039463
03003034955
03003037863
03003037966
03003038429
03003032290
03003033260
03003035216
03003032473
03003037142
03003033501
03003039458
03003037178
03003034392
03003034139
03003038401
03003037499
03003038158
03003037135
03003033445
03003032161
03003038467
03003037316
03003033408
03003036113
03003034399
03003033769
03003033328
03003032864
03003031190
03003036866
03003032288
03003036287
03003033153
03003039655
03003034128
03003031047
03003037600
03003038144
03003034228
03003034476
03003036438
03003035475
03003031062
03003037455
03003032770
03003038261
03003037266
03003035701
03003034479
03003031853
03003037879
03003039491
03003039609
03003035952
03003036635
03003037170
03003038105
03003038745
03003037448
03003036088
03003031648
03003033342
03003039172
03003039180
03003031636
03003034112
03003032265
03003038420
03003038605
03003033877
03003031634
03003035176
03003038198
03003036249
03003033156
03003038109
03003038624
03003035516
03003032192
03003037593
03003037306
03003035835
03003038405
03003034489
03003032317
03003032172
03003031421
03003039067
03003033767
03003031197
03003039622
03003034200
03003037532
03003032148
03003039729
03003034227
03003033568
03003039249
03003037781
03003032931
03003037735
03003033024
03003036979
03003031587
03003034329
03003038276
03003039482
03003033804
03003039948
03003035400
03003039680
03003036432
03003033600
03003036820
03003034810
03003039287
03003039878
03003037981
03003032481
03003036912
03003039002
03003031315
03003034659
03003035158
03003036105
03003034177
03003035136
03003038748
03003039241
03003033686
03003031028
03003031240
03003035366
03003033711
03003035887
03003035490
03003037392
03003039674
03003037851
03003031597
03003038547
03003032908
03003039417
03003033690
03003031268
03003039778
03003032320
03003039171
03003032171
03003035304
03003038667
03003034642
03003038723
03003037191
03003035791
03003033569
03003033920
03003036166
03003032094
03003036991
03003039327
03003036807
03003037965
03003036610
03003034760
03003035072
03003035058
03003039490
03003035657
03003039462
03003032863
03003037007
03003033046
03003031687
03003036715
03003033319
03003038724
03003038475
03003034158
03003039128
03003038633
03003037117
03003035847
03003036143
03003037523
03003039174
03003038308
03003037145
03003031303
03003034693
03003033996
03003035512
03003032560
03003038974
03003033595
03003036140
03003035152
03003033065
03003037728
03003037050
03003038784
03003038840
03003035378
03003033672
03003037416
03003038356
03003033559
03003037977
03003036079
03003038912
03003038929
03003037535
03003037349
03003031560
03003032313
03003034155
03003034672
03003032334
03003039006
03003036063
03003036677
03003031583
03003035268
03003033044
03003033795
03003034636
03003033841
03003035639
03003037833
03003034583
03003032895
03003031631
03003038604
03003034836
03003035715
03003035410
03003036471
03003033340
03003036849
03003031223
03003032743
03003035665
03003038518
03003039350
03003031615
03003036882
03003037746
03003031904
03003034491
03003036520
03003032588
03003031051
03003038472
03003035093
03003039700
03003037131
03003039571
03003031449
03003033041
03003033729
03003034169
03003031266
03003036092
03003031860
03003038900
03003031928
03003036194
03003032572
03003036986
03003034843
03003035322
03003036288
03003036217
03003033615
03003035148
03003039726
03003031006
03003034113
03003038316
03003033002
03003032822
03003037999
03003033640
03003039717
03003031651
03003037877
03003039701
03003035202
03003034788
03003035180
03003035885
03003033003
03003037404
03003033149
03003033482
03003031381
03003036301
03003033314
03003039457
03003039616
03003035853
03003037345
03003038444
03003031654
03003038288
03003036477
03003037430
03003037284
03003039641
03003031108
03003034949
03003038000
03003037888
03003036722
03003039273
03003035816
03003034368
03003035597
03003037220
03003034850
03003034208
03003036201
03003031576
03003035744
03003035171
03003039326
03003033923
03003037171
03003037116
03003031818
03003033026
03003039974
03003036567
03003032614
03003037696
03003038533
03003033799
03003031485
03003031747
03003039011
03003038130
03003035854
03003033896
03003035363
03003031781
03003033998
03003031342
03003035623
03003038902
03003031662
03003032235
03003031624
03003036776
03003039794
03003035561
03003031371
03003032175
03003035221
03003035313
03003031542
03003032374
03003034119
03003037419
03003032670
03003037250
03003035914
03003034687
03003034250
03003039801
03003031762
03003036775
03003035167
03003036506
03003039591
03003033874
03003031317
03003031102
03003038334
03003033991
03003033939
03003034881
03003038967
03003031503
03003031482
03003038991
03003034984
03003034117
03003035998
03003034735
03003032809
03003031208
03003031570
03003036051
03003033626
03003033459
03003038807
03003031951
03003038500
03003032802
03003034335
03003033259
03003031974
03003038655
03003039805
03003035576
03003032815
03003034620
03003031790
03003034569
03003032388
03003033593
03003031348
03003037126
03003032421
03003032798
03003031254
03003037986
03003033899
03003031709
03003038700
03003035165
03003038622
03003036192
03003032295
03003039158
03003039993
03003037371
03003034223
03003036524
03003031431
03003035700
03003036418
03003038357
03003036221
03003038024
03003037209
03003035733
03003035856
03003038551
03003039668
03003037589
03003038916
03003032127
03003036841
03003038114
03003037401
03003039052
03003037422
03003039755
03003038197
03003031367
03003038465
03003033539
03003035290
03003032146
03003033316
03003032479
03003037141
03003037446
03003032888
03003039605
03003037641
03003032627
03003031569
03003031077
03003032573
03003034382
03003039752
03003039492
03003038098
03003038798
03003039724
03003037453
03003032640
03003036017
03003039796
03003034050
03003036836
03003034694
03003033440
03003038530
03003039176
03003033058
03003037321
03003039759
03003036425
03003037222
03003034511
03003033900
03003035855
03003031349
03003037298
03003039156
03003038446
03003035798
03003035217
03003033680
03003039992
03003038247
03003036871
03003035115
03003032831
03003037519
03003038407
03003032687
03003038425
03003038585
03003031905
03003035206
03003036693
03003031196
03003032945
03003032502
03003031824
03003032117
03003038634
03003038736
03003032497
03003034893
03003032270
03003031037
03003032173
03003036187
03003032205
03003032204
03003033594
03003036862
03003035474
03003033783
03003032763
03003035393
03003033950
03003031753
03003033628
03003033545
03003034913
03003037049
03003036423
03003034753
03003036481
03003038819
03003032625
03003038089
03003037370
03003039182
03003036251
03003032311
03003037471
03003031229
03003034277
03003039965
03003038992
03003038077
03003034611
03003035640
03003036839
03003033696
03003036642
03003035973
03003037104
03003037409
03003033511
03003038628
03003039025
03003036200
03003034505
03003031433
03003035723
03003033261
03003035708
03003038772
03003038733
03003038945
03003039223
03003035292
03003034164
03003033662
03003031000
03003035467
03003032726
03003038111
03003032846
03003033229
03003031682
03003037572
03003039961
03003035671
03003037623
03003033286
03003031270
03003037602
03003039772
03003039072
03003034241
03003035607
03003034816
03003036868
03003037418
03003033379
03003032940
03003031269
03003033746
03003032510
03003033160
03003032901
03003036927
03003034093
03003034025
03003033274
03003031600
03003038184
03003039901
03003032174
03003039421
03003035392
03003032404
03003037975
03003038251
03003038302
03003036214
03003034462
03003034186
03003037993
03003035750
03003035069
03003034784
03003034877
03003035668
03003031477
03003035194
03003036659
03003036378
03003031368
03003037095
03003034325
03003035681
03003034522
03003031310
03003033803
03003032629
03003035841
03003038373
03003033612
03003037137
03003037800
03003039678
03003031907
03003036424
03003032342
03003036736
03003032771
03003036497
03003034874
03003033057
03003035506
03003033909
03003039045
03003031207
03003036042
03003031952
03003034703
03003039820
03003032875
03003034189
03003033121
03003036696
03003031265
03003031363
03003038680
03003037394
03003036980
03003039460
03003035052
03003036793
03003036643
03003033338
03003037786
03003038539
03003037305
03003037755
03003032784
03003032866
03003035833
03003034566
03003034070
03003033096
03003039858
03003039498
03003037718
03003033302
03003034966
03003033627
03003033964
03003035996
03003035662
03003038525
03003039905
03003039585
03003036837
03003039248
03003032033
03003034336
03003036884
03003031521
03003033829
03003039207
03003036698
03003031082
03003036107
03003037292
03003033495
03003037122
03003031741
03003033166
03003032261
03003033822
03003032543
03003031562
03003037121
03003034341
03003035927
03003034981
03003031154
03003033831
03003034822
03003039877
03003037824
03003035161
03003037937
03003039798
03003032881
03003039889
03003032698
03003031365
03003036751
03003036082
03003039102
03003038211
03003031793
03003034712
03003031716
03003039927
03003032275
03003032470
03003032564
03003039297
03003039431
03003036640
03003033367
03003037881
03003032654
03003034330
03003038863
03003035756
03003032937
03003037138
03003037987
03003037079
03003032630
03003039612
03003033368
03003036121
03003034133
03003038338
03003032662
03003032954
03003037613
03003035370
03003039080
03003036056
03003036935
03003032715
03003031221
03003037271
03003038643
03003032751
03003034578
03003035196
03003033730
03003033231
03003039684
03003035975
03003034786
03003033056
03003035861
03003035219
03003038959
03003039783
03003036955
03003034471
03003034251
03003036967
03003036024
03003035096
03003031408
03003032341
03003035738
03003039193
03003035587
03003038084
03003032416
03003031640
03003035849
03003038866
03003032420
03003038437
03003032516
03003039428
03003036002
03003039284
03003034098
03003031423
03003035156
03003035719
03003038279
03003034375
03003038228
03003037706
03003038134
03003037343
03003031746
03003037193
03003037134
03003036973
03003032624
03003037319
03003033934
03003034390
03003038054
03003035814
03003034451
03003034315
03003034036
03003038714
03003038040
03003037307
03003033708
03003034188
03003033933
03003037714
03003035077
03003032332
03003035323
03003039154
03003038867
03003031474
03003034104
03003031222
03003033598
03003037308
03003033889
03003036321
03003031874
03003033777
03003031339
03003032466
03003033118
03003034285
03003031616
03003034733
03003032068
03003038478
03003031256
03003033426
03003033648
03003038435
03003033385
03003036219
03003033332
03003034954
03003036005
03003036539
03003032814
03003033417
03003032593
03003035247
03003036717
03003038367
03003039104
03003036186
03003035440
03003038662
03003033038
03003035002
03003035850
03003033975
03003038392
03003034650
03003035334
03003036579
03003033540
03003032961
03003039254
03003033363
03003039549
03003036039
03003032199
03003038025
03003032540
03003036586
03003033218
03003032282
03003036900
03003031098
03003035616
03003037811
03003036756
03003036019
03003035760
03003039295
03003033844
03003031008
03003038580
03003039401
03003039928
03003034031
03003031435
03003038494
03003034780
03003032367
03003038434
03003035625
03003035480
03003031457
03003035030
03003031443
03003034097
03003033965
03003033531
03003031676
03003039883
03003035289
03003035582
03003032741
03003032209
03003038319
03003031697
03003033779
03003033940
03003035320
03003037090
03003031239
03003033392
03003038824
03003033669
03003035162
03003035794
03003036410
03003039565
03003039383
03003034812
03003032671
03003039381
03003036396
03003032354
03003035441
03003032911
03003032038
03003032964
03003033567
03003031935
03003035836
03003036742
03003037663
03003038447
03003036874
03003038780
03003031262
03003038873
03003034707
03003038006
03003034720
03003033927
03003039416
03003033507
03003031018
03003032315
03003038301
03003037855
03003031424
03003038499
03003039175
03003034178
03003039200
03003034916
03003039825
03003038710
03003031734
03003031379
03003039957
03003033347
03003031901
03003039226
03003031688
03003034348
03003033739
03003034150
03003036606
03003031467
03003037534
03003032299
03003031657
03003039272
03003039579
03003036345
03003039047
03003035997
03003036272
03003033341
03003039536
03003039503
03003037143
03003035222
03003031713
03003032244
03003033981
03003031478
03003037076
03003037778
03003031088
03003035675
03003039911
03003032423
03003037568
03003037092
03003031021
03003039711
03003034826
03003035691
03003038075
03003037379
03003037114
03003037530
03003039578
03003033960
03003035694
03003039753
03003034905
03003039161
03003033879
03003036748
03003032256
03003038491
03003031749
03003033372
03003033894
03003035454
03003033429
03003037113
03003038721
03003035079
03003032621
03003032533
03003039001
03003035409
03003036204
03003035017
03003031714
03003032639
03003035123
03003036501
03003033689
03003032530
03003037962
03003031453
03003033949
03003034498
03003039412
03003033572
03003039061
03003032756
03003035033
03003033479
03003031338
03003036052
03003036731
03003033271
03003032844
03003039306
03003038577
03003039707
03003031277
03003038161
03003037700
03003033989
03003036380
03003036449
03003035560
03003034376
03003035192
03003036341
03003039005
03003034791
03003037597
03003031230
03003032668
03003038690
03003035920
03003032408
03003039705
03003038185
03003038049
03003031044
03003037029
03003035928
03003035361
03003039372
03003036212
03003031282
03003038028
03003038779
03003035604
03003032718
03003034114
03003032236
03003038720
03003036486
03003037904
03003033447
03003034089
03003035771
03003035390
03003038022
03003036869
03003034598
03003037967
03003033521
03003039256
03003036191
03003032076
03003034148
03003033180
03003039429
03003038224
03003038514
03003033510
03003038503
03003034415
03003039949
03003033687
03003039004
03003035807
03003037596
03003039690
03003037339
03003032503
03003031613
03003034507
03003039523
03003031977
03003039413
03003039966
03003039676
03003035539
03003037624
03003037057
03003032339
03003038321
03003039390
03003037267
03003038072
03003032292
03003034280
03003034517
03003033448
03003039861
03003031345
03003031931
03003036551
03003031922
03003032090
03003035720
03003035199
03003033987
03003036526
03003035001
03003039307
03003034610
03003034007
03003038147
03003038750
03003036523
03003036663
03003039112
03003039266
03003039034
03003039990
03003036075
03003032116
03003038067
03003033414
03003036806
03003034190
03003032925
03003038764
03003037682
03003036906
03003036132
03003033137
03003034697
03003031865
03003031177
03003039887
03003033757
03003037932
03003032975
03003032823
03003035509
03003036165
03003037912
03003034409
03003031195
03003037201
03003034530
03003036293
03003031377
03003031607
03003036563
03003033737
03003032521
03003033248
03003033792
03003036852
03003033245
03003033526
03003033048
03003035684
03003032110
03003032143
03003032210
03003034908
03003038678
03003036332
03003039039
03003038168
03003036487
03003031602
03003033214
03003034613
03003036149
03003034683
03003032321
03003032982
03003038913
03003033264
03003036534
03003033063
03003037668
03003034152
03003038845
03003034183
03003038537
03003038829
03003033842
03003036916
03003034550
03003032333
03003036040
03003034086
03003031298
03003039763
03003037377
03003031001
03003032724
03003039821
03003038126
03003033296
03003033744
03003035350
03003035104
03003035552
03003032757
03003033817
03003036076
03003037320
03003037767
03003034835
03003039987
03003036941
03003031965
03003031156
03003036070
03003037844
03003031459
03003032141
03003036100
03003033776
03003031698
03003034742
03003037229
03003037221
03003038541
03003037347
03003031191
03003039543
03003036213
03003036843
03003034417
03003033233
03003039833
03003031185
03003038470
03003032795
03003037779
03003031691
03003034960
03003038527
03003034912
03003031201
03003037716
03003035696
03003033025
03003035635
03003032758
03003039720
03003036292
03003033423
03003033808
03003034879
03003037445
03003033300
03003037923
03003033570
03003032496
03003035624
03003036962
03003032268
03003038693
03003031466
03003038496
03003034544
03003037820
03003032252
03003037074
03003031464
03003032178
03003031194
03003032928
03003031660
03003038292
03003037630
03003035468
03003039739
03003036062
03003031142
03003038948
03003038756
03003032414
03003039202
03003034910
03003035451
03003033716
03003034430
03003034034
03003033262
03003033327
03003038268
03003038409
03003033225
03003038081
03003038649
03003034144
03003034125
03003036584
03003039577
03003031117
03003035297
03003032903
03003035878
03003036084
03003035898
03003036312
03003034635
03003039710
03003035641
03003032028
03003034864
03003039881
03003036467
03003039147
03003032873
03003035530
03003034333
03003038325
03003039053
03003034242
03003032030
03003032599
03003034378
03003034490
03003037704
03003037428
03003032202
03003037710
03003033774
03003033515
03003032058
03003033007
03003039260
03003036703
03003039812
03003033110
03003031969
03003034758
03003037373
03003031545
03003032232
03003038575
03003031263
03003037537
03003032176
03003036102
03003036984
03003039038
03003032015
03003032274
03003037546
03003038141
03003031621
03003039240
03003038920
03003033986
03003033207
03003032977
03003038419
03003031789
03003035477
03003033381
03003038635
03003031744
03003032361
03003034527
03003033710
03003033289
03003034071
03003035023
03003038179
03003037984
03003037497
03003031186
03003039334
03003032792
03003034063
03003033550
03003033691
03003031844
03003033125
03003038565
03003037249
03003039685
03003034184
03003033383
03003036179
03003033639
03003035801
03003033562
03003035570
03003037094
03003034848
03003035606
03003035183
03003035806
03003035214
03003033706
03003034291
03003034866
03003038805
03003037681
03003038669
03003032682
03003034724
03003036822
03003031161
03003032330
03003033995
03003039178
03003035631
03003032183
03003035745
03003033911
03003038879
03003037743
03003038477
03003039418
03003032958
03003036426
03003039103
03003037796
03003038120
03003034412
03003035954
03003034445
03003032853
03003035795
03003031350
03003033164
03003038657
03003038801
03003033285
03003031166
03003036593
03003039196
03003037512
03003038617
03003031401
03003039791
03003032740
03003036026
03003037873
03003031074
03003031343
03003039879
03003032602
03003033468
03003035215
03003035938
03003036708
03003038600
03003039360
03003034161
03003035249
03003035341
03003033193
03003032246
03003036144
03003031419
03003037279
03003035916
03003032775
03003037353
03003032318
03003034737
03003039823
03003036713
03003031261
03003034043
03003038240
03003032968
03003034136
03003038696
03003034744
03003032153
03003032005
03003035078
03003031723
03003037490
03003032738
03003035453
03003031103
03003033647
03003038118
03003034233
03003038658
03003033222
03003036542
03003031895
03003033956
03003032900
03003031737
03003034953
03003039451
03003031584
03003031543
03003039443
03003036801
03003035559
03003031742
03003031065
03003038426
03003034614
03003036864
03003035473
03003038201
03003037615
03003037783
03003035752
03003039387
03003037784
03003036001
03003039559
03003036248
03003032807
03003033102
03003034796
03003034452
03003037525
03003031626
03003035286
03003036344
03003036069
03003031241
03003036543
03003037944
03003035102
03003039943
03003033205
03003036732
03003032673
03003032702
03003036830
03003035613
03003034773
03003032834
03003033343
03003036365
03003033749
03003035886
03003036156
03003035722
03003033489
03003035006
03003039602
03003036369
03003032123
03003036662
03003036853
03003034518
03003035131
03003033913
03003033731
03003035391
03003037491
03003033565
03003037048
03003033265
03003035141
03003037949
03003035670
03003039766
03003038220
03003037616
03003036763
03003038554
03003032000
03003033295
03003039018
03003035781
03003036730
03003031808
03003033932
03003037515
03003036738
03003036758
03003039165
03003032553
03003033173
03003039958
03003031520
03003037086
03003034054
03003036163
03003032490
03003037149
03003037725
03003034428
03003039645
03003037744
03003036008
03003032251
03003033725
03003037531
03003034209
03003032041
03003031906
03003032379
03003032217
03003034963
03003039617
03003034240
03003034658
03003036206
03003031260
03003034918
03003034809
03003038995
03003031489
03003037196
03003038188
03003038632
03003034038
03003034894
03003037140
03003033449
03003038968
03003034840
03003039214
03003036761
03003036390
03003039020
03003037810
03003036311
03003039130
03003035741
03003033532
03003039400
03003033835
03003038207
03003038091
03003033718
03003036574
03003034634
03003031718
03003031312
03003034120
03003038574
03003039808
03003034523
03003039781
03003034727
03003037559
03003038176
03003039514
03003039088
03003034608
03003032303
03003034698
03003032890
03003031058
03003038933
03003035358
03003034095
03003031786
03003038265
03003038145
03003039985
03003035405
03003038818
03003032191
03003031653
03003031293
03003039321
03003031218
03003033455
03003034053
03003034204
03003036391
03003032773
03003032077
03003038094
03003038178
03003035187
03003033215
03003032636
03003032736
03003031136
03003039357
03003032591
03003034328
03003031009
03003035376
03003033421
03003037004
03003037399
03003034599
03003035395
03003035372
03003037907
03003038777
03003037003
03003038481
03003031643
03003038981
03003038378
03003037338
03003031645
03003033800
03003035725
03003039818
03003031322
03003036700
03003036422
03003034756
03003033249
03003038389
03003035236
03003036405
03003037341
03003036834
03003033781
03003036347
03003037325
03003034516
03003032351
03003034440
03003038153
03003036716
03003036448
03003031595
03003032485
03003035553
03003031910
03003031140
03003038042
03003033217
03003035896
03003031902
03003033535
03003037102
03003037452
03003038400
03003038970
03003033016
03003033451
03003035746
03003031115
03003032029
03003033954
03003033758
03003039761
03003033353
03003034467
03003035149
03003032050
03003034814
03003032913
03003032957
03003034142
03003034084
03003031954
03003031566
03003039239
03003033704
03003037897
03003034252
03003038108
03003038245
03003038459
03003033867
03003036274
03003039581
03003033344
03003038344
03003031181
03003038202
03003039027
03003032218
03003038361
03003031603
03003037031
03003039959
03003034060
03003036297
03003034519
03003035455
03003035803
03003036359
03003036690
03003038214
03003038388
03003039613
03003036988
03003035740
03003031913
03003036474
03003039367
03003035057
03003036050
03003033790
03003039895
03003032214
03003032045
03003034474
03003039355
03003034525
03003039662
03003035695
03003032604
03003031373
03003031290
03003031446
03003037278
03003035166
03003034595
03003036325
03003031400
03003033199
03003039275
03003031949
03003036388
03003033422
03003032229
03003032505
03003035229
03003033460
03003034696
03003031658
03003038889
03003035712
03003039855
03003033336
03003035646
03003031815
03003036430
03003035601
03003037708
03003037715
03003033364
03003037867
03003031939
03003032661
03003038964
03003031095
03003036588
03003034343
03003033155
03003037745
03003037861
03003033051
03003037738
03003031606
03003032293
03003032070
03003036904
03003035586
03003038454
03003038453
03003039423
03003031022
03003036950
03003033050
03003032240
03003039057
03003032086
03003037680
03003037741
03003037582
03003034173
03003036154
03003039629
03003031426
03003035757
03003038935
03003033575
03003031002
03003031460
03003034701
03003034442
03003034401
03003039268
03003034094
03003034967
03003039860
03003038681
03003035067
03003032287
03003038004
03003034281
03003033186
03003037147
03003033830
03003032456
03003035523
03003037293
03003031955
03003038055
03003036036
03003032301
03003033412
03003034914
03003038314
03003034728
03003039179
03003039501
03003037473
03003032722
03003033498
03003038594
03003032998
03003034381
03003038274
03003035288
03003031877
03003037294
03003036960
03003036811
03003037674
03003032145
03003039580
03003032765
03003036138
03003038947
03003032965
03003039689
03003034202
03003038457
03003039608
03003032399
03003035306
03003032969
03003031655
03003032352
03003037013
03003032769
03003037953
03003031502
03003031508
03003037054
03003031274
03003037356
03003036848
03003031850
03003035786
03003031073
03003037701
03003032730
03003033308
03003039816
03003037620
03003034561
03003037854
03003031641
03003032598
03003035567
03003039215
03003037227
03003039517
03003036177
03003035011
03003032694
03003031402
03003038960
03003039257
03003034472
03003039511
03003037605
03003031959
03003032547
03003038497
03003033306
03003033391
03003039866
03003039964
03003038180
03003031280
03003032635
03003038558
03003031134
03003031523
03003035120
03003037484
03003038413
03003036093
03003034794
03003037948
03003037168
03003037579
03003034993
03003038936
03003034691
03003038774
03003032870
03003031620
03003034539
03003032827
03003033243
03003036081
03003032520
03003036628
03003033992
03003034122
03003032531
03003035443
03003032697
03003032384
03003033682
03003039244
03003037461
03003034896
03003033866
03003031188
03003032359
03003036098
03003034656
03003036974
03003035809
03003033582
03003039893
03003039623
03003038911
03003037189
03003037926
03003037317
03003039768
03003036176
03003039054
03003034083
03003031726
03003032054
03003036421
03003036047
03003039336
03003035549
03003037631
03003032761
03003034771
03003032828
03003033297
03003038884
03003039922
03003037920
03003031118
03003039164
03003035705
03003034332
03003032203
03003034410
03003039656
03003036863
03003031830
03003031998
03003033811
03003038791
03003034861
03003034203
03003036499
03003035987
03003031289
03003039843
03003036015
03003039129
03003036740
03003039875
03003036459
03003036353
03003039294
03003037169
03003035352
03003031279
03003035540
03003037990
03003032938
03003033494
03003035154
03003039601
03003034194
03003037019
03003035574
03003035735
03003034682
03003031015
03003038402
03003037849
03003039909
03003037204
03003031544
03003037599
03003033471
03003036348
03003035936
03003036383
03003037758
03003039339
03003037139
03003035680
03003032271
03003036049
03003038511
03003037578
03003035892
03003039955
03003032142
03003039588
03003033028
03003036289
03003036336
03003038056
03003036595
03003037839
03003035755
03003031832
03003033177
03003039824
03003035024
03003036130
03003033859
03003033527
03003031706
03003038939
03003031228
03003038436
03003032407
03003037638
03003039082
03003039084
03003034825
03003034431
03003039848
03003032755
03003039963
03003038464
03003037118
03003033457
03003039169
03003035097
03003034529
03003034889
03003034371
03003037261
03003034526
03003038785
03003033068
03003036250
03003031699
03003034010
03003035493
03003032732
03003038990
03003036262
03003038192
03003032764
03003034979
03003032984
03003036771
03003032586
03003039528
03003032008
03003031946
03003039774
03003033355
03003036895
03003033133
03003032213
03003036920
03003037153
03003039603
03003031796
03003034919
03003035184
03003039068
03003039069
03003037720
03003033806
03003033060
03003034284
03003035964
03003037044
03003034216
03003032906
03003035059
03003033221
03003032993
03003033517
03003036466
03003031807
03003032034
03003036367
03003033042
03003031072
03003038854
03003032277
03003034009
03003039269
03003037526
03003033290
03003037906
03003031242
03003034156
03003036541
03003037159
03003038940
03003034176
03003039258
03003039845
03003039298
03003031685
03003039441
03003039507
03003035255
03003037618
03003031234
03003037333
03003039769
03003036397
03003039345
03003035828
03003032707
03003033543
03003031405
03003034413
03003038398
03003038493
03003034903
03003036363
03003038050
03003037632
03003033134
03003037128
03003036747
03003038417
03003034437
03003038460
03003037213
03003036141
03003036867
03003036827
03003031151
03003036737
03003032129
03003036720
03003035042
03003037459
03003037035
03003035482
03003036252
03003031273
03003035995
03003037913
03003031549
03003034065
03003031917
03003035503
03003035999
03003038826
03003039487
03003039075
03003036678
03003034858
03003039832
03003036285
03003032009
03003035669
03003034890
03003035464
03003039516
03003035170
03003035957
03003037840
03003039740
03003034904
03003034359
03003031041
03003031956
03003039648
03003037066
03003032197
03003032939
03003031235
03003032830
03003033250
03003038396
03003037027
03003033154
03003035848
03003036483
03003037870
03003033529
03003036937
03003032711
03003036493
03003036724
03003038796
03003036160
03003037823
03003033266
03003033194
03003031777
03003033127
03003037635
03003031344
03003035193
03003032587
03003034552
03003032685
03003039013
03003037089
03003038722
03003039203
03003036283
03003032581
03003034925
03003035592
03003034834
03003038623
03003034244
03003031283
03003035915
03003033983
03003039091
03003033597
03003033416
03003032622
03003034922
03003032612
03003036411
03003036350
03003035685
03003032063
03003036322
03003033819
03003036387
03003037397
03003037822
03003031515
03003036164
03003037943
03003035450
03003034218
03003037001
03003031327
03003031326
03003035233
03003032970
03003036010
03003037893
03003035143
03003039593
03003036905
03003035279
03003031693
03003033722
03003033976
03003035594
03003032509
03003034554
03003034668
03003032132
03003038684
03003035774
03003038531
03003034996
03003035734
03003035389
03003036371
03003032983
03003038545
03003038938
03003035307
03003032566
03003037350
03003038104
03003036784
03003031863
03003033651
03003035811
03003035761
03003039368
03003034648
03003036150
03003039545
03003033401
03003034662
03003032081
03003031030
03003036502
03003036892
03003034385
03003038946
03003033870
03003031220
03003033037
03003031843
03003038335
03003039393
03003036966
03003037073
03003032813
03003036970
03003037295
03003036159
03003033466
03003031765
03003035674
03003036826
03003033442
03003036951
03003034600
03003035955
03003037732
03003037604
03003039575
03003032190
03003032731
03003035913
03003031975
03003032448
03003039189
03003034801
03003038471
03003032706
03003037202
03003036917
03003039395
03003032935
03003038767
03003036174
03003037553
03003037396
03003038932
03003036169
03003037326
03003036889
03003031336
03003035528
03003037344
03003039512
03003034764
03003038021
03003035094
03003037315
03003032513
03003032950
03003031735
03003033359
03003038937
03003032506
03003036614
03003035293
03003038686
03003038110
03003033105
03003039956
03003036436
03003031585
03003034865
03003032542
03003035643
03003038305
03003032220
03003034355
03003035294
03003033634
03003032577
03003035448
03003037527
03003034839
03003032897
03003037801
03003036407
03003039183
03003039195
03003031563
03003037358
03003033200
03003033461
03003034602
03003036091
03003037609
03003036495
03003036389
03003034932
03003031779
03003034414
03003031967
03003039235
03003038504
03003031148
03003032739
03003039116
03003032905
03003034199
03003031390
03003034859
03003033015
03003032850
03003035110
03003031427
03003032605
03003036454
03003038927
03003036855
03003032478
03003035962
03003038241
03003035347
03003032082
03003032882
03003033663
03003035414
03003033023
03003036679
03003036220
03003033393
03003038254
03003031721
03003039869
03003034923
03003039325
03003034483
03003032776
03003031717
03003034313
03003036151
03003039975
03003039607
03003034147
03003037166
03003035626
03003033827
03003035658
03003037925
03003037211
03003037677
03003032752
03003035858
03003039371
03003032106
03003034503
03003033697
03003032026
03003035044
03003032672
03003031509
03003037989
03003036427
03003036993
03003034367
03003037868
03003036131
03003033165
03003032006
03003037556
03003039754
03003036362
03003037691
03003038289
03003032891
03003036491
03003033158
03003038445
03003031120
03003038100
03003036754
03003037882
03003032245
03003034384
03003036669
03003036360
03003035895
03003038255
03003034601
03003038484
03003033794
03003038682
03003039411
03003034383
03003039841
03003034695
03003034710
03003037686
03003035039
03003039233
03003039456
03003034396
03003031872
03003032909
03003039896
03003031514
03003033525
03003038256
03003034689
03003039363
03003036667
03003039444
03003031086
03003038709
03003033882
03003031664
03003033430
03003038208
03003035145
03003034088
03003038073
03003031880
03003038989
03003032454
03003036315
03003031386
03003039259
03003034432
03003039105
03003035479
03003034969
03003035346
03003031505
03003036013
03003035505
03003036621
03003037889
03003034880
03003035447
03003031652
03003033189
03003034282
03003031942
03003039149
03003039450
03003037190
03003036323
03003038692
03003036568
03003036685
03003038181
03003039552
03003033317
03003036231
03003035140
03003037233
03003034857
03003034977
03003032011
03003031565
03003036188
03003031499
03003032091
03003035721
03003038797
03003039897
03003034205
03003035649
03003033377
03003031215
03003036443
03003039090
03003036170
03003031410
03003037413
03003038621
03003035333
03003038688
03003039446
03003038232
03003035075
03003037311
03003036435
03003036665
03003039328
03003038473
03003032475
03003035710
03003034854
03003038914
03003033469
03003031512
03003039051
03003034237
03003036533
03003032047
03003033646
03003035489
03003034354
03003031159
03003038697
03003036701
03003032637
03003038085
03003036859
03003035638
03003036971
03003037653
03003039652
03003039317
03003038177
03003032653
03003032020
03003036242
03003038186
03003035046
03003032796
03003032018
03003038097
03003038598
03003038880
03003036695
03003035827
03003035951
03003039604
03003031701
03003033918
03003039899
03003038760
03003032032
03003038078
03003037150
03003036296
03003039704
03003039101
03003032780
03003037751
03003031908
03003036697
03003039218
03003034090
03003038874
03003036507
03003032338
03003039337
03003035228
03003031497
03003036726
03003031152
03003034087
03003031253
03003033202
03003034165
03003034669
03003037829
03003036641
03003034248
03003034347
03003036294
03003034585
03003038922
03003034116
03003034917
03003032492
03003036306
03003033638
03003038362
03003031291
03003035742
03003039619
03003032198
03003034667
03003032690
03003035942
03003032378
03003037342
03003038996
03003039502
03003038129
03003036710
03003037961
03003035327
03003038363
03003038732
03003038572
03003036675
03003038466
03003039918
03003031920
03003032725
03003031123
03003034641
03003038859
03003037438
03003037216
03003034195
03003037482
03003034868
03003033908
03003031958
03003032643
03003035977
03003039663
03003035285
03003031558
03003039398
03003034878
03003039713
03003033635
03003031243
03003038348
03003033203
03003032383
03003032648
03003033613
03003037466
03003034041
03003038155
03003038664
03003036057
03003039508
03003034260
03003039465
03003031232
03003038754
03003037098
03003039553
03003037818
03003032002
03003036011
03003033077
03003035860
03003031294
03003031814
03003038387
03003031834
03003038001
03003036624
03003038589
03003035070
03003036115
03003032851
03003033159
03003035118
03003031029
03003039802
03003038212
03003038969
03003031984
03003031578
03003038627
03003035377
03003034000
03003035101
03003038443
03003035900
03003037158
03003037176
03003033684
03003037529
03003032879
03003035445
03003039238
03003031918
03003033086
03003036755
03003033727
03003034296
03003036770
03003038737
03003036857
03003031347
03003035246
03003035713
03003035373
03003039148
03003036326
03003037510
03003032273
03003032845
03003035579
03003034124
03003038057
03003031420
03003039551
03003032862
03003039440
03003038439
03003033084
03003031532
03003035095
03003038330
03003037957
03003031033
03003031454
03003031450
03003034775
03003037460
03003034808
03003035978
03003032075
03003038727
03003038811
03003034603
03003031032
03003031412
03003035634
03003039747
03003033009
03003032684
03003038934
03003033681
03003033406
03003034134
03003037705
03003034230
03003038971
03003039379
03003036129
03003034032
03003034289
03003033253
03003033892
03003039419
03003036048
03003032912
03003039537
03003035061
03003034937
03003039065
03003036043
03003031486
03003036352
03003036897
03003032061
03003038689
03003034927
03003034040
03003035153
03003032243
03003039513
03003034793
03003036772
03003036077
03003034033
03003036668
03003037378
03003032546
03003031991
03003038080
03003037359
03003035496
03003036983
03003032923
03003039784
03003039126
03003035868
03003031145
03003033087
03003038266
03003035197
03003034301
03003031025
03003035769
03003037372
03003036681
03003036162
03003034275
03003036808
03003034515
03003037425
03003034249
03003035522
03003031487
03003039459
03003039670
03003036886
03003037876
03003038788
03003032215
03003038124
03003033621
03003032368
03003033549
03003032768
03003037540
03003032436
03003036876
03003032097
03003033778
03003039839
03003031849
03003033707
03003039276
03003035210
03003035487
03003033263
03003035375
03003034593
03003031070
03003034213
03003031245
03003033898
03003039330
03003033278
03003032130
03003031590
03003031981
03003036691
03003037214
03003039736
03003036275
03003035106
03003032471
03003036739
03003031382
03003039504
03003032164
03003034931
03003038222
03003035630
03003033150
03003031554
03003031915
03003037017
03003031867
03003036792
03003034625
03003033854
03003034856
03003034795
03003039106
03003038773
03003037270
03003038949
03003038492
03003038182
03003033079
03003033388
03003036658
03003036802
03003035732
03003032114
03003033010
03003035845
03003039115
03003036856
03003038806
03003037369
03003035925
03003032966
03003039831
03003036797
03003039741
03003038223
03003039255
03003039856
03003036673
03003035254
03003039624
03003035259
03003038512
03003037509
03003032858
03003032283
03003033599
03003037242
03003033546
03003031754
03003031366
03003034562
03003037695
03003039762
03003031360
03003037750
03003039211
03003032400
03003035871
03003032066
03003034069
03003035911
03003039522
03003038107
03003032115
03003033311
03003033857
03003037479
03003036087
03003038841
03003035970
03003035883
03003035768
03003034206
03003036446
03003038651
03003038173
03003037228
03003033198
03003038456
03003035993
03003032559
03003034557
03003034101
03003036998
03003038272
03003039425
03003037070
03003033552
03003038270
03003032224
03003039900
03003032316
03003037690
03003034115
03003037550
03003033305
03003035823
03003031055
03003039976
03003036753
03003033323
03003039695
03003036333
03003031581
03003037226
03003037297
03003039461
03003033576
03003031517
03003037327
03003031556
03003038243
03003032042
03003033625
03003033814
03003033047
03003034915
03003031673
03003039354
03003037099
03003031868
03003038569
03003037439
03003037020
03003035805
03003033191
03003032613
03003032189
03003039651
03003032162
03003035173
03003034541
03003039722
03003036903
03003031756
03003035245
03003032003
03003036908
03003035862
03003034643
03003031614
03003034458
03003036134
03003035386
03003034895
03003038297
03003038318
03003039142
03003035277
03003034049
03003037946
03003036413
03003039538
03003037206
03003031800
03003031763
03003034982
03003035331
03003038999
03003037547
03003032007
03003039756
03003039539
03003032861
03003037563
03003033366
03003038458
03003033095
03003033315
03003036885
03003038853
03003036356
03003038708
03003031681
03003032057
03003034510
03003033551
03003036699
03003034236
03003035121
03003034269
03003037028
03003034711
03003031829
03003033678
03003036686
03003034149
03003034299
03003032004
03003039424
03003037435
03003036789
03003037942
03003039046
03003037024
03003039029
03003032799
03003032549
03003038269
03003031387
03003036509
03003039432
03003031157
03003036190
03003036615
03003035074
03003032835
03003037245
03003036779
03003036781
03003031071
03003037348
03003032154
03003032649
03003035591
03003039060
03003033175
03003036496
03003035934
03003035186
03003031524
03003035133
03003033673
03003035945
03003033345
03003032095
03003033480
03003038809
03003034980
03003034685
03003038758
03003035257
03003033059
03003037513
03003039394
03003037198
03003037360
03003032721
03003034943
03003038082
03003036203
03003036554
03003034013
03003031944
03003037698
03003031060
03003038856
03003038699
03003031418
03003034998
03003032934
03003031125
03003034939
03003034716
03003039886
03003033865
03003036505
03003032766
03003035374
03003039125
03003034838
03003036244
03003034389
03003036707
03003032786
03003038876
03003032665
03003031173
03003034459
03003035147
03003033993
03003034426
03003033608
03003034145
03003035169
03003031680
03003035716
03003032356
03003033943
03003031751
03003038068
03003031238
03003034882
03003033075
03003036460
03003032182
03003039263
03003031129
03003032790
03003034197
03003034675
03003035457
03003039153
03003038882
03003034713
03003034171
03003036452
03003037874
03003032710
03003034362
03003039099
03003036958
03003039281
03003035890
03003031784
03003031594
03003038237
03003035328
03003038169
03003037850
03003036189
03003039830
03003038793
03003036769
03003035521
03003033984
03003037412
03003032451
03003035275
03003032646
03003031720
03003031249
03003033092
03003039797
03003031953
03003034172
03003039480
03003034909
03003039489
03003031507
03003033847
03003039454
03003036902
03003036395
03003038891
03003035015
03003033988
03003036919
03003037383
03003035572
03003039108
03003034888
03003032159
03003031806
03003032555
03003032582
03003034547
03003032242
03003034411
03003037008
03003038573
03003038386
03003032168
03003038380
03003031937
03003039141
03003033974
03003035344
03003035367
03003035737
03003037084
03003034108
03003037581
03003031745
03003038509
03003032972
03003034014
03003036777
03003036654
03003032600
03003034100
03003037973
03003036898
03003033714
03003035315
03003038009
03003032227
03003036634
03003033428
03003033499
03003033491
03003037611
03003035766
03003039960
03003037759
03003039092
03003033239
03003035113
03003033201
03003039894
03003034847
03003032974
03003036110
03003034162
03003039477
03003037071
03003038613
03003038331
03003036222
03003039882
03003034129
03003031826
03003032355
03003033174
03003031909
03003036804
03003036516
03003039556
03003039594
03003037436
03003038375
03003039093
03003034363
03003034965
03003036153
03003037026
03003038030
03003032659
03003035362
03003031192
03003038162
03003035270
03003039779
03003031031
03003039168
03003033980
03003037493
03003032441
03003038904
03003036783
03003039582
03003032263
03003032623
03003032201
03003033520
03003031202
03003039362
03003032074
03003037183
03003035232
03003032695
03003035387
03003033066
03003035629
03003035709
03003039532
03003036457
03003033069
03003032403
03003039760
03003036796
03003033348
03003039561
