03453323103
03453233159
03453399766
03453208791
03453573969
03453702871
03453552699
03453114818
03453777890
03453383538
03453255657
03453839513
03453304242
03453461540
03453821604
03453998759
03453119798
03453831115
03453430824
03453383850
03453671684
03453227913
03453411981
03453821866
03453806855
03453774418
03453281025
03453204846
03453697525
03453744519
03453190961
03453303126
03453418681
03453322953
03453562105
03453650071
03453763076
03453871633
03453620054
03453704645
03453716315
03453128933
03453409166
03453101134
03453261654
03453889805
03453687674
03453651418
03453670745
03453577900
03453171711
03453767113
03453645344
03453778280
03453833792
03453573044
03453304028
03453558132
03453784624
03453559722
03453270579
03453518477
03453580078
03453796844
03453269009
03453780753
03453620773
03453630970
03453356279
03453791926
03453117220
03453320764
03453677922
03453648361
03453742705
03453179891
03453185065
03453817856
03453807720
03453367214
03453185715
03453632380
03453840780
03453151242
03453794991
03453984796
03453206921
03453298589
03453316026
03453146513
03453931691
03453569210
03453138586
03453513235
03453521056
03453222936
03453992644
03453109051
03453648966
03453878819
03453460680
03453850946
03453996983
03453653901
03453387978
03453486171
03453750412
03453417410
03453466621
03453886096
03453739298
03453645601
03453474018
03453776026
03453635977
03453424048
03453475900
03453970707
03453389073
03453108711
03453509774
03453229469
03453658834
03453962128
03453825212
03453698668
03453300313
03453536748
03453753561
03453380099
03453300295
03453705799
03453949221
03453553020
03453910611
03453829854
03453396100
03453514280
03453102589
03453627139
03453781758
03453577334
03453518625
03453333024
03453430923
03453596399
03453591276
03453402918
03453489973
03453461873
03453980479
03453487208
03453806105
03453995066
03453425849
03453660959
03453117097
03453393969
03453548115
03453132534
03453359198
03453345305
03453768218
03453768283
03453686756
03453871028
03453147078
03453646046
03453574606
03453874792
03453456051
03453602330
03453877076
03453384794
03453306586
03453365643
03453869389
03453476252
03453945471
03453350643
03453890126
03453838422
03453725319
03453520534
03453143115
03453557954
03453484761
03453168894
03453344356
03453397183
03453708620
03453505606
03453494604
03453422559
03453232028
03453750407
03453564741
03453744167
03453725371
03453444198
03453756872
03453915366
03453587080
03453974357
03453203774
03453117990
03453354372
03453686099
03453247707
03453917716
03453602644
03453781891
03453469072
03453506883
03453247748
03453543640
03453313074
03453662317
03453477151
03453230249
03453477609
03453297501
03453950445
03453107725
03453454516
03453152765
03453556179
03453800902
03453125222
03453750881
03453501273
03453593771
03453974759
03453251341
03453750962
03453489377
03453939341
03453439963
03453443706
03453814522
03453658256
03453149475
03453790904
03453902961
03453712713
03453953487
03453725145
03453707508
03453316992
03453200526
03453412297
03453781880
03453279720
03453685117
03453109471
03453676856
03453663473
03453888290
03453798193
03453885197
03453122485
03453166835
03453101371
03453188119
03453494313
03453255541
03453291936
03453758371
03453604298
03453873110
03453218611
03453662629
03453571992
03453328133
03453506597
03453395012
03453501028
03453427619
03453848671
03453483910
03453924695
03453338583
03453719392
03453314050
03453289641
03453141870
03453408665
03453843293
03453776490
03453555415
03453773059
03453624068
03453801590
03453524593
03453459174
03453469603
03453415572
03453558620
03453596227
03453539187
03453563269
03453617091
03453113124
03453781338
03453170258
03453701036
03453162444
03453460670
03453949522
03453401286
03453197789
03453828251
03453381978
03453874068
03453204671
03453113671
03453217830
03453349706
03453761005
03453663195
03453646300
03453798932
03453301143
03453882528
03453245892
03453870418
03453958016
03453433099
03453925289
03453328467
03453799396
03453156122
03453696959
03453176517
03453360532
03453903847
03453375436
03453142256
03453614045
03453371773
03453829200
03453795817
03453419611
03453650524
03453254503
03453355932
03453197741
03453208914
03453835222
03453442567
03453900074
03453970790
03453314191
03453480194
03453287729
03453787336
03453830617
03453120590
03453502654
03453516423
03453475997
03453869322
03453225856
03453177109
03453753138
03453313982
03453974269
03453618748
03453482574
03453568449
03453579493
03453427159
03453471942
03453826280
03453219893
03453787351
03453602083
03453235357
03453716374
03453493245
03453356829
03453256048
03453726169
03453862325
03453880337
03453616118
03453588100
03453311639
03453493455
03453592091
03453550383
03453895775
03453959878
03453766962
03453193755
03453473415
03453226349
03453602793
03453883759
03453234645
03453216473
03453959993
03453331624
03453391297
03453887032
03453201017
03453961055
03453610724
03453333239
03453900570
03453281065
03453759622
03453376076
03453672025
03453969807
03453450940
03453165828
03453872801
03453697863
03453386169
03453307109
03453989118
03453976358
03453531383
03453512064
03453319749
03453632525
03453746477
03453561001
03453999289
03453351597
03453481729
03453276772
03453396835
03453924423
03453334871
03453975293
03453872085
03453415101
03453627044
03453700915
03453160216
03453691520
03453269318
03453136152
03453583802
03453223947
03453729992
03453185895
03453848476
03453909363
03453970874
03453355265
03453362187
03453355648
03453496187
03453881268
03453328530
03453864246
03453772237
03453901280
03453929467
03453277893
03453275190
03453116068
03453190534
03453282762
03453759124
03453606194
03453828901
03453284837
03453759791
03453395231
03453928262
03453224812
03453408577
03453724002
03453500480
03453269297
03453165702
03453633252
03453367408
03453425960
03453569158
03453972683
03453619645
03453375897
03453533832
03453298514
03453836668
03453387979
03453790240
03453339850
03453858258
03453484498
03453819746
03453178563
03453906407
03453869986
03453729276
03453903133
03453303168
03453141972
03453602396
03453960416
03453567925
03453656455
03453919953
03453140243
03453271756
03453631982
03453763765
03453644641
03453731894
03453849229
03453476226
03453143384
03453570889
03453624817
03453748929
03453460610
03453769525
03453440922
03453494597
03453419940
03453536972
03453443763
03453405066
03453230014
03453817595
03453630494
03453540020
03453262569
03453543900
03453283987
03453498729
03453370287
03453659228
03453807972
03453877377
03453378560
03453696425
03453116222
03453158257
03453576084
03453213617
03453752603
03453970516
03453702337
03453763022
03453299096
03453104458
03453154203
03453628741
03453533643
03453701050
03453575831
03453182455
03453423444
03453124161
03453251389
03453689939
03453322648
03453641262
03453501196
03453100740
03453667654
03453565241
03453977496
03453773097
03453911661
03453816845
03453871552
03453324700
03453336339
03453843856
03453323354
03453691160
03453434549
03453527676
03453331397
03453435562
03453108365
03453915159
03453530596
03453582937
03453922898
03453187831
03453235783
03453683811
03453625987
03453688621
03453373776
03453474959
03453112877
03453405274
03453724841
03453989925
03453387435
03453287613
03453282650
03453546692
03453460542
03453376349
03453239491
03453338599
03453100090
03453433001
03453816839
03453162262
03453268075
03453309865
03453656399
03453392831
03453185581
03453137058
03453982304
03453585265
03453675877
03453133034
03453245564
03453393427
03453699323
03453849740
03453270044
03453768968
03453210477
03453606211
03453802835
03453943961
03453147948
03453825714
03453368467
03453206587
03453683407
03453849231
03453135693
03453250809
03453809148
03453526359
03453105700
03453165093
03453409895
03453682056
03453927296
03453947890
03453422970
03453670243
03453404659
03453711558
03453154578
03453153264
03453761218
03453526608
03453969447
03453569631
03453889612
03453826789
03453787564
03453359426
03453203428
03453365904
03453508451
03453567116
03453817114
03453775716
03453371190
03453736033
03453540184
03453882224
03453436415
03453867068
03453593623
03453684646
03453860148
03453283181
03453658321
03453606305
03453132592
03453659987
03453232403
03453993370
03453788628
03453215202
03453308835
03453679979
03453713959
03453279600
03453246080
03453424020
03453166932
03453902271
03453799189
03453901444
03453114940
03453110181
03453880886
03453647253
03453299052
03453668625
03453171374
03453272354
03453600670
03453286196
03453167595
03453841961
03453109298
03453482720
03453606431
03453168467
03453181259
03453226834
03453543441
03453133501
03453515081
03453778487
03453601911
03453758168
03453657230
03453456433
03453294103
03453458203
03453414831
03453700135
03453691351
03453885457
03453958704
03453971970
03453172999
03453777434
03453959051
03453833539
03453991361
03453721015
03453187958
03453929005
03453141240
03453838017
03453604661
03453796879
03453639648
03453255553
03453840325
03453940097
03453358830
03453665688
03453386363
03453336452
03453508270
03453122718
03453551515
03453641821
03453212192
03453877270
03453814150
03453185838
03453586060
03453476244
03453956504
03453150593
03453510749
03453433432
03453391032
03453222207
03453393295
03453552080
03453794065
03453590529
03453672905
03453616928
03453257720
03453659553
03453654455
03453202650
03453574505
03453760038
03453332521
03453219768
03453572341
03453635517
03453664728
03453654716
03453407535
03453191717
03453779168
03453183758
03453906864
03453342945
03453664995
03453881512
03453454067
03453286130
03453206216
03453864520
03453618118
03453546802
03453806749
03453593216
03453592297
03453745923
03453835364
03453505790
03453293795
03453589252
03453552638
03453222814
03453611500
03453611332
03453826022
03453143723
03453736735
03453578252
03453875231
03453768703
03453736316
03453814671
03453201577
03453772912
03453888713
03453887200
03453588410
03453329960
03453951932
03453376207
03453598501
03453373423
03453448239
03453338130
03453956387
03453213235
03453525771
03453626552
03453980043
03453889594
03453829364
03453148926
03453113740
03453602465
03453226529
03453960943
03453295364
03453390786
03453516922
03453521272
03453144777
03453875815
03453410898
03453437512
03453128203
03453803446
03453345225
03453704502
03453705097
03453157513
03453505403
03453553857
03453917588
03453990750
03453179215
03453774575
03453273369
03453654945
03453612787
03453617951
03453110182
03453598209
03453985637
03453939339
03453587389
03453700930
03453599111
03453546382
03453927769
03453591835
03453197623
03453813038
03453430660
03453231429
03453722686
03453962524
03453209926
03453152940
03453868010
03453491934
03453922050
03453274946
03453732081
03453323960
03453595068
03453196152
03453611714
03453186368
03453735841
03453904135
03453903320
03453277605
03453425261
03453498173
03453540813
03453102515
03453746113
03453487454
03453776732
03453113261
03453959889
03453692365
03453123197
03453686158
03453268064
03453216690
03453763848
03453502004
03453744776
03453126016
03453188131
03453323263
03453253555
03453615379
03453992320
03453504778
03453987396
03453499067
03453741401
03453569840
03453461781
03453908903
03453527339
03453196834
03453445080
03453537263
03453512553
03453669113
03453121896
03453145317
03453161684
03453772191
03453631594
03453471871
03453509994
03453343650
03453830623
03453422519
03453958552
03453233837
03453159358
03453777303
03453846463
03453954342
03453171705
03453882794
03453548492
03453597737
03453758716
03453988387
03453543420
03453498107
03453783462
03453595857
03453489323
03453822983
03453679426
03453251295
03453394329
03453451579
03453622880
03453121537
03453161578
03453481363
03453983784
03453520449
03453994784
03453643746
03453668443
03453318881
03453611288
03453227944
03453749545
03453750035
03453350371
03453490738
03453365558
03453629759
03453120620
03453452687
03453363180
03453109985
03453618264
03453274084
03453848132
03453876013
03453520667
03453151196
03453171224
03453564222
03453782258
03453536478
03453655766
03453803648
03453792763
03453690341
03453899009
03453602952
03453114970
03453319943
03453716450
03453932131
03453270163
03453845822
03453138951
03453332244
03453313868
03453621536
03453273709
03453998891
03453259699
03453105444
03453932828
03453543314
03453207279
03453135651
03453644435
03453974113
03453123078
03453517246
03453147657
03453445686
03453213067
03453546722
03453697974
03453675216
03453730749
03453849735
03453248209
03453696148
03453393535
03453686132
03453814215
03453881718
03453188423
03453837328
03453549688
03453290513
03453783367
03453276778
03453550321
03453870820
03453249449
03453483062
03453763358
03453383608
03453628838
03453991891
03453802696
03453568792
03453885065
03453824476
03453820849
03453751553
03453592229
03453634269
03453638652
03453890786
03453181133
03453149156
03453409296
03453539292
03453857181
03453203358
03453321436
03453614244
03453934655
03453679918
03453597969
03453756553
03453662319
03453936288
03453543947
03453675902
03453448525
03453192154
03453967391
03453708968
03453220896
03453256318
03453893452
03453824743
03453801067
03453179444
03453993365
03453278637
03453289489
03453554153
03453198675
03453658901
03453109379
03453634210
03453265288
03453141025
03453331527
03453392268
03453279703
03453441921
03453769364
03453536443
03453122778
03453970822
03453128512
03453162157
03453884561
03453207606
03453916326
03453185743
03453446498
03453923395
03453472164
03453928260
03453755171
03453515844
03453714549
03453328070
03453335606
03453802905
03453380501
03453481243
03453939068
03453647173
03453671000
03453402921
03453344374
03453912450
03453525469
03453939604
03453684452
03453199081
03453770673
03453853920
03453672555
03453108804
03453373162
03453368409
03453752176
03453735505
03453637215
03453705950
03453510116
03453625181
03453616977
03453336154
03453255789
03453113851
03453433758
03453733538
03453676734
03453641534
03453481338
03453134048
03453213561
03453804684
03453571951
03453129486
03453534048
03453397926
03453532560
03453243807
03453556089
03453745170
03453860629
03453383558
03453219266
03453264574
03453429742
03453729066
03453203562
03453322157
03453160883
03453777739
03453727396
03453720103
03453656660
03453411617
03453505846
03453950914
03453522347
03453129139
03453822165
03453191216
03453883237
03453895243
03453266346
03453801210
03453238923
03453218128
03453337579
03453104654
03453462142
03453954026
03453880011
03453756348
03453952595
03453249162
03453894584
03453169183
03453303795
03453664642
03453912468
03453828192
03453471380
03453811890
03453844555
03453409383
03453877387
03453986308
03453292893
03453616030
03453192341
03453123389
03453324023
03453998228
03453628532
03453773168
03453510937
03453865982
03453905303
03453860015
03453206856
03453897728
03453971048
03453767507
03453407498
03453517032
03453336662
03453647118
03453857705
03453216670
03453993973
03453719835
03453842565
03453239401
03453956655
03453829540
03453340741
03453351271
03453169248
03453920284
03453263980
03453717885
03453760253
03453125772
03453570561
03453170955
03453675263
03453891473
03453401530
03453962209
03453566077
03453951875
03453845820
03453129216
03453873506
03453641875
03453469888
03453469275
03453690052
03453645775
03453176036
03453399359
03453472506
03453481457
03453758826
03453671876
03453943628
03453170196
03453514711
03453827364
03453690766
03453286571
03453633747
03453253163
03453281726
03453946471
03453165707
03453971855
03453966232
03453815140
03453153758
03453119471
03453996744
03453110184
03453187664
03453870852
03453881996
03453387887
03453523473
03453744248
03453864620
03453673395
03453287747
03453412128
03453947844
03453231334
03453447498
03453738712
03453261108
03453559248
03453495469
03453620343
03453634621
03453188162
03453522804
03453524344
03453673919
03453209803
03453584219
03453318747
03453932571
03453484712
03453648642
03453588727
03453755963
03453299344
03453632714
03453439476
03453167293
03453542323
03453769126
03453579767
03453719505
03453207996
03453857367
03453753579
03453968468
03453583806
03453584265
03453415045
03453858362
03453437495
03453614715
03453462805
03453553043
03453682689
03453359192
03453863542
03453849553
03453534444
03453280401
03453660668
03453969000
03453141158
03453604391
03453763486
03453414659
03453191881
03453931989
03453814783
03453299235
03453726342
03453915115
03453980166
03453665437
03453770765
03453705450
03453191416
03453428460
03453903701
03453125922
03453202920
03453616655
03453273522
03453575933
03453317739
03453488725
03453919099
03453750505
03453252975
03453990092
03453553809
03453826506
03453651816
03453769481
03453115809
03453764546
03453420570
03453888372
03453422229
03453637927
03453702522
03453693754
03453144102
03453343028
03453279987
03453232207
03453557174
03453729559
03453288737
03453988961
03453315334
03453541260
03453723302
03453776076
03453237616
03453121476
03453164610
03453913328
03453412461
03453780672
03453151641
03453364909
03453348596
03453658979
03453787891
03453309662
03453626646
03453145553
03453703692
03453564992
03453914132
03453483156
03453173636
03453664850
03453208737
03453686891
03453685206
03453999889
03453695801
03453260533
03453265071
03453837545
03453336481
03453228221
03453392507
03453988469
03453411523
03453650755
03453300753
03453473317
03453789194
03453281293
03453312105
03453992461
03453978118
03453931390
03453573228
03453277407
03453757285
03453930527
03453584005
03453585045
03453423968
03453401202
03453961492
03453240145
03453602440
03453344196
03453434585
03453479403
03453913438
03453716659
03453520139
03453886570
03453527364
03453430758
03453395383
03453321193
03453215123
03453494797
03453402939
03453124938
03453298474
03453171051
03453181175
03453686731
03453277346
03453113662
03453407799
03453242603
03453765274
03453676527
03453680026
03453413576
03453935279
03453266728
03453152361
03453386029
03453621876
03453866167
03453993913
03453875755
03453564633
03453791965
03453105890
03453450754
03453919275
03453142470
03453882023
03453436092
03453715403
03453182105
03453332293
03453276264
03453663018
03453421264
03453657465
03453751532
03453320922
03453670835
03453951385
03453843612
03453206543
03453113787
03453164029
03453243021
03453935163
03453147796
03453872920
03453536771
03453249182
03453733840
03453379085
03453235976
03453358071
03453971191
03453525775
03453806511
03453587318
03453497920
03453659015
03453603709
03453964764
03453409861
03453870344
03453545244
03453922309
03453204920
03453613248
03453948353
03453899347
03453336966
03453842439
03453978440
03453639002
03453500929
03453567607
03453216287
03453645333
03453234531
03453929178
03453690008
03453345980
03453421488
03453393461
03453349730
03453545829
03453864323
03453901514
03453256293
03453708622
03453417820
03453560320
03453159754
03453970398
03453737935
03453991526
03453175452
03453120591
03453430732
03453175937
03453899010
03453515631
03453992750
03453886772
03453305581
03453482262
03453371031
03453852586
03453846752
03453631934
03453674531
03453393258
03453618784
03453988372
03453476883
03453195514
03453376479
03453340596
03453711733
03453692060
03453190724
03453304462
03453424619
03453418120
03453479247
03453530531
03453829672
03453213710
03453653807
03453982818
03453808586
03453259276
03453170043
03453522478
03453877829
03453356980
03453659056
03453558742
03453419252
03453885261
03453856035
03453185752
03453785886
03453885788
03453766495
03453351614
03453749562
03453525692
03453796012
03453798973
03453703666
03453408858
03453738672
03453985212
03453594548
03453574630
03453407524
03453775050
03453652590
03453157320
03453198779
03453787673
03453649116
03453865945
03453133981
03453448741
03453465894
03453599053
03453838533
03453717422
03453781854
03453292481
03453806798
03453334688
03453118709
03453638733
03453532332
03453712752
03453178916
03453688017
03453857794
03453260105
03453279151
03453399728
03453520604
03453184830
03453927930
03453786818
03453782349
03453251531
03453783691
03453766661
03453727940
03453657255
03453398079
03453136770
03453632514
03453902872
03453283667
03453926639
03453957478
03453921812
03453116376
03453931873
03453475838
03453452278
03453694772
03453596133
03453572480
03453469302
03453340985
03453527567
03453369964
03453466217
03453613377
03453263910
03453537964
03453812235
03453465891
03453998162
03453525819
03453677432
03453720630
03453501963
03453512489
03453276043
03453796442
03453761378
03453900315
03453178555
03453357339
03453283351
03453588730
03453534306
03453452091
03453334540
03453740052
03453556758
03453187557
03453194181
03453258637
03453316270
03453870511
03453766805
03453553625
03453638962
03453745703
03453114404
03453901294
03453615659
03453923649
03453590556
03453853015
03453973091
03453755207
03453950314
03453529808
03453614535
03453320089
03453776037
03453707924
03453440669
03453349012
03453182865
03453729603
03453477695
03453316131
03453909132
03453810604
03453331638
03453820219
03453361162
03453850119
03453735157
03453958863
03453637081
03453646974
03453999021
03453562895
03453433689
03453692794
03453735715
03453561215
03453696884
03453384225
03453210244
03453942223
03453867467
03453418143
03453550713
03453875601
03453521499
03453754180
03453370759
03453994491
03453909358
03453659830
03453636709
03453585163
03453706527
03453113044
03453258918
03453611929
03453905088
03453215156
03453570944
03453553434
03453683008
03453725298
03453441648
03453786116
03453578935
03453490071
03453288931
03453168388
03453388988
03453105887
03453966908
03453943137
03453913495
03453269506
03453485560
03453328620
03453980977
03453588104
03453727723
03453390908
03453413857
03453856368
03453320644
03453433876
03453702918
03453949285
03453791796
03453169068
03453639300
03453388789
03453184459
03453692844
03453489763
03453433952
03453735383
03453175244
03453880688
03453705560
03453740969
03453270842
03453543239
03453479275
03453739618
03453169907
03453345423
03453763289
03453126368
03453576468
03453234179
03453982839
03453486824
03453955285
03453334390
03453929747
03453258291
03453586012
03453219102
03453597192
03453924400
03453466587
03453578119
03453758677
03453220650
03453779742
03453593237
03453805732
03453707416
03453361049
03453986753
03453120066
03453467025
03453934582
03453116749
03453150736
03453939628
03453822917
03453215328
03453934889
03453656460
03453901964
03453229174
03453358454
03453439078
03453406162
03453805635
03453916953
03453824493
03453119547
03453521866
03453673650
03453618838
03453161499
03453411230
03453124772
03453983547
03453983231
03453428447
03453275423
03453125775
03453968531
03453214323
03453583658
03453812997
03453107554
03453967741
03453646383
03453396185
03453381863
03453989511
03453810126
03453676154
03453529502
03453862196
03453340663
03453645445
03453787601
03453888778
03453882922
03453241501
03453464886
03453446416
03453848187
03453921893
03453955250
03453739506
03453963681
03453956081
03453748156
03453232097
03453506441
03453381036
03453776188
03453260642
03453144130
03453855420
03453312954
03453992638
03453809399
03453856752
03453473164
03453125681
03453291786
03453629327
03453202561
03453485345
03453881727
03453262576
03453642883
03453429314
03453195629
03453539669
03453392501
03453884273
03453503645
03453767907
03453735471
03453171314
03453857747
03453368048
03453690301
03453648028
03453149766
03453483070
03453429089
03453899965
03453268860
03453718065
03453485243
03453332491
03453794963
03453768336
03453339205
03453154630
03453218859
03453719331
03453469905
03453857778
03453701104
03453313197
03453318842
03453966772
03453988535
03453891914
03453756997
03453376222
03453119948
03453141639
03453134890
03453441351
03453852691
03453782863
03453477653
03453142019
03453146257
03453773471
03453585379
03453612867
03453544510
03453157640
03453400666
03453460290
03453366330
03453115937
03453164440
03453613277
03453516611
03453451983
03453387842
03453510269
03453302955
03453377104
03453329186
03453113299
03453516297
03453440554
03453511862
03453341842
03453365294
03453190852
03453660072
03453638027
03453173478
03453985473
03453861551
03453945859
03453884525
03453244911
03453156594
03453155557
03453222019
03453635801
03453506481
03453622204
03453775977
03453592557
03453762945
03453603336
03453689656
03453747048
03453931081
03453549736
03453405759
03453148466
03453629959
03453332917
03453577328
03453101004
03453202667
03453792345
03453905970
03453740593
03453822263
03453192852
03453130463
03453302888
03453600666
03453444008
03453506123
03453503316
03453265358
03453146360
03453221546
03453107167
03453477498
03453818349
03453232073
03453919305
03453578897
03453761958
03453501195
03453913024
03453706945
03453623742
03453579714
03453713085
03453983891
03453442643
03453612942
03453307197
03453143906
03453953927
03453363211
03453316048
03453895207
03453684218
03453429352
03453645514
03453289668
03453162279
03453159327
03453183533
03453243732
03453665723
03453403375
03453184212
03453551221
03453620143
03453514568
03453345254
03453181698
03453623769
03453404774
03453827569
03453115317
03453569110
03453550748
03453589803
03453616774
03453893180
03453196118
03453121452
03453192433
03453858335
03453791118
03453582290
03453325597
03453388996
03453586559
03453629637
03453416618
03453602630
03453317662
03453669292
03453220366
03453395502
03453671785
03453432669
03453822500
03453961943
03453962207
03453330157
03453332824
03453911273
03453568901
03453860242
03453699865
03453545504
03453157962
03453290352
03453544270
03453210942
03453325877
03453250180
03453968930
03453294545
03453125571
03453758695
03453552061
03453207151
03453427756
03453158277
03453348743
03453155246
03453918017
03453184105
03453178864
03453794806
03453234175
03453159244
03453862275
03453525510
03453879845
03453514652
03453756696
03453528753
03453491793
03453929771
03453871114
03453444667
03453621678
03453496951
03453421604
03453463738
03453527954
03453972802
03453203247
03453410145
03453123006
03453905067
03453824161
03453909361
03453494806
03453511499
03453939519
03453781847
03453361399
03453979097
03453495545
03453813438
03453385026
03453348666
03453800366
03453370335
03453454278
03453537849
03453596817
03453266902
03453622290
03453336037
03453983088
03453536598
03453577142
03453339319
03453496413
03453720366
03453650910
03453822004
03453749098
03453739269
03453620442
03453605290
03453261889
03453552273
03453147923
03453509715
03453465569
03453531765
03453808240
03453111925
03453660757
03453269258
03453990105
03453375985
03453936345
03453787855
03453786968
03453921978
03453764360
03453372762
03453917663
03453172179
03453853898
03453285434
03453641032
03453328187
03453673541
03453782510
03453635927
03453609396
03453179924
03453314651
03453848987
03453275959
03453579562
03453714628
03453474366
03453826322
03453517519
03453528035
03453728358
03453465217
03453678561
03453816362
03453445144
03453710905
03453660804
03453446019
03453961242
03453952301
03453698463
03453291323
03453232528
03453344226
03453845074
03453698374
03453862489
03453868682
03453137381
03453858224
03453736617
03453160472
03453714146
03453796422
03453221716
03453313489
03453960646
03453404459
03453236324
03453644404
03453452445
03453493618
03453840290
03453930127
03453667383
03453227522
03453687927
03453674684
03453657095
03453481460
03453616459
03453931732
03453734488
03453611877
03453957640
03453380137
03453669811
03453702627
03453989219
03453627200
03453727028
03453708526
03453550433
03453946658
03453649596
03453872866
03453647753
03453991654
03453294003
03453588123
03453891780
03453351456
03453660838
03453938555
03453469998
03453630702
03453337803
03453801312
03453394265
03453607873
03453713290
03453544012
03453782413
03453205462
03453701611
03453566513
03453941777
03453463226
03453866417
03453310508
03453131764
03453379693
03453720724
03453577925
03453815060
03453665440
03453187457
03453968327
03453383031
03453355415
03453589678
03453910138
03453364824
03453187907
03453232935
03453119155
03453995235
03453164245
03453587662
03453667403
03453946142
03453988648
03453269681
03453488486
03453646346
03453428554
03453485039
03453350330
03453890434
03453558861
03453749273
03453522742
03453774381
03453728824
03453420415
03453744962
03453515676
03453742461
03453678902
03453850047
03453111932
03453983920
03453114183
03453527404
03453576952
03453275318
03453633482
03453191352
03453136528
03453373272
03453556479
03453990262
03453676792
03453917776
03453479841
03453381989
03453611397
03453897992
03453699243
03453460223
03453160864
03453986331
03453842081
03453413525
03453504110
03453698739
03453250272
03453490744
03453421784
03453908760
03453817356
03453834209
03453155497
03453961082
03453153235
03453851556
03453158977
03453753906
03453185589
03453192794
03453375085
03453693592
03453502639
03453265121
03453133687
03453131063
03453780910
03453844962
03453412689
03453523697
03453953319
03453541072
03453734871
03453861792
03453129372
03453492613
03453886255
03453882527
03453134695
03453330300
03453246579
03453672065
03453762279
03453518759
03453312595
03453458161
03453846107
03453945337
03453274634
03453968069
03453923816
03453466996
03453719933
03453452078
03453196099
03453985151
03453357057
03453290720
03453127850
03453972394
03453421520
03453481029
03453202177
03453420010
03453334522
03453291442
03453722184
03453666363
03453867650
03453303061
03453981013
03453447013
03453379966
03453740360
03453746362
03453821091
03453672901
03453734474
03453998854
03453467351
03453249063
03453985249
03453617255
03453267874
03453141859
03453677293
03453296513
03453901103
03453525470
03453843974
03453953651
03453357906
03453825059
03453191035
03453560101
03453978072
03453166718
03453324251
03453179743
03453971572
03453909970
03453942803
03453422211
03453272919
03453455739
03453238789
03453535965
03453617819
03453393375
03453973539
03453954168
03453231966
03453216928
03453802754
03453149583
03453369850
03453966546
03453777591
03453214125
03453686878
03453621953
03453188931
03453180259
03453647613
03453843019
03453506182
03453410223
03453819110
03453389664
03453277490
03453674451
03453845663
03453868939
03453605181
03453840774
03453662314
03453989504
03453226154
03453560275
03453384366
03453870890
03453959068
03453343172
03453295994
03453911424
03453279360
03453809893
03453111139
03453193980
03453695845
03453915441
03453735333
03453650966
03453883180
03453275480
03453591176
03453692946
03453111636
03453983152
03453154428
03453564503
03453954475
03453141649
03453128302
03453220985
03453280643
03453439709
03453529076
03453304232
03453788086
03453987970
03453467086
03453302511
03453751063
03453229862
03453837086
03453351618
03453931594
03453489047
03453130863
03453278525
03453379433
03453759010
03453110329
03453217973
03453722001
03453565293
03453296558
03453114518
03453577122
03453229938
03453306386
03453201523
03453167691
03453690439
03453736492
03453839650
03453280816
03453806907
03453405894
03453707874
03453448355
03453432822
03453899902
03453653317
03453438394
03453239557
03453761351
03453622589
03453852289
03453145211
03453285978
03453870965
03453762215
03453369292
03453110655
03453717708
03453963782
03453233095
03453491527
03453873451
03453889963
03453444676
03453225269
03453635562
03453183927
03453241155
03453752554
03453291212
03453728400
03453471617
03453677615
03453671559
03453310655
03453677507
03453318071
03453126899
03453831579
03453535207
03453491929
03453724833
03453133627
03453439307
03453798398
03453579783
03453673822
03453121942
03453317034
03453573812
03453914366
03453834422
03453558391
03453360248
03453455226
03453428047
03453802831
03453520195
03453870034
03453561076
03453416810
03453814360
03453193350
03453433148
03453744598
03453649024
03453836883
03453401515
03453956320
03453381522
03453165130
03453987846
03453424267
03453196254
03453385528
03453661372
03453169270
03453411366
03453897805
03453763248
03453837136
03453752263
03453317258
03453862844
03453640636
03453324067
03453775949
03453621894
03453163756
03453667916
03453206047
03453940277
03453348651
03453739761
03453146635
03453929224
03453472918
03453480150
03453172297
03453958045
03453452899
03453393261
03453372402
03453336404
03453606577
03453670101
03453858823
03453791302
03453391806
03453916554
03453430101
03453253519
03453306373
03453115889
03453881753
03453512815
03453625565
03453941309
03453759628
03453319930
03453218220
03453151365
03453847603
03453645766
03453514736
03453149507
03453696351
03453931215
03453725508
03453805202
03453384236
03453359002
03453944856
03453831885
03453304231
03453717490
03453105848
03453156187
03453830591
03453771949
03453662471
03453289493
03453510175
03453433388
03453464530
03453967334
03453546731
03453693271
03453391887
03453812738
03453185039
03453758974
03453344086
03453641795
03453695455
03453191045
03453624898
03453869283
03453947370
03453171033
03453704155
03453795325
03453519716
03453785121
03453929036
03453229423
03453657458
03453928727
03453641189
03453752471
03453212378
03453483990
03453102036
03453231820
03453963880
03453178777
03453788466
03453690964
03453967114
03453892384
03453119192
03453958516
03453812100
03453188796
03453588243
03453885277
03453225848
03453486018
03453859712
03453997602
03453760374
03453172009
03453231615
03453764235
03453162463
03453395013
03453884011
03453543849
03453811956
03453860096
03453539759
03453463634
03453110347
03453836432
03453178318
03453980256
03453278648
03453584963
03453836809
03453438202
03453973020
03453740240
03453152929
03453830279
03453755911
03453526623
03453726359
03453624278
03453104433
03453471445
03453791871
03453151761
03453556850
03453926729
03453804650
03453497371
03453135135
03453575342
03453952013
03453269557
03453952004
03453649036
03453612859
03453477895
03453505762
03453581063
03453966881
03453175411
03453335200
03453588812
03453258595
03453325798
03453787938
03453479879
03453235818
03453435325
03453992188
03453318476
03453860506
03453279581
03453251589
03453175605
03453781277
03453895585
03453884795
03453168645
03453540070
03453591319
03453744101
03453707066
03453479094
03453220597
03453137552
03453296034
03453456670
03453562949
03453298254
03453902734
03453795116
03453171572
03453787404
03453472134
03453183961
03453716186
03453213711
03453620670
03453159418
03453225671
03453769263
03453795939
03453330156
03453799785
03453165789
03453450404
03453420167
03453237579
03453932791
03453469464
03453734478
03453309630
03453864998
03453192603
03453297773
03453696153
03453861806
03453297557
03453981326
03453348855
03453380489
03453609704
03453814181
03453222216
03453412661
03453984684
03453304829
03453877491
03453919399
03453431901
03453518430
03453937802
03453683154
03453890441
03453243428
03453130244
03453142782
03453969942
03453325651
03453437094
03453771773
03453706532
03453471349
03453318962
03453523582
03453915938
03453924517
03453297612
03453928113
03453787936
03453447084
03453949667
03453190081
03453257114
03453943572
03453435483
03453932750
03453550065
03453302576
03453791199
03453143069
03453317630
03453974557
03453949175
03453231517
03453565908
03453855540
03453154775
03453920652
03453378913
03453172610
03453515684
03453941311
03453665721
03453781246
03453961553
03453994881
03453134289
03453590316
03453149865
03453236070
03453940774
03453809141
03453186672
03453968521
03453707298
03453127924
03453914641
03453775586
03453134517
03453980574
03453563463
03453153718
03453344404
03453574406
03453684420
03453358608
03453442071
03453773338
03453867284
03453894829
03453214706
03453427888
03453769761
03453151504
03453555183
03453168287
03453200883
03453993203
03453895828
03453422376
03453379236
03453887018
03453447476
03453792728
03453464271
03453279250
03453952221
03453787593
03453321316
03453206839
03453277132
03453636273
03453692217
03453816978
03453282581
03453167899
03453594434
03453758783
03453872089
03453937537
03453976419
03453820895
03453220403
03453966230
03453779690
03453570259
03453310621
03453678578
03453262044
03453979371
03453555052
03453325861
03453603899
03453615579
03453979378
03453152872
03453475667
03453308838
03453448444
03453944664
03453816614
03453918909
03453476069
03453383905
03453710622
03453913661
03453987838
03453859951
03453827941
03453620453
03453509939
03453816308
03453643376
03453282143
03453381961
03453715435
03453528261
03453656902
03453137164
03453491116
03453208024
03453564000
03453430365
03453441562
03453283116
03453563250
03453489092
03453301493
03453490160
03453395785
03453859637
03453158497
03453322782
03453818626
03453434103
03453358918
03453540123
03453815922
03453258248
03453960523
03453556731
03453907516
03453870729
03453593403
03453437749
03453416403
03453801526
03453262007
03453338905
03453892788
03453502597
03453349660
03453557473
03453803453
03453386378
03453337337
03453451678
03453784553
03453639095
03453757353
03453581701
03453886357
03453522323
03453556938
03453687912
03453709634
03453580984
03453297984
03453597041
03453675193
03453949776
03453603476
03453873633
03453148981
03453570832
03453189409
03453969846
03453615351
03453202754
03453151255
03453502997
03453357040
03453808836
03453765308
03453795075
03453473695
03453321427
03453799378
03453325814
03453984372
03453571383
03453749836
03453706768
03453220541
03453964023
03453741863
03453217594
03453552821
03453746184
03453683840
03453654472
03453815545
03453147927
03453481831
03453969502
03453169201
03453436340
03453717867
03453430446
03453383360
03453165282
03453748102
03453922604
03453694461
03453533259
03453276403
03453508595
03453880117
03453476081
03453282048
03453823166
03453586460
03453618026
03453933381
03453301507
03453908583
03453982213
03453409391
03453285402
03453804219
03453360700
03453232178
03453873653
03453606613
03453825573
03453304494
03453885087
03453895368
03453601012
03453406100
03453288363
03453827231
03453687281
03453687619
03453233268
03453337476
03453464135
03453609584
03453831305
03453229085
03453529901
03453548450
03453667995
03453260618
03453454126
03453642404
03453361063
03453685450
03453841135
03453333761
03453301081
03453402750
03453901982
03453171587
03453396961
03453992744
03453927798
03453985448
03453211926
03453645017
03453474275
03453896276
03453294931
03453387843
03453176123
03453947925
03453727479
03453598516
03453471883
03453529395
03453343751
03453157578
03453430961
03453439106
03453874313
03453503054
03453602913
03453986096
03453678545
03453386200
03453284869
03453331285
03453282932
03453905152
03453616840
03453903507
03453243636
03453317975
03453903432
03453193719
03453364341
03453159195
03453254560
03453844931
03453150032
03453633584
03453369252
03453804366
03453297987
03453843818
03453896966
03453127711
03453966000
03453553637
03453482394
03453166889
03453488179
03453217731
03453908731
03453102973
03453844837
03453664993
03453822326
03453531342
03453855043
03453625888
03453759456
03453154730
03453963858
03453679534
03453271765
03453184545
03453353022
03453411452
03453515980
03453616844
03453874178
03453225870
03453487466
03453385965
03453777441
03453101173
03453850022
03453761242
03453151085
03453861328
03453705539
03453146610
03453250463
03453151587
03453485038
03453811257
03453555590
03453514208
03453178478
03453538531
03453689087
03453933107
03453448177
03453694234
03453369092
03453755437
03453526124
03453871335
03453343552
03453820518
03453877102
03453357370
03453279028
03453430168
03453791841
03453775865
03453998214
03453874690
03453293402
03453258319
03453532923
03453867983
03453600194
03453960389
03453102635
03453695700
03453549681
03453192648
03453798379
03453452857
03453329264
03453406939
03453694110
03453825919
03453631870
03453395648
03453335203
03453834203
03453803058
03453429945
03453274484
03453642723
03453206010
03453766372
03453125421
03453722367
03453402612
03453540316
03453158532
03453395684
03453674788
03453915253
03453672931
03453336133
03453994814
03453261388
03453155242
03453565734
03453768700
03453647851
03453270837
03453684454
03453558991
03453826170
03453715620
03453949946
03453366344
03453479041
03453958199
03453424115
03453729865
03453591357
03453758474
03453386564
03453661972
03453833821
03453834967
03453380267
03453293087
03453402694
03453778069
03453414010
03453734007
03453357976
03453831104
03453370481
03453240406
03453769469
03453155206
03453159107
03453590029
03453379840
03453102192
03453624636
03453452666
03453173972
03453679490
03453437485
03453250672
03453185388
03453577659
03453608250
03453599416
03453321420
03453730766
03453388432
03453354763
03453261472
03453650338
03453156297
03453301609
03453289221
03453739754
03453118841
03453995862
03453238635
03453188729
03453358612
03453574658
03453432249
03453168444
03453302832
03453282132
03453783070
03453732775
03453755630
03453840421
03453835392
03453354625
03453965208
03453527396
03453228622
03453652433
03453780317
03453222854
03453771065
03453918985
03453677070
03453800443
03453897635
03453939691
03453927434
03453331738
03453749141
03453812971
03453884882
03453333825
03453178109
03453440855
03453248756
03453892059
03453610730
03453649325
03453409214
03453305417
03453317283
03453538350
03453997991
03453632801
03453514342
03453426080
03453295712
03453191089
03453520704
03453636788
03453959436
03453895986
03453224797
03453319650
03453150027
03453681542
03453774215
03453534613
03453228753
03453375398
03453950393
03453919803
03453870748
03453506596
03453657282
03453913770
03453716451
03453635336
03453617891
03453371103
03453917437
03453453781
03453380634
03453286100
03453471555
03453643978
03453736344
03453811034
03453176183
03453925445
03453437838
03453953312
03453121205
03453210517
03453836515
03453114711
03453180460
03453930018
03453366890
03453504422
03453762053
03453768797
03453381942
03453474637
03453885368
03453455096
03453633680
03453588333
03453978549
03453771015
03453939015
03453109317
03453637273
03453488114
03453584774
03453639054
03453139359
03453357774
03453743620
03453945303
03453703969
03453792564
03453617723
03453424818
03453781376
03453888396
03453190642
03453987418
03453876211
03453962522
03453282215
03453278355
03453702757
03453262036
03453261706
03453925665
03453221057
03453542502
03453337111
03453459288
03453182296
03453182189
03453989411
03453573244
03453348400
03453595686
03453290964
03453227530
03453146648
03453334567
03453816750
03453938987
03453589377
03453856914
03453460549
03453673719
03453745283
03453397691
03453991131
03453684124
03453146794
03453355058
03453209759
03453360301
03453322737
03453377347
03453213693
03453136716
03453201117
03453608191
03453609470
03453521673
03453610375
03453628312
03453851574
03453432975
03453836743
03453594955
03453696454
03453859360
03453729563
03453627955
03453465464
03453339367
03453637928
03453672659
03453404792
03453465116
03453547338
03453797219
03453939420
03453468157
03453498172
03453119385
03453842616
03453218185
03453138641
03453691350
03453272948
03453913616
03453133449
03453208559
03453329517
03453543155
03453979001
03453228601
03453608974
03453240743
03453908540
03453802735
03453294676
03453824763
03453333240
03453518839
03453889593
03453870391
03453722372
03453650078
03453972555
03453748577
03453403898
03453668770
03453141312
03453490990
03453785695
03453633389
03453294334
03453145392
03453322007
03453782838
03453845523
03453719631
03453494505
03453256905
03453693657
03453176190
03453856141
03453306595
03453888678
03453136685
03453173480
03453673408
03453786145
03453323777
03453328591
03453268249
03453968978
03453622869
03453941061
03453265259
03453420554
03453729550
03453539788
03453188204
03453519654
03453488011
03453442906
03453975585
03453946408
03453763147
03453480728
03453511838
03453979240
03453613608
03453632687
03453860541
03453627598
03453956421
03453796364
03453892436
03453282782
03453515219
03453532084
03453967831
03453350092
03453704844
03453461918
03453304797
03453176414
03453699137
03453841777
03453580263
03453299077
03453764955
03453717117
03453821645
03453575119
03453205645
03453733284
03453880555
03453360186
03453125531
03453655957
03453661642
03453694167
03453172536
03453299444
03453695903
03453407708
03453341379
03453666448
03453144696
03453372823
03453137771
03453214330
03453220372
03453169561
03453783166
03453980987
03453670788
03453920324
03453586732
03453781590
03453670061
03453398976
03453314531
03453259378
03453915570
03453750776
03453922596
03453389688
03453876127
03453306189
03453655924
03453532308
03453162474
03453608893
03453618376
03453835035
03453697080
03453207440
03453161305
03453550624
03453709413
03453601273
03453405557
03453422478
03453752296
03453209767
03453439862
03453538798
03453874366
03453991581
03453295191
03453858004
03453780333
03453368813
03453288899
03453915671
03453360942
03453215175
03453824642
03453131576
03453914183
03453513637
03453250858
03453818513
03453301948
03453751697
03453748901
03453972980
03453191536
03453153226
03453708753
03453206157
03453437621
03453646922
03453328297
03453310783
03453802113
03453482733
03453850889
03453314607
03453360733
03453674303
03453122407
03453828560
03453249562
03453546135
03453117016
03453615463
03453846497
03453946129
03453725981
03453577837
03453687089
03453891920
03453171620
03453933782
03453147872
03453137914
03453787101
03453125464
03453103655
03453704778
03453331312
03453574176
03453931191
03453641977
03453587374
03453770834
03453558829
03453732441
03453973753
03453129815
03453599575
03453152904
03453576554
03453696105
03453233334
03453205561
03453631884
03453357517
03453345038
03453207097
03453982772
03453628319
03453750531
03453755002
03453156677
03453377000
03453654241
03453344819
03453876295
03453296006
03453257077
03453969525
03453791095
03453254384
03453318370
03453904158
03453529642
03453844629
03453287668
03453213687
03453752227
03453448021
03453739015
03453595065
03453237676
03453914538
03453581540
03453493580
03453661083
03453758616
03453497680
03453348539
03453945856
03453180660
03453886975
03453430696
03453393833
03453904588
03453387621
03453909966
03453303569
03453895826
03453607029
03453905010
03453978949
03453734014
03453301402
03453102242
03453512888
03453993409
03453230544
03453180297
03453663017
03453561612
03453139323
03453739703
03453259291
03453482247
03453382715
03453634923
03453498461
03453471844
03453442556
03453308528
03453137710
03453450795
03453383080
03453826065
03453842261
03453194502
03453783944
03453843189
03453988036
03453332666
03453935588
03453351513
03453280137
03453391337
03453148194
03453701246
03453504271
03453117995
03453765558
03453517642
03453870989
03453869084
03453254509
03453164884
03453128330
03453427718
03453870804
03453668645
03453397364
03453135184
03453462454
03453670421
03453596304
03453284220
03453674289
03453167344
03453388282
03453985795
03453879072
03453172796
03453573576
03453806656
03453804114
03453907777
03453202109
03453991377
03453486728
03453797214
03453967573
03453324561
03453542969
03453620068
03453146193
03453229861
03453196285
03453218195
03453697734
03453414542
03453323698
03453115299
03453445824
03453852851
03453870212
03453265166
03453755209
03453995917
03453388041
03453336926
03453729712
03453779762
03453638569
03453698192
03453295508
03453447853
03453360770
03453220552
03453225609
03453879426
03453181916
03453600150
03453167611
03453137893
03453127451
03453976236
03453138026
03453773434
03453865807
03453456094
03453469609
03453973740
03453662097
03453763773
03453726972
03453936444
03453538947
03453152568
03453206192
03453603335
03453400627
03453770258
03453630646
03453594848
03453763207
03453981498
03453448001
03453934353
03453748432
03453857425
03453477181
03453188933
03453444271
03453933382
03453845674
03453685239
03453732319
03453137714
03453778972
03453857891
03453614607
03453220293
03453570861
03453867317
03453755971
03453117664
03453874796
03453971219
03453574783
03453511408
03453821822
03453276090
03453781289
03453829891
03453536964
03453543044
03453364244
03453994737
03453690024
03453839080
03453117375
03453598669
03453992427
03453784806
03453217825
03453830391
03453881297
03453204124
03453401233
03453373595
03453348301
03453988728
03453180333
03453199396
03453763329
03453838876
03453645542
03453106702
03453476781
03453359570
03453237023
03453409197
03453169516
03453168181
03453152093
03453148274
03453189275
03453773469
03453784234
03453167866
03453775527
03453102918
03453972192
03453874889
03453971165
03453899839
03453539298
03453307283
03453420589
03453694388
03453671115
03453287362
03453600955
03453630495
03453773635
03453704167
03453718702
03453888035
03453213243
03453479510
03453880351
03453563066
03453583229
03453615290
03453678297
03453865515
03453887209
03453627763
03453589360
03453180435
03453213201
03453227204
03453888439
03453867711
03453386859
03453820271
03453929740
03453615013
03453714808
03453498400
03453880819
03453551138
03453385287
03453374639
03453485107
03453896199
03453954622
03453296016
03453222567
03453409125
03453291660
03453355874
03453850194
03453366107
03453224406
03453652088
03453292433
03453792825
03453105028
03453490680
03453523539
03453403291
03453885196
03453836455
03453972999
03453825739
03453826384
03453659238
03453950610
03453948053
03453868421
03453116890
03453168824
03453127159
03453480227
03453512570
03453529741
03453572995
03453693161
03453225812
03453917184
03453854848
03453818078
03453596778
03453511837
03453895508
03453696189
03453162452
03453168183
03453637306
03453822187
03453609780
03453806658
03453981996
03453489442
03453648652
03453128238
03453636778
03453271956
03453461072
03453423238
03453238984
03453681369
03453238947
03453744178
03453139517
03453762692
03453219829
03453411866
03453264868
03453156976
03453668691
03453585212
03453288417
03453324618
03453129550
03453663931
03453491054
03453313304
03453125865
03453258640
03453109170
03453362166
03453498231
03453881089
03453491228
03453622701
03453280405
03453582891
03453357005
03453173539
03453272852
03453214138
03453457241
03453418273
03453874614
03453602357
03453197914
03453742851
03453649681
03453358906
03453396783
03453201024
03453324034
03453940909
03453464306
03453145723
03453958651
03453335207
03453164598
03453129813
03453319203
03453139386
03453245947
03453116388
03453881602
03453728601
03453789164
03453876571
03453228207
03453114878
03453863353
03453672308
03453245657
03453462388
03453438690
03453523507
03453366319
03453712484
03453740654
03453101448
03453822104
03453557055
03453486952
03453681791
03453633267
03453134682
03453624240
03453143039
03453894934
03453317854
03453172326
03453912277
03453993011
03453873756
03453408749
03453575557
03453773110
03453273107
03453168576
03453272268
03453140922
03453268600
03453218648
03453683334
03453519961
03453811699
03453103872
03453763494
03453606718
03453398732
03453144498
03453294283
03453324547
03453241648
03453107373
03453534025
03453741888
03453461559
03453206408
03453105936
03453908726
03453968418
03453354454
03453550111
03453445678
03453649751
03453651977
03453790761
03453939374
03453467547
03453932872
03453735958
03453284786
03453346030
03453413190
03453414619
03453451347
03453104278
03453210098
03453905069
03453379544
03453288216
03453919122
03453617993
03453668464
03453632107
03453301376
03453811548
03453962167
03453980209
03453363541
03453172504
03453914146
03453133223
03453161948
03453451894
03453972732
03453667344
03453931185
03453211626
03453558325
03453895618
03453694182
03453119406
03453290541
03453357280
03453996309
03453200867
03453529181
03453680202
03453435331
03453932117
03453777214
03453350601
03453749229
03453908152
03453655998
03453970705
03453755749
03453921244
03453173526
03453499044
03453269301
03453318123
03453453174
03453406812
03453620871
03453987937
03453816201
03453628703
03453736489
03453607193
03453922125
03453740680
03453454267
03453965857
03453779342
03453834360
03453492301
03453478814
03453201105
03453297068
03453144304
03453101293
03453223502
03453759191
03453275186
03453240921
03453802576
03453118516
03453722091
03453195137
03453850104
03453972417
03453327284
03453948159
03453747692
03453122369
03453447394
03453229302
03453872449
03453148511
03453281153
03453743407
03453827104
03453167472
03453201731
03453976406
03453681224
03453169488
03453117018
03453732927
03453903845
03453351881
03453183309
03453861680
03453712751
03453575280
03453257091
03453510187
03453412056
03453768262
03453126982
03453711991
03453432971
03453328655
03453148556
03453863150
03453357886
03453396397
03453591719
03453236073
03453826169
03453174908
03453680616
03453855399
03453594357
03453395811
03453939059
03453197650
03453734643
03453654022
03453615358
03453638324
03453266755
03453331351
03453755084
03453399209
03453987149
03453944756
03453374893
03453248253
03453988808
03453298976
03453788362
03453584370
03453993994
03453786912
03453269960
03453639296
03453339206
03453430922
03453478555
03453973530
03453237147
03453391403
03453912863
03453532625
03453973384
03453635838
03453772931
03453235321
03453296777
03453216489
03453713297
03453510232
03453596394
03453641313
03453192509
03453998706
03453248924
03453881412
03453656738
03453792613
03453186099
03453381639
03453401816
03453152147
03453927689
03453314815
03453184435
03453159768
03453293225
03453363680
03453486346
03453542122
03453308918
03453601961
03453692031
03453444300
03453967459
03453145599
03453640589
03453549509
03453821817
03453180917
03453845826
03453522638
03453969766
03453234021
03453620784
03453307631
03453201430
03453901673
03453528861
03453350464
03453303169
03453932331
03453277632
03453706162
03453456583
03453235159
03453572493
03453779681
03453494068
03453299152
03453991971
03453935849
03453559318
03453434357
03453850237
03453454756
03453224533
03453634925
03453337951
03453112308
03453353917
03453640520
03453981177
03453705300
03453490600
03453180814
03453546203
03453723673
03453141130
03453867966
03453371289
03453184005
03453855122
03453977016
03453767040
03453401235
03453556979
03453710611
03453853854
03453586789
03453410448
03453799664
03453614236
03453457394
03453746674
03453677139
03453893936
03453190861
03453889175
03453923715
03453437100
03453191160
03453497596
03453118338
03453445768
03453212175
03453418187
03453399229
03453138581
03453478948
03453270750
03453369410
03453657909
03453570910
03453711072
03453486175
03453643305
03453786665
03453432693
03453633550
03453275232
03453366940
03453247906
03453743926
03453503674
03453652267
03453711161
03453950268
03453145952
03453944251
03453305647
03453746905
03453663962
03453479419
03453693441
03453326854
03453553512
03453592273
03453408086
03453374614
03453992260
03453400435
03453475654
03453978445
03453475923
03453307728
03453236026
03453441601
03453479789
03453403000
03453280409
03453278976
03453557610
03453222363
03453706658
03453826474
03453259540
03453614663
03453793501
03453501014
03453467918
03453253276
03453194330
03453173301
03453523844
03453705448
03453178490
03453877469
03453384217
03453932663
03453378579
03453641289
03453874797
03453891285
03453269460
03453268003
03453195945
03453416240
03453269559
03453470479
03453742952
03453663841
03453742499
03453106351
03453257055
03453986782
03453500380
03453293971
03453977609
03453614584
03453873600
03453524341
03453147158
03453281324
03453805144
03453952078
03453602280
03453564132
03453470336
03453229376
03453900396
03453946327
03453916321
03453347566
03453815372
03453557013
03453991537
03453418717
03453377260
03453231455
03453997438
03453510324
03453530488
03453146630
03453781345
03453599097
03453921434
03453890687
03453883836
03453638691
03453763995
03453184478
03453116947
03453727639
03453609961
03453464316
03453315924
03453593665
03453358704
03453705426
03453374908
03453272615
03453434465
03453126274
03453796172
03453190029
03453909489
03453171409
03453943366
03453302433
03453558891
03453237324
03453642145
03453526902
03453636833
03453750836
03453658513
03453170732
03453136101
03453673445
03453211734
03453831644
03453155953
03453136401
03453761848
03453799373
03453619927
03453205411
03453675612
03453825052
03453526028
03453622530
03453237709
03453985173
03453409067
03453719277
03453940469
03453336258
03453514531
03453526670
03453542333
03453590044
03453859124
03453805802
03453145192
03453590482
03453222603
03453163173
03453440970
03453278511
03453989873
03453390656
03453289562
03453965998
03453850669
03453626820
03453733839
03453218768
03453116116
03453904372
03453399124
03453654813
03453638158
03453185559
03453594115
03453124156
03453954167
03453271265
03453495386
03453641422
03453609730
03453219514
03453209328
03453529121
03453346286
03453286894
03453530420
03453234569
03453795952
03453494046
03453459357
03453796738
03453817511
03453950849
03453722382
03453753279
03453709437
03453780691
03453307902
03453426216
03453685672
03453691681
03453204311
03453167644
03453959632
03453996367
03453891908
03453945584
03453637088
03453380143
03453814809
03453181327
03453760440
03453619711
03453563775
03453499270
03453422815
03453622070
03453445014
03453602385
03453837301
03453607676
03453234710
03453575704
03453401773
03453200887
03453181465
03453785949
03453860731
03453301827
03453793297
03453523656
03453837439
03453141975
03453119250
03453570788
03453238201
03453697506
03453416232
03453567449
03453851154
03453180423
03453650337
03453136039
03453837083
03453961942
03453133568
03453526024
03453613037
03453281421
03453885086
03453804146
03453240658
03453367009
03453559967
03453724922
03453420663
03453696673
03453876926
03453710443
03453159634
03453776356
03453657671
03453923000
03453477735
03453444524
03453525612
03453261068
03453725309
03453205838
03453877565
03453751230
03453656877
03453957339
03453738620
03453439831
03453655440
03453172912
03453579309
03453416740
03453989151
03453282997
03453748143
03453774966
03453559283
03453845865
03453817538
03453539305
03453857006
03453691519
03453404066
03453572021
03453114528
03453179411
03453655833
03453159777
03453598307
03453363092
03453338065
03453710131
03453602627
03453626251
03453682042
03453256841
03453809606
03453986722
03453197046
03453661575
03453374673
03453174857
03453702768
03453885241
03453679746
03453443530
03453724476
03453666532
03453252811
03453385317
03453984142
03453559209
03453400890
03453411486
03453573940
03453558957
03453256963
03453390844
03453919905
03453410077
03453219614
03453135495
03453743991
03453729698
03453802003
03453704797
03453207019
03453910446
03453804738
03453864083
03453953064
03453196259
03453407678
03453576822
03453435300
03453931774
03453342533
03453278354
03453457320
03453217310
03453642109
03453122833
03453855950
03453398120
03453481062
03453901235
03453638089
03453404611
03453641515
03453454768
03453764779
03453637933
03453928585
03453460132
03453308034
03453980485
03453936834
03453218555
03453354913
03453474870
03453901973
03453754470
03453536806
03453458421
03453377681
03453677808
03453982134
03453821663
03453459069
03453577371
03453131722
03453607514
03453739345
03453577504
03453888040
03453331578
03453320940
03453803561
03453568929
03453505835
03453440652
03453349969
03453315130
03453267673
03453947546
03453268787
03453454815
03453994940
03453123978
03453923441
03453411529
03453742439
03453740135
03453368362
03453319143
03453939698
03453103381
03453223427
03453655955
03453582947
03453182446
03453877397
03453633056
03453189240
03453882627
03453295373
03453605256
03453897615
03453551351
03453476861
03453969035
03453461321
03453404501
03453437502
03453143290
03453110007
03453730261
03453713346
03453366848
03453464128
03453453393
03453208281
03453195985
03453996905
03453837369
03453644299
03453568897
03453391879
03453217558
03453580134
03453912974
03453922887
03453258206
03453472572
03453466247
03453284711
03453973414
03453362371
03453389684
03453226362
03453372089
03453934667
03453773404
03453278814
03453963861
03453881640
03453796407
03453993374
03453493165
03453942608
03453216099
03453718317
03453424004
03453424774
03453834433
03453192335
03453651073
03453523547
03453213376
03453680056
03453971217
03453563886
03453203114
03453931929
03453971255
03453858578
03453665342
03453739932
03453227030
03453836192
03453261317
03453223500
03453558554
03453680437
03453687256
03453595471
03453224184
03453970365
03453706788
03453539889
03453450278
03453886097
03453322340
03453838823
03453176307
03453546306
03453400872
03453370781
03453727257
03453910385
03453937828
03453961799
03453827823
03453202676
03453211621
03453643872
03453196974
