03004001666
03004002666
03004003666
03004004666
03004005666
03004006666
03004007666
03004008666
03004009666
03004010666
03004011666
03004012666
03004013666
03004014666
03004015666
03004016666
03004017666
03004018666
03004019666
03004020666
03004021666
03004022666
03004023666
03004024666
03004025666
03004026666
03004027666
03004028666
03004029666
03004030666
03004031666
03004032666
03004033666
03004034666
03004035666
03004036666
03004037666
03004038666
03004039666
03004040666
03004041666
03004042666
03004043666
03004044666
03004045666
03004046666
03004047666
03004048666
03004049666
03004050666
03004051666
03004052666
03004053666
03004054666
03004055666
03004056666
03004057666
03004058666
03004059666
03004060666
03004061666
03004062666
03004063666
03004064666
03004065666
03004066666
03004067666
03004068666
03004069666
03004070666
03004071666
03004072666
03004073666
03004074666
03004075666
03004076666
03004077666
03004078666
03004079666
03004080666
03004081666
03004082666
03004083666
03004084666
03004085666
03004086666
03004087666
03004088666
03004089666
03004090666
03004091666
03004092666
03004093666
03004094666
03004095666
03004096666
03004097666
03004098666
03004099666
03004100666
03004101666
03004102666
03004103666
03004104666
03004105666
03004106666
03004107666
03004108666
03004109666
03004110666
03004111666
03004112666
03004113666
03004114666
03004115666
03004116666
03004117666
03004118666
03004119666
03004120666
03004121666
03004122666
03004123666
03004124666
03004125666
03004126666
03004127666
03004128666
03004129666
03004130666
03004131666
03004132666
03004133666
03004134666
03004135666
03004136666
03004137666
03004138666
03004139666
03004140666
03004141666
03004142666
03004143666
03004144666
03004145666
03004146666
03004147666
03004148666
03004149666
03004150666
03004151666
03004152666
03004153666
03004154666
03004155666
03004156666
03004157666
03004158666
03004159666
03004160666
03004161666
03004162666
03004163666
03004164666
03004165666
03004166666
03004167666
03004168666
03004169666
03004170666
03004171666
03004172666
03004173666
03004174666
03004175666
03004176666
03004177666
03004178666
03004179666
03004180666
03004181666
03004182666
03004183666
03004184666
03004185666
03004186666
03004187666
03004188666
03004189666
03004190666
03004191666
03004192666
03004193666
03004194666
03004195666
03004196666
03004197666
03004198666
03004199666
03004200666
03004201666
03004202666
03004203666
03004204666
03004205666
03004206666
03004207666
03004208666
03004209666
03004210666
03004211666
03004212666
03004213666
03004214666
03004215666
03004216666
03004217666
03004218666
03004219666
03004220666
03004221666
03004222666
03004223666
03004224666
03004225666
03004226666
03004227666
03004228666
03004229666
03004230666
03004231666
03004232666
03004233666
03004234666
03004235666
03004236666
03004237666
03004238666
03004239666
03004240666
03004241666
03004242666
03004243666
03004244666
03004245666
03004246666
03004247666
03004248666
03004249666
03004250666
03004251666
03004252666
03004253666
03004254666
03004255666
03004256666
03004257666
03004258666
03004259666
03004260666
03004261666
03004262666
03004263666
03004264666
03004265666
03004266666
03004267666
03004268666
03004269666
03004270666
03004271666
03004272666
03004273666
03004274666
03004275666
03004276666
03004277666
03004278666
03004279666
03004280666
03004281666
03004282666
03004283666
03004284666
03004285666
03004286666
03004287666
03004288666
03004289666
03004290666
03004291666
03004292666
03004293666
03004294666
03004295666
03004296666
03004297666
03004298666
03004299666
03004300666
03004301666
03004302666
03004303666
03004304666
03004305666
03004306666
03004307666
03004308666
03004309666
03004310666
03004311666
03004312666
03004313666
03004314666
03004315666
03004316666
03004317666
03004318666
03004319666
03004320666
03004321666
03004322666
03004323666
03004324666
03004325666
03004326666
03004327666
03004328666
03004329666
03004330666
03004331666
03004332666
03004333666
03004334666
03004335666
03004336666
03004337666
03004338666
03004339666
03004340666
03004341666
03004342666
03004343666
03004344666
03004345666
03004346666
03004347666
03004348666
03004349666
03004350666
03004351666
03004352666
03004353666
03004354666
03004355666
03004356666
03004357666
03004358666
03004359666
03004360666
03004361666
03004362666
03004363666
03004364666
03004365666
03004366666
03004367666
03004368666
03004369666
03004370666
03004371666
03004372666
03004373666
03004374666
03004375666
03004376666
03004377666
03004378666
03004379666
03004380666
03004381666
03004382666
03004383666
03004384666
03004385666
03004386666
03004387666
03004388666
03004389666
03004390666
03004391666
03004392666
03004393666
03004394666
03004395666
03004396666
03004397666
03004398666
03004399666
03004400666
03004401666
03004402666
03004403666
03004404666
03004405666
03004406666
03004407666
03004408666
03004409666
03004410666
03004411666
03004412666
03004413666
03004414666
03004415666
03004416666
03004417666
03004418666
03004419666
03004420666
03004421666
03004422666
03004423666
03004424666
03004425666
03004426666
03004427666
03004428666
03004429666
03004430666
03004431666
03004432666
03004433666
03004434666
03004435666
03004436666
03004437666
03004438666
03004439666
03004440666
03004441666
03004442666
03004443666
03004444666
03004445666
03004446666
03004447666
03004448666
03004449666
03004450666
03004451666
03004452666
03004453666
03004454666
03004455666
03004456666
03004457666
03004458666
03004459666
03004460666
03004461666
03004462666
03004463666
03004464666
03004465666
03004466666
03004467666
03004468666
03004469666
03004470666
03004471666
03004472666
03004473666
03004474666
03004475666
03004476666
03004477666
03004478666
03004479666
03004480666
03004481666
03004482666
03004483666
03004484666
03004485666
03004486666
03004487666
03004488666
03004489666
03004490666
03004491666
03004492666
03004493666
03004494666
03004495666
03004496666
03004497666
03004498666
03004499666
03004500666
03004501666
03004502666
03004503666
03004504666
03004505666
03004506666
03004507666
03004508666
03004509666
03004510666
03004511666
03004512666
03004513666
03004514666
03004515666
03004516666
03004517666
03004518666
03004519666
03004520666
03004521666
03004522666
03004523666
03004524666
03004525666
03004526666
03004527666
03004528666
03004529666
03004530666
03004531666
03004532666
03004533666
03004534666
03004535666
03004536666
03004537666
03004538666
03004539666
03004540666
03004541666
03004542666
03004543666
03004544666
03004545666
03004546666
03004547666
03004548666
03004549666
03004550666
03004551666
03004552666
03004553666
03004554666
03004555666
03004556666
03004557666
03004558666
03004559666
03004560666
03004561666
03004562666
03004563666
03004564666
03004565666
03004566666
03004567666
03004568666
03004569666
03004570666
03004571666
03004572666
03004573666
03004574666
03004575666
03004576666
03004577666
03004578666
03004579666
03004580666
03004581666
03004582666
03004583666
03004584666
03004585666
03004586666
03004587666
03004588666
03004589666
03004590666
03004591666
03004592666
03004593666
03004594666
03004595666
03004596666
03004597666
03004598666
03004599666
03004600666
03004601666
03004602666
03004603666
03004604666
03004605666
03004606666
03004607666
03004608666
03004609666
03004610666
03004611666
03004612666
03004613666
03004614666
03004615666
03004616666
03004617666
03004618666
03004619666
03004620666
03004621666
03004622666
03004623666
03004624666
03004625666
03004626666
03004627666
03004628666
03004629666
03004630666
03004631666
03004632666
03004633666
03004634666
03004635666
03004636666
03004637666
03004638666
03004639666
03004640666
03004641666
03004642666
03004643666
03004644666
03004645666
03004646666
03004647666
03004648666
03004649666
03004650666
03004651666
03004652666
03004653666
03004654666
03004655666
03004656666
03004657666
03004658666
03004659666
03004660666
03004661666
03004662666
03004663666
03004664666
03004665666
03004666666
03004667666
03004668666
03004669666
03004670666
03004671666
03004672666
03004673666
03004674666
03004675666
03004676666
03004677666
03004678666
03004679666
03004680666
03004681666
03004682666
03004683666
03004684666
03004685666
03004686666
03004687666
03004688666
03004689666
03004690666
03004691666
03004692666
03004693666
03004694666
03004695666
03004696666
03004697666
03004698666
03004699666
03004700666
03004701666
03004702666
03004703666
03004704666
03004705666
03004706666
03004707666
03004708666
03004709666
03004710666
03004711666
03004712666
03004713666
03004714666
03004715666
03004716666
03004717666
03004718666
03004719666
03004720666
03004721666
03004722666
03004723666
03004724666
03004725666
03004726666
03004727666
03004728666
03004729666
03004730666
03004731666
03004732666
03004733666
03004734666
03004735666
03004736666
03004737666
03004738666
03004739666
03004740666
03004741666
03004742666
03004743666
03004744666
03004745666
03004746666
03004747666
03004748666
03004749666
03004750666
03004751666
03004752666
03004753666
03004754666
03004755666
03004756666
03004757666
03004758666
03004759666
03004760666
03004761666
03004762666
03004763666
03004764666
03004765666
03004766666
03004767666
03004768666
03004769666
03004770666
03004771666
03004772666
03004773666
03004774666
03004775666
03004776666
03004777666
03004778666
03004779666
03004780666
03004781666
03004782666
03004783666
03004784666
03004785666
03004786666
03004787666
03004788666
03004789666
03004790666
03004791666
03004792666
03004793666
03004794666
03004795666
03004796666
03004797666
03004798666
03004799666
03004800666
03004801666
03004802666
03004803666
03004804666
03004805666
03004806666
03004807666
03004808666
03004809666
03004810666
03004811666
03004812666
03004813666
03004814666
03004815666
03004816666
03004817666
03004818666
03004819666
03004820666
03004821666
03004822666
03004823666
03004824666
03004825666
03004826666
03004827666
03004828666
03004829666
03004830666
03004831666
03004832666
03004833666
03004834666
03004835666
03004836666
03004837666
03004838666
03004839666
03004840666
03004841666
03004842666
03004843666
03004844666
03004845666
03004846666
03004847666
03004848666
03004849666
03004850666
03004851666
03004852666
03004853666
03004854666
03004855666
03004856666
03004857666
03004858666
03004859666
03004860666
03004861666
03004862666
03004863666
03004864666
03004865666
03004866666
03004867666
03004868666
03004869666
03004870666
03004871666
03004872666
03004873666
03004874666
03004875666
03004876666
03004877666
03004878666
03004879666
03004880666
03004881666
03004882666
03004883666
03004884666
03004885666
03004886666
03004887666
03004888666
03004889666
03004890666
03004891666
03004892666
03004893666
03004894666
03004895666
03004896666
03004897666
03004898666
03004899666
03004900666
03004901666
03004902666
03004903666
03004904666
03004905666
03004906666
03004907666
03004908666
03004909666
03004910666
03004911666
03004912666
03004913666
03004914666
03004915666
03004916666
03004917666
03004918666
03004919666
03004920666
03004921666
03004922666
03004923666
03004924666
03004925666
03004926666
03004927666
03004928666
03004929666
03004930666
03004931666
03004932666
03004933666
03004934666
03004935666
03004936666
03004937666
03004938666
03004939666
03004940666
03004941666
03004942666
03004943666
03004944666
03004945666
03004946666
03004947666
03004948666
03004949666
03004950666
03004951666
03004952666
03004953666
03004954666
03004955666
03004956666
03004957666
03004958666
03004959666
03004960666
03004961666
03004962666
03004963666
03004964666
03004965666
03004966666
03004967666
03004968666
03004969666
03004970666
03004971666
03004972666
03004973666
03004974666
03004975666
03004976666
03004977666
03004978666
03004979666
03004980666
03004981666
03004982666
03004983666
03004984666
03004985666
03004986666
03004987666
03004988666
03004989666
03004990666
03004991666
03004992666
03004993666
03004994666
03004995666
03004996666
03004997666
03004998666
03004999666
