03345251000
03345251001
03345251002
03345251003
03345251004
03345251005
03345251005
03345051000
03345251007
03345251008
03345251009
03345251010
03345251011
03345251012
03345251013
03345251014
03345251015
03345251016
03345251017
03345251018
03345251020
03345251021
03345251022
03345251023
03345251025
03345251026
03345251027
03345251028
03345251028
03345251029
03345251030
03345251031
03345251032
03345251033
03345251034
03022090138
03445511409
03223309079
03335177279
03004600047
03335093160
03445509568
03005101088
03332109064
03465310655
03458503373
03335251978
03218555482
03215692577
03335518196
03335176033
03125224352
03445586944
03028978039
03075122281
03009811771
03215514009
03315434009
03215386059
03005630899
03465999010
03445114863
03219558302
03335427856
03015052464
03315334662
03315334663
03454111666
03445507828
03215093959
03422225333
03005186851
03325058504
03345351330
03005526772
03339004501
03335141827
03325132322
03145169553
03018440042
03325142853
03335156208
03349554378
03005162330
03005122919
03005129668
03455011313
03007273362
03225605446
03226186912
03009871386
03439452692
03122299332
03215157361
03145203144
03465656156
03035102998
03315264761
03335266522
03335737217
03212017233
03135464347
03335231950
03335484383
03006219291
03005562179
03005003936
03215571203
03235262622
03225013637
03125930095
03215279945
03009550038
03335244705
03005244705
03005013894
03455891227
03005048013
03005162335
03005068229
03335356886
03458527878
03009894739
03218500415
03009554369
03008555767
03214098747
03224138022
03004409463
03008543337
03225203865
03226668666
03009501404
03005169388
03215296272
03215011999
03335599055
03215225889
03335506413
03008506822
03005395712
03005560681
03219503435
03445289192
03015575105
03215013870
03009501766
03015141221
03215295472
03335100789
03445544160
03212210618
03335431962
03215285263
03005444577
03334555585
03005011917
03335351403
03335114219
03335219164
03015387939
03215564461
03005564461
03008506606
03009542085
03004133943
03008509375
03009106793
03005574575
03215296779
03008553558
03334292188
03005188818
03145555154
03008528289
03064743500
03025217008
03215255927
03009767732
03345044426
03218552383
03335347781
03005368302
03335117897
03435589998
03005261848
03335644634
03004690469
03335252052
03005014011
03005041110
03005041110
03219434975
03004282772
03215155383
03008501140
03005189409
03005093959
03005189409
03339022291
03225011549
03218472300
03218472300
03008472300
03009878318
03335624678
03215396303
03345550555
03435044101
03125055641
03005571329
03215143772
03005343255
03005343255
03065421103
03009192313
03015200945
03335124968
03009817860
03219555045
03009874800
03455278811
03009503520
03009502535
03008500869
03335464746
03008500841
03018501111
03005571329
03005169378
03465155445
03335610556
03335610556
03015401807
03317775777
03328542127
03008542127
03005192560
03225152591
03335382302
03335138790
03335955592
03018555300
03008369565
03009732672
03215110748
03335125298
03008500841
03215571329
03009507138
03215203764
03455502016
03335161012
03005507030
03335159849
03448582385
03225203865
03224436668
03215171712
03215000641
03005000641
03335000641
03335205332
03005121991
03008364235
03005541757
03005169388
03455558155
03225076635
03315531901
03005531901
03455141276
03005041110
03005117949
03215565040
03009703884
03005101462
03335111793
03335104604
03215580447
03008550093
03009548485
03015141221
03215295472
03455004443
03335137355
03005559909
03005112003
03005299655
03215355057
03218508482
03009776782
03065004661
03005233922
03009586618
03325455261
03215180486
03005325801
03008505181
03005346592
03335118808
03008345602
03335333755
03215906463
03215023839
03025264195
03335765565
03215254665
03335636215
03005546279
03335267221
03225098958
03335735865
03005113895
03335389031
03145261133
03005208782
03009559552
03219559552
03335118855
03008554320
03008274888
03315109559
03075544664
03335152611
03015081781
03225720946
03335146341
03349588970
03335000704
03005126265
03225325525
03005151759
03335482413
03345057468
03015042608
03335155196
03455493913
03335605790
03005211740
03345292905
03335146817
03465755453
03335361762
03005311765
03315333477
03315532218
03335161925
03335269412
03335126834
03008502565
03345167050
03005334161
03005154482
03005231882
03008522028
03215396303
03335582663
03215091524
03425000663
03009706863
03005004048
03215533999
03317775777
03008502550
03008566311
03215166812
03455060065
03005554012
03228577758
03005322157
03005382543
03005002981
03018543001
03315565228
03335111684
03335544986
03005358050
03005382771
03009533885
03005378833
03335103619
03005526648
03144274343
03335129281
03005006123
03335210998
03225030511
03219722116
03345251885
03455125948
03005004633
03009757225
03335161999
03005389774
03005103894
03455891227
03005652228
03335175088
03005202775
03005227500
03005025819
03005009091
03215356143
03035327192
03008566076
03009192313
03335158157
03348954455
03005332103
03005185278
03455108538
03005005491
03008547195
03005219857
03225224838
03005137363
03215260521
03005112627
03465155445
03005112627
03218522214
03025950236
03334491917
03455105557
03224130662
03009507138
03215292920
03009843870
03009733465
03215157361
03455095087
03455237398
03005348596
03335237398
03005072373
03005073963
03005041003
03005260062
03005183007
03215004509
03018555300
03008369565
03335556444
03215176701
03215207715
03005199718
03125158157
03215019393
03335326849
03218552426
03218552426
03005537512
03218552426
03005702868
03215702868
03219680687
03008355477
03005041110
03005581130
03335652626
03008555767
03215203764
03215855570
03335279411
03335550789
03008522899
03219555060