03009383554
03009385954
03009388345
03009384298
03009389172
03009387338
03009381483
03009382159
03009385571
03009383339
03009384228
03009385500
03009385679
03009382241
03009389316
03009386951
03009388805
03009382964
03009385378
03009383055
03009383938
03009389451
03009383312
03009382024
03009382911
03009382443
03009388406
03009385780
03009384584
03009388419
03009381037
03009382493
03009388725
03009389969
03009386705
03009386465
03009383589
03009388148
03009381686
03009389161
03009383122
03009389406
03009389997
03009387695
03009382889
03009388448
03009382842
03009384643
03009388176
03009382898
03009384406
03009384847
03009386831
03009387147
03009384426
03009389039
03009383752
03009389791
03009388755
03009385808
03009385149
03009384641
03009389748
03009389157
03009386718
03009382097
03009388836
03009386258
03009388913
03009389465
03009385790
03009387764
03009384150
03009388901
03009382913
03009384747
03009385517
03009387332
03009381741
03009383775
03009382173
03009388138
03009388086
03009385311
03009383401
03009381577
03009389392
03009382278
03009387425
03009389837
03009388357
03009382931
03009383352
03009387972
03009384764
03009388537
03009386171
03009386351
03009384006
03009388385
03009389263
03009383432
03009388616
03009387082
03009382680
03009388245
03009389947
03009381512
03009384291
03009388235
03009382459
03009387013
03009382033
03009382975
03009386502
03009381661
03009383846
03009383317
03009389443
03009383980
03009381487
03009389628
03009387433
03009384833
03009385864
03009382664
03009386209
03009389345
03009387735
03009385390
03009382910
03009384706
03009389470
03009388228
03009383331
03009389445
03009383133
03009381601
03009385897
03009385918
03009381319
03009384996
03009388262
03009388588
03009384691
03009382854
03009385831
03009384562
03009384405
03009387775
03009383804
03009381182
03009382249
03009381882
03009387317
03009384082
03009388848
03009388082
03009388889
03009381478
03009389277
03009386643
03009381796
03009382191
03009385618
03009382596
03009387187
03009389998
03009383214
03009388353
03009388026
03009381535
03009388914
03009389478
03009385932
03009387602
03009384076
03009381518
03009386491
03009383173
03009385135
03009388287
03009385979
03009388837
03009386014
03009385363
03009381917
03009385051
03009382712
03009384419
03009386640
03009384676
03009384931
03009386396
03009389073
03009388644
03009384564
03009381190
03009389422
03009385777
03009389647
03009383334
03009382404
03009381384
03009386479
03009384772
03009386563
03009382398
03009386328
03009386104
03009385658
03009384930
03009383903
03009389638
03009383759
03009381172
03009384635
03009381297
03009383301
03009385314
03009387115
03009382274
03009384802
03009381000
03009381137
03009387679
03009382445
03009386233
03009386504
03009388608
03009389794
03009385713
03009385124
03009388640
03009382644
03009386433
03009384629
03009388883
03009387144
03009388488
03009388091
03009389018
03009385570
03009389434
03009386498
03009387472
03009389928
03009389893
03009386120
03009382531
03009381060
03009385341
03009387093
03009384117
03009386164
03009389824
03009387495
03009389217
03009385771
03009385262
03009386994
03009387326
03009386542
03009385751
03009384152
03009384813
03009385001
03009389024
03009381738
03009385783
03009385567
03009385185
03009383011
03009389735
03009389032
03009388680
03009389900
03009389592
03009384661
03009386108
03009381584
03009388830
03009384245
03009383541
03009384370
03009384149
03009388266
03009383040
03009383154
03009389798
03009387231
03009382439
03009389171
03009384177
03009385741
03009381306
03009385461
03009383507
03009389321
03009381818
03009389385
03009389774
03009381907
03009381106
03009386428
03009388815
03009385963
03009389624
03009381109
03009389153
03009385409
03009388495
03009382297
03009382210
03009384100
03009388698
03009382629
03009385768
03009387954
03009388103
03009384502
03009384158
03009388285
03009389199
03009382601
03009382263
03009387012
03009384859
03009383767
03009388144
03009383263
03009387720
03009387475
03009384224
03009387190
03009381160
03009388688
03009388077
03009387030
03009388632
03009381967
03009381640
03009384609
03009382749
03009389188
03009384005
03009383953
03009382688
03009384312
03009381805
03009381338
03009381910
03009386552
03009383146
03009381482
03009387437
03009388442
03009385956
03009387179
03009383131
03009383282
03009384474
03009385439
03009389054
03009387079
03009389877
03009389887
03009382535
03009382518
03009387422
03009384589
03009389851
03009387824
03009385688
03009389761
03009384190
03009382729
03009381855
03009384786
03009389911
03009385385
03009389821
03009386778
03009381524
03009383883
03009389193
03009381194
03009383524
03009385684
03009383684
03009389467
03009386148
03009383748
03009386926
03009386992
03009385977
03009383217
03009381777
03009389287
03009383916
03009387320
03009386700
03009381505
03009383658
03009381749
03009388681
03009381765
03009384449
03009381275
03009389232
03009388352
03009389658
03009388276
03009389011
03009386833
03009383737
03009383111
03009385491
03009384075
03009382835
03009385736
03009385878
03009381568
03009388134
03009386098
03009385905
03009389457
03009384823
03009382377
03009385535
03009384842
03009383918
03009389234
03009381586
03009383694
03009386624
03009385723
03009387334
03009385283
03009384941
03009382765
03009382453
03009384209
03009386316
03009386013
03009389582
03009386177
03009385846
03009381650
03009388713
03009385397
03009386427
03009383955
03009383326
03009383528
03009387280
03009385159
03009384168
03009382915
03009382908
03009389412
03009383905
03009384687
03009386210
03009384391
03009388402
03009386627
03009385368
03009383644
03009385727
03009385248
03009388507
03009386363
03009385952
03009383267
03009388996
03009382268
03009384804
03009384044
03009385158
03009389738
03009387557
03009385781
03009382195
03009386110
03009388597
03009389538
03009385675
03009381300
03009386904
03009382108
03009389202
03009381490
03009389635
03009387259
03009381058
03009387599
03009385594
03009385020
03009389206
03009385563
03009385172
03009383981
03009388104
03009385367
03009388747
03009387130
03009388348
03009386771
03009384106
03009383948
03009381603
03009384255
03009386750
03009389360
03009385008
03009383745
03009384099
03009389427
03009389957
03009387174
03009389137
03009383425
03009388891
03009381693
03009383196
03009381536
03009383360
03009388559
03009384359
03009385063
03009381962
03009384331
03009389782
03009384287
03009386204
03009387547
03009381646
03009383417
03009386661
03009382456
03009383785
03009385811
03009385638
03009383771
03009388101
03009381622
03009384648
03009381214
03009387172
03009385021
03009389210
03009389554
03009383346
03009385215
03009388358
03009388190
03009387417
03009389944
03009388247
03009385671
03009383963
03009389812
03009383223
03009382410
03009388540
03009383756
03009382476
03009388460
03009386761
03009387613
03009383253
03009387922
03009385094
03009389914
03009388712
03009387345
03009388964
03009382751
03009384776
03009389189
03009383351
03009385766
03009384266
03009386368
03009385656
03009385693
03009385523
03009382430
03009387658
03009384835
03009387991
03009384762
03009381702
03009381264
03009386734
03009381094
03009383208
03009385732
03009381961
03009382182
03009389902
03009385495
03009388872
03009382234
03009383220
03009387645
03009386709
03009384193
03009381957
03009387559
03009382399
03009382663
03009382255
03009383877
03009389354
03009382425
03009387261
03009388778
03009386017
03009383682
03009386604
03009385207
03009389027
03009388754
03009385236
03009383199
03009383583
03009383422
03009386137
03009384466
03009385791
03009385756
03009381541
03009384056
03009386901
03009382814
03009384402
03009388036
03009382994
03009387896
03009388305
03009381489
03009387805
03009383928
03009381123
03009387212
03009387546
03009383664
03009383206
03009382409
03009387205
03009383125
03009387491
03009381768
03009382370
03009381126
03009388748
03009387913
03009383597
03009383205
03009387918
03009385991
03009386781
03009383789
03009381431
03009384625
03009385303
03009385278
03009381932
03009388332
03009384667
03009384324
03009385960
03009382298
03009382550
03009387074
03009383653
03009386899
03009386130
03009386284
03009382633
03009385665
03009381868
03009389147
03009387892
03009386921
03009383486
03009383757
03009382233
03009388581
03009381902
03009387847
03009388838
03009385922
03009386953
03009387100
03009381820
03009386802
03009382787
03009385615
03009381047
03009383808
03009381559
03009384265
03009389092
03009385229
03009385147
03009381991
03009385052
03009386155
03009384887
03009384040
03009381411
03009389814
03009381462
03009387063
03009383893
03009382203
03009383968
03009381477
03009381751
03009389051
03009387291
03009382636
03009389330
03009385532
03009383844
03009385066
03009386360
03009386844
03009383113
03009389163
03009388939
03009384393
03009389779
03009388527
03009387086
03009386590
03009388696
03009389795
03009385746
03009382960
03009384798
03009384511
03009387139
03009384757
03009385549
03009387078
03009382513
03009383359
03009382593
03009385816
03009386458
03009381207
03009385306
03009387195
03009388298
03009382522
03009382669
03009384113
03009383675
03009382979
03009387377
03009381681
03009386004
03009386091
03009388125
03009389894
03009389087
03009382158
03009385776
03009389226
03009389765
03009382630
03009389082
03009386426
03009384353
03009386420
03009385934
03009381269
03009387488
03009384489
03009385951
03009382849
03009386213
03009386488
03009383116
03009382087
03009388794
03009386908
03009382570
03009389701
03009385853
03009388399
03009386508
03009384467
03009383624
03009386564
03009382120
03009383148
03009384018
03009387429
03009385667
03009386096
03009388316
03009387693
03009387741
03009381709
03009387245
03009387140
03009387192
03009383242
03009384890
03009381912
03009385703
03009386777
03009386999
03009383363
03009388868
03009386656
03009389917
03009385554
03009381466
03009387644
03009383567
03009381340
03009381933
03009381965
03009384920
03009387020
03009381100
03009389166
03009382455
03009386455
03009385975
03009382555
03009387921
03009389786
03009385121
03009389784
03009384227
03009387364
03009388890
03009386178
03009387912
03009382139
03009386274
03009384064
03009383677
03009381772
03009385851
03009388119
03009381276
03009384716
03009381367
03009389757
03009383227
03009382262
03009389702
03009385795
03009387609
03009388065
03009389474
03009383461
03009389697
03009389578
03009388911
03009389723
03009383781
03009381556
03009386784
03009387738
03009382808
03009381655
03009384033
03009385859
03009388961
03009382891
03009386796
03009388777
03009386939
03009385356
03009388336
03009389429
03009381258
03009381188
03009387138
03009381894
03009387521
03009385447
03009388431
03009389755
03009382717
03009388214
03009382560
03009387363
03009384341
03009389896
03009381526
03009384295
03009381335
03009383538
03009381908
03009389711
03009386749
03009388915
03009387368
03009386810
03009388999
03009388832
03009381125
03009384118
03009388319
03009387723
03009382585
03009384034
03009381336
03009389306
03009383053
03009382622
03009388124
03009386400
03009385528
03009388880
03009385413
03009387000
03009385891
03009389350
03009381476
03009381112
03009384525
03009384220
03009388636
03009389432
03009389699
03009387293
03009387592
03009387946
03009384241
03009389640
03009381756
03009386143
03009383174
03009384231
03009388855
03009388881
03009384127
03009386900
03009381282
03009386544
03009389951
03009385712
03009383057
03009388123
03009384376
03009388969
03009386246
03009382196
03009382639
03009383826
03009382699
03009389873
03009382130
03009381131
03009385328
03009389698
03009385888
03009382737
03009382238
03009387002
03009381659
03009382595
03009386261
03009387319
03009387354
03009382888
03009383986
03009384235
03009389468
03009383570
03009385272
03009383393
03009389560
03009383503
03009389347
03009387298
03009384358
03009386724
03009387750
03009388798
03009384741
03009385394
03009385845
03009387213
03009383473
03009382257
03009381121
03009382716
03009388473
03009383651
03009382318
03009382494
03009385345
03009386985
03009381158
03009381093
03009381063
03009386128
03009386887
03009381138
03009389233
03009389703
03009387301
03009383770
03009384845
03009387463
03009382578
03009381960
03009387043
03009383758
03009381978
03009388346
03009386798
03009389742
03009383625
03009381185
03009387952
03009381953
03009387372
03009385566
03009387705
03009389196
03009383897
03009387853
03009382899
03009387980
03009381904
03009381418
03009385414
03009384702
03009388806
03009388470
03009384247
03009389916
03009383384
03009389942
03009387400
03009386632
03009389114
03009385274
03009382752
03009387512
03009388047
03009382568
03009382400
03009387749
03009389929
03009388203
03009384239
03009389758
03009384724
03009389060
03009382336
03009386928
03009382095
03009385155
03009388927
03009386075
03009388568
03009387430
03009388166
03009383972
03009388590
03009386480
03009388623
03009387193
03009389932
03009388014
03009389503
03009383668
03009385485
03009386499
03009384566
03009381392
03009383368
03009385191
03009387605
03009386702
03009389040
03009385787
03009389834
03009387993
03009381816
03009382357
03009389120
03009386493
03009384364
03009389181
03009382498
03009381167
03009384383
03009382256
03009386960
03009385143
03009385844
03009381915
03009383260
03009389953
03009385596
03009386369
03009386443
03009387534
03009382706
03009382844
03009384244
03009389825
03009387269
03009389550
03009388788
03009389770
03009388331
03009381520
03009385139
03009384487
03009382986
03009386462
03009387544
03009387009
03009381111
03009388231
03009385410
03009382461
03009385778
03009384787
03009388469
03009382527
03009389880
03009382397
03009385446
03009385914
03009381585
03009383786
03009381519
03009384936
03009382673
03009383492
03009382997
03009381617
03009383690
03009383468
03009387189
03009385031
03009385431
03009388773
03009386967
03009389133
03009382070
03009388898
03009381595
03009384613
03009388833
03009382482
03009381080
03009388165
03009388907
03009387373
03009382884
03009388921
03009389227
03009387734
03009383619
03009382969
03009381301
03009385927
03009383318
03009387643
03009381041
03009384829
03009382154
03009383038
03009383753
03009383375
03009387016
03009381059
03009386906
03009386103
03009385310
03009382726
03009385525
03009384560
03009389816
03009387697
03009381386
03009385804
03009382660
03009381811
03009389223
03009386653
03009386163
03009382971
03009387207
03009383952
03009383571
03009384004
03009385208
03009388090
03009388041
03009384411
03009385994
03009384109
03009389509
03009381905
03009388168
03009385543
03009386713
03009383447
03009385003
03009387792
03009383082
03009381225
03009387131
03009384942
03009381731
03009381227
03009384530
03009386259
03009387099
03009382606
03009384045
03009383851
03009388238
03009382098
03009382707
03009382423
03009382495
03009381113
03009388566
03009385706
03009388188
03009389481
03009387635
03009387117
03009385098
03009385920
03009389982
03009387580
03009389415
03009382346
03009386872
03009384440
03009385077
03009386359
03009386814
03009389881
03009389734
03009386902
03009387859
03009384317
03009387304
03009383379
03009381348
03009384901
03009387535
03009388363
03009382894
03009386679
03009384515
03009385518
03009388943
03009381286
03009387306
03009386129
03009381179
03009382624
03009386464
03009384436
03009387369
03009385225
03009385660
03009387630
03009386063
03009385681
03009381232
03009388697
03009381285
03009381621
03009389813
03009381718
03009384427
03009386748
03009381619
03009384686
03009382735
03009386353
03009386827
03009387928
03009383153
03009387770
03009381746
03009385125
03009385830
03009384278
03009381395
03009389935
03009382391
03009386122
03009389241
03009389905
03009382299
03009385683
03009386821
03009389665
03009383988
03009384799
03009384410
03009384327
03009387860
03009382793
03009381004
03009381778
03009381700
03009381015
03009384159
03009387297
03009382506
03009389859
03009384316
03009383707
03009382866
03009387006
03009383437
03009389878
03009389327
03009387507
03009388480
03009389319
03009387288
03009383488
03009383782
03009386947
03009386799
03009387264
03009383036
03009383273
03009389617
03009388180
03009388919
03009388232
03009388825
03009387982
03009382216
03009385340
03009381976
03009383954
03009389439
03009385083
03009386022
03009384313
03009381685
03009384305
03009387026
03009386077
03009388722
03009383306
03009386442
03009389829
03009383733
03009385256
03009389479
03009388435
03009381947
03009388693
03009386052
03009389618
03009384048
03009383231
03009382026
03009386911
03009388723
03009381588
03009383769
03009388574
03009384079
03009381798
03009387716
03009383967
03009383494
03009382034
03009385534
03009384124
03009386918
03009388831
03009385294
03009383962
03009389580
03009385877
03009389048
03009382463
03009381651
03009388100
03009387407
03009384970
03009382846
03009385343
03009387531
03009382530
03009389530
03009382145
03009385296
03009381486
03009382384
03009387015
03009387680
03009383056
03009384468
03009381762
03009389913
03009383159
03009381927
03009382700
03009385216
03009387936
03009388064
03009387202
03009384234
03009387331
03009382845
03009381238
03009386263
03009381305
03009386923
03009385978
03009384390
03009382746
03009381120
03009385269
03009386003
03009383018
03009384773
03009383535
03009386972
03009388861
03009386524
03009381409
03009389625
03009387286
03009388492
03009386173
03009384707
03009389753
03009384910
03009387279
03009388295
03009382199
03009388260
03009389033
03009383290
03009383347
03009385453
03009385798
03009387155
03009388908
03009387926
03009384128
03009386486
03009385372
03009381436
03009381613
03009388976
03009389804
03009389683
03009382992
03009387990
03009385634
03009381208
03009384758
03009383867
03009384501
03009383627
03009386116
03009386214
03009388062
03009384171
03009381488
03009382140
03009386780
03009388072
03009382922
03009381391
03009386824
03009389292
03009381425
03009381233
03009383607
03009387136
03009387462
03009389201
03009383350
03009384059
03009389801
03009384593
03009383373
03009387441
03009387487
03009386615
03009387094
03009382539
03009382902
03009385428
03009387198
03009385536
03009382413
03009387934
03009384574
03009384444
03009382201
03009389086
03009384701
03009381964
03009388897
03009381324
03009382939
03009387985
03009383114
03009382721
03009385803
03009383120
03009383450
03009381851
03009382569
03009384810
03009382396
03009381708
03009384628
03009386215
03009389484
03009382734
03009388299
03009381283
03009389593
03009387837
03009385696
03009382448
03009383676
03009389108
03009389424
03009384028
03009386775
03009389732
03009385164
03009385614
03009384484
03009382723
03009381875
03009387390
03009389150
03009386007
03009381259
03009386500
03009389216
03009386444
03009386695
03009382023
03009387048
03009386898
03009383236
03009388157
03009381981
03009389138
03009381102
03009381001
03009381119
03009386405
03009381134
03009389268
03009388367
03009386560
03009384895
03009385750
03009385323
03009382132
03009383586
03009386578
03009389195
03009381652
03009382060
03009382526
03009386943
03009385870
03009383166
03009387637
03009383523
03009384512
03009383482
03009381604
03009385470
03009386256
03009388323
03009386738
03009388132
03009382656
03009382955
03009381800
03009386272
03009381724
03009385167
03009386475
03009381072
03009387005
03009388705
03009381906
03009386937
03009389482
03009388766
03009386742
03009383581
03009382497
03009383394
03009381371
03009385869
03009388249
03009385157
03009385389
03009384652
03009383809
03009386847
03009381062
03009381332
03009387667
03009385379
03009387359
03009388572
03009382094
03009381176
03009382605
03009388532
03009386774
03009389557
03009389995
03009387152
03009385635
03009389261
03009387103
03009386917
03009381318
03009386419
03009385775
03009382860
03009385498
03009389270
03009384102
03009388430
03009389383
03009383924
03009385220
03009384692
03009388205
03009382537
03009386856
03009387877
03009384251
03009386852
03009388691
03009385426
03009381313
03009387238
03009384975
03009389149
03009386664
03009385674
03009387434
03009388315
03009381761
03009388516
03009389274
03009389262
03009382671
03009381127
03009384039
03009381711
03009387961
03009381883
03009389958
03009385710
03009382708
03009384380
03009388542
03009388944
03009388922
03009384169
03009385417
03009385881
03009381270
03009382032
03009389126
03009389008
03009388942
03009385626
03009387785
03009386377
03009384020
03009387593
03009385205
03009383124
03009386240
03009384651
03009383715
03009382345
03009389264
03009386714
03009386061
03009388215
03009381612
03009387132
03009388489
03009386202
03009384146
03009386343
03009382635
03009388004
03009387230
03009383545
03009382118
03009381669
03009384451
03009382335
03009384097
03009384612
03009389333
03009387458
03009383336
03009385820
03009382682
03009389518
03009382528
03009388925
03009384752
03009389862
03009382294
03009382881
03009385748
03009385647
03009388494
03009389296
03009389143
03009382231
03009383105
03009381660
03009381005
03009384571
03009384575
03009381017
03009382667
03009389931
03009385701
03009388390
03009384153
03009383796
03009383519
03009389079
03009382478
03009383683
03009388787
03009388804
03009383841
03009384801
03009385469
03009387102
03009386162
03009388975
03009386719
03009387095
03009381675
03009384814
03009388111
03009381511
03009382084
03009389930
03009381843
03009387180
03009387357
03009381493
03009384698
03009385623
03009387603
03009385459
03009381277
03009384026
03009387884
03009387977
03009381180
03009387176
03009383446
03009387197
03009382828
03009386725
03009381671
03009387058
03009387854
03009385408
03009389685
03009382202
03009388595
03009388401
03009381607
03009386970
03009387310
03009388173
03009389846
03009389499
03009382692
03009383697
03009383633
03009382328
03009384695
03009381980
03009384335
03009387556
03009385685
03009384435
03009382577
03009388772
03009387917
03009383256
03009385624
03009384225
03009383200
03009384175
03009383276
03009388033
03009387351
03009383329
03009383584
03009389028
03009388979
03009388423
03009383080
03009384990
03009384259
03009381171
03009385506
03009386650
03009381153
03009382875
03009386565
03009389401
03009389631
03009381581
03009387446
03009385014
03009387068
03009381719
03009389471
03009388152
03009386302
03009383772
03009386706
03009386587
03009384551
03009387134
03009382927
03009383034
03009388422
03009384453
03009381984
03009387575
03009382775
03009383022
03009381467
03009385871
03009387719
03009381748
03009384013
03009388951
03009383787
03009384927
03009381389
03009387957
03009389213
03009387970
03009382877
03009386452
03009389727
03009384578
03009386288
03009382412
03009384849
03009388653
03009384412
03009386591
03009382615
03009381896
03009385130
03009386086
03009387834
03009387412
03009384795
03009385202
03009382206
03009389355
03009381644
03009385239
03009384697
03009386322
03009383295
03009383984
03009389055
03009381022
03009385222
03009383094
03009381725
03009389295
03009386392
03009387055
03009389797
03009384144
03009382830
03009383127
03009388154
03009388618
03009382315
03009389783
03009385828
03009387209
03009384084
03009389297
03009382767
03009386126
03009387375
03009385721
03009381834
03009382014
03009385064
03009388929
03009386109
03009389990
03009384066
03009388146
03009384636
03009382408
03009385211
03009388814
03009387343
03009382112
03009387704
03009387629
03009388155
03009381845
03009388957
03009381295
03009381920
03009389856
03009384792
03009387962
03009388254
03009387342
03009388063
03009383560
03009381923
03009382508
03009382325
03009384283
03009389062
03009389448
03009387881
03009384086
03009388783
03009385263
03009389861
03009383354
03009383631
03009384385
03009383934
03009388126
03009389662
03009385133
03009387151
03009388694
03009383580
03009388290
03009389843
03009384446
03009384049
03009385195
03009388654
03009383345
03009386393
03009382782
03009387489
03009387049
03009389709
03009385005
03009382512
03009381161
03009387107
03009387744
03009381835
03009383407
03009389936
03009383898
03009386790
03009383630
03009389604
03009383435
03009383392
03009388781
03009381213
03009387563
03009381433
03009382200
03009381039
03009381152
03009382612
03009385423
03009382146
03009386181
03009382584
03009381787
03009388682
03009385336
03009388724
03009386593
03009384112
03009388400
03009385129
03009389839
03009385023
03009382642
03009388025
03009382009
03009387885
03009383614
03009388703
03009383730
03009385443
03009383246
03009385069
03009382725
03009384907
03009381809
03009389300
03009383210
03009387449
03009383780
03009385782
03009388985
03009386097
03009385669
03009382188
03009387101
03009389162
03009386303
03009388596
03009388397
03009382000
03009389142
03009388997
03009382450
03009381479
03009389337
03009388630
03009386915
03009384338
03009384812
03009387114
03009383762
03009386628
03009387574
03009388862
03009382242
03009383024
03009386962
03009387517
03009383033
03009386944
03009381542
03009388342
03009388765
03009387731
03009388307
03009389808
03009383112
03009386548
03009382288
03009384647
03009382676
03009384999
03009382300
03009382266
03009384965
03009383666
03009387039
03009387752
03009387850
03009382048
03009382541
03009381968
03009389601
03009389535
03009386118
03009385788
03009381480
03009383685
03009383588
03009383137
03009385253
03009387953
03009381828
03009387106
03009388263
03009384825
03009383951
03009382575
03009386561
03009385797
03009381997
03009383850
03009389192
03009383692
03009386053
03009382035
03009386224
03009382160
03009388130
03009389088
03009384090
03009381191
03009388967
03009386716
03009384025
03009387223
03009383426
03009388016
03009382973
03009383959
03009385360
03009383791
03009387690
03009384395
03009387216
03009387084
03009383218
03009381728
03009389667
03009386568
03009381549
03009387503
03009384017
03009384863
03009388484
03009387398
03009384606
03009388860
03009384882
03009389278
03009388547
03009387067
03009382027
03009382798
03009381103
03009385799
03009381633
03009386968
03009383178
03009383271
03009386874
03009382078
03009383469
03009385166
03009382393
03009386522
03009385273
03009383152
03009388541
03009385574
03009389352
03009388916
03009388412
03009385848
03009385056
03009388930
03009385522
03009385465
03009382597
03009384881
03009381609
03009385319
03009386634
03009383859
03009382483
03009384958
03009384673
03009385504
03009381606
03009387525
03009382561
03009382036
03009384858
03009388844
03009386726
03009387022
03009389566
03009383654
03009386933
03009382625
03009389796
03009385988
03009382367
03009382981
03009386931
03009382718
03009385057
03009389541
03009384300
03009385474
03009389551
03009386800
03009381405
03009382903
03009388497
03009381326
03009384883
03009388297
03009387443
03009384696
03009382332
03009384877
03009389516
03009389238
03009387133
03009388010
03009385630
03009387659
03009381251
03009387470
03009382766
03009382248
03009383415
03009384030
03009383889
03009389915
03009387490
03009381654
03009382047
03009385651
03009384852
03009384712
03009388557
03009387561
03009384272
03009386520
03009387273
03009385556
03009382220
03009386001
03009389464
03009383372
03009383632
03009384301
03009387956
03009384027
03009383932
03009384961
03009387276
03009386764
03009386355
03009383582
03009388012
03009388368
03009382806
03009385457
03009389396
03009387435
03009385204
03009387976
03009386895
03009386757
03009388333
03009388195
03009388282
03009388415
03009381129
03009381349
03009386896
03009388070
03009383193
03009388797
03009384624
03009388008
03009383691
03009387543
03009381836
03009389414
03009385604
03009384778
03009388509
03009383975
03009382978
03009389096
03009389979
03009384761
03009382472
03009385737
03009387266
03009385550
03009388073
03009386882
03009387018
03009385909
03009382327
03009382156
03009384771
03009385019
03009389426
03009384918
03009386731
03009383066
03009386358
03009388281
03009385884
03009382395
03009384306
03009385437
03009387736
03009382253
03009386325
03009388887
03009387471
03009384734
03009381647
03009382090
03009388524
03009384817
03009383504
03009382514
03009386352
03009389203
03009387958
03009383966
03009384178
03009389510
03009381695
03009381682
03009389378
03009388603
03009383464
03009389729
03009389146
03009384765
03009388992
03009383832
03009386651
03009381954
03009388820
03009384640
03009384541
03009382608
03009384432
03009386042
03009385102
03009387478
03009388074
03009387406
03009386736
03009384642
03009389508
03009389382
03009382818
03009386131
03009388183
03009388795
03009381514
03009381887
03009383319
03009381307
03009382011
03009383994
03009385760
03009387153
03009381554
03009384208
03009382044
03009387421
03009388664
03009382250
03009385375
03009386690
03009387096
03009381189
03009386375
03009387268
03009389136
03009384052
03009388614
03009385749
03009385521
03009381782
03009381758
03009384080
03009386717
03009383088
03009385174
03009381959
03009386138
03009382926
03009381035
03009389331
03009389941
03009381406
03009386347
03009383944
03009388421
03009381899
03009386881
03009386079
03009383617
03009382610
03009384868
03009387513
03009384703
03009388362
03009382092
03009389875
03009386658
03009382475
03009388128
03009384163
03009386190
03009384838
03009382131
03009384138
03009385332
03009381230
03009389449
03009382776
03009382521
03009388057
03009384959
03009384073
03009382240
03009381945
03009387849
03009382785
03009388219
03009386605
03009381638
03009384258
03009385709
03009382043
03009383947
03009384733
03009388471
03009389380
03009388554
03009381012
03009383881
03009388738
03009387378
03009389280
03009384725
03009382598
03009386289
03009386487
03009382546
03009385972
03009387104
03009387810
03009386516
03009387787
03009389853
03009384216
03009384736
03009383278
03009382859
03009381081
03009385599
03009389164
03009388904
03009383465
03009387324
03009386913
03009384167
03009389444
03009383761
03009381716
03009383364
03009388268
03009382276
03009386239
03009389273
03009382221
03009382165
03009385100
03009385354
03009381680
03009389104
03009388771
03009387323
03009383642
03009387299
03009385112
03009382402
03009381288
03009382755
03009388137
03009386021
03009385009
03009384496
03009381304
03009385755
03009381244
03009385740
03009387897
03009386404
03009388813
03009389069
03009389706
03009384656
03009381591
03009385187
03009384392
03009384553
03009386012
03009384161
03009381859
03009389466
03009384740
03009385004
03009383982
03009386671
03009389155
03009384262
03009384274
03009386973
03009386018
03009387887
03009381262
03009384493
03009386299
03009383332
03009381582
03009388098
03009385833
03009385912
03009384570
03009385902
03009384292
03009385847
03009383896
03009383605
03009386608
03009381916
03009384830
03009387316
03009388374
03009386666
03009389595
03009388270
03009385489
03009389537
03009387862
03009382124
03009381368
03009388906
03009383019
03009384585
03009388360
03009383991
03009389483
03009387220
03009382576
03009381468
03009381031
03009388517
03009386693
03009385370
03009387642
03009389080
03009386364
03009387997
03009383723
03009383618
03009389064
03009381361
03009385965
03009382674
03009381049
03009385702
03009386744
03009383134
03009389246
03009383402
03009388217
03009382551
03009383115
03009381995
03009381400
03009386447
03009383728
03009383679
03009389293
03009385065
03009385670
03009381183
03009387166
03009382126
03009386592
03009383377
03009389619
03009382533
03009384372
03009386746
03009384309
03009387237
03009386891
03009388809
03009385933
03009382302
03009381038
03009386556
03009383016
03009389454
03009386285
03009384180
03009389205
03009383810
03009385006
03009386090
03009381745
03009382127
03009382375
03009383913
03009386000
03009388212
03009381909
03009386836
03009383000
03009381298
03009384605
03009385632
03009385249
03009385607
03009389767
03009386603
03009385993
03009385318
03009388752
03009385104
03009381885
03009384588
03009382002
03009387662
03009389980
03009387843
03009388710
03009384646
03009386180
03009386453
03009384987
03009389574
03009382361
03009389596
03009386266
03009388457
03009385305
03009385772
03009389959
03009386194
03009383275
03009385807
03009383575
03009383108
03009388483
03009384951
03009386271
03009383135
03009387566
03009383522
03009381057
03009382175
03009389539
03009386391
03009381148
03009385223
03009388322
03009385085
03009383544
03009383027
03009381889
03009386278
03009384567
03009381228
03009382360
03009383303
03009388686
03009385067
03009382029
03009382744
03009383130
03009385348
03009385863
03009383765
03009385190
03009387184
03009382662
03009383244
03009386080
03009386857
03009382999
03009385921
03009389194
03009381497
03009387149
03009387314
03009385577
03009384164
03009382836
03009386540
03009389600
03009385304
03009387951
03009385247
03009388310
03009383438
03009388210
03009389029
03009389716
03009387118
03009386154
03009387875
03009385183
03009389498
03009383104
03009384984
03009382386
03009389540
03009382197
03009385295
03009383110
03009383546
03009387974
03009387255
03009389023
03009381944
03009381229
03009385861
03009389165
03009382670
03009382778
03009384129
03009384186
03009387428
03009383439
03009386619
03009386712
03009388769
03009387790
03009386832
03009381993
03009387028
03009384870
03009384008
03009385526
03009385376
03009381159
03009381173
03009388651
03009385819
03009389715
03009384969
03009382312
03009388011
03009385203
03009389546
03009384463
03009381355
03009385259
03009384397
03009382136
03009387800
03009388770
03009385302
03009385818
03009387582
03009386807
03009381273
03009388637
03009384991
03009384788
03009385036
03009389615
03009382821
03009389455
03009388821
03009381699
03009381825
03009386955
03009381343
03009386573
03009389243
03009386776
03009384783
03009381797
03009384294
03009389666
03009386494
03009383929
03009384273
03009384674
03009389472
03009384399
03009388410
03009385575
03009382168
03009388075
03009383795
03009388863
03009386238
03009386729
03009384700
03009386029
03009387654
03009387116
03009383121
03009384345
03009385321
03009383155
03009388393
03009381050
03009386020
03009381590
03009389950
03009386399
03009385678
03009381268
03009381200
03009382614
03009389438
03009383722
03009389633
03009384189
03009389228
03009388243
03009381257
03009385313
03009389983
03009385255
03009387760
03009387182
03009383956
03009382054
03009382204
03009382464
03009385118
03009385196
03009387393
03009387014
03009383743
03009384822
03009383521
03009385330
03009384203
03009381454
03009388668
03009389000
03009384637
03009382959
03009384019
03009385625
03009382500
03009388658
03009381667
03009388293
03009389552
03009389071
03009385796
03009383047
03009389626
03009384242
03009387923
03009389696
03009383418
03009385160
03009381734
03009382501
03009388619
03009383054
03009381871
03009385444
03009389504
03009381098
03009385425
03009384892
03009382996
03009388731
03009382784
03009388955
03009386528
03009385132
03009382872
03009389759
03009389373
03009386195
03009386124
03009383843
03009386156
03009389393
03009388613
03009386422
03009384107
03009385661
03009383649
03009383428
03009381246
03009389191
03009386912
03009387748
03009387765
03009387845
03009386753
03009388859
03009383680
03009388730
03009386241
03009389229
03009382574
03009386276
03009387160
03009385467
03009389222
03009386331
03009384639
03009384844
03009387522
03009382852
03009386078
03009387804
03009389403
03009386339
03009384933
03009385377
03009389419
03009381052
03009387626
03009387653
03009389912
03009389289
03009386616
03009381341
03009381471
03009388526
03009387904
03009387763
03009389041
03009389890
03009388530
03009387017
03009388763
03009383171
03009389230
03009385742
03009389684
03009384415
03009381596
03009388677
03009384726
03009385555
03009381380
03009385589
03009388965
03009388174
03009382507
03009388117
03009384689
03009388005
03009385892
03009389705
03009389528
03009389830
03009389095
03009383445
03009382110
03009385729
03009383419
03009386871
03009384314
03009385380
03009384880
03009389565
03009381522
03009386977
03009386255
03009385053
03009389854
03009386870
03009381831
03009385029
03009387459
03009389903
03009384754
03009387360
03009381507
03009384634
03009384154
03009383866
03009386434
03009385917
03009384270
03009388391
03009387569
03009389303
03009387125
03009381146
03009387554
03009383129
03009382843
03009387053
03009386768
03009389616
03009384748
03009383807
03009389907
03009387938
03009385434
03009386448
03009386287
03009387244
03009389067
03009387657
03009381649
03009381245
03009387080
03009381025
03009389094
03009382665
03009382954
03009382572
03009389868
03009386301
03009389522
03009383868
03009386218
03009382756
03009388842
03009381397
03009389381
03009384387
03009382826
03009382556
03009381461
03009388240
03009384671
03009383101
03009384621
03009389613
03009381236
03009384483
03009387668
03009383245
03009388386
03009386730
03009384993
03009384016
03009384379
03009387246
03009389999
03009381175
03009384547
03009386919
03009385134
03009382022
03009381856
03009388425
03009382407
03009387978
03009381527
03009388084
03009384221
03009386954
03009388356
03009388983
03009383010
03009382331
03009385365
03009384071
03009386317
03009387081
03009388179
03009382226
03009383496
03009382295
03009382693
03009386101
03009382460
03009382832
03009389961
03009384323
03009383763
03009386037
03009383973
03009387960
03009388164
03009388474
03009384421
03009386247
03009387950
03009384503
03009382107
03009385325
03009383050
03009388194
03009384587
03009389187
03009384147
03009384260
03009386150
03009388320
03009383049
03009386361
03009384913
03009383042
03009385331
03009383821
03009385652
03009381139
03009384509
03009388329
03009389906
03009385817
03009381824
03009383813
03009381310
03009381969
03009385115
03009388059
03009381333
03009384284
03009385184
03009389070
03009382825
03009385152
03009389256
03009385366
03009382401
03009382322
03009387821
03009388414
03009389010
03009385648
03009389135
03009387848
03009388599
03009389435
03009389103
03009383355
03009388912
03009388520
03009383145
03009386492
03009384731
03009389730
03009385317
03009388189
03009381365
03009388799
03009383058
03009383555
03009389920
03009381455
03009383185
03009382198
03009386435
03009387688
03009381925
03009386974
03009382010
03009387577
03009388702
03009387761
03009389310
03009381287
03009383281
03009385926
03009387516
03009381900
03009385181
03009385726
03009385456
03009387756
03009384165
03009383491
03009384447
03009384414
03009387484
03009386701
03009388381
03009381218
03009384649
03009383874
03009383688
03009381048
03009384980
03009388744
03009388481
03009389219
03009384134
03009383595
03009383766
03009386589
03009388866
03009383602
03009382876
03009381538
03009389077
03009384723
03009381852
03009388642
03009383176
03009386708
03009388510
03009388776
03009384337
03009389924
03009388394
03009387083
03009381054
03009388054
03009381723
03009381381
03009383412
03009389815
03009382104
03009385026
03009385386
03009386629
03009384925
03009384036
03009382847
03009387309
03009384989
03009382251
03009381767
03009383714
03009382772
03009381994
03009384069
03009389476
03009383797
03009387260
03009388741
03009384853
03009384103
03009384954
03009389109
03009388728
03009384729
03009386837
03009388206
03009389739
03009387811
03009388149
03009384087
03009384607
03009387673
03009381316
03009384015
03009381673
03009389182
03009389769
03009387029
03009385880
03009383300
03009386670
03009383518
03009384966
03009388043
03009385156
03009383228
03009383052
03009381170
03009386704
03009386324
03009388015
03009387634
03009387789
03009386036
03009386323
03009385546
03009386290
03009389841
03009382709
03009384510
03009388746
03009388127
03009383423
03009384210
03009382516
03009388088
03009384442
03009389780
03009385695
03009385590
03009384329
03009384443
03009385666
03009386862
03009382496
03009388087
03009384979
03009388461
03009388197
03009384591
03009389545
03009383067
03009388379
03009386068
03009381884
03009387971
03009385530
03009381714
03009384429
03009389463
03009386569
03009384321
03009387253
03009386249
03009388296
03009385839
03009385524
03009385533
03009384396
03009381560
03009389428
03009381956
03009388662
03009384279
03009386257
03009382627
03009388201
03009381412
03009389061
03009384490
03009389555
03009389686
03009383755
03009383606
03009385814
03009385279
03009388657
03009382724
03009387064
03009381278
03009383636
03009382602
03009383970
03009382285
03009381327
03009386892
03009386745
03009384626
03009382649
03009384837
03009387167
03009389235
03009381034
03009386677
03009385477
03009387600
03009387541
03009383744
03009384851
03009387623
03009385091
03009382017
03009388227
03009389374
03009389453
03009385264
03009389421
03009383475
03009386159
03009382995
03009388670
03009385850
03009384211
03009386760
03009389063
03009387061
03009389544
03009389016
03009382951
03009381543
03009385048
03009384286
03009382426
03009384047
03009387128
03009384834
03009388178
03009388692
03009386562
03009384780
03009386782
03009386222
03009383565
03009383369
03009382125
03009386594
03009385277
03009387822
03009388816
03009381806
03009385792
03009386244
03009381747
03009388721
03009389377
03009384534
03009382694
03009383201
03009382281
03009382761
03009383472
03009382794
03009385959
03009388464
03009385841
03009388239
03009382900
03009387687
03009387746
03009389575
03009383655
03009385109
03009383211
03009389004
03009381863
03009383997
03009383311
03009385943
03009384603
03009382880
03009387529
03009385169
03009381226
03009381417
03009389308
03009381771
03009382933
03009389179
03009382303
03009382754
03009388496
03009386830
03009387089
03009389405
03009384407
03009381095
03009385018
03009386045
03009389007
03009383812
03009386680
03009381322
03009389871
03009382469
03009387836
03009381985
03009386321
03009382061
03009388871
03009389559
03009387479
03009388468
03009388853
03009385197
03009386043
03009382511
03009389123
03009383324
03009389645
03009385090
03009381610
03009385547
03009388447
03009382259
03009386026
03009387347
03009383084
03009382223
03009384050
03009389447
03009383048
03009382631
03009384732
03009387242
03009389956
03009388715
03009386971
03009385419
03009388031
03009388920
03009383749
03009382113
03009388902
03009384384
03009388314
03009382457
03009383876
03009384973
03009388756
03009383774
03009386795
03009386988
03009384368
03009385374
03009384962
03009388631
03009381415
03009381788
03009383711
03009386059
03009381029
03009382559
03009385829
03009382857
03009381641
03009387902
03009383742
03009385252
03009381082
03009388504
03009384650
03009387156
03009389119
03009386617
03009382719
03009383143
03009387157
03009387745
03009381813
03009389009
03009386720
03009386819
03009381458
03009389282
03009388579
03009382668
03009385925
03009387935
03009383848
03009381668
03009381181
03009387262
03009382480
03009386513
03009384263
03009387045
03009384911
03009385942
03009385955
03009384057
03009387119
03009389976
03009384717
03009386893
03009388141
03009382282
03009385399
03009381317
03009381803
03009386949
03009382371
03009382901
03009387905
03009389589
03009383430
03009388145
03009385322
03009389068
03009382637
03009382831
03009381867
03009387694
03009389131
03009381396
03009383039
03009388312
03009381114
03009383370
03009383321
03009386152
03009389803
03009388970
03009388974
03009384654
03009384688
03009387480
03009385503
03009382374
03009387199
03009383028
03009389025
03009386269
03009388706
03009384865
03009383698
03009386199
03009389833
03009383095
03009386586
03009388428
03009387555
03009385714
03009388720
03009383517
03009384344
03009386838
03009388099
03009388167
03009386105
03009382771
03009389141
03009388029
03009385473
03009383310
03009389986
03009383525
03009381860
03009388040
03009387329
03009386166
03009384549
03009383302
03009382314
03009389121
03009382260
03009386175
03009384946
03009381774
03009386412
03009385127
03009387729
03009381261
03009389810
03009381033
03009385531
03009386886
03009383957
03009385924
03009387143
03009385715
03009385267
03009381698
03009389612
03009388441
03009385915
03009389820
03009384905
03009384738
03009381280
03009381989
03009389288
03009389395
03009381648
03009387186
03009386521
03009388116
03009382820
03009389283
03009382150
03009381216
03009381755
03009383474
03009389852
03009384478
03009382271
03009388735
03009384351
03009386843
03009388413
03009385873
03009385420
03009382789
03009384750
03009383299
03009387221
03009384333
03009382085
03009385455
03009389129
03009382252
03009383298
03009385440
03009385486
03009386262
03009382581
03009386811
03009382487
03009386040
03009389140
03009389614
03009388936
03009387766
03009383335
03009385499
03009385472
03009389502
03009386541
03009383616
03009387303
03009385392
03009387381
03009388284
03009385948
03009387258
03009384253
03009384179
03009385872
03009383358
03009382562
03009388478
03009384457
03009387415
03009387803
03009389802
03009384037
03009384437
03009389245
03009384735
03009384038
03009387551
03009383557
03009382599
03009385997
03009388743
03009385856
03009383793
03009386094
03009385520
03009384133
03009389548
03009386940
03009388612
03009382083
03009386200
03009382943
03009381212
03009383440
03009389707
03009387227
03009383820
03009383700
03009383643
03009384614
03009381044
03009389925
03009386660
03009388601
03009383622
03009381876
03009381924
03009387594
03009388556
03009389693
03009382416
03009388867
03009387340
03009384899
03009387493
03009387499
03009385838
03009383481
03009386772
03009382839
03009382638
03009387162
03009386025
03009381516
03009389687
03009387141
03009389562
03009383184
03009386048
03009385610
03009386054
03009386185
03009382841
03009389872
03009384382
03009389281
03009384425
03009383532
03009383070
03009387034
03009387217
03009385717
03009387054
03009384580
03009385424
03009387247
03009387414
03009383999
03009386783
03009387296
03009383043
03009384949
03009389221
03009382779
03009386743
03009387091
03009384070
03009384342
03009382861
03009386245
03009384728
03009386770
03009381474
03009385285
03009381115
03009385875
03009388211
03009389533
03009386286
03009385436
03009389737
03009384174
03009384854
03009381083
03009386495
03009384288
03009384024
03009381096
03009384552
03009383611
03009381485
03009387228
03009384617
03009388309
03009387908
03009383833
03009389597
03009387318
03009388879
03009386621
03009387783
03009388905
03009386413
03009388687
03009381390
03009389491
03009383637
03009386890
03009383460
03009381850
03009381528
03009382415
03009385813
03009382304
03009382679
03009387127
03009387725
03009386265
03009381021
03009385858
03009384929
03009381624
03009382089
03009384683
03009385865
03009387840
03009384719
03009385126
03009384672
03009388611
03009383396
03009386545
03009382421
03009384739
03009383119
03009386546
03009385266
03009386845
03009386550
03009383592
03009388884
03009385350
03009387959
03009382454
03009383739
03009381901
03009389012
03009382774
03009387307
03009384766
03009385995
03009383443
03009385682
03009381553
03009383255
03009388455
03009381766
03009386846
03009383269
03009389323
03009387173
03009389721
03009388418
03009382817
03009389204
03009388823
03009384886
03009383106
03009383202
03009387979
03009383498
03009389496
03009389505
03009387621
03009389260
03009384498
03009386270
03009382129
03009387263
03009389416
03009387445
03009387793
03009389579
03009383568
03009388055
03009387676
03009385854
03009389371
03009383008
03009381201
03009383899
03009386835
03009385938
03009383699
03009387204
03009383175
03009383455
03009382985
03009381703
03009385906
03009389437
03009388456
03009381205
03009382565
03009388593
03009389328
03009385949
03009388177
03009386758
03009389669
03009384563
03009386558
03009382148
03009384879
03009385973
03009389494
03009382580
03009388080
03009384828
03009387122
03009383209
03009388241
03009383337
03009386609
03009381862
03009388409
03009387035
03009383526
03009389148
03009384971
03009385308
03009386326
03009382620
03009386327
03009382760
03009381086
03009386356
03009388335
03009383221
03009387519
03009386470
03009385947
03009388274
03009382446
03009381290
03009389286
03009384290
03009388708
03009389520
03009386248
03009386883
03009383734
03009389257
03009385621
03009387010
03009384311
03009389102
03009387322
03009386309
03009386397
03009389855
03009382617
03009381007
03009381263
03009386644
03009381600
03009384276
03009385070
03009384601
03009383041
03009386211
03009383285
03009389974
03009385663
03009387504
03009381730
03009389850
03009387027
03009382082
03009386639
03009381481
03009383304
03009381841
03009384945
03009387270
03009388718
03009383268
03009388935
03009384581
03009386461
03009385401
03009388366
03009389864
03009383502
03009388056
03009389977
03009382080
03009389870
03009389348
03009387914
03009388042
03009383548
03009384202
03009388046
03009388294
03009388789
03009385628
03009388466
03009386319
03009383716
03009386382
03009385246
03009387992
03009384967
03009383937
03009388846
03009385673
03009384206
03009384677
03009382912
03009385037
03009386506
03009381570
03009383703
03009386451
03009382720
03009381722
03009388801
03009382135
03009382347
03009383330
03009383457
03009381422
03009382471
03009385553
03009389411
03009382618
03009386825
03009385089
03009384289
03009384121
03009387485
03009387964
03009385989
03009388950
03009385950
03009384576
03009387271
03009387767
03009382731
03009386596
03009388311
03009384867
03009387388
03009384053
03009386183
03009387963
03009383064
03009385011
03009381266
03009381576
03009385113
03009381879
03009382848
03009389442
03009387894
03009388196
03009382163
03009384850
03009388493
03009381345
03009386732
03009381936
03009387040
03009389766
03009382157
03009381921
03009389882
03009381439
03009387257
03009382354
03009389367
03009386518
03009385288
03009383390
03009382330
03009389675
03009383325
03009382326
03009382106
03009382929
03009387109
03009389475
03009387753
03009385505
03009388434
03009387701
03009382280
03009383046
03009383776
03009388192
03009388114
03009385025
03009388403
03009383566
03009385637
03009381284
03009381241
03009381303
03009386607
03009384398
03009387916
03009381791
03009384544
03009385096
03009388690
03009383965
03009387590
03009382623
03009382893
03009385039
03009381366
03009382490
03009388740
03009383721
03009388534
03009384361
03009386188
03009386345
03009386217
03009381210
03009388463
03009387692
03009385939
03009381737
03009381504
03009387468
03009381254
03009389964
03009389301
03009388321
03009382965
03009386314
03009383076
03009389492
03009384115
03009387891
03009386579
03009382607
03009388851
03009385093
03009386741
03009387759
03009386332
03009385041
03009388405
03009382499
03009389488
03009384797
03009389586
03009388411
03009389359
03009388617
03009386232
03009388475
03009389807
03009386633
03009385307
03009381717
03009385676
03009389487
03009389994
03009383093
03009387346
03009385286
03009389017
03009382589
03009389045
03009389409
03009383265
03009387075
03009385478
03009384526
03009387868
03009381657
03009388924
03009384257
03009382012
03009386759
03009383610
03009389599
03009382503
03009381666
03009381773
03009382237
03009384060
03009382853
03009384516
03009383613
03009384986
03009388990
03009384599
03009384491
03009381958
03009381878
03009389899
03009383665
03009384537
03009387033
03009382650
03009389991
03009385371
03009382467
03009383705
03009388449
03009384872
03009387502
03009381732
03009384408
03009382246
03009383695
03009388605
03009389271
03009387768
03009385108
03009382045
03009385151
03009389933
03009389144
03009384261
03009389577
03009385192
03009381434
03009387965
03009388548
03009383177
03009383297
03009386340
03009383886
03009388591
03009389745
03009383600
03009382788
03009383590
03009384386
03009388734
03009388953
03009385935
03009388013
03009383540
03009385458
03009386367
03009383993
03009387025
03009389180
03009387352
03009381452
03009386394
03009388000
03009384185
03009387232
03009386963
03009386336
03009386329
03009385893
03009387624
03009386189
03009384504
03009385338
03009387610
03009381740
03009383229
03009382809
03009381594
03009384572
03009383593
03009386681
03009386630
03009384528
03009387865
03009382753
03009382270
03009382075
03009383709
03009381184
03009388191
03009386998
03009386099
03009382722
03009388521
03009381817
03009383083
03009386030
03009387367
03009383875
03009388909
03009383678
03009381154
03009389099
03009384346
03009381363
03009386864
03009388160
03009389677
03009384782
03009382740
03009381946
03009384902
03009382641
03009385551
03009382805
03009382224
03009384869
03009382179
03009388139
03009383696
03009383983
03009385620
03009389305
03009385789
03009389130
03009384046
03009382769
03009385178
03009383266
03009381599
03009387474
03009381036
03009385276
03009385602
03009386145
03009388150
03009386673
03009385981
03009386157
03009383511
03009384826
03009383023
03009385826
03009385605
03009385560
03009388093
03009383160
03009387638
03009384176
03009382292
03009382051
03009386557
03009381804
03009381801
03009387524
03009386924
03009382942
03009389571
03009381147
03009383717
03009381653
03009386637
03009388518
03009384721
03009383264
03009384518
03009389945
03009384508
03009385110
03009387451
03009382797
03009388586
03009385806
03009383662
03009386072
03009388932
03009382799
03009386306
03009383181
03009389404
03009385629
03009384394
03009385653
03009382444
03009389993
03009383559
03009388856
03009386598
03009389490
03009384461
03009387670
03009385585
03009387570
03009386028
03009384935
03009386976
03009381435
03009383397
03009383964
03009389718
03009388834
03009389372
03009383480
03009388565
03009383308
03009389762
03009383674
03009385510
03009387418
03009383017
03009388058
03009384104
03009388607
03009389093
03009383943
03009382333
03009386722
03009386582
03009385463
03009385163
03009386093
03009386659
03009383657
03009385193
03009387252
03009383151
03009386646
03009388198
03009382548
03009386879
03009388417
03009384217
03009388487
03009384434
03009387214
03009383102
03009387050
03009388258
03009386370
03009389860
03009389363
03009385731
03009385542
03009381877
03009388621
03009385116
03009381802
03009389440
03009384430
03009384569
03009384809
03009385886
03009381186
03009388835
03009388303
03009387036
03009389358
03009389317
03009386537
03009386655
03009386460
03009388958
03009387481
03009387614
03009381940
03009382432
03009386987
03009381294
03009384085
03009384355
03009388289
03009387779
03009383949
03009389339
03009385210
03009385492
03009382065
03009387861
03009384094
03009383045
03009386577
03009389775
03009386801
03009386688
03009387409
03009388758
03009382207
03009383895
03009381776
03009389629
03009381848
03009388083
03009383543
03009383136
03009386859
03009388089
03009388615
03009387506
03009388131
03009389576
03009386948
03009388389
03009385072
03009387365
03009388543
03009383117
03009382046
03009381320
03009386085
03009387439
03009383277
03009381088
03009388092
03009383081
03009387640
03009382865
03009386318
03009385297
03009386855
03009385516
03009385668
03009384592
03009383718
03009387442
03009382440
03009383272
03009382984
03009381314
03009388052
03009385916
03009388876
03009384122
03009382510
03009382363
03009384373
03009389642
03009389420
03009382184
03009381064
03009383197
03009382025
03009385519
03009385513
03009389526
03009387497
03009389343
03009383030
03009386601
03009389369
03009387169
03009388439
03009388760
03009389892
03009383564
03009383738
03009385254
03009389043
03009383357
03009382770
03009388622
03009388895
03009382324
03009384866
03009388707
03009388115
03009385622
03009384545
03009383822
03009389059
03009383894
03009384960
03009385081
03009385962
03009389876
03009387383
03009388454
03009383069
03009388808
03009385631
03009385985
03009382628
03009388120
03009389694
03009384269
03009389984
03009386510
03009381775
03009381009
03009385243
03009383940
03009382659
03009387714
03009389307
03009384092
03009387545
03009385347
03009385213
03009387728
03009382225
03009384622
03009383587
03009387863
03009382657
03009385887
03009383215
03009389394
03009383885
03009387023
03009383280
03009381133
03009389785
03009389379
03009388989
03009387942
03009388459
03009386512
03009383075
03009386829
03009389460
03009386684
03009387983
03009383547
03009383406
03009382066
03009384889
03009386654
03009381247
03009389832
03009382190
03009385339
03009385335
03009384755
03009382547
03009385970
03009383150
03009389021
03009389097
03009389543
03009381506
03009388050
03009383551
03009384630
03009382643
03009381373
03009384191
03009384693
03009383454
03009389342
03009384745
03009386613
03009388600
03009386822
03009384472
03009382727
03009386641
03009385561
03009381966
03009388204
03009387724
03009382230
03009385062
03009383585
03009381460
03009382431
03009389364
03009389858
03009386386
03009382701
03009384710
03009384480
03009388796
03009386804
03009386456
03009385690
03009383191
03009381760
03009385591
03009382093
03009381853
03009389558
03009387683
03009384334
03009388875
03009385836
03009386503
03009389949
03009383773
03009383374
03009384110
03009382626
03009385508
03009383254
03009381546
03009388244
03009382143
03009383909
03009384354
03009388589
03009388280
03009385868
03009384308
03009383902
03009382068
03009386192
03009386536
03009383344
03009382059
03009387533
03009389115
03009381076
03009383483
03009382053
03009382008
03009387832
03009381199
03009384339
03009389325
03009386304
03009388660
03009386662
03009381744
03009382523
03009383992
03009386062
03009388513
03009389184
03009384215
03009386588
03009387379
03009382355
03009389053
03009383240
03009385502
03009385337
03009389005
03009389659
03009382733
03009388893
03009382810
03009384746
03009382811
03009381919
03009383539
03009388648
03009386984
03009387751
03009385030
03009385171
03009388810
03009383853
03009389752
03009386406
03009386403
03009389649
03009386373
03009389517
03009381678
03009382863
03009386469
03009386853
03009381253
03009387739
03009382441
03009388610
03009381999
03009389787
03009386689
03009383100
03009386625
03009388453
03009383828
03009389076
03009382591
03009388053
03009382264
03009388218
03009386015
03009381428
03009384252
03009388650
03009384579
03009385344
03009386174
03009381140
03009386415
03009387774
03009389849
03009386136
03009384779
03009388841
03009389549
03009382438
03009389895
03009381407
03009382800
03009386920
03009389267
03009385494
03009383550
03009387226
03009382837
03009384285
03009385292
03009388424
03009387929
03009383660
03009385000
03009389817
03009386411
03009383736
03009386519
03009388159
03009381840
03009386868
03009389215
03009389285
03009384148
03009382323
03009387278
03009382982
03009388181
03009388502
03009386389
03009381580
03009386294
03009383248
03009386533
03009386927
03009387416
03009386076
03009383798
03009384793
03009388886
03009384136
03009385182
03009383661
03009385177
03009382972
03009388347
03009382763
03009388761
03009386226
03009387615
03009385396
03009382337
03009388849
03009389183
03009382344
03009384126
03009384310
03009387726
03009389244
03009382520
03009382946
03009384111
03009386682
03009385404
03009389740
03009383072
03009381799
03009389637
03009381763
03009383389
03009382062
03009383238
03009383252
03009381090
03009388187
03009386481
03009388768
03009388147
03009381197
03009385662
03009385142
03009382953
03009381237
03009385885
03009385361
03009386490
03009383499
03009386044
03009385998
03009387882
03009382152
03009388388
03009381450
03009385281
03009387846
03009384604
03009384485
03009381988
03009387353
03009389584
03009383411
03009382417
03009385896
03009389329
03009387666
03009381089
03009381040
03009381020
03009387515
03009384934
03009383710
03009381510
03009386888
03009382567
03009387778
03009383911
03009386581
03009389384
03009383320
03009385697
03009381231
03009388620
03009386818
03009385784
03009386936
03009382917
03009383382
03009388477
03009388359
03009386035
03009382186
03009385075
03009383598
03009383261
03009381635
03009383646
03009383702
03009388326
03009389952
03009387948
03009389418
03009387671
03009381642
03009388512
03009385860
03009382183
03009388673
03009389840
03009385573
03009381564
03009384774
03009384021
03009382436
03009383413
03009389489
03009383842
03009382004
03009381379
03009389275
03009389211
03009386153
03009382989
03009385537
03009384068
03009382544
