03458304948
03458309208
03458308790
03458309795
03458307084
03458302442
03458301699
03458307743
03458306080
03458305293
03458303503
03458304690
03458304010
03458301517
03458305867
03458308315
03458305296
03458308533
03458302607
03458302571
03458309228
03458302806
03458301990
03458302640
03458305586
03458308864
03458309079
03458301189
03458308457
03458308921
03458307917
03458303600
03458308064
03458307772
03458305590
03458306632
03458306683
03458304736
03458306455
03458306749
03458309753
03458305214
03458308764
03458308933
03458308109
03458305490
03458308687
03458301044
03458308132
03458302341
03458306637
03458307892
03458307321
03458305093
03458309802
03458306112
03458308878
03458307001
03458304104
03458305046
03458305769
03458306092
03458306625
03458303452
03458305124
03458302732
03458302724
03458308664
03458307856
03458305923
03458307835
03458304441
03458302478
03458303052
03458306776
03458303875
03458306652
03458303588
03458302501
03458307412
03458305576
03458306963
03458306829
03458304564
03458307804
03458307735
03458302351
03458301703
03458303984
03458309121
03458302139
03458305481
03458302985
03458302757
03458305963
03458302380
03458306418
03458308802
03458303451
03458308088
03458304269
03458308317
03458305927
03458309459
03458308124
03458303412
03458301602
03458307633
03458304979
03458309661
03458303280
03458302281
03458302227
03458301834
03458303292
03458308118
03458302090
03458309067
03458307654
03458301736
03458301171
03458307768
03458306538
03458305032
03458309158
03458308161
03458306720
03458302086
03458306181
03458302179
03458305105
03458309680
03458304322
03458304069
03458309004
03458308605
03458302200
03458308036
03458303735
03458306983
03458308299
03458308701
03458301360
03458307313
03458305201
03458304190
03458308287
03458302581
03458305064
03458302601
03458304466
03458301357
03458301499
03458306559
03458302861
03458306100
03458308187
03458308438
03458305777
03458301342
03458306705
03458309048
03458309258
03458308970
03458309732
03458302803
03458304485
03458303530
03458305360
03458304773
03458301515
03458306712
03458306817
03458309324
03458301740
03458305684
03458301467
03458304538
03458307248
03458305641
03458305174
03458304375
03458303686
03458309615
03458308796
03458309861
03458302924
03458305138
03458301615
03458304932
03458309316
03458302226
03458302260
03458308115
03458302040
03458301199
03458305119
03458304219
03458301369
03458309114
03458304037
03458305657
03458305237
03458305524
03458301799
03458308279
03458303329
03458304558
03458305979
03458309116
03458304870
03458304733
03458306535
03458305342
03458304164
03458305841
03458309900
03458301779
03458307500
03458309514
03458303423
03458303351
03458303602
03458308937
03458307085
03458309256
03458305153
03458305395
03458307426
03458308886
03458304360
03458305370
03458309613
03458309815
03458305987
03458306064
03458306246
03458303144
03458303244
03458306202
03458309501
03458305504
03458305856
03458303924
03458309277
03458308632
03458302439
03458303869
03458304523
03458302234
03458301885
03458301922
03458305050
03458309341
03458308887
03458307472
03458306723
03458303963
03458309474
03458307307
03458307648
03458308793
03458306227
03458305126
03458301513
03458302636
03458303267
03458307399
03458303433
03458308585
03458303161
03458309978
03458306520
03458302956
03458303557
03458304363
03458302125
03458303485
03458307691
03458304764
03458307311
03458307099
03458308591
03458309523
03458309181
03458303769
03458308894
03458309250
03458304874
03458305130
03458303049
03458308548
03458302356
03458307776
03458301255
03458301955
03458301778
03458304522
03458307802
03458305908
03458304311
03458306745
03458307442
03458306518
03458303750
03458309916
03458303284
03458308856
03458305308
03458308536
03458305319
03458307815
03458304413
03458304044
03458303743
03458301097
03458306337
03458308505
03458307997
03458305577
03458303710
03458308030
03458306928
03458307972
03458305642
03458301201
03458302556
03458303108
03458301706
03458303168
03458306962
03458301402
03458306796
03458304280
03458302778
03458301738
03458307250
03458305144
03458309333
03458304571
03458306017
03458309821
03458304513
03458303228
03458309498
03458307942
03458303732
03458307512
03458305441
03458309804
03458306591
03458306280
03458309816
03458309470
03458302549
03458307360
03458308686
03458305367
03458308357
03458306412
03458307616
03458309764
03458309358
03458309086
03458303360
03458301005
03458307692
03458308209
03458302414
03458304743
03458306143
03458303258
03458308824
03458305596
03458309311
03458306265
03458307151
03458307158
03458301070
03458307999
03458302961
03458302268
03458306374
03458302594
03458301973
03458304395
03458307331
03458306218
03458309145
03458304871
03458303085
03458303968
03458306546
03458306355
03458302656
03458301140
03458309325
03458308899
03458308071
03458307402
03458304726
03458304732
03458309290
03458308535
03458304580
03458309374
03458307337
03458308216
03458305341
03458307411
03458301764
03458308003
03458307090
03458302712
03458306691
03458306610
03458303268
03458309872
03458303057
03458302933
03458304855
03458309049
03458307812
03458309910
03458304494
03458306018
03458301745
03458301305
03458309928
03458305559
03458307541
03458301641
03458303304
03458303437
03458309814
03458307956
03458308881
03458303672
03458307744
03458302913
03458302203
03458308542
03458304409
03458303643
03458301890
03458304449
03458302715
03458308537
03458304133
03458304854
03458301675
03458306357
03458303679
03458305531
03458301562
03458307427
03458303722
03458305181
03458303596
03458306106
03458301836
03458302444
03458309548
03458307462
03458303253
03458306795
03458302405
03458303109
03458302339
03458306200
03458305313
03458302651
03458303402
03458306267
03458302604
03458301568
03458309029
03458302768
03458303847
03458301426
03458302687
03458309966
03458306946
03458309758
03458304283
03458306394
03458301454
03458307207
03458308491
03458304147
03458306807
03458306098
03458304861
03458302572
03458304428
03458301195
03458305919
03458306132
03458302971
03458301793
03458308653
03458306361
03458301027
03458305024
03458308159
03458301160
03458301118
03458303612
03458304566
03458303337
03458307988
03458301018
03458306860
03458301104
03458303495
03458302512
03458306010
03458301654
03458305132
03458307709
03458301166
03458303212
03458302284
03458304408
03458308541
03458303694
03458308175
03458303110
03458306636
03458309632
03458304033
03458303604
03458308730
03458308234
03458306089
03458304879
03458309580
03458303469
03458302379
03458305080
03458308000
03458303912
03458307700
03458303406
03458301316
03458306661
03458305195
03458303125
03458308743
03458309618
03458307465
03458302942
03458303239
03458301456
03458306701
03458307112
03458301385
03458302826
03458309906
03458309043
03458302829
03458301585
03458309742
03458309904
03458309327
03458304262
03458302672
03458309703
03458306514
03458309559
03458302970
03458303089
03458308408
03458307483
03458309986
03458308642
03458308616
03458302828
03458303146
03458301640
03458308123
03458306768
03458305267
03458305173
03458303967
03458304006
03458302936
03458302344
03458309956
03458307618
03458308114
03458303610
03458303382
03458308839
03458301288
03458309077
03458305238
03458308679
03458301753
03458307552
03458308415
03458309737
03458309091
03458302422
03458304777
03458304611
03458309160
03458308532
03458305896
03458303461
03458302973
03458304637
03458305633
03458305366
03458308260
03458309735
03458309550
03458304169
03458309603
03458305352
03458304974
03458304798
03458304100
03458301147
03458307353
03458309538
03458307590
03458301073
03458306370
03458306582
03458307714
03458305278
03458305436
03458304875
03458301583
03458308158
03458305541
03458303184
03458301423
03458301722
03458306924
03458304201
03458305655
03458306977
03458308423
03458302202
03458306016
03458307949
03458303063
03458304763
03458304292
03458308322
03458303629
03458307258
03458309621
03458301429
03458307091
03458306391
03458306922
03458309930
03458303384
03458308672
03458301577
03458304009
03458308179
03458303630
03458308049
03458304650
03458303691
03458301697
03458305827
03458306043
03458304167
03458309765
03458302215
03458303261
03458304529
03458308282
03458303563
03458306808
03458304017
03458307279
03458305300
03458303780
03458303593
03458309751
03458309253
03458308193
03458305031
03458309769
03458309433
03458306714
03458309642
03458304630
03458305560
03458303793
03458305386
03458309874
03458302923
03458305826
03458307157
03458308138
03458302801
03458305411
03458307048
03458305726
03458307422
03458307697
03458301241
03458301593
03458309674
03458309666
03458306397
03458302047
03458307019
03458306291
03458305973
03458305534
03458309995
03458302782
03458303958
03458308630
03458307845
03458302721
03458304905
03458306934
03458308191
03458307161
03458304521
03458304339
03458302205
03458302467
03458307609
03458302072
03458306095
03458305473
03458308048
03458304956
03458307017
03458309163
03458303309
03458309094
03458308885
03458306949
03458305356
03458305299
03458301860
03458306781
03458309202
03458303004
03458307652
03458307544
03458308431
03458304306
03458301459
03458301483
03458309544
03458309235
03458307525
03458306228
03458301952
03458308783
03458303506
03458307925
03458307923
03458306687
03458308485
03458302892
03458303673
03458303558
03458308023
03458306843
03458305811
03458307899
03458302960
03458301805
03458309222
03458308931
03458307558
03458303002
03458309462
03458304527
03458307663
03458306589
03458303473
03458309927
03458304220
03458307081
03458307142
03458303442
03458302366
03458309238
03458308669
03458306814
03458308968
03458303107
03458308374
03458309446
03458309629
03458302620
03458306258
03458308275
03458303584
03458306583
03458307430
03458308303
03458307296
03458304393
03458305780
03458307969
03458303395
03458309023
03458307319
03458306302
03458303355
03458303803
03458309762
03458308668
03458307946
03458309741
03458305532
03458303136
03458302408
03458309963
03458304451
03458304628
03458303827
03458305043
03458304907
03458308314
03458309889
03458302496
03458305916
03458309784
03458302748
03458304321
03458309398
03458304397
03458305843
03458309645
03458309495
03458302665
03458302906
03458305018
03458305815
03458303951
03458308311
03458308534
03458308051
03458304294
03458305895
03458307333
03458309942
03458301152
03458304028
03458307642
03458309567
03458303980
03458302411
03458302466
03458301133
03458307886
03458305920
03458303625
03458301135
03458307878
03458303490
03458302912
03458307297
03458301544
03458309610
03458304200
03458304500
03458302889
03458301091
03458306596
03458309780
03458301837
03458308027
03458308202
03458302451
03458303169
03458306754
03458306275
03458305665
03458304676
03458302551
03458304681
03458307939
03458308031
03458304686
03458306915
03458304982
03458302982
03458308397
03458301542
03458309828
03458303142
03458306678
03458302888
03458305814
03458308208
03458308473
03458304439
03458302931
03458307865
03458307526
03458303113
03458304972
03458304381
03458301603
03458307824
03458305828
03458302621
03458308950
03458307058
03458309519
03458306561
03458301929
03458303059
03458301910
03458301588
03458304922
03458303045
03458307398
03458307038
03458302415
03458301627
03458309596
03458302776
03458301269
03458306468
03458304120
03458308112
03458301750
03458304917
03458304229
03458303218
03458302534
03458303378
03458302979
03458307154
03458307414
03458309447
03458304483
03458306580
03458304748
03458309829
03458303904
03458306619
03458303551
03458301393
03458305110
03458308705
03458308829
03458309430
03458302006
03458305047
03458304559
03458306152
03458304829
03458308945
03458306487
03458308496
03458308141
03458307680
03458308370
03458302388
03458304419
03458309884
03458305001
03458304960
03458307143
03458305232
03458307031
03458304848
03458302947
03458307364
03458309849
03458306718
03458306217
03458309245
03458306212
03458305400
03458303788
03458301765
03458301371
03458307931
03458301261
03458304618
03458305538
03458302540
03458306251
03458301687
03458306224
03458308249
03458301163
03458301727
03458301113
03458303744
03458301686
03458304197
03458303736
03458302100
03458307194
03458304260
03458301551
03458307242
03458302279
03458304581
03458308294
03458306488
03458307289
03458303739
03458301604
03458302692
03458306939
03458308596
03458301259
03458301600
03458309406
03458304991
03458305104
03458308302
03458308213
03458303714
03458309590
03458308028
03458304213
03458305831
03458304959
03458303311
03458302850
03458306077
03458303944
03458303667
03458304625
03458303653
03458306369
03458301504
03458306797
03458308562
03458306054
03458304702
03458304853
03458307235
03458306447
03458308940
03458301961
03458309461
03458308564
03458302593
03458304081
03458301889
03458308780
03458309984
03458308293
03458301704
03458304088
03458302519
03458301501
03458307195
03458307932
03458308865
03458301558
03458304648
03458301843
03458309065
03458303633
03458308085
03458301231
03458305650
03458304990
03458309345
03458306076
03458304541
03458303910
03458304115
03458305379
03458308676
03458309351
03458307588
03458303417
03458301787
03458309800
03458302708
03458309339
03458308859
03458306769
03458305677
03458305967
03458304931
03458306905
03458301362
03458308430
03458305666
03458302543
03458308523
03458304480
03458302216
03458307162
03458308403
03458301204
03458301815
03458302206
03458306511
03458302883
03458304254
03458305647
03458301845
03458308285
03458308522
03458309607
03458303486
03458309516
03458308573
03458309617
03458303997
03458309899
03458301771
03458306584
03458308301
03458309220
03458309064
03458309570
03458302637
03458302530
03458307639
03458308135
03458307043
03458307513
03458305068
03458303470
03458309456
03458301408
03458305863
03458303086
03458308619
03458302840
03458308822
03458302056
03458305037
03458304963
03458301817
03458308589
03458304405
03458301304
03458301366
03458307485
03458304334
03458301285
03458303662
03458305189
03458306710
03458302274
03458305991
03458301967
03458307515
03458303443
03458304447
03458308134
03458305151
03458307362
03458303151
03458302098
03458307163
03458304027
03458303973
03458307753
03458304048
03458301969
03458303234
03458306830
03458305676
03458302184
03458301246
03458307745
03458308038
03458306848
03458306854
03458302500
03458308613
03458309063
03458304889
03458309472
03458306270
03458306153
03458304004
03458304333
03458309187
03458309924
03458306499
03458301161
03458302736
03458301599
03458304022
03458308733
03458307766
03458305944
03458307869
03458307461
03458306550
03458306896
03458305243
03458305785
03458308550
03458303457
03458302863
03458304575
03458301672
03458305694
03458302997
03458301322
03458309511
03458305301
03458306290
03458302825
03458308121
03458303119
03458306801
03458301886
03458308809
03458309041
03458307454
03458304153
03458304139
03458306198
03458309279
03458301657
03458307023
03458304403
03458301770
03458306094
03458303570
03458301746
03458306547
03458309218
03458301810
03458308807
03458304070
03458307121
03458303969
03458307702
03458301844
03458306655
03458302718
03458307731
03458308153
03458301635
03458304217
03458301540
03458306448
03458309052
03458307183
03458303297
03458303313
03458306022
03458304633
03458304348
03458308421
03458306351
03458301806
03458304753
03458302868
03458303230
03458308398
03458305054
03458302668
03458307230
03458305345
03458309623
03458306822
03458304353
03458302623
03458308938
03458304050
03458306671
03458303616
03458308372
03458301876
03458308709
03458302694
03458309364
03458304636
03458305787
03458305626
03458304459
03458305648
03458302163
03458302948
03458308975
03458303425
03458304320
03458307918
03458305063
03458307294
03458306195
03458306825
03458302229
03458307013
03458303050
03458308960
03458303399
03458301749
03458302734
03458303434
03458302877
03458304159
03458306108
03458305704
03458305690
03458306747
03458306223
03458301442
03458301567
03458303975
03458306052
03458308006
03458305377
03458309198
03458306131
03458301608
03458306322
03458304852
03458302514
03458302350
03458302870
03458309932
03458304161
03458303898
03458308728
03458304816
03458307316
03458302962
03458305456
03458302849
03458306177
03458309007
03458305752
03458303582
03458301075
03458304165
03458309467
03458308024
03458301645
03458305812
03458305239
03458303339
03458303877
03458309054
03458301634
03458306724
03458308015
03458307226
03458301882
03458306002
03458303293
03458305251
03458301004
03458309396
03458307205
03458307447
03458304287
03458303343
03458307117
03458302093
03458309996
03458303757
03458301623
03458309261
03458303170
03458303376
03458308888
03458304437
03458303908
03458303821
03458308584
03458302773
03458309729
03458308526
03458303021
03458302319
03458305073
03458306847
03458308462
03458308627
03458304440
03458308365
03458306759
03458308453
03458302777
03458306728
03458306318
03458306392
03458305178
03458307390
03458302625
03458305015
03458308855
03458304727
03458307095
03458305575
03458308620
03458304673
03458306125
03458303613
03458309072
03458303783
03458309734
03458306910
03458303420
03458303138
03458302425
03458308891
03458307678
03458302070
03458303041
03458301043
03458301856
03458306454
03458301769
03458309714
03458303347
03458305630
03458301941
03458302447
03458305245
03458307991
03458306433
03458301367
03458303051
03458305819
03458304826
03458306382
03458308168
03458309381
03458304999
03458308993
03458306993
03458309408
03458305929
03458309216
03458301758
03458308660
03458307239
03458306124
03458301177
03458302657
03458304053
03458304532
03458306764
03458308219
03458304356
03458303899
03458303441
03458303926
03458301336
03458304488
03458308918
03458304029
03458309431
03458302910
03458307599
03458302509
03458309509
03458302688
03458308042
03458302049
03458304862
03458307045
03458305839
03458301589
03458306970
03458302247
03458303775
03458308519
03458309055
03458305472
03458302483
03458305940
03458307657
03458302505
03458301900
03458301389
03458305749
03458307791
03458303614
03458301667
03458309969
03458306011
03458302482
03458301901
03458301173
03458308516
03458303401
03458306470
03458309223
03458309089
03458302103
03458302118
03458301849
03458303854
03458307129
03458306969
03458304391
03458306555
03458303939
03458301220
03458305506
03458305147
03458303806
03458301301
03458306036
03458304298
03458309081
03458309271
03458309469
03458308568
03458307138
03458308387
03458301646
03458307665
03458309539
03458301895
03458303815
03458305471
03458303589
03458305082
03458303221
03458308091
03458304577
03458303453
03458305250
03458302312
03458309443
03458309859
03458306956
03458305813
03458306700
03458309677
03458305176
03458307277
03458305120
03458305823
03458305217
03458302292
03458303047
03458303095
03458304173
03458301917
03458307944
03458307375
03458306393
03458305817
03458309536
03458309124
03458301430
03458305198
03458306849
03458303726
03458304138
03458302645
03458307769
03458305943
03458303921
03458302267
03458304326
03458306450
03458309640
03458302793
03458305924
03458309217
03458305269
03458306892
03458308556
03458307868
03458309090
03458309997
03458307801
03458304550
03458301496
03458303058
03458305583
03458306698
03458307938
03458306737
03458307094
03458306933
03458304129
03458308956
03458303878
03458309272
03458302295
03458304641
03458308338
03458303283
03458303229
03458305090
03458306752
03458303023
03458308295
03458303855
03458309336
03458309335
03458308292
03458305858
03458306104
03458304141
03458302494
03458308094
03458306272
03458302885
03458305569
03458306387
03458309712
03458305190
03458305860
03458301794
03458301391
03458304596
03458301221
03458302191
03458305807
03458306767
03458302710
03458307797
03458308472
03458305265
03458302843
03458308601
03458302199
03458307758
03458307905
03458308025
03458304815
03458301384
03458301755
03458306895
03458303517
03458303310
03458306500
03458302463
03458309941
03458308113
03458308074
03458303666
03458307374
03458309783
03458307799
03458308122
03458303072
03458302725
03458307785
03458307432
03458305536
03458304784
03458305445
03458307491
03458308574
03458309466
03458302083
03458308912
03458303250
03458302810
03458304486
03458301309
03458308262
03458305207
03458307934
03458302257
03458309831
03458307408
03458307728
03458307441
03458301601
03458308222
03458306927
03458307382
03458309109
03458306003
03458307773
03458302378
03458302730
03458302456
03458303175
03458308647
03458307855
03458304123
03458306972
03458305810
03458306490
03458302345
03458309851
03458305255
03458307787
03458305705
03458307376
03458306041
03458308004
03458308405
03458305832
03458303291
03458304701
03458309803
03458307246
03458306713
03458307922
03458304758
03458301975
03458305825
03458306343
03458303317
03458305070
03458301732
03458303774
03458309061
03458305036
03458309257
03458304680
03458302068
03458305002
03458306689
03458306607
03458304051
03458306564
03458301015
03458302814
03458306881
03458301581
03458306876
03458306628
03458309097
03458307559
03458304327
03458307270
03458304422
03458305092
03458304365
03458306789
03458303729
03458301550
03458309697
03458304687
03458303776
03458302058
03458309664
03458305662
03458304644
03458303928
03458308842
03458303987
03458303871
03458308194
03458308183
03458308943
03458304762
03458306440
03458304172
03458301791
03458307891
03458306992
03458301920
03458302395
03458307216
03458301036
03458304452
03458305484
03458303282
03458306898
03458304490
03458308606
03458302606
03458304935
03458308246
03458305567
03458304446
03458302611
03458302438
03458309051
03458306380
03458307771
03458306306
03458301850
03458302067
03458303597
03458307478
03458307076
03458303725
03458306063
03458307033
03458301520
03458303962
03458308508
03458307266
03458301892
03458309285
03458302020
03458303674
03458304497
03458308144
03458307895
03458308165
03458304656
03458303194
03458308146
03458303153
03458301214
03458306954
03458303728
03458307011
03458301179
03458309241
03458301209
03458302183
03458304046
03458303905
03458308648
03458303929
03458308989
03458309113
03458308224
03458308486
03458304285
03458309631
03458309794
03458308393
03458309099
03458303713
03458309529
03458309282
03458303561
03458309069
03458305802
03458303838
03458303374
03458307387
03458307293
03458303538
03458304880
03458308106
03458302779
03458309965
03458301491
03458305753
03458305410
03458309496
03458303965
03458309176
03458305543
03458302036
03458304708
03458303860
03458303522
03458303839
03458302821
03458307854
03458307481
03458301896
03458307317
03458302140
03458306381
03458304904
03458306517
03458308319
03458305881
03458305574
03458301505
03458309665
03458308947
03458306902
03458303345
03458305485
03458309786
03458305215
03458304385
03458303526
03458303765
03458309130
03458309513
03458303865
03458306489
03458304472
03458305254
03458303523
03458306209
03458302719
03458302648
03458308706
03458304738
03458301176
03458307329
03458303294
03458309968
03458308692
03458304328
03458302355
03458303857
03458304891
03458304508
03458301712
03458301995
03458302110
03458304844
03458302932
03458302615
03458305773
03458301158
03458301829
03458302164
03458302051
03458304170
03458308785
03458301792
03458303564
03458307958
03458308609
03458307885
03458301090
03458305072
03458304802
03458301597
03458308552
03458305403
03458304098
03458307875
03458309715
03458305075
03458303580
03458309347
03458305165
03458302667
03458307916
03458303569
03458306839
03458304651
03458304127
03458302011
03458308148
03458304036
03458303500
03458306958
03458301841
03458305055
03458307542
03458303999
03458302643
03458303611
03458309881
03458307301
03458309297
03458307420
03458309983
03458303083
03458309262
03458302720
03458308422
03458302324
03458304425
03458308734
03458307873
03458304951
03458304103
03458302231
03458309115
03458301553
03458302786
03458307675
03458302208
03458302659
03458309537
03458304504
03458304591
03458308164
03458304238
03458303419
03458309414
03458305218
03458306327
03458303285
03458309186
03458306579
03458309173
03458309994
03458309427
03458305109
03458304345
03458303316
03458305636
03458307965
03458309595
03458304143
03458305497
03458306359
03458306677
03458304454
03458305623
03458309169
03458302756
03458305830
03458302367
03458301639
03458301096
03458303035
03458302664
03458309395
03458301274
03458307762
03458304090
03458307782
03458301448
03458305103
03458301768
03458309481
03458305844
03458309591
03458307003
03458301081
03458308758
03458303114
03458304973
03458309485
03458304613
03458305540
03458301233
03458308095
03458304316
03458308799
03458303996
03458306868
03458307080
03458303948
03458308264
03458303520
03458309111
03458302869
03458302269
03458303605
03458304174
03458304629
03458306008
03458309688
03458306912
03458304987
03458304635
03458304276
03458307496
03458309348
03458305136
03458309909
03458305870
03458305733
03458306528
03458302004
03458309773
03458304273
03458303786
03458308022
03458307819
03458301217
03458302323
03458307795
03458304134
03458303346
03458308443
03458309710
03458305311
03458309532
03458301545
03458301183
03458309329
03458309361
03458306853
03458306451
03458308915
03458308383
03458303137
03458303240
03458307135
03458301206
03458308310
03458302495
03458309332
03458309594
03458306606
03458308188
03458308470
03458304588
03458307191
03458302296
03458306668
03458305833
03458306651
03458309638
03458306835
03458304598
03458305887
03458306201
03458304983
03458308250
03458304424
03458307726
03458305219
03458301368
03458302301
03458304658
03458307238
03458306999
03458308350
03458305415
03458305716
03458301344
03458303074
03458306594
03458302137
03458308860
03458309799
03458301547
03458308539
03458306222
03458307489
03458302050
03458301082
03458308461
03458301867
03458301387
03458306819
03458306169
03458302533
03458305057
03458303501
03458305699
03458309260
03458301420
03458302510
03458304857
03458301909
03458304225
03458308306
03458305564
03458307540
03458303024
03458302391
03458306118
03458309885
03458306065
03458305917
03458306299
03458309294
03458303848
03458301988
03458304524
03458306904
03458305945
03458309604
03458305359
03458301270
03458301498
03458309657
03458304842
03458304312
03458303264
03458306558
03458302896
03458303145
03458308257
03458306414
03458305172
03458307435
03458308610
03458303056
03458302001
03458305004
03458308280
03458305855
03458301883
03458306978
03458303007
03458302264
03458306460
03458305042
03458309988
03458309379
03458302555
03458304057
03458309521
03458308850
03458309273
03458303759
03458307688
03458303189
03458307047
03458308214
03458305660
03458305743
03458309308
03458304984
03458302443
03458306160
03458305992
03458309953
03458307446
03458307005
03458303676
03458307229
03458305511
03458301671
03458301059
03458301245
03458305512
03458302360
03458302280
03458304835
03458308763
03458302957
03458306603
03458301835
03458304245
03458302033
03458301365
03458307078
03458302690
03458304091
03458303621
03458301695
03458303235
03458303364
03458302820
03458302649
03458304683
03458308062
03458304392
03458309530
03458308342
03458307607
03458307396
03458304608
03458307180
03458309388
03458309409
03458303201
03458309280
03458301933
03458305196
03458309044
03458308433
03458308981
03458306967
03458307623
03458308896
03458302276
03458308996
03458301803
03458304793
03458301352
03458308072
03458309561
03458304234
03458307982
03458303690
03458309483
03458306441
03458302306
03458305117
03458303954
03458307275
03458305333
03458305257
03458308116
03458306206
03458307715
03458305495
03458307254
03458309346
03458308607
03458304085
03458307042
03458305396
03458301337
03458303640
03458303950
03458308090
03458308962
03458303687
03458307484
03458301181
03458305041
03458302406
03458302513
03458305146
03458304404
03458303795
03458304507
03458304344
03458302346
03458302123
03458305398
03458304270
03458309721
03458302617
03458303635
03458304859
03458306117
03458301718
03458309979
03458308906
03458304305
03458304079
03458303354
03458301679
03458306932
03458304769
03458303222
03458305744
03458302307
03458301563
03458302085
03458301782
03458307436
03458302423
03458304599
03458302988
03458308240
03458306395
03458307030
03458301613
03458305601
03458308266
03458303300
03458307921
03458303719
03458304869
03458301380
03458306365
03458305685
03458308181
03458302371
03458309410
03458308145
03458307473
03458306586
03458302658
03458301881
03458303187
03458308755
03458301213
03458303438
03458308133
03458305859
03458303033
03458302507
03458309168
03458302589
03458309006
03458303642
03458308366
03458306913
03458301071
03458306738
03458306417
03458307438
03458304659
03458306009
03458303467
03458307064
03458309014
03458307974
03458308157
03458305079
03458304545
03458306708
03458306735
03458305521
03458303332
03458303178
03458301660
03458306042
03458302041
03458308354
03458304892
03458309779
03458301587
03458305143
03458304136
03458302337
03458309434
03458306141
03458302121
03458306497
03458305074
03458304615
03458308963
03458302399
03458304461
03458308086
03458305416
03458307739
03458303560
03458308942
03458305603
03458309766
03458301235
03458303688
03458306504
03458303366
03458306386
03458303014
03458307274
03458306040
03458301210
03458306680
03458304947
03458301887
03458303738
03458302871
03458302493
03458305942
03458307840
03458301692
03458309696
03458307198
03458301432
03458305262
03458308570
03458306787
03458308228
03458305949
03458302253
03458309658
03458303947
03458304137
03458301094
03458306879
03458309407
03458307849
03458305203
03458302731
03458307273
03458304565
03458306121
03458303134
03458302538
03458307577
03458306940
03458309597
03458301417
03458301923
03458302397
03458305099
03458305510
03458301037
03458303689
03458308182
03458306245
03458309137
03458307318
03458304703
03458304302
03458302553
03458301846
03458301994
03458301028
03458302448
03458303652
03458305689
03458304518
03458302080
03458307006
03458308204
03458306931
03458305461
03458307010
03458302749
03458309693
03458305808
03458306236
03458305212
03458304249
03458309876
03458305220
03458306727
03458309895
03458305730
03458304946
03458308587
03458309949
03458301447
03458309820
03458302404
03458303778
03458301682
03458306101
03458303782
03458309096
03458306551
03458306171
03458306654
03458306778
03458309655
03458307790
03458307363
03458304313
03458306349
03458302060
03458304602
03458309473
03458304382
03458305911
03458309625
03458307060
03458301302
03458303404
03458302457
03458309193
03458303510
03458306820
03458304833
03458306113
03458302149
03458306634
03458302644
03458302035
03458306377
03458307377
03458307368
03458308678
03458308454
03458306004
03458303330
03458304156
03458308482
03458307794
03458302428
03458303147
03458305464
03458305751
03458301250
03458309415
03458302566
03458308665
03458305509
03458309683
03458308791
03458301824
03458309359
03458304831
03458308828
03458304155
03458301956
03458308840
03458309399
03458305353
03458301625
03458305199
03458304308
03458305164
03458309263
03458302794
03458308798
03458301906
03458309421
03458308436
03458307385
03458304988
03458306149
03458308498
03458303678
03458303322
03458307660
03458304662
03458308058
03458306621
03458309323
03458305568
03458304867
03458304531
03458305921
03458304246
03458307170
03458304239
03458306906
03458309471
03458309394
03458302655
03458303985
03458303971
03458308531
03458302867
03458304906
03458306178
03458302310
03458305985
03458309147
03458307401
03458304358
03458302250
03458303819
03458306324
03458305008
03458309915
03458309337
03458301434
03458301184
03458303210
03458307378
03458305714
03458309543
03458304032
03458305848
03458303075
03458309175
03458303061
03458302165
03458301734
03458306920
03458309870
03458303548
03458303534
03458308697
03458306841
03458304544
03458301125
03458309503
03458303731
03458308643
03458302178
03458302707
03458308973
03458305123
03458306840
03458301319
03458306329
03458307209
03458306398
03458309018
03458307589
03458307206
03458306715
03458308012
03458301110
03458303844
03458307098
03458302180
03458304696
03458304722
03458303223
03458303572
03458301497
03458308572
03458309027
03458302434
03458306225
03458303071
03458308410
03458301776
03458301034
03458309574
03458302106
03458309071
03458307016
03458303377
03458306179
03458302565
03458309790
03458302876
03458302591
03458305754
03458308636
03458309032
03458304772
03458305433
03458305321
03458302236
03458301146
03458307269
03458308236
03458304151
03458301275
03458301831
03458305868
03458304846
03458307421
03458308500
03458306926
03458306509
03458301168
03458304355
03458308140
03458307524
03458307879
03458305338
03458302521
03458305260
03458304354
03458307748
03458301992
03458303000
03458305158
03458301610
03458302129
03458309985
03458308923
03458306813
03458301068
03458304944
03458308478
03458303260
03458309541
03458303751
03458307989
03458303952
03458309856
03458305122
03458308623
03458307092
03458309120
03458301666
03458309278
03458304179
03458308761
03458306515
03458303053
03458303202
03458305349
03458302981
03458301463
03458305394
03458309725
03458304617
03458301821
03458304435
03458304043
03458301999
03458304259
03458304106
03458308241
03458304228
03458302007
03458308874
03458306541
03458308014
03458301742
03458303128
03458308256
03458307113
03458308077
03458308356
03458307871
03458304226
03458303301
03458309212
03458307831
03458304684
03458306078
03458309667
03458305019
03458304654
03458308274
03458302927
03458306446
03458306945
03458309506
03458303387
03458308076
03458301659
03458309112
03458302693
03458303742
03458307146
03458305520
03458302254
03458304821
03458308346
03458307323
03458306686
03458306256
03458308652
03458305960
03458305507
03458302023
03458305087
03458301364
03458307480
03458301131
03458304968
03458306071
03458301991
03458305061
03458308389
03458303418
03458309848
03458309123
03458303249
03458307458
03458306996
03458302115
03458306151
03458307089
03458306158
03458306261
03458306478
03458304388
03458307222
03458304916
03458306182
03458307223
03458304264
03458302727
03458305981
03458303634
03458307945
03458307632
03458307510
03458305489
03458303010
03458306886
03458305614
03458309662
03458301394
03458303472
03458307884
03458301899
03458308984
03458306693
03458301216
03458304387
03458303455
03458308629
03458304934
03458303515
03458306784
03458307405
03458303257
03458305069
03458306137
03458303796
03458309672
03458305150
03458303065
03458304587
03458309922
03458305711
03458307069
03458309644
03458305362
03458303829
03458301101
03458309554
03458308682
03458301032
03458306459
03458309736
03458306067
03458306096
03458307685
03458301606
03458307354
03458306427
03458309144
03458301822
03458306476
03458305893
03458301560
03458305289
03458302802
03458305329
03458306588
03458309707
03458307340
03458301141
03458302032
03458308128
03458303068
03458304094
03458308689
03458307556
03458309614
03458301959
03458308934
03458302838
03458301957
03458306859
03458301169
03458304406
03458309478
03458304072
03458303027
03458304265
03458303637
03458309199
03458303132
03458308920
03458306278
03458301258
03458302576
03458307315
03458304131
03458302560
03458308713
03458301100
03458306229
03458308932
03458305582
03458308871
03458307061
03458304640
03458301838
03458307838
03458308924
03458302334
03458304319
03458303335
03458305365
03458302761
03458301340
03458302536
03458304583
03458304923
03458304470
03458305029
03458304398
03458309898
03458305771
03458304553
03458302417
03458301335
03458309139
03458301186
03458304346
03458306935
03458302175
03458302452
03458302114
03458301506
03458302893
03458305098
03458301494
03458307068
03458305707
03458305782
03458308803
03458301386
03458303439
03458309931
03458309025
03458303720
03458309107
03458302197
03458301345
03458306191
03458308414
03458302220
03458302273
03458302130
03458308946
03458302135
03458306480
03458304800
03458306948
03458308703
03458308845
03458308857
03458308969
03458301162
03458305680
03458303149
03458308732
03458304221
03458309917
03458301739
03458301976
03458301008
03458303752
03458305303
03458307074
03458305421
03458307814
03458302440
03458301048
03458304224
03458306771
03458301355
03458304436
03458302375
03458307251
03458306539
03458307211
03458303398
03458307371
03458309088
03458303767
03458308510
03458301154
03458307359
03458303552
03458308925
03458301960
03458303817
03458308561
03458306571
03458307044
03458301377
03458308911
03458301401
03458308210
03458309837
03458305375
03458305233
03458303176
03458307587
03458305508
03458303069
03458305926
03458309031
03458307137
03458304202
03458301716
03458308286
03458301437
03458303554
03458302516
03458309671
03458302733
03458303232
03458307247
03458303003
03458301561
03458305778
03458302126
03458309224
03458308082
03458305748
03458306834
03458303462
03458305309
03458304623
03458308075
03458309879
03458306332
03458309923
03458306282
03458303505
03458302392
03458308261
03458304414
03458307912
03458306120
03458302537
03458302903
03458301077
03458307843
03458301871
03458302854
03458304383
03458306900
03458303079
03458306049
03458308271
03458306344
03458307836
03458302243
03458304442
03458306618
03458304556
03458306279
03458303660
03458304714
03458302974
03458307386
03458306190
03458308595
03458307767
03458309866
03458303990
03458307455
03458306987
03458308316
03458303624
03458307110
03458309776
03458308335
03458306285
03458303286
03458305592
03458306688
03458309890
03458305692
03458305139
03458306477
03458308252
03458304432
03458309586
03458307569
03458307963
03458307516
03458309349
03458303206
03458304274
03458309189
03458309291
03458307571
03458301294
03458304063
03458305477
03458306888
03458303298
03458302042
03458303903
03458307122
03458305717
03458307628
03458301248
03458306252
03458308600
03458304389
03458301774
03458302928
03458309062
03458305246
03458305140
03458308396
03458302015
03458306274
03458304787
03458301237
03458302352
03458305955
03458305049
03458305188
03458309295
03458301575
03458306645
03458307941
03458309129
03458308786
03458309838
03458302102
03458306338
03458303960
03458308762
03458308725
03458302427
03458302841
03458303173
03458306438
03458308186
03458301353
03458305557
03458301121
03458306116
03458304639
03458303882
03458301128
03458306000
03458305972
03458304899
03458308391
03458305486
03458306462
03458306867
03458302132
03458303804
03458304767
03458309142
03458309891
03458309565
03458303916
03458303859
03458306833
03458301857
03458303891
03458301299
03458305862
03458302713
03458307201
03458308046
03458301661
03458301480
03458303408
03458305084
03458301724
03458305610
03458306074
03458306354
03458308484
03458304438
03458306109
03458302055
03458301040
03458305784
03458302233
03458301594
03458301065
03458301619
03458306269
03458301266
03458307565
03458302325
03458308497
03458307661
03458306482
03458302192
03458308248
03458303386
03458305502
03458307612
03458303547
03458306358
03458301424
03458305145
03458302262
03458302567
03458309428
03458301267
03458301814
03458304019
03458302951
03458304789
03458304807
03458308789
03458302472
03458309626
03458309863
03458302791
03458306722
03458301473
03458304710
03458303982
03458307517
03458304845
03458306232
03458302600
03458302419
03458303754
03458309068
03458304668
03458302087
03458308206
03458305951
03458306777
03458308988
03458305282
03458309864
03458305845
03458307954
03458306557
03458307832
03458306501
03458304843
03458308557
03458308741
03458306400
03458303403
03458304957
03458309106
03458304585
03458301962
03458307996
03458307204
03458308529
03458305060
03458305127
03458301532
03458303890
03458303913
03458301114
03458306836
03458303959
03458307244
03458302329
03458303745
03458308035
03458303799
03458304266
03458306147
03458309991
03458307506
03458305975
03458307901
03458302432
03458308560
03458309782
03458307419
03458307909
03458303429
03458309231
03458307208
03458306914
03458302487
03458302289
03458309633
03458307292
03458307651
03458301260
03458302930
03458305930
03458308980
03458303512
03458305988
03458305796
03458308681
03458301276
03458306208
03458305984
03458301312
03458303721
03458306974
03458308268
03458307626
03458304489
03458301978
03458305191
03458309599
03458301651
03458306690
03458303607
03458309267
03458301912
03458303070
03458305197
03458305213
03458308341
03458309076
03458309948
03458307720
03458308026
03458304749
03458308360
03458308939
03458309850
03458304622
03458308555
03458305683
03458303055
03458303920
03458304369
03458303117
03458308549
03458309770
03458303494
03458306522
03458306941
03458303205
03458301717
03458305581
03458303702
03458302772
03458307729
03458306885
03458305025
03458309165
03458305326
03458302211
03458307754
03458304841
03458302984
03458308754
03458301167
03458304665
03458304434
03458304105
03458305998
03458301631
03458309811
03458302670
03458303327
03458308288
03458302904
03458305554
03458308949
03458304884
03458309771
03458305894
03458302808
03458307035
03458309344
03458303247
03458301510
03458309719
03458308540
03458307282
03458301476
03458302901
03458303766
03458308666
03458302421
03458305891
03458308100
03458308982
03458305273
03458307070
03458306653
03458307679
03458309789
03458306383
03458308569
03458308598
03458305621
03458302653
03458303895
03458306005
03458303477
03458308221
03458302272
03458305437
03458309205
03458304157
03458306247
03458307851
03458306648
03458309668
03458308258
03458303768
03458302996
03458306800
03458307741
03458309546
03458304204
03458302976
03458307761
03458304603
03458301772
03458303989
03458307646
03458304351
03458307178
03458304122
03458309964
03458306405
03458309356
03458305883
03458309708
03458305225
03458304026
03458301232
03458309136
03458309954
03458308173
03458309221
03458305679
03458308608
03458309417
03458306891
03458308184
03458303141
03458303620
03458303884
03458302940
03458303835
03458309458
03458307357
03458303118
03458304986
03458303680
03458308998
03458304614
03458302124
03458305272
03458307930
03458302584
03458306669
03458307190
03458303881
03458307126
03458303383
03458309929
03458302608
03458304121
03458306485
03458306572
03458305546
03458309412
03458302674
03458308093
03458306221
03458303254
03458306298
03458303198
03458305044
03458304370
03458305222
03458307622
03458304621
03458306328
03458305009
03458301251
03458309877
03458303188
03458308340
03458302372
03458302907
03458301006
03458304086
03458302018
03458303992
03458309385
03458302599
03458302146
03458301904
03458307987
03458303334
03458302796
03458303018
03458304595
03458307602
03458302333
03458306069
03458309825
03458301677
03458306616
03458303715
03458304310
03458309600
03458301865
03458307278
03458301538
03458302860
03458304746
03458309490
03458302737
03458304386
03458307052
03458306529
03458302320
03458304492
03458307120
03458305691
03458304271
03458301714
03458307881
03458305934
03458303733
03458306295
03458305518
03458302228
03458307249
03458303209
03458304851
03458309001
03458301013
03458308406
03458304258
03458301572
03458308717
03458308635
03458304813
03458302484
03458308054
03458305429
03458304978
03458309039
03458302283
03458308450
03458302691
03458307796
03458303167
03458306434
03458308654
03458307136
03458301862
03458303320
03458307469
03458308040
03458307285
03458308442
03458304361
03458308879
03458301482
03458306051
03458309760
03458308231
03458306692
03458308480
03458308032
03458301333
03458302950
03458306082
03458304444
03458307904
03458307637
03458304865
03458304678
03458307268
03458306968
03458308313
03458305968
03458305089
03458308772
03458301348
03458301707
03458301571
03458306364
03458308779
03458307381
03458307341
03458306925
03458306127
03458308185
03458309134
03458301786
03458303365
03458309449
03458301512
03458307792
03458308447
03458305530
03458302338
03458307309
03458306157
03458306333
03458307227
03458306085
03458302316
03458308060
03458308437
03458301968
03458302481
03458302437
03458301723
03458309322
03458305432
03458303308
03458301061
03458307682
03458305003
03458304864
03458303031
03458302028
03458307280
03458307132
03458303190
03458307212
03458307751
03458305736
03458305964
03458305966
03458303092
03458302998
03458305962
03458302554
03458306536
03458302196
03458307104
03458303618
03458306703
03458309679
03458306134
03458304443
03458302189
03458306907
03458307119
03458306566
03458302939
03458307572
03458305097
03458307149
03458303907
03458301628
03458306066
03458303998
03458304503
03458301320
03458306980
03458302321
03458301636
03458304078
03458309033
03458306286
03458306957
03458308308
03458305797
03458306091
03458308441
03458305205
03458305274
03458307451
03458301187
03458303196
03458301989
03458306300
03458309432
03458306368
03458309939
03458309926
03458304930
03458302291
03458303656
03458304251
03458301800
03458306756
03458308217
03458305599
03458303942
03458306168
03458305556
03458309298
03458308580
03458306045
03458308716
03458307450
03458302088
03458302363
03458301338
03458304927
03458306164
03458301057
03458304785
03458306666
03458301023
03458307597
03458302726
03458308388
03458304823
03458306081
03458304481
03458306175
03458304203
03458302504
03458301984
03458307777
03458303180
03458304863
03458302632
03458302980
03458305022
03458301868
03458307477
03458309853
03458309636
03458301681
03458305768
03458307961
03458306575
03458306464
03458303217
03458301396
03458303626
03458304342
03458304949
03458301971
03458305336
03458309812
03458308009
03458305407
03458309801
03458304212
03458305637
03458305983
03458305715
03458308837
03458301310
03458302009
03458307554
03458302141
03458301584
03458301395
03458309438
03458306492
03458306516
03458305052
03458307581
03458303748
03458309571
03458307579
03458305412
03458307911
03458303619
03458305505
03458302026
03458304455
03458306937
03458303823
03458307079
03458308471
03458304962
03458303659
03458304981
03458308812
03458302758
03458301469
03458307053
03458309975
03458308189
03458303483
03458306219
03458301747
03458304364
03458301713
03458303718
03458301897
03458302171
03458307062
03458309060
03458302616
03458302101
03458301752
03458307850
03458308291
03458302282
03458304666
03458308742
03458302014
03458304407
03458307993
03458303918
03458307358
03458306087
03458304418
03458301576
03458307968
03458306122
03458306230
03458301566
03458302436
03458306072
03458309315
03458304035
03458306975
03458309022
03458303874
03458301998
03458309738
03458307139
03458304801
03458301590
03458309577
03458309552
03458303981
03458309675
03458307543
03458304896
03458303484
03458307770
03458307443
03458308021
03458306899
03458301972
03458307635
03458305774
03458302003
03458302834
03458307620
03458309225
03458307962
03458307391
03458304698
03458305615
03458304227
03458303737
03458309919
03458302789
03458302755
03458301200
03458301439
03458307501
03458302034
03458308813
03458309582
03458301942
03458309793
03458307549
03458302054
03458304520
03458306612
03458307125
03458301286
03458301828
03458303162
03458302052
03458303019
03458304943
03458304282
03458301595
03458302919
03458307809
03458306897
03458303392
03458304996
03458303080
03458307864
03458303174
03458307574
03458305347
03458306874
03458304031
03458305422
03458308394
03458307527
03458303215
03458305936
03458306419
03458304511
03458307096
03458306773
03458306746
03458306726
03458305675
03458306864
03458302373
03458308283
03458304030
03458307893
03458306831
03458307418
03458304188
03458309844
03458303227
03458307604
03458308068
03458306173
03458303705
03458305604
03458301390
03458302386
03458308131
03458306348
03458309320
03458306216
03458307910
03458307629
03458306513
03458307063
03458305223
03458309000
03458303518
03458306613
03458306248
03458309488
03458305180
03458303576
03458307681
03458301226
03458307511
03458304496
03458306277
03458303331
03458307738
03458302458
03458303251
03458302389
03458302062
03458308867
03458301202
03458309122
03458301662
03458309555
03458309009
03458301802
03458302548
03458306682
03458308872
03458304045
03458308581
03458302685
03458304092
03458307765
03458303636
03458306099
03458306313
03458303682
03458305798
03458304893
03458309070
03458309972
03458304448
03458309654
03458301461
03458308016
03458303826
03458307605
03458301356
03458304755
03458301905
03458305918
03458305667
03458302522
03458306235
03458307764
03458301830
03458304724
03458303073
03458301977
03458305970
03458308211
03458309566
03458304119
03458304247
03458309188
03458306444
03458303042
03458301263
03458304768
03458307803
03458304718
03458309382
03458307593
03458307165
03458307857
03458305818
03458304554
03458301374
03458308586
03458307783
03458309460
03458305910
03458306730
03458306466
03458304384
03458308805
03458301964
03458303509
03458302622
03458302677
03458304631
03458306984
03458307806
03458303966
03458307310
03458309350
03458306649
03458301126
03458309352
03458302077
03458309050
03458301007
03458305020
03458308916
03458303843
03458309066
03458308582
03458306220
03458306038
03458308991
03458308459
03458302701
03458302155
03458306617
03458302741
03458308460
03458301165
03458306662
03458302261
03458307404
03458302210
03458305547
03458304076
03458306894
03458306882
03458305688
03458306174
03458308592
03458304919
03458303535
03458307176
03458309314
03458302172
03458306039
03458307959
03458304750
03458308626
03458306372
03458303784
03458306035
03458306339
03458306062
03458306183
03458302161
03458301789
03458309313
03458306916
03458305834
03458307336
03458304761
03458302143
03458307388
03458301979
03458301903
03458301012
03458302252
03458304543
03458308663
03458308400
03458306211
03458305106
03458305065
03458306170
03458303043
03458302186
03458302631
03458302752
03458308904
03458309705
03458306542
03458309827
03458303525
03458305280
03458307352
03458306523
03458304663
03458307861
03458302037
03458306360
03458307696
03458301292
03458306706
03458301053
03458301372
03458308936
03458308903
03458308819
03458308695
03458306760
03458303348
03458304837
03458306013
03458308305
03458308835
03458303363
03458302230
03458305994
03458308818
03458304792
03458308154
03458307259
03458309698
03458301046
03458304241
03458305956
03458308413
03458309373
03458309835
03458306061
03458302153
03458305045
03458306376
03458309605
03458309763
03458301315
03458304182
03458301484
03458305466
03458302503
03458305298
03458307699
03458306260
03458301676
03458309204
03458307563
03458302739
03458306424
03458306640
03458308469
03458302774
03458302765
03458302722
03458307185
03458303449
03458305742
03458303271
03458307529
03458307488
03458305516
03458307844
03458304471
03458309589
03458304071
03458303528
03458308361
03458304337
03458308935
03458303368
03458307172
03458307983
03458306866
03458308059
03458304542
03458306599
03458303130
03458305712
03458308281
03458309053
03458302573
03458301397
03458302783
03458308087
03458308347
03458303111
03458308205
03458308427
03458303787
03458303816
03458303263
03458305288
03458308243
03458308530
03458304357
03458307416
03458306955
03458305709
03458301307
03458305017
03458303559
03458306964
03458301554
03458309180
03458309635
03458303290
03458306014
03458303833
03458304975
03458304464
03458306292
03458307284
03458301378
03458309556
03458309830
03458303883
03458301392
03458302559
03458307683
03458309750
03458307448
03458306873
03458302938
03458305652
03458302065
03458302299
03458305240
03458304338
03458302298
03458303122
03458302241
03458303670
03458306844
03458303810
03458307705
03458309601
03458305137
03458303539
03458307523
03458308565
03458306959
03458305578
03458309312
03458304315
03458305491
03458301109
03458308270
03458301825
03458303638
03458309167
03458305286
03458303191
03458307409
03458306026
03458301700
03458306474
03458304774
03458302837
03458306162
03458307015
03458301688
03458302038
03458307531
03458302955
03458306976
03458303858
03458308928
03458301056
03458304926
03458306791
03458304902
03458304222
03458303693
03458303818
03458309017
03458306810
03458308272
03458302107
03458303127
03458306445
03458305606
03458308215
03458304670
03458301427
03458305175
03458301812
03458308369
03458308307
03458302473
03458305465
03458306785
03458307816
03458307133
03458301085
03458308777
03458304244
03458305719
03458301616
03458303155
03458301472
03458301970
03458306420
03458304820
03458304475
03458307718
03458308628
03458301419
03458306585
03458301761
03458308688
03458301611
03458308792
03458302587
03458303849
03458301031
03458301557
03458307535
03458302390
03458304786
03458304126
03458307813
03458306250
03458304304
03458307417
03458302824
03458308495
03458307647
03458302063
03458307213
03458301586
03458304808
03458306694
03458304945
03458302232
03458303868
03458309862
03458303545
03458309182
03458304194
03458301565
03458302027
03458303945
03458305869
03458306707
03458307493
03458308464
03458306283
03458303931
03458307452
03458305852
03458305056
03458302288
03458308814
03458303779
03458306560
03458304248
03458306919
03458307196
03458306264
03458306929
03458303148
03458307880
03458306590
03458307253
03458307747
03458307054
03458308029
03458309259
03458305854
03458306553
03458303106
03458305247
03458307971
03458309301
03458305372
03458302322
03458301729
03458303761
03458301254
03458309840
03458309448
03458301453
03458305033
03458303097
03458309304
03458308479
03458306226
03458306545
03458305128
03458304163
03458302497
03458304117
03458305230
03458303603
03458308538
03458301198
03458301451
03458303100
03458309419
03458303772
03458304400
03458307978
03458304535
03458308804
03458306068
03458306711
03458305183
03458309598
03458308757
03458305722
03458305010
03458302671
03458309021
03458309616
03458302686
03458309059
03458305488
03458306184
03458303245
03458307534
03458304903
03458306015
03458304343
03458303696
03458306549
03458305307
03458305513
03458302409
03458305438
03458303830
03458305816
03458303413
03458308700
03458303256
03458306423
03458303006
03458301122
03458308166
03458305363
03458305503
03458307097
03458301464
03458305186
03458309108
03458305561
03458304878
03458305039
03458303606
03458304013
03458306233
03458304809
03458308883
03458302506
03458309380
03458301474
03458306034
03458307025
03458304034
03458306732
03458302946
03458302535
03458302290
03458303514
03458302377
03458306880
03458309401
03458301489
03458302705
03458301993
03458303712
03458307272
03458306435
03458301527
03458306699
03458302092
03458305202
03458302735
03458302217
03458303105
03458303342
03458309883
03458301416
03458303632
03458303794
03458308404
03458309728
03458309517
03458309334
03458302702
03458307453
03458301629
03458302635
03458302223
03458301670
03458307894
03458301282
03458304790
03458303701
03458307444
03458306530
03458302699
03458305888
03458308254
03458304664
03458302000
03458303834
03458305562
03458301159
03458304372
03458306615
03458306570
03458307716
03458307860
03458307507
03458302663
03458307584
03458308376
03458303323
03458302293
03458305283
03458306432
03458302852
03458309656
03458301927
03458303631
03458309328
03458303957
03458305229
03458304839
03458308983
03458303225
03458309878
03458301234
03458302239
03458304883
03458301287
03458308612
03458307217
03458302831
03458308203
03458307457
03458305700
03458306505
03458304509
03458302532
03458308747
03458308034
03458309255
03458301913
03458306540
03458303479
03458304765
03458302327
03458301754
03458302669
03458307367
03458307582
03458306635
03458305527
03458307736
03458304914
03458308139
03458309164
03458307730
03458304468
03458306135
03458307687
03458308985
03458309326
03458307929
03458302348
03458304278
03458303220
03458302830
03458301115
03458304216
03458309390
03458307858
03458305619
03458309416
03458308382
03458307645
03458304610
03458308917
03458301063
03458308156
03458303861
03458304699
03458308953
03458305628
03458302914
03458306643
03458309649
03458303540
03458308070
03458304888
03458303373
03458304692
03458301379
03458303101
03458303845
03458302959
03458302297
03458301172
03458309286
03458302704
03458301465
03458309057
03458309489
03458304592
03458302462
03458303791
03458309441
03458309810
03458303591
03458301381
03458308047
03458302798
03458306345
03458306293
03458308784
03458303747
03458307538
03458303770
03458301598
03458302219
03458306782
03458308667
03458302131
03458309826
03458301940
03458309397
03458307188
03458306766
03458309685
03458305005
03458309867
03458305431
03458303269
03458301953
03458306057
03458306982
03458303238
03458309148
03458304818
03458307037
03458303781
03458304655
03458301777
03458308800
03458301359
03458307228
03458308465
03458308869
03458306159
03458308039
03458308104
03458301948
03458303824
03458309045
03458304980
03458309487
03458309132
03458307874
03458305304
03458301878
03458309981
03458308849
03458309622
03458306762
03458308167
03458301022
03458303703
03458308927
03458305946
03458305007
03458309682
03458303645
03458302313
03458307100
03458304281
03458303650
03458303099
03458304130
03458309515
03458302470
03458308002
03458301947
03458305570
03458309564
03458306097
03458307862
03458306421
03458304525
03458301289
03458303416
03458302899
03458302775
03458302275
03458301435
03458309727
03458306862
03458309098
03458305350
03458305292
03458306998
03458306960
03458304716
03458301243
03458307553
03458305236
03458307708
03458301708
03458304989
03458301052
03458306775
03458309745
03458309284
03458308625
03458303426
03458309174
03458307664
03458305706
03458301347
03458305066
03458301486
03458303699
03458309534
03458306772
03458308575
03458301370
03458306792
03458301609
03458306587
03458302618
03458302309
03458301145
03458303566
03458303668
03458305346
03458304016
03458305134
03458306642
03458304925
03458304184
03458308419
03458301076
03458303087
03458309037
03458309578
03458304125
03458307173
03458304347
03458305913
03458301488
03458309945
03458309553
03458307344
03458303831
03458305216
03458301130
03458302259
03458307267
03458303549
03458301009
03458309296
03458302134
03458302305
03458302066
03458303357
03458309813
03458309484
03458308566
03458306207
03458309491
03458302999
03458304694
03458308778
03458302900
03458301526
03458301763
03458302703
03458305493
03458308504
03458306508
03458309306
03458309376
03458303573
03458308858
03458302575
03458301522
03458302626
03458308767
03458302433
03458303379
03458304272
03458309573
03458304775
03458303456
03458309436
03458308190
03458306088
03458301548
03458305931
03458303428
03458306524
03458304075
03458301149
03458305256
03458303937
03458305800
03458301148
03458303236
03458303081
03458309170
03458304243
03458307327
03458303231
03458309206
03458306493
03458302012
03458308445
03458303749
03458308424
03458308971
03458305696
03458307041
03458307926
03458304586
03458306103
03458306139
03458309518
03458301349
03458307928
03458303994
03458304450
03458306799
03458303302
03458306593
03458301404
03458308545
03458302116
03458308105
03458308907
03458303262
03458308644
03458304741
03458303103
03458303644
03458305873
03458309768
03458308298
03458306388
03458306626
03458302393
03458302387
03458308868
03458306481
03458305822
03458302061
03458304548
03458302630
03458308155
03458301010
03458308251
03458302489
03458309117
03458308458
03458304814
03458308129
03458302162
03458306294
03458306185
03458304695
03458308987
03458303499
03458303832
03458309797
03458302610
03458306090
03458303207
03458309957
03458301711
03458309426
03458303077
03458306595
03458306562
03458303436
03458308527
03458309234
03458307737
03458306741
03458301487
03458302479
03458304189
03458306356
03458301950
03458308958
03458308739
03458307896
03458304894
03458304379
03458304049
03458309457
03458305234
03458307566
03458303278
03458309034
03458305034
03458309841
03458306592
03458306918
03458309907
03458307470
03458303724
03458301055
03458308655
03458303158
03458304110
03458307890
03458307957
03458307224
03458305154
03458308259
03458306950
03458306552
03458302222
03458308955
03458306887
03458309914
03458303654
03458302647
03458306484
03458302170
03458302017
03458307281
03458306578
03458308178
03458302945
03458304111
03458305327
03458307219
03458302525
03458301864
03458301318
03458304083
03458305616
03458309612
03458306242
03458309913
03458305331
03458301914
03458302853
03458303648
03458309303
03458306704
03458302084
03458309264
03458304095
03458306519
03458302343
03458305571
03458304873
03458305332
03458306312
03458301215
03458305192
03458309592
03458301872
03458309699
03458302255
03458307021
03458307960
03458302190
03458305668
03458306638
03458307499
03458303062
03458306033
03458307022
03458307147
03458309003
03458305253
03458302160
03458308331
03458301875
03458308352
03458309024
03458304059
03458301089
03458307828
03458303450
03458305885
03458306567
03458302676
03458305107
03458301537
03458302302
03458308336
03458301143
