03226050740
03226090876
03226065912
03226059612
03226055602
03226078589
03226048102
03226082982
03226023818
03226014755
03226019655
03226090199
03226077893
03226054259
03226043576
03226054999
03226023237
03226063757
03226019669
03226099931
03226050158
03226090933
03226072926
03226020452
03226033318
03226066712
03226013164
03226075057
03226026516
03226025855
03226056354
03226060509
03226033596
03226078514
03226021087
03226058422
03226012904
03226024568
03226016346
03226061905
03226051689
03226073552
03226033378
03226050498
03226061864
03226040491
03226023319
03226071991
03226066921
03226021931
03226031375
03226014366
03226059807
03226017950
03226045460
03226026293
03226088890
03226065424
03226073044
03226056466
03226015023
03226088900
03226063301
03226029689
03226044297
03226047263
03226065061
03226033912
03226015373
03226075362
03226033811
03226029027
03226021236
03226046899
03226099940
03226016214
03226051300
03226034566
03226036803
03226058933
03226034422
03226029134
03226019230
03226047188
03226060563
03226075626
03226081570
03226069532
03226047479
03226051524
03226059880
03226046882
03226062789
03226010251
03226014601
03226075429
03226089407
03226056617
03226061587
03226015166
03226056012
03226080554
03226030779
03226096714
03226098560
03226026353
03226072675
03226014123
03226038478
03226053269
03226078220
03226029966
03226028878
03226025067
03226058285
03226033803
03226035801
03226059284
03226023838
03226073931
03226082145
03226058447
03226036647
03226096251
03226010013
03226036699
03226059136
03226013788
03226080185
03226097346
03226019255
03226073122
03226038675
03226016408
03226063849
03226077065
03226055216
03226096857
03226033355
03226013045
03226068662
03226032822
03226081373
03226081134
03226014526
03226070931
03226031121
03226022814
03226025785
03226055881
03226032173
03226048634
03226038266
03226061913
03226030101
03226062662
03226077424
03226079341
03226039480
03226098035
03226032619
03226027432
03226086391
03226083665
03226040648
03226081219
03226078586
03226038944
03226025929
03226010792
03226067320
03226013482
03226025624
03226055274
03226093118
03226022172
03226088205
03226082667
03226057370
03226071560
03226063373
03226040949
03226032051
03226067774
03226025582
03226015152
03226025115
03226034194
03226055931
03226033704
03226067129
03226070627
03226071750
03226075700
03226094742
03226030860
03226030282
03226049902
03226044227
03226086841
03226029952
03226021380
03226039302
03226035151
03226012642
03226036983
03226033783
03226055251
03226091136
03226056813
03226040664
03226061058
03226046249
03226086483
03226054340
03226015891
03226015066
03226066066
03226053471
03226069997
03226077088
03226042855
03226025421
03226083524
03226017417
03226034136
03226091312
03226057922
03226032764
03226013143
03226084719
03226033420
03226019568
03226092748
03226032622
03226012939
03226088132
03226042568
03226010315
03226029963
03226039144
03226025500
03226089217
03226040402
03226014969
03226015216
03226083835
03226090755
03226082091
03226059955
03226044291
03226039111
03226092296
03226087220
03226023114
03226019565
03226099646
03226063939
03226033213
03226024049
03226027520
03226076339
03226012828
03226066914
03226061591
03226083268
03226057553
03226065339
03226069318
03226034520
03226089875
03226012891
03226086277
03226058023
03226028200
03226093734
03226076343
03226042706
03226048929
03226022387
03226073465
03226075277
03226053637
03226040325
03226025718
03226085399
03226068566
03226036740
03226086266
03226062804
03226012672
03226022302
03226078811
03226031700
03226013089
03226026282
03226025416
03226077752
03226090636
03226049236
03226079404
03226065090
03226091364
03226087596
03226090506
03226075120
03226073711
03226039362
03226091637
03226042943
03226076407
03226072153
03226096772
03226032578
03226025165
03226010449
03226023472
03226045351
03226014923
03226044642
03226029617
03226022646
03226096971
03226024874
03226082828
03226065505
03226060920
03226024775
03226020308
03226077201
03226094851
03226049143
03226018848
03226011146
03226097310
03226089093
03226073309
03226030665
03226070857
03226088756
03226036681
03226054128
03226028643
03226074177
03226058058
03226084605
03226045627
03226068955
03226077471
03226019739
03226085467
03226090989
03226042953
03226060889
03226052473
03226048836
03226056533
03226026131
03226082022
03226051632
03226051845
03226019570
03226083434
03226092462
03226013138
03226034379
03226072042
03226075232
03226044065
03226055885
03226092935
03226068518
03226068327
03226050697
03226024770
03226080899
03226058772
03226091965
03226047304
03226091734
03226057958
03226058672
03226089149
03226040256
03226016775
03226067303
03226085049
03226065454
03226074623
03226078288
03226053165
03226055816
03226043092
03226047696
03226010234
03226046923
03226087067
03226067954
03226083955
03226039833
03226098139
03226031763
03226045231
03226044780
03226090057
03226051276
03226027835
03226077244
03226048358
03226033790
03226023989
03226094122
03226055267
03226070698
03226076761
03226049151
03226066235
03226059254
03226085242
03226050146
03226036148
03226052872
03226081499
03226056937
03226019121
03226090004
03226074716
03226049315
03226042117
03226085011
03226059301
03226022523
03226016676
03226080721
03226051006
03226081237
03226060592
03226097379
03226029929
03226019375
03226031826
03226048969
03226092429
03226039536
03226070162
03226037916
03226060068
03226017720
03226080578
03226012896
03226081617
03226042620
03226039173
03226053909
03226098404
03226046336
03226047924
03226058122
03226058354
03226059073
03226074673
03226052004
03226070255
03226011396
03226054238
03226032474
03226027163
03226015228
03226078017
03226024650
03226052767
03226072681
03226086231
03226055242
03226060442
03226041963
03226086775
03226081205
03226029935
03226056996
03226068737
03226029221
03226016681
03226083349
03226062767
03226080606
03226052601
03226034901
03226012668
03226039256
03226071575
03226060301
03226057153
03226096964
03226022174
03226028139
03226015923
03226032904
03226088245
03226028849
03226069938
03226052941
03226049587
03226044872
03226037962
03226061148
03226076917
03226028418
03226022783
03226066861
03226094715
03226070889
03226069706
03226046557
03226062627
03226043116
03226011982
03226013511
03226047168
03226058277
03226038268
03226013824
03226070852
03226075762
03226097031
03226054504
03226066176
03226040975
03226074544
03226046743
03226030407
03226013180
03226035733
03226014639
03226030528
03226051519
03226062338
03226043156
03226058224
03226051216
03226074181
03226055313
03226033424
03226045034
03226035735
03226086347
03226039864
03226059445
03226076262
03226015338
03226068831
03226027011
03226086595
03226099693
03226090548
03226090295
03226031387
03226047572
03226039760
03226081808
03226092316
03226047971
03226040481
03226056526
03226010823
03226047987
03226012587
03226060462
03226051172
03226057950
03226067705
03226095951
03226084096
03226082955
03226080399
03226025818
03226040027
03226010683
03226014640
03226064712
03226059206
03226077911
03226010761
03226049138
03226014945
03226039980
03226061223
03226061183
03226011769
03226010652
03226011456
03226092372
03226062996
03226085452
03226079209
03226075523
03226091876
03226046857
03226015800
03226064166
03226010881
03226059306
03226016738
03226010148
03226064477
03226061127
03226020704
03226032931
03226033028
03226017095
03226033110
03226070060
03226037085
03226045765
03226061685
03226033042
03226072607
03226099238
03226089988
03226046180
03226057052
03226084494
03226091723
03226019958
03226094947
03226021265
03226060817
03226035159
03226022764
03226059873
03226048912
03226095039
03226067029
03226044089
03226046639
03226098206
03226029831
03226096746
03226091065
03226077721
03226078427
03226029886
03226015391
03226067467
03226033444
03226013838
03226058833
03226074250
03226016561
03226064700
03226021972
03226010775
03226096780
03226015201
03226043212
03226085544
03226010167
03226073155
03226068183
03226038070
03226092995
03226041471
03226015045
03226034835
03226042775
03226089932
03226055115
03226079331
03226016446
03226090071
03226079555
03226053797
03226027372
03226021320
03226063930
03226085623
03226032350
03226020861
03226041835
03226082320
03226035864
03226014630
03226053533
03226099745
03226067553
03226091816
03226012361
03226074472
03226091972
03226098792
03226023998
03226031474
03226014068
03226084245
03226022922
03226015905
03226094328
03226035645
03226089415
03226072937
03226064223
03226046236
03226087531
03226035832
03226017208
03226051160
03226059151
03226079181
03226033408
03226028145
03226048959
03226090186
03226049594
03226011777
03226098255
03226067194
03226079325
03226035399
03226022527
03226039932
03226054149
03226018282
03226036616
03226092743
03226018912
03226066414
03226041535
03226094718
03226078984
03226064117
03226026807
03226041296
03226021317
03226017740
03226071260
03226074607
03226011659
03226023311
03226032821
03226019611
03226090589
03226065109
03226094059
03226059990
03226011145
03226015110
03226084976
03226068451
03226010090
03226037538
03226041696
03226033382
03226017550
03226080592
03226032247
03226092736
03226037646
03226038689
03226049161
03226084841
03226063378
03226090459
03226083053
03226038092
03226023648
03226055534
03226056013
03226049343
03226050821
03226053173
03226042557
03226032753
03226051303
03226056559
03226010532
03226054027
03226089269
03226099600
03226015014
03226084358
03226053710
03226094015
03226091063
03226040084
03226081964
03226051899
03226054166
03226080267
03226030680
03226051692
03226020685
03226032057
03226046883
03226084804
03226012917
03226054077
03226034959
03226038779
03226056960
03226082560
03226064377
03226038035
03226075205
03226024480
03226041433
03226081087
03226052423
03226038629
03226030813
03226074109
03226075445
03226098694
03226084381
03226029633
03226051833
03226064949
03226062493
03226020951
03226097443
03226096655
03226072905
03226011876
03226081060
03226087081
03226019246
03226097615
03226099950
03226054309
03226060821
03226058053
03226089333
03226055979
03226028496
03226066583
03226098651
03226099475
03226015537
03226049454
03226056571
03226042994
03226045240
03226033362
03226062502
03226055170
03226061083
03226089127
03226072466
03226017827
03226059516
03226085905
03226091471
03226026158
03226094144
03226037399
03226022186
03226071411
03226050961
03226041014
03226030863
03226019799
03226047876
03226017391
03226096896
03226095047
03226073653
03226023337
03226098366
03226063841
03226020073
03226097967
03226081118
03226023451
03226055305
03226038066
03226041841
03226085884
03226047172
03226046291
03226036531
03226010822
03226081843
03226042993
03226098537
03226015892
03226097861
03226029821
03226034351
03226029183
03226076465
03226029465
03226048514
03226074522
03226018590
03226036771
03226095118
03226027848
03226036465
03226067454
03226081517
03226037746
03226090761
03226097754
03226061548
03226068020
03226070853
03226056078
03226095558
03226036302
03226024239
03226020041
03226037956
03226018854
03226081003
03226097186
03226043831
03226088985
03226069182
03226087376
03226090608
03226049453
03226018533
03226042948
03226013992
03226049418
03226079718
03226064773
03226098785
03226020061
03226073218
03226045239
03226036988
03226011105
03226029840
03226058968
03226078273
03226033625
03226040163
03226043844
03226070040
03226098549
03226098815
03226090234
03226055461
03226070268
03226037686
03226048760
03226021578
03226021247
03226012095
03226098192
03226063160
03226052319
03226013130
03226081565
03226086883
03226044520
03226039896
03226099980
03226064737
03226059643
03226081866
03226069898
03226067345
03226084863
03226010711
03226035557
03226047213
03226085381
03226036554
03226019718
03226052713
03226093957
03226027087
03226050024
03226098482
03226051970
03226038093
03226024892
03226012912
03226066680
03226065143
03226052059
03226053280
03226060706
03226064343
03226098569
03226034077
03226030591
03226027127
03226085562
03226052823
03226038049
03226086021
03226074034
03226021764
03226061638
03226056849
03226032600
03226060416
03226076566
03226092925
03226035070
03226012809
03226055672
03226012767
03226021550
03226056973
03226056986
03226078213
03226045568
03226083497
03226093933
03226024674
03226072210
03226085640
03226022122
03226077871
03226074264
03226011975
03226012460
03226077936
03226016328
03226018405
03226051274
03226074048
03226075493
03226060354
03226025635
03226091139
03226097071
03226021310
03226070153
03226028576
03226074609
03226092480
03226080101
03226097089
03226089427
03226049107
03226046960
03226038294
03226098695
03226084530
03226028542
03226038545
03226043697
03226089037
03226034831
03226038568
03226090834
03226040841
03226033578
03226099039
03226010520
03226063540
03226010669
03226064330
03226013081
03226079818
03226099654
03226019494
03226097834
03226019238
03226013578
03226061847
03226060722
03226027088
03226066431
03226076798
03226075823
03226097093
03226052594
03226064972
03226086479
03226031584
03226022864
03226011422
03226070443
03226051639
03226094520
03226046522
03226098050
03226094306
03226025886
03226038438
03226082630
03226025213
03226090977
03226024271
03226038890
03226024203
03226079102
03226036996
03226085983
03226024990
03226043864
03226030111
03226077077
03226074409
03226031205
03226057754
03226057926
03226098567
03226077850
03226076133
03226056953
03226092848
03226029211
03226067854
03226015414
03226051311
03226021187
03226019272
03226035960
03226022284
03226044458
03226041218
03226085820
03226071110
03226072822
03226013703
03226040769
03226028931
03226049483
03226017834
03226079000
03226081310
03226093366
03226077229
03226063315
03226088767
03226096105
03226036379
03226027319
03226035802
03226015949
03226014844
03226047759
03226031422
03226056348
03226063687
03226085684
03226064796
03226032618
03226033191
03226045384
03226086644
03226029122
03226044223
03226057798
03226073703
03226028367
03226091429
03226069538
03226077952
03226011537
03226035844
03226090625
03226052099
03226062543
03226025082
03226082892
03226086482
03226039678
03226025268
03226070976
03226023351
03226041400
03226084420
03226065244
03226063798
03226053037
03226071096
03226073484
03226060747
03226044038
03226017930
03226066982
03226092156
03226069521
03226062098
03226076412
03226024520
03226045305
03226069806
03226019884
03226073834
03226065723
03226011588
03226023141
03226039714
03226022825
03226099263
03226021344
03226092940
03226074407
03226063292
03226087722
03226040198
03226073377
03226064569
03226038391
03226068661
03226038053
03226075096
03226046587
03226034168
03226060419
03226058099
03226090736
03226039119
03226024384
03226063266
03226025671
03226053545
03226021515
03226030189
03226018697
03226053656
03226040656
03226013323
03226078051
03226071833
03226052140
03226067807
03226036115
03226043522
03226038831
03226079260
03226051957
03226096144
03226053638
03226011843
03226086128
03226076644
03226062949
03226081830
03226098737
03226019136
03226077419
03226062721
03226081615
03226032088
03226060144
03226096959
03226029673
03226048736
03226066207
03226010008
03226054680
03226054803
03226023912
03226025068
03226090609
03226035023
03226085913
03226010471
03226090646
03226021588
03226078838
03226038778
03226042975
03226070745
03226051423
03226014620
03226049027
03226090595
03226039684
03226031451
03226099560
03226076236
03226077935
03226031708
03226045963
03226011688
03226055180
03226038133
03226028941
03226094785
03226029084
03226013053
03226041949
03226041463
03226098835
03226087931
03226061060
03226086034
03226027926
03226095917
03226091448
03226086772
03226041132
03226093309
03226017168
03226026213
03226078250
03226092553
03226099709
03226019152
03226026522
03226078556
03226055119
03226078566
03226045976
03226093359
03226044646
03226023334
03226030733
03226069155
03226081529
03226095860
03226092504
03226065785
03226096829
03226071910
03226063492
03226053560
03226062993
03226062668
03226043767
03226040003
03226090895
03226089464
03226036802
03226028932
03226052653
03226094519
03226028966
03226059882
03226036388
03226095076
03226086530
03226063392
03226086344
03226020268
03226041954
03226067700
03226041387
03226065184
03226022292
03226027135
03226090912
03226048628
03226036990
03226096479
03226015657
03226054303
03226014758
03226038993
03226036716
03226056483
03226082755
03226038553
03226089102
03226064426
03226091992
03226028814
03226045141
03226082572
03226079255
03226033436
03226015167
03226051641
03226021537
03226085859
03226021605
03226058076
03226078582
03226017710
03226063760
03226098551
03226088174
03226091942
03226056173
03226078862
03226074662
03226045124
03226097395
03226058359
03226053448
03226024839
03226022120
03226031166
03226032781
03226049394
03226075777
03226063417
03226013019
03226081994
03226090127
03226066055
03226057734
03226063043
03226093221
03226053133
03226098406
03226020842
03226090550
03226020998
03226072484
03226035818
03226049952
03226027104
03226064148
03226047745
03226042424
03226029123
03226075480
03226093046
03226020475
03226082585
03226072211
03226082298
03226015165
03226081765
03226022118
03226034207
03226093130
03226078371
03226072000
03226051903
03226044261
03226043248
03226055042
03226099602
03226021656
03226040615
03226011782
03226030789
03226013575
03226025825
03226036313
03226048871
03226034248
03226047702
03226036932
03226082253
03226054446
03226082186
03226070548
03226042899
03226016107
03226089007
03226016152
03226082126
03226098880
03226038276
03226042688
03226071580
03226055103
03226012245
03226099176
03226074081
03226075878
03226071389
03226079859
03226076974
03226051795
03226058635
03226056473
03226078852
03226055819
03226047517
03226060721
03226085186
03226051953
03226038683
03226070927
03226089814
03226047438
03226073712
03226038934
03226010595
03226087845
03226058488
03226012901
03226092512
03226070887
03226054244
03226081210
03226036625
03226030764
03226048526
03226062851
03226049847
03226036054
03226027490
03226018752
03226084264
03226059634
03226010154
03226060332
03226071180
03226021405
03226013694
03226086323
03226065288
03226064807
03226029771
03226098827
03226035146
03226065283
03226016754
03226068430
03226021370
03226064072
03226059283
03226087747
03226097642
03226019193
03226016752
03226012194
03226022334
03226045578
03226088836
03226034872
03226087487
03226019948
03226054959
03226016084
03226079300
03226027512
03226031778
03226037083
03226099207
03226066882
03226053591
03226015921
03226071818
03226049699
03226027704
03226041091
03226033092
03226067624
03226080955
03226059469
03226096517
03226057405
03226012512
03226041138
03226054428
03226091359
03226040744
03226015168
03226065780
03226077801
03226044858
03226074811
03226082743
03226055846
03226064843
03226089241
03226036651
03226084287
03226064865
03226053093
03226020864
03226048636
03226081721
03226047375
03226015758
03226062494
03226094630
03226055743
03226067248
03226056531
03226095490
03226019567
03226021894
03226087928
03226086373
03226077350
03226027871
03226065444
03226051714
03226087811
03226038119
03226026959
03226026182
03226066956
03226071857
03226076248
03226043850
03226030973
03226096668
03226075652
03226030790
03226093763
03226038669
03226046716
03226096728
03226036257
03226059424
03226098531
03226071270
03226088327
03226079321
03226063175
03226033952
03226076915
03226059300
03226056416
03226057017
03226087648
03226069150
03226060825
03226043601
03226020415
03226089576
03226095538
03226022773
03226028239
03226011892
03226036275
03226057979
03226089114
03226043914
03226013124
03226057137
03226092610
03226038681
03226081155
03226011119
03226029187
03226092289
03226089279
03226066848
03226038632
03226046861
03226037904
03226099332
03226040982
03226071672
03226040251
03226041534
03226018726
03226047943
03226087189
03226073347
03226049092
03226051177
03226073955
03226047532
03226062256
03226061407
03226030348
03226090206
03226019260
03226020827
03226019778
03226010257
03226020618
03226075261
03226045898
03226058461
03226076860
03226071545
03226076752
03226081783
03226042715
03226091758
03226084868
03226028906
03226070909
03226064602
03226069611
03226016445
03226070387
03226037413
03226065180
03226069948
03226019262
03226089589
03226029977
03226037163
03226021169
03226044757
03226027022
03226056654
03226084519
03226017076
03226079554
03226030724
03226051054
03226064990
03226095635
03226060265
03226029641
03226076397
03226010436
03226091564
03226059419
03226089086
03226079112
03226076622
03226097654
03226091795
03226013903
03226019819
03226081847
03226055646
03226049829
03226090994
03226031029
03226045283
03226037292
03226032103
03226044523
03226071311
03226073499
03226086061
03226067791
03226049351
03226040184
03226013548
03226020809
03226010121
03226088782
03226059511
03226027698
03226083211
03226070558
03226048077
03226042056
03226068135
03226029368
03226013646
03226094380
03226036834
03226061429
03226029724
03226039730
03226020024
03226019707
03226086901
03226022973
03226097537
03226031874
03226039125
03226018064
03226020315
03226052180
03226021295
03226029761
03226036437
03226084105
03226087174
03226093093
03226074075
03226066864
03226090318
03226063295
03226047817
03226074725
03226060657
03226095235
03226063967
03226015155
03226057664
03226079118
03226049227
03226019626
03226093523
03226084914
03226033908
03226087148
03226056908
03226020386
03226062896
03226018377
03226026782
03226012295
03226031698
03226045262
03226026472
03226027136
03226028596
03226094565
03226039406
03226076434
03226072206
03226044981
03226026243
03226027737
03226033570
03226016719
03226081460
03226038945
03226071088
03226047613
03226014933
03226010134
03226035982
03226090581
03226059185
03226022549
03226069931
03226053661
03226084921
03226056347
03226033875
03226082939
03226032269
03226069892
03226031192
03226077831
03226022090
03226075971
03226011795
03226080219
03226024020
03226059411
03226076663
03226040188
03226038926
03226070688
03226091807
03226070764
03226011848
03226095715
03226024211
03226042101
03226064754
03226084610
03226069475
03226087285
03226088633
03226092368
03226044797
03226046826
03226050267
03226061113
03226048998
03226071641
03226029915
03226011962
03226069264
03226062327
03226051520
03226063138
03226087177
03226069766
03226031004
03226082972
03226093113
03226085583
03226022026
03226080778
03226036553
03226015212
03226035729
03226017502
03226011216
03226027185
03226010743
03226034032
03226051298
03226015295
03226014613
03226093361
03226088658
03226042809
03226099122
03226072245
03226083753
03226085415
03226061883
03226041449
03226077577
03226014843
03226038471
03226039800
03226094171
03226070342
03226064019
03226064747
03226031614
03226043286
03226025384
03226031495
03226060425
03226075951
03226019171
03226010714
03226035232
03226011028
03226036224
03226048524
03226011814
03226076404
03226042345
03226073397
03226050303
03226086460
03226013314
03226052799
03226029796
03226045097
03226045148
03226076053
03226033638
03226012342
03226072272
03226061446
03226039860
03226048248
03226044953
03226050593
03226010614
03226061747
03226045371
03226084190
03226011314
03226038697
03226032759
03226053074
03226073039
03226050183
03226050854
03226054356
03226092924
03226065762
03226096125
03226066403
03226043868
03226016589
03226057027
03226055486
03226011948
03226098189
03226080235
03226055441
03226026786
03226063609
03226049267
03226095372
03226062780
03226091271
03226097931
03226014657
03226096973
03226089206
03226038989
03226047763
03226055458
03226079760
03226079612
03226094242
03226090792
03226083129
03226067876
03226073903
03226076146
03226095043
03226095992
03226031659
03226087925
03226095107
03226098666
03226059928
03226047182
03226055873
03226011910
03226023771
03226054811
03226088074
03226063084
03226094993
03226064562
03226023780
03226099151
03226077196
03226068825
03226076472
03226032188
03226022205
03226089443
03226072312
03226058910
03226089705
03226070752
03226054224
03226099380
03226031120
03226054729
03226049791
03226085251
03226083115
03226035853
03226011404
03226049283
03226055988
03226024801
03226027707
03226088135
03226050122
03226076994
03226017847
03226091113
03226062833
03226011452
03226095079
03226066477
03226037722
03226043235
03226014511
03226083560
03226053000
03226079444
03226035422
03226069547
03226055431
03226059738
03226092169
03226062029
03226069051
03226049360
03226091944
03226021763
03226032972
03226065067
03226050744
03226076199
03226097404
03226097779
03226061735
03226084176
03226055597
03226039583
03226093757
03226036376
03226068287
03226091893
03226036056
03226017006
03226070740
03226099555
03226082852
03226031960
03226013860
03226086441
03226069370
03226049214
03226067969
03226095965
03226041283
03226081071
03226027634
03226025903
03226069350
03226029861
03226046384
03226044334
03226090278
03226040318
03226045455
03226052776
03226099384
03226097402
03226039861
03226041664
03226033170
03226047164
03226088666
03226067845
03226084425
03226025972
03226052044
03226042803
03226021203
03226022208
03226050119
03226033107
03226036883
03226089757
03226028033
03226048565
03226093766
03226088210
03226014313
03226058511
03226066123
03226010473
03226038916
03226038425
03226045508
03226063410
03226045778
03226076688
03226061100
03226017964
03226085449
03226092099
03226072196
03226053271
03226022206
03226060547
03226011540
03226015310
03226029026
03226084830
03226047142
03226079741
03226013277
03226012284
03226096890
03226059009
03226011173
03226083089
03226081349
03226075541
03226022697
03226050240
03226022336
03226021015
03226080194
03226075356
03226081703
03226022037
03226064669
03226041007
03226064687
03226036486
03226088017
03226093641
03226076669
03226099002
03226029484
03226081292
03226091774
03226058684
03226032230
03226055959
03226045257
03226064403
03226064210
03226058954
03226088997
03226010750
03226096654
03226030574
03226013959
03226010306
03226077787
03226090525
03226035116
03226053670
03226025104
03226015071
03226072270
03226042762
03226064034
03226065368
03226034503
03226084086
03226051865
03226094248
03226016923
03226016472
03226091556
03226090106
03226065055
03226034937
03226010952
03226017492
03226044285
03226033039
03226062309
03226030257
03226068032
03226091867
03226077710
03226015853
03226086144
03226063886
03226075813
03226078165
03226066670
03226043612
03226059959
03226013196
03226081223
03226057946
03226055336
03226093586
03226054493
03226018273
03226058885
03226013650
03226097487
03226018750
03226087681
03226025470
03226042718
03226085634
03226057174
03226092064
03226052762
03226042013
03226074730
03226014590
03226031162
03226049514
03226048359
03226020200
03226076051
03226016083
03226012610
03226049802
03226030146
03226051858
03226053713
03226053006
03226062155
03226050699
03226078546
03226044036
03226071371
03226065626
03226092261
03226058959
03226028172
03226060673
03226063707
03226033095
03226092530
03226047138
03226074605
03226090850
03226017946
03226038466
03226023101
03226043356
03226024173
03226044071
03226098072
03226082833
03226086322
03226047684
03226070806
03226057534
03226073611
03226046464
03226089712
03226023478
03226013518
03226070641
03226065860
03226020209
03226072203
03226021341
03226087685
03226056492
03226042956
03226023552
03226065471
03226075197
03226057093
03226012200
03226013392
03226030612
03226037981
03226072411
03226088537
03226079303
03226091221
03226046695
03226088153
03226070637
03226087062
03226017242
03226043382
03226040663
03226061086
03226082124
03226029362
03226057241
03226023146
03226022729
03226018449
03226041580
03226039877
03226062769
03226035568
03226072487
03226013713
03226045334
03226060219
03226015852
03226080062
03226085496
03226099848
03226041107
03226062763
03226082103
03226029799
03226074638
03226073513
03226084050
03226050703
03226039249
03226099573
03226054500
03226024808
03226014110
03226074968
03226064896
03226084029
03226073371
03226086503
03226086011
03226083897
03226053962
03226048660
03226016533
03226055652
03226074207
03226074439
03226025303
03226026843
03226063320
03226083554
03226040814
03226019979
03226019361
03226065200
03226099563
03226082602
03226049632
03226067920
03226072026
03226017826
03226040303
03226010760
03226058377
03226038744
03226080438
03226076189
03226042480
03226093558
03226099485
03226015950
03226087144
03226058380
03226033443
03226013265
03226018985
03226099305
03226025400
03226073779
03226037859
03226036253
03226070945
03226083993
03226094131
03226055607
03226099695
03226084466
03226090768
03226036871
03226018090
03226011871
03226036136
03226044892
03226015830
03226035695
03226044865
03226050653
03226058909
03226069762
03226084069
03226024863
03226032834
03226060981
03226031757
03226086297
03226063617
03226050326
03226058310
03226046626
03226044046
03226064470
03226037322
03226026766
03226064246
03226083136
03226080742
03226051712
03226056687
03226081395
03226051008
03226056327
03226025087
03226074092
03226083475
03226073915
03226080534
03226023126
03226078950
03226066490
03226086876
03226059129
03226061296
03226094626
03226067938
03226098168
03226027151
03226086544
03226059780
03226065245
03226092089
03226037581
03226070942
03226018125
03226051584
03226052558
03226064122
03226058929
03226013074
03226020783
03226081826
03226081296
03226089524
03226066851
03226084395
03226066091
03226020919
03226085520
03226037559
03226050446
03226067636
03226088510
03226012804
03226093554
03226024561
03226070143
03226021614
03226038834
03226058918
03226018745
03226020781
03226034058
03226055967
03226031890
03226021356
03226016411
03226064196
03226071753
03226053416
03226084202
03226038346
03226079470
03226089973
03226061268
03226016871
03226037626
03226019692
03226075385
03226099153
03226071169
03226052061
03226066745
03226020495
03226050488
03226064048
03226051318
03226065374
03226082635
03226042931
03226081059
03226081949
03226022907
03226085907
03226085888
03226047238
03226033557
03226034960
03226063038
03226049679
03226056723
03226013767
03226084143
03226066243
03226029290
03226023479
03226051535
03226076683
03226086934
03226050450
03226046229
03226039680
03226087749
03226066684
03226054036
03226013562
03226083255
03226057308
03226065093
03226098822
03226089117
03226010484
03226056396
03226056563
03226075380
03226069633
03226084732
03226012346
03226049474
03226014446
03226038293
03226082601
03226054251
03226021197
03226025155
03226065510
03226099783
03226088691
03226095701
03226092481
03226034829
03226042268
03226035157
03226019222
03226031852
03226033675
03226028078
03226051704
03226084586
03226057900
03226073658
03226063100
03226072894
03226066916
03226094471
03226076155
03226082865
03226065717
03226033883
03226073302
03226028391
03226071434
03226059310
03226084281
03226058100
03226091797
03226065309
03226010130
03226093416
03226018003
03226068313
03226014128
03226084842
03226043528
03226035958
03226075991
03226033027
03226064888
03226056545
03226013643
03226091151
03226048303
03226058238
03226071039
03226023628
03226081641
03226012835
03226026763
03226052062
03226061855
03226090831
03226060417
03226074364
03226043797
03226093603
03226013932
03226019276
03226047770
03226031234
03226055655
03226094786
03226058766
03226045511
03226032626
03226071091
03226032690
03226027266
03226025318
03226016756
03226014747
03226062491
03226068159
03226035977
03226099862
03226020758
03226041681
03226028488
03226080580
03226091240
03226067367
03226062065
03226059549
03226094011
03226083110
03226061593
03226032194
03226039423
03226092684
03226045611
03226082408
03226053288
03226096364
03226089537
03226012727
03226061410
03226091001
03226010550
03226094072
03226073679
03226026743
03226045098
03226076083
03226097926
03226093741
03226093173
03226077594
03226019281
03226050654
03226064414
03226027419
03226096700
03226085961
03226015617
03226049516
03226074679
03226093266
03226034582
03226079706
03226032339
03226071794
03226046440
03226087134
03226059348
03226050680
03226017938
03226074618
03226097167
03226093687
03226035322
03226014451
03226017927
03226085183
03226055389
03226024374
03226045681
03226099510
03226068017
03226089493
03226031754
03226088873
03226068945
03226092837
03226026765
03226045792
03226041484
03226031281
03226039097
03226047037
03226037116
03226043744
03226088723
03226034410
03226061378
03226033825
03226026913
03226076035
03226067247
03226033731
03226061377
03226071510
03226097690
03226064332
03226054108
03226050305
03226047585
03226035071
03226011689
03226018488
03226020329
03226053603
03226060369
03226013556
03226016885
03226043336
03226096361
03226054590
03226088285
03226077334
03226074182
03226096459
03226020978
03226039074
03226065685
03226041103
03226088149
03226055718
03226021626
03226035214
03226031459
03226055255
03226048101
03226077152
03226046944
03226080976
03226053220
03226035347
03226018628
03226043160
03226068394
03226031561
03226046237
03226017718
03226084458
03226032699
03226070885
03226079141
03226073092
03226094175
03226023507
03226067872
03226033129
03226087308
03226069385
03226070586
03226030338
03226098703
03226067634
03226022144
03226032043
03226069940
03226062359
03226043141
03226050563
03226052937
03226058706
03226031022
03226028065
03226089417
03226055221
03226092836
03226045416
03226023384
03226023019
03226056073
03226058366
03226061079
03226024594
03226013814
03226093667
03226044709
03226034640
03226064760
03226088290
03226098294
03226069691
03226063927
03226085630
03226041123
03226054814
03226085675
03226014517
03226070339
03226027744
03226028577
03226020154
03226035469
03226092485
03226039807
03226043712
03226032087
03226015673
03226023968
03226047201
03226026646
03226021846
03226047963
03226011560
03226063777
03226044033
03226040860
03226022763
03226056126
03226068691
03226098431
03226088176
03226070415
03226032727
03226058373
03226025490
03226069590
03226051713
03226090602
03226037709
03226089174
03226052679
03226022995
03226027496
03226038211
03226025610
03226032108
03226069471
03226070102
03226061580
03226029036
03226010671
03226017559
03226061644
03226076447
03226021728
03226052366
03226021853
03226013954
03226062911
03226058391
03226029313
03226012653
03226031977
03226065053
03226059757
03226081433
03226018222
03226062497
03226063960
03226033366
03226037472
03226069167
03226024967
03226084064
03226025565
03226018423
03226053291
03226086023
03226069395
03226070617
03226056280
03226036645
03226073123
03226047736
03226054623
03226076647
03226074798
03226030783
03226051031
03226093681
03226014842
03226060556
03226072351
03226088038
03226051880
03226099082
03226065075
03226077305
03226024171
03226096760
03226068302
03226096287
03226078666
03226072367
03226094536
03226059918
03226061360
03226056282
03226044788
03226014760
03226056718
03226034693
03226018136
03226031286
03226069221
03226019332
03226057866
03226036399
03226065253
03226034143
03226027946
03226062550
03226084599
03226049000
03226039884
03226051449
03226075957
03226071444
03226065178
03226058415
03226056494
03226033763
03226044873
03226068874
03226043249
03226084321
03226055738
03226020586
03226073373
03226017482
03226089143
03226065474
03226099080
03226076955
03226020799
03226068803
03226044366
03226038223
03226086507
03226055598
03226079455
03226098810
03226071682
03226054476
03226040276
03226063311
03226033379
03226085274
03226069515
03226048273
03226061641
03226097522
03226061780
03226074458
03226053592
03226067525
03226022004
03226027361
03226023707
03226048580
03226089176
03226067117
03226059856
03226074493
03226055157
03226020812
03226020192
03226069986
03226078164
03226027985
03226046063
03226032591
03226014397
03226038345
03226066505
03226021009
03226022358
03226035311
03226069209
03226027502
03226067951
03226037299
03226067207
03226022362
03226010862
03226062800
03226072095
03226094620
03226030494
03226034536
03226088818
03226078222
03226082634
03226048703
03226028081
03226091655
03226019358
03226033795
03226028395
03226021000
03226053127
03226083658
03226060856
03226026222
03226072049
03226085318
03226097907
03226032354
03226068440
03226071996
03226087950
03226098450
03226071146
03226055889
03226036429
03226028025
03226019776
03226031968
03226032191
03226044136
03226052676
03226055155
03226041127
03226035847
03226048593
03226074101
03226046206
03226048150
03226038703
03226050005
03226060103
03226080795
03226024315
03226062266
03226024035
03226066095
03226016821
03226090272
03226081272
03226050252
03226018751
03226084469
03226048212
03226077905
03226092975
03226033350
03226075807
03226028887
03226070505
03226082085
03226019372
03226030162
03226056780
03226096506
03226057864
03226064936
03226097895
03226041743
03226053211
03226059747
03226059324
03226047082
03226090350
03226055844
03226012114
03226021367
03226057510
03226083815
03226065872
03226015370
03226053863
03226071404
03226022376
03226051377
03226025598
03226082136
03226053231
03226014800
03226062895
03226021117
03226089598
03226098709
03226080673
03226094152
03226049877
03226065759
03226066171
03226018926
03226048528
03226028061
03226090505
03226059426
03226037387
03226057861
03226022061
03226079851
03226071607
03226075840
03226063014
03226055135
03226028221
03226047967
03226025259
03226034403
03226045129
03226057483
03226039338
03226088512
03226038411
03226096851
03226038206
03226091640
03226075170
03226017961
03226071490
03226091750
03226017644
03226064713
03226096443
03226043343
03226014396
03226062950
03226013990
03226042519
03226081623
03226038959
03226070903
03226058102
03226034463
03226070487
03226032705
03226068893
03226015474
03226020630
03226061820
03226060016
03226089650
03226093654
03226021219
03226079903
03226066220
03226046891
03226061890
03226084089
03226074347
03226098301
03226058691
03226022886
03226010863
03226071453
03226031138
03226014964
03226013474
03226099451
03226025948
03226080103
03226023020
03226021152
03226042464
03226049068
03226056015
03226071120
03226093275
03226045319
03226053693
03226020742
03226041730
03226034087
03226076298
03226056644
03226040394
03226081505
03226054870
03226096555
03226059801
03226075771
03226047601
03226058029
03226044020
03226089492
03226093723
03226026018
03226089693
03226053126
03226090198
03226041115
03226056882
03226045067
03226012822
03226044101
03226012969
03226065391
03226095407
03226065415
03226077567
03226050930
03226090120
03226029723
03226097051
03226038665
03226079157
03226073080
03226025383
03226044580
03226029393
03226020302
03226047249
03226073551
03226014382
03226091038
03226011995
03226081628
03226015233
03226076875
03226092192
03226063494
03226053036
03226077204
03226031230
03226052217
03226027572
03226037404
03226041901
03226031164
03226064394
03226010355
03226070033
03226077150
03226067909
03226014297
03226092440
03226055058
03226046860
03226016613
03226027743
03226045617
03226038312
03226020813
03226071516
03226090044
03226021783
03226032106
03226031341
03226050157
03226018532
03226061833
03226085374
03226087436
03226029108
03226019847
03226026939
03226045507
03226087979
03226098228
03226055907
03226036894
03226037231
03226023128
03226097697
03226089187
03226060175
03226030014
03226086969
03226064449
03226017876
03226014724
03226079801
03226067570
03226059714
03226062173
03226010560
03226081006
03226045861
03226048521
03226084658
03226089714
03226030825
03226085189
03226072593
03226047624
03226019920
03226071105
03226039763
03226042938
03226040083
03226064905
03226072739
03226067998
03226052812
03226098655
03226034408
03226042154
03226089982
03226088518
03226074863
03226020925
03226069559
03226022359
03226049307
03226052276
03226047719
03226064766
03226039719
03226082681
03226092119
03226017222
03226010046
03226088372
03226018859
03226092302
03226012508
03226016593
03226012551
03226010094
03226015864
03226024685
03226074938
03226074640
03226014895
03226094831
03226091716
03226070888
03226068406
03226091024
03226057343
03226073657
03226063733
03226020155
03226035882
03226020316
03226099904
03226055154
03226031385
03226057081
03226050819
03226022861
03226054859
03226084366
03226049139
03226021900
03226025560
03226077431
03226078424
03226058999
03226096240
03226034411
03226057445
03226056002
03226055405
03226032586
03226011792
03226023712
03226026198
03226052703
03226014714
03226055126
03226083836
03226076626
03226096276
03226012646
03226054939
03226084478
03226067603
03226024119
03226051778
03226060036
03226010464
03226042577
03226048988
03226042845
03226013593
03226078919
03226067492
03226025534
03226062871
03226043901
03226099749
03226098799
03226045288
03226027106
03226096663
03226069652
03226094012
03226077933
03226022516
03226045274
03226029284
03226064784
03226023484
03226074521
03226028636
03226070501
03226095940
03226074375
03226046980
03226013425
03226051339
03226031805
03226080867
03226012604
03226073784
03226087633
03226023088
03226075155
03226033404
03226068744
03226055190
03226085678
03226022315
03226097013
03226057880
03226040812
03226048564
03226026132
03226078264
03226013561
03226048808
03226055435
03226040136
03226038856
03226055033
03226027094
03226015890
03226030476
03226048410
03226066993
03226082484
03226046238
03226084058
03226028371
03226069595
03226076106
03226099427
03226070118
03226095879
03226096040
03226068293
03226088842
03226073488
03226040824
03226016495
03226064861
03226025206
03226053541
03226059089
03226067305
03226063796
03226018349
03226059920
03226048776
03226046793
03226058281
03226048061
03226017513
03226018685
03226039830
03226050774
03226071056
03226029508
03226071216
03226042184
03226050025
03226078836
03226017682
03226052768
03226087141
03226051293
03226032535
03226081544
03226023982
03226010598
03226065615
03226023203
03226013451
03226023394
03226078933
03226020262
03226010022
03226057603
03226041145
03226022056
03226078365
03226057771
03226061512
03226070157
03226022714
03226069767
03226086987
03226034951
03226022676
03226075180
03226074705
03226025492
03226049623
03226031207
03226016240
03226065248
03226034299
03226037462
03226072653
03226083577
03226016435
03226071840
03226050794
03226019485
03226061541
03226084581
03226020712
03226037690
03226011539
03226039316
03226094996
03226025629
03226081136
03226066045
03226058830
03226054214
03226023611
03226074771
03226048022
03226038746
03226097902
03226029309
03226078815
03226041362
03226064064
03226084593
03226070573
03226085118
03226064923
03226050054
03226050873
03226018972
03226067501
03226073409
03226038095
03226054468
03226037014
03226013952
03226016032
03226027489
03226050195
03226080084
03226013851
03226033020
03226029714
03226035554
03226066487
03226042531
03226041561
03226040670
03226060492
03226043218
03226056648
03226030844
03226026945
03226068742
03226047694
03226016213
03226015990
03226035242
03226056109
03226083949
03226019002
03226093201
03226073237
03226073558
03226091167
03226057646
03226026762
03226070742
03226037553
03226055404
03226042380
03226098435
03226031521
03226077411
03226026831
03226012916
03226094877
03226097819
03226087006
03226041563
03226057883
03226011276
03226034205
03226098461
03226044842
03226057741
03226031658
03226024871
03226041999
03226064755
03226034584
03226023528
03226048360
03226067432
03226052050
03226056203
03226031189
03226054472
03226017777
03226084468
03226099614
03226057830
03226029277
03226088444
03226095735
03226095562
03226096942
03226077438
03226087046
03226015353
03226062282
03226056962
03226059184
03226081919
03226013000
03226030532
03226033680
03226096936
03226084813
03226029051
03226059398
03226025982
03226042826
03226098817
03226030803
03226010374
03226051682
03226052570
03226093499
03226049736
03226098846
03226087011
03226028463
03226043214
03226014905
03226046264
03226069192
03226037642
03226046089
03226061314
03226052078
03226024652
03226095088
03226039817
03226022162
03226043202
03226025294
03226023939
03226028779
03226069878
03226062462
03226067139
03226096917
03226093474
03226066138
03226067064
03226035363
03226062783
03226068782
03226060338
03226094908
03226084537
03226062680
03226015627
03226054116
03226064488
03226059294
03226038724
03226067737
03226047737
03226059000
03226079925
03226087601
03226085079
03226027742
03226047637
03226062204
03226084045
03226058231
03226058584
03226080751
03226047765
03226049346
03226075717
03226071503
03226079025
03226025950
03226089294
03226055869
03226087862
03226079478
03226027253
03226058665
03226062614
03226050816
03226019608
03226028237
03226076076
03226061042
03226062558
03226061131
03226019401
03226037917
03226013549
03226078537
03226081984
03226015146
03226059380
03226045021
03226076293
03226036676
03226025952
03226081928
03226067861
03226088770
03226087790
03226059698
03226041786
03226018025
03226045461
03226059875
03226079521
03226052671
03226028936
03226022465
03226019429
03226096820
03226089794
03226033966
03226097188
03226096026
03226019619
03226028364
03226011429
03226062168
03226092966
03226097041
03226018328
03226074148
03226096489
03226042840
03226090576
03226032712
03226080685
03226040450
03226046046
03226030838
03226040446
03226016378
03226044533
03226015670
03226059526
03226058396
03226060878
03226049600
03226059518
03226088191
03226018325
03226069585
03226011054
03226068324
03226039487
03226029926
03226062308
03226039497
03226093340
03226026601
03226094824
03226062657
03226023458
03226043876
03226048972
03226017034
03226076335
03226062094
03226096223
03226041780
03226078978
03226058956
03226093520
03226091590
03226051492
03226068837
03226053032
03226043366
03226037522
03226030136
03226055822
03226026903
03226031785
03226034861
03226051088
03226018376
03226052706
03226045622
03226053721
03226095797
03226066698
03226042491
03226082061
03226098783
03226053377
03226017738
03226067551
03226010629
03226017534
03226076734
03226061554
03226078433
03226070659
03226040308
03226025311
03226051458
03226025134
03226093321
03226088053
03226022068
03226085249
03226041474
03226011005
03226093436
03226023403
03226078025
03226098067
03226054719
03226047898
03226037869
03226082135
03226050836
03226037250
03226026346
03226070971
03226019784
03226020923
03226088271
03226016274
03226014251
03226058127
03226089534
03226024353
03226060017
03226030293
03226012398
03226078924
03226094164
03226028586
03226012602
03226044630
03226040586
03226087778
03226059940
03226094334
03226031187
03226069483
03226055909
03226069636
03226038865
03226079419
03226027597
03226021108
03226044313
03226069336
03226022805
03226061469
03226072398
03226099782
03226070998
03226083347
03226021471
03226069083
03226063386
03226047732
03226085669
03226075795
03226053733
03226079660
03226038233
03226092620
03226069104
03226030384
03226014728
03226030048
03226025449
03226089736
03226018787
03226060364
03226044614
03226010114
03226096756
03226038908
03226085980
03226043061
03226056119
03226032695
03226023236
03226030076
03226012820
03226038835
03226086243
03226057239
03226066306
03226090856
03226030948
03226083454
03226083813
03226080114
03226015902
03226029582
03226099758
03226089363
03226075208
03226038951
03226031420
03226079900
03226082662
03226080994
03226045430
03226026383
03226064085
03226011356
03226072327
03226024478
03226061752
03226042607
03226019675
03226021038
03226086046
03226049583
03226025413
03226053785
03226082861
03226073145
03226048421
03226039191
03226094501
03226034974
03226080249
03226028712
03226089679
03226010356
03226010419
03226010771
03226048042
03226047414
03226031825
03226093405
03226059859
03226093154
03226054949
03226018529
03226021702
03226041205
03226060438
03226094863
03226043536
03226050175
03226063950
03226074703
03226092347
03226065806
03226059654
03226092229
03226076380
03226046020
03226097671
03226074405
03226064935
03226014058
03226050980
03226038498
03226071632
03226019764
03226042709
03226093587
03226060379
03226023001
03226079990
03226093471
03226020662
03226088031
03226084578
03226093768
03226019811
03226033848
03226046143
03226060180
03226043441
03226035716
03226018424
03226038303
03226088388
03226057937
03226071033
03226085805
03226028225
03226062187
03226018748
03226053949
03226053594
03226092411
03226070721
03226088805
03226075099
03226048006
03226070362
03226014323
03226069345
03226085815
03226066182
03226071566
03226097368
03226091802
03226052252
03226045369
03226063823
03226028262
03226040819
03226021493
03226078342
03226032556
03226083244
03226010718
03226084772
03226031135
03226032154
03226060813
03226061241
03226039522
03226067068
03226095619
03226013856
03226091060
03226031005
03226058748
03226045317
03226012174
03226073078
03226021392
03226049078
03226052487
03226037478
03226060568
03226079231
03226033552
03226082856
03226098364
03226090486
03226013129
03226032100
03226014069
03226038165
03226064381
03226016053
03226062580
03226082169
03226024573
03226026660
03226077945
03226061191
03226014363
03226082945
03226028645
03226048415
03226056949
03226083477
03226047707
03226061039
03226073240
03226074229
03226049298
03226062449
03226070755
03226026392
03226034967
03226081550
03226075691
03226088547
03226025444
03226094366
03226029263
03226095302
03226010498
03226039223
03226040546
03226027913
03226095545
03226032979
03226058820
03226072360
03226068492
03226093288
03226084484
03226083684
03226057120
03226054687
03226054805
03226044521
03226091140
03226091849
03226064967
03226088350
03226032870
03226046081
03226053818
03226069530
03226020198
03226072644
03226088919
03226010708
03226053681
03226033342
03226017725
03226042930
03226019794
03226065494
03226040260
03226065383
03226050617
03226080805
03226069161
03226063213
03226041908
03226051283
03226024429
03226021003
03226033742
03226080922
03226030334
03226022147
03226094465
03226074094
03226095277
03226063448
03226038622
03226099032
03226099716
03226079573
03226082579
03226053859
03226051141
03226045767
03226039394
03226011757
03226035010
03226079027
03226050879
03226026466
03226014350
03226086481
03226052065
03226076920
03226090604
03226058358
03226018247
03226095768
03226081250
03226038901
03226016267
03226015769
03226011372
03226048465
03226045699
03226070216
03226076812
03226026761
03226086581
03226090767
03226085035
03226098731
03226052346
03226010947
03226015984
03226035665
03226054287
03226017544
03226083490
03226036918
03226045200
03226042853
03226017782
03226060815
03226071576
03226075097
03226037591
03226048133
03226029997
03226028021
03226063291
03226089311
03226074067
03226099704
03226062765
03226084329
03226050832
03226090338
03226067591
03226012732
03226010733
03226072004
03226040170
03226055136
03226087023
03226057085
03226030920
03226062209
03226033297
03226031611
03226083908
03226033802
03226041337
03226029655
03226011484
03226071762
03226042634
03226075517
03226057013
03226045954
03226093084
03226078278
03226011242
03226053218
03226051336
03226027205
03226069327
03226032468
03226032119
03226045777
03226020644
03226019960
03226032271
03226061109
03226049894
03226070936
03226032370
03226027101
03226075513
03226042456
03226015796
03226028963
03226042992
03226021176
03226078854
03226024956
03226037214
03226053720
03226026050
03226030749
03226013017
03226076857
03226094077
03226033805
03226028767
03226053629
03226059970
03226063970
03226099143
03226051788
03226088025
03226020692
03226064181
03226091523
03226039490
03226081524
03226025623
03226086076
03226013583
03226082319
03226017570
03226035822
03226095445
03226024254
03226082278
03226048351
03226092751
03226044370
03226095253
03226078399
03226019727
03226089895
03226052457
03226043103
03226038193
03226027304
03226021126
03226017306
03226028655
03226067131
03226011543
03226043312
03226064008
03226040938
03226022300
03226056995
03226087330
03226043432
03226011590
03226067643
03226012466
03226048430
03226095446
03226041035
03226098632
03226020423
03226071351
03226055363
03226067218
03226019599
03226073388
03226068297
03226030797
03226011723
03226048420
03226054220
03226068769
03226084927
03226015187
03226092509
03226031437
03226083316
03226086043
03226025283
03226061021
03226022754
03226083662
03226010755
03226041464
03226057010
03226039561
03226017753
03226045955
03226073292
03226099912
03226091943
03226090619
03226072640
03226091503
03226045271
03226038910
03226068699
03226089211
03226098873
03226027539
03226033243
03226089419
03226048525
03226026233
03226046068
03226094341
03226044464
03226018660
03226020226
03226062633
03226061037
03226089332
03226054713
03226046352
03226036467
03226011634
03226015274
03226014083
03226053086
03226040817
03226010675
03226094540
03226080011
03226022111
03226054054
03226011727
03226076568
03226011881
03226079721
03226053542
03226072366
03226091519
03226066323
03226099887
03226055448
03226073282
03226019196
03226027986
03226011603
03226090558
03226092557
03226052744
03226076059
03226015904
03226017968
03226075335
03226095438
03226026377
03226015557
03226039839
03226066057
03226072230
03226090409
03226043657
03226050751
03226081315
03226081110
03226087122
03226092809
03226089368
03226044947
03226037470
03226022927
03226032683
03226059826
03226040801
03226033890
03226012831
03226099072
03226092369
03226089452
03226029553
03226047090
03226058983
03226073268
03226063816
03226090253
03226092255
03226058103
03226045989
03226075961
03226026483
03226033830
03226065038
03226066349
03226075538
03226077234
03226030287
03226021059
03226099747
03226017595
03226065829
03226053132
03226083220
03226058142
03226034534
03226013546
03226016485
03226047469
03226076604
03226042677
03226043319
03226047950
03226070389
03226014929
03226017499
03226090857
03226094866
03226034706
03226043379
03226068985
03226010987
03226089097
03226025963
03226094787
03226074451
03226058351
03226035596
03226068785
03226071309
03226086016
03226029805
03226029494
03226051186
03226082689
03226080595
03226032111
03226057721
03226032442
03226059476
03226079013
03226057225
03226064042
03226021719
03226018399
03226062305
03226012788
03226030202
03226065041
03226074215
03226038811
03226054842
03226064035
03226057257
03226063354
03226060082
03226077950
03226047700
03226076160
03226090587
03226012872
03226013825
03226096763
03226032239
03226036903
03226058746
03226037144
03226038151
03226010937
03226031973
03226031871
03226061920
03226073068
03226056052
03226053202
03226073290
03226055997
03226077447
03226064763
03226055278
03226012374
03226052597
03226018654
03226023338
03226068756
03226097639
03226093358
03226054492
03226011776
03226066638
03226051170
03226021635
03226042199
03226030066
03226075884
03226071455
03226071424
03226026890
03226063278
03226029302
03226022868
03226032164
03226095336
03226090286
03226049994
03226091703
03226035052
03226013140
03226048108
03226058546
03226084389
03226010352
03226013585
03226013564
03226089989
03226039505
03226044792
03226056444
03226097732
03226029119
03226065232
03226065174
03226034417
03226011002
03226043224
03226080112
03226069651
03226037873
03226092000
03226083071
03226029728
03226086490
03226028002
03226078470
03226093608
03226043364
03226049832
03226067801
03226053498
03226049347
03226037246
03226031847
03226016481
03226062319
03226081466
03226031918
03226082097
03226031570
03226093749
03226066931
03226084585
03226025111
03226069613
03226038991
03226061435
03226065400
03226010235
03226066545
03226080624
03226011519
03226045896
03226077658
03226061318
03226011734
03226015827
03226097170
03226079155
03226017792
03226088185
03226074103
03226055775
03226085167
03226051501
03226035978
03226019558
03226043416
03226053358
03226023995
03226088397
03226046380
03226092826
03226082801
03226035928
03226051223
03226089386
03226076757
03226069946
03226080669
03226053911
03226032430
03226055197
03226076896
03226072442
03226059835
03226034691
03226093798
03226077214
03226033013
03226054459
03226081378
03226049816
03226044645
03226042145
03226058160
03226021901
03226097054
03226018215
03226069176
03226058917
03226065353
03226014862
03226033025
03226061242
03226027932
03226037357
03226018239
03226088081
03226075105
03226084946
03226097589
03226064360
03226066519
03226044073
03226051553
03226044537
03226053705
03226014684
03226025186
03226013367
03226038366
03226086112
03226081849
03226034611
03226011785
03226064120
03226083614
03226082005
03226084735
03226089844
03226062034
03226076259
03226011200
03226031903
03226097334
03226058975
03226044932
03226079354
03226096432
03226052227
03226041097
03226043175
03226075625
03226014087
03226070347
03226052517
03226064509
03226054491
03226051985
03226076496
03226031602
03226075129
03226021353
03226055507
03226023961
03226091491
03226012853
03226030034
03226074516
03226067814
03226040353
03226012633
03226056371
03226061921
03226066210
03226068435
03226059012
03226033885
03226065481
03226038674
03226058985
03226097698
03226093772
03226031097
03226017496
03226030244
03226039781
03226037858
03226085537
03226044657
03226036070
03226041827
03226046338
03226052521
03226020970
03226093491
03226039373
03226011062
03226068659
03226071140
03226046272
03226029994
03226039883
03226092569
03226067520
03226083550
03226017483
03226026611
03226041243
03226055872
03226016832
03226030188
03226060393
03226085444
03226082608
03226090252
03226036657
03226018948
03226023157
03226014544
03226015583
03226013688
03226047464
03226071149
03226011499
03226094511
03226054418
03226070015
03226051426
03226091213
03226037675
03226072261
03226054307
03226068053
03226018045
03226094826
03226054677
03226024994
03226098900
03226090782
03226027468
03226056765
03226032001
03226052191
03226023115
03226025712
03226037800
03226093594
03226076986
03226053831
03226036086
03226046334
03226015112
03226046732
03226046817
03226059593
03226057328
03226066411
03226069180
03226076086
03226044933
03226017991
03226082349
03226050894
03226047406
03226089549
03226016682
03226069921
03226056682
03226043680
03226033609
03226038013
03226035653
03226028310
03226038064
03226053412
03226015763
03226060688
03226018429
03226018220
03226048094
03226053223
03226078176
03226039306
03226086438
03226024371
03226058288
03226011831
03226049651
03226016257
03226090394
03226060303
03226083909
03226011660
03226067844
03226029017
03226028346
03226015767
03226060323
03226084244
03226099561
03226064128
03226029174
03226094182
03226011373
03226077375
03226083483
03226032311
03226085392
03226071491
03226025914
03226030791
03226088361
03226034355
03226010307
03226021807
03226063018
03226011719
03226038816
03226019066
03226091273
03226039108
03226085379
03226069372
03226015367
03226057420
03226096025
03226042520
03226071637
03226027587
03226085522
03226072123
03226015825
03226054896
03226096212
03226092670
03226082927
03226047093
03226017260
03226040168
03226083072
03226037052
03226020442
03226089584
03226018710
03226052749
03226048604
03226083859
03226025312
03226010108
03226010904
03226022252
03226042001
03226062008
03226026062
03226036286
03226042872
03226099854
03226098326
03226027534
03226062232
03226094481
03226066910
03226066806
03226019048
03226017457
03226034093
03226091722
03226051104
03226056036
03226048327
03226048930
03226025782
03226038710
03226089486
03226089770
03226023032
03226043728
03226038215
03226060210
03226062014
03226032644
03226087409
03226050669
03226020918
03226010807
03226074388
03226040314
03226084745
03226017602
03226027351
03226024229
03226039627
03226085943
03226029556
03226066401
03226033589
03226059799
03226066216
03226060475
03226093070
03226036226
03226087352
03226046799
03226053101
03226076821
03226054598
03226089319
03226042629
03226089560
03226034266
03226079396
03226068378
03226096538
03226059728
03226080915
03226027416
03226010790
03226071290
03226038809
03226031327
03226098430
03226014480
03226049858
03226093476
03226077326
03226026620
03226045121
03226066427
03226026934
03226057599
03226084692
03226087012
03226064007
03226021286
03226063493
03226074973
03226027133
03226034669
03226061177
03226069863
03226071219
03226052673
03226080886
03226049009
03226094925
03226021666
03226061743
03226037795
03226072871
03226096941
03226049274
03226083344
03226077272
03226082052
03226016008
03226046507
03226044438
03226067838
03226052462
03226010779
03226011846
03226072716
03226016907
03226047296
03226041144
03226018610
03226056353
03226071296
03226079811
03226044496
03226097280
03226032299
03226036047
03226073946
03226072823
03226096111
03226071502
03226095856
03226046897
03226014140
03226067066
03226072012
03226080149
03226052874
03226038146
03226058965
03226080626
03226090230
03226054084
03226050398
03226058016
03226098503
