03327539074
03327539694
03327531859
03327532414
03327534565
03327531570
03327532162
03327538069
03327535316
03327539779
03327539274
03327535486
03327538799
03327531185
03327535745
03327538259
03327531532
03327533526
03327534382
03327538429
03327535208
03327532844
03327538140
03327531622
03327536660
03327534514
03327539418
03327535017
03327534401
03327538072
03327535841
03327533774
03327534480
03327538844
03327535819
03327536629
03327532183
03327537244
03327538909
03327535102
03327537562
03327537210
03327531951
03327531676
03327534683
03327534109
03327539280
03327538077
03327538982
03327538759
03327533865
03327538853
03327539014
03327534273
03327533978
03327539948
03327532139
03327531409
03327536076
03327535898
03327534761
03327534872
03327537414
03327532957
03327537411
03327531264
03327539415
03327535713
03327536896
03327532198
03327536299
03327537741
03327533376
03327539671
03327538346
03327531976
03327536940
03327535419
03327539312
03327531975
03327534920
03327535465
03327534570
03327531841
03327536681
03327535835
03327532832
03327534212
03327532690
03327539795
03327538993
03327534265
03327533418
03327534694
03327533567
03327531180
03327536784
03327537574
03327537566
03327538124
03327531273
03327533695
03327533793
03327539432
03327535672
03327535760
03327537821
03327539453
03327538101
03327532490
03327535799
03327534844
03327533871
03327532153
03327535349
03327533466
03327536516
03327537400
03327537888
03327533580
03327534080
03327538557
03327535709
03327536571
03327535759
03327538634
03327531738
03327534409
03327536796
03327534192
03327531239
03327536404
03327536251
03327536402
03327537160
03327538452
03327532519
03327533236
03327531694
03327538012
03327531775
03327537619
03327539850
03327539695
03327534631
03327532224
03327534099
03327531607
03327533872
03327535807
03327537021
03327539598
03327539712
03327539962
03327539189
03327532061
03327536362
03327535693
03327531606
03327533968
03327532632
03327533811
03327535901
03327538946
03327536305
03327538064
03327534881
03327534651
03327531886
03327532665
03327532305
03327535859
03327536875
03327534795
03327534003
03327539513
03327535189
03327535068
03327534218
03327536805
03327536539
03327535527
03327537197
03327539263
03327532417
03327535331
03327531440
03327536081
03327536013
03327535881
03327537062
03327537153
03327538729
03327533278
03327537793
03327533543
03327538991
03327531155
03327535134
03327536933
03327537407
03327539937
03327534103
03327532313
03327537266
03327536815
03327536848
03327536262
03327531286
03327538900
03327538414
03327537005
03327539362
03327539107
03327538800
03327534424
03327532233
03327536554
03327531225
03327536223
03327534924
03327539977
03327539813
03327537641
03327535274
03327536235
03327532515
03327531646
03327531328
03327533912
03327539083
03327539872
03327539131
03327535590
03327533094
03327536949
03327533190
03327535602
03327538482
03327535178
03327535577
03327534726
03327536980
03327538648
03327539366
03327539859
03327538686
03327534742
03327534567
03327538922
03327538580
03327535708
03327531183
03327535013
03327534126
03327532499
03327539625
03327531541
03327533746
03327538858
03327539958
03327534988
03327539330
03327537133
03327537828
03327531851
03327531233
03327536631
03327538071
03327536047
03327532996
03327531165
03327537493
03327535907
03327536376
03327533829
03327536903
03327536761
03327534989
03327534164
03327537947
03327538968
03327534449
03327533565
03327534060
03327537870
03327531431
03327536718
03327534768
03327531992
03327539317
03327533015
03327539135
03327532030
03327532672
03327532891
03327533333
03327532290
03327539661
03327534815
03327531129
03327531334
03327532131
03327535633
03327534235
03327539916
03327531954
03327533196
03327539998
03327538827
03327532968
03327532283
03327537251
03327537045
03327537401
03327537667
03327532570
03327534615
03327533927
03327535429
03327531004
03327531847
03327534478
03327536772
03327534346
03327531157
03327534012
03327533427
03327532699
03327539994
03327534503
03327537409
03327535761
03327537838
03327533115
03327531434
03327538426
03327533634
03327531515
03327534764
03327531571
03327531993
03327536852
03327534778
03327535626
03327535490
03327535666
03327539719
03327535045
03327536610
03327539385
03327539487
03327537653
03327538861
03327539889
03327537942
03327539769
03327537299
03327538832
03327538465
03327534873
03327531489
03327539207
03327534285
03327536233
03327534144
03327536567
03327533099
03327539162
03327533858
03327539010
03327531358
03327534431
03327539920
03327539567
03327535530
03327538522
03327537761
03327532979
03327539688
03327539457
03327537713
03327533628
03327533780
03327539564
03327533744
03327532756
03327536822
03327531801
03327531656
03327531581
03327531978
03327533289
03327536419
03327531204
03327539433
03327535575
03327533739
03327531946
03327537448
03327535526
03327531115
03327538128
03327533221
03327538941
03327533228
03327539419
03327532008
03327534320
03327539144
03327539007
03327534074
03327535112
03327531493
03327532452
03327534579
03327532822
03327532340
03327532056
03327534315
03327539701
03327532850
03327537941
03327536277
03327539111
03327537317
03327538327
03327537403
03327535948
03327537511
03327533350
03327536598
03327535499
03327533422
03327539528
03327537402
03327539793
03327532512
03327532573
03327537903
03327538176
03327534925
03327531602
03327535107
03327533469
03327536799
03327538427
03327534044
03327534116
03327532101
03327533680
03327536916
03327531496
03327534262
03327534895
03327535158
03327531892
03327533955
03327539400
03327534938
03327532263
03327533941
03327537188
03327534185
03327536771
03327531347
03327536407
03327535031
03327535908
03327538243
03327537380
03327539799
03327537071
03327539623
03327539377
03327535411
03327535300
03327536113
03327533457
03327539316
03327531076
03327537179
03327533914
03327535387
03327535087
03327537040
03327531206
03327532857
03327531238
03327535943
03327539930
03327535330
03327532333
03327538164
03327535587
03327532480
03327536881
03327535096
03327538087
03327531704
03327534331
03327535403
03327539638
03327536150
03327537872
03327539200
03327532858
03327534187
03327534155
03327531384
03327536259
03327533516
03327535120
03327538074
03327536174
03327536941
03327535832
03327538662
03327533434
03327535481
03327539969
03327533779
03327532947
03327531152
03327535488
03327534699
03327537032
03327534934
03327533383
03327532708
03327531492
03327535384
03327535056
03327532373
03327533366
03327538103
03327531755
03327535775
03327533946
03327536073
03327531143
03327534647
03327534406
03327538154
03327532255
03327531608
03327535669
03327536589
03327539922
03327539668
03327532370
03327537536
03327536720
03327533711
03327538158
03327537155
03327539221
03327534084
03327532875
03327536657
03327532023
03327539736
03327537543
03327531118
03327534568
03327532466
03327539202
03327531678
03327539705
03327536023
03327537706
03327531804
03327536504
03327535021
03327536324
03327536779
03327535044
03327537039
03327534903
03327535462
03327532686
03327534836
03327536645
03327537181
03327539944
03327534600
03327539862
03327533197
03327534485
03327532623
03327536862
03327539589
03327533586
03327539788
03327532405
03327535110
03327534910
03327533644
03327534663
03327535731
03327538689
03327537865
03327532442
03327539039
03327531100
03327539618
03327537120
03327534274
03327538431
03327539731
03327535821
03327532021
03327537077
03327533151
03327536161
03327534508
03327537319
03327533880
03327534291
03327533430
03327536735
03327533192
03327535256
03327539369
03327531929
03327539992
03327535245
03327537217
03327538022
03327539105
03327536428
03327538491
03327532078
03327533770
03327534111
03327532096
03327534867
03327535503
03327536456
03327533855
03327533967
03327534495
03327537833
03327537065
03327537483
03327538412
03327536336
03327534398
03327534435
03327534095
03327539250
03327533782
03327531731
03327537688
03327537128
03327539028
03327539463
03327539392
03327533529
03327538536
03327533307
03327535338
03327532411
03327532451
03327538376
03327537835
03327533248
03327539336
03327531289
03327538985
03327537433
03327532158
03327538180
03327539733
03327537867
03327534093
03327537642
03327539675
03327534861
03327537178
03327538374
03327537427
03327533230
03327534574
03327536854
03327535959
03327534526
03327538025
03327532145
03327537743
03327535960
03327537959
03327536563
03327531186
03327538517
03327539913
03327532493
03327532745
03327534969
03327539730
03327532542
03327539933
03327539300
03327539436
03327533631
03327534177
03327538298
03327532045
03327535272
03327532531
03327534829
03327536106
03327536714
03327531473
03327537632
03327537588
03327534731
03327532132
03327537530
03327534947
03327534546
03327536923
03327533404
03327536579
03327538205
03327533296
03327537417
03327535066
03327533847
03327535697
03327537957
03327536155
03327538655
03327533688
03327533807
03327535779
03327538781
03327537337
03327532141
03327532419
03327535201
03327537167
03327531906
03327534436
03327532474
03327539229
03327533751
03327534426
03327538349
03327536597
03327533827
03327531544
03327536623
03327532809
03327531439
03327534713
03327536737
03327536306
03327533741
03327534425
03327534175
03327531374
03327537801
03327537469
03327531140
03327538766
03327538142
03327536067
03327535886
03327538845
03327535786
03327538095
03327538107
03327535511
03327538420
03327534618
03327531271
03327532338
03327531360
03327532327
03327537110
03327537064
03327534340
03327535900
03327534386
03327538400
03327537993
03327532991
03327536635
03327535005
03327538089
03327534985
03327537420
03327532698
03327533331
03327535778
03327538317
03327531688
03327533645
03327533153
03327531705
03327532815
03327539046
03327531104
03327535768
03327535467
03327531499
03327536938
03327535115
03327534979
03327533993
03327533415
03327536528
03327533851
03327532130
03327534411
03327536227
03327536284
03327531008
03327536698
03327536595
03327532282
03327532697
03327534754
03327534839
03327539451
03327531484
03327535944
03327537948
03327536316
03327534439
03327535061
03327536442
03327532254
03327533044
03327537775
03327538216
03327534222
03327531784
03327534902
03327535160
03327538535
03327539302
03327539575
03327531985
03327534660
03327536278
03327533856
03327533417
03327534405
03327539172
03327533185
03327538802
03327535689
03327532953
03327537487
03327534939
03327533494
03327538049
03327538814
03327534551
03327537534
03327537691
03327537943
03327532157
03327533183
03327538509
03327532792
03327532476
03327534811
03327537379
03327537537
03327536219
03327535537
03327539875
03327538191
03327536824
03327539665
03327534091
03327537141
03327531910
03327535266
03327531875
03327537639
03327536564
03327533276
03327533735
03327536087
03327536580
03327533983
03327531767
03327531883
03327536216
03327536716
03327534121
03327535347
03327534361
03327535806
03327531265
03327539470
03327537415
03327537611
03327536748
03327536670
03327538383
03327538391
03327534489
03327537410
03327535624
03327532424
03327533892
03327535592
03327533092
03327538221
03327539516
03327531748
03327531292
03327532235
03327533769
03327537992
03327531974
03327535544
03327539428
03327538743
03327536515
03327539981
03327536069
03327536374
03327537094
03327532675
03327532676
03327534056
03327535352
03327537695
03327532091
03327536573
03327536143
03327539459
03327532323
03327536412
03327538528
03327537902
03327537126
03327531109
03327533284
03327534513
03327537234
03327533646
03327539619
03327534773
03327532838
03327538963
03327535642
03327531519
03327537822
03327533929
03327538498
03327532988
03327537692
03327535724
03327533596
03327538865
03327535662
03327537626
03327538532
03327539651
03327533694
03327537015
03327531526
03327531617
03327535406
03327539801
03327537620
03327531556
03327536066
03327539860
03327539029
03327533057
03327531754
03327532513
03327538732
03327536345
03327535678
03327537940
03327534500
03327532483
03327537485
03327538121
03327532488
03327537560
03327531442
03327536020
03327531086
03327535122
03327532868
03327535822
03327537437
03327534128
03327533898
03327536266
03327537862
03327538637
03327531387
03327532487
03327533210
03327534864
03327532520
03327539984
03327537125
03327535150
03327531211
03327536985
03327534040
03327537285
03327537313
03327534623
03327538289
03327533009
03327531971
03327534625
03327536690
03327531294
03327532217
03327534659
03327534041
03327538234
03327534620
03327531392
03327536097
03327539094
03327536887
03327532289
03327534350
03327536052
03327531586
03327538895
03327539972
03327538836
03327533396
03327534092
03327538202
03327533838
03327535627
03327533238
03327538378
03327534602
03327535572
03327536519
03327533569
03327539794
03327532465
03327536550
03327536591
03327535593
03327535023
03327534586
03327535701
03327536702
03327534114
03327531476
03327536659
03327532969
03327537853
03327537898
03327531987
03327536131
03327532606
03327531381
03327531043
03327537719
03327538578
03327532285
03327537830
03327532482
03327538618
03327531792
03327536429
03327533943
03327533056
03327535065
03327533243
03327535453
03327533150
03327537804
03327533504
03327538129
03327531041
03327534264
03327532603
03327538665
03327535671
03327532178
03327537806
03327536334
03327536346
03327534309
03327535209
03327534549
03327532363
03327538113
03327538306
03327537878
03327532104
03327537082
03327534909
03327537684
03327537532
03327533603
03327534610
03327532444
03327534974
03327534183
03327532626
03327532074
03327531565
03327533844
03327537397
03327533454
03327539539
03327534342
03327534113
03327539164
03327536810
03327536440
03327533986
03327537596
03327538746
03327539856
03327538693
03327535229
03327539690
03327535198
03327538936
03327538736
03327531506
03327534339
03327534055
03327533227
03327537203
03327533622
03327533708
03327534272
03327532744
03327531364
03327537152
03327536769
03327532823
03327533771
03327534193
03327538714
03327535293
03327537589
03327539936
03327534856
03327538047
03327535916
03327537215
03327534493
03327537428
03327531823
03327532628
03327533390
03327538660
03327536874
03327538033
03327539413
03327535109
03327533583
03327539236
03327536386
03327533324
03327536001
03327531540
03327538460
03327537963
03327535919
03327531536
03327533643
03327539812
03327537813
03327538990
03327539483
03327536652
03327538138
03327536011
03327533016
03327539129
03327536280
03327532449
03327537974
03327538492
03327539895
03327534790
03327534780
03327533605
03327531709
03327531405
03327531203
03327536612
03327538855
03327539556
03327534376
03327538755
03327536224
03327538573
03327536423
03327533578
03327537884
03327536463
03327532761
03327536970
03327537571
03327536220
03327531234
03327535885
03327533047
03327538565
03327533172
03327532150
03327537931
03327531933
03327538406
03327537254
03327537787
03327534958
03327537095
03327533762
03327537256
03327536792
03327532161
03327531130
03327534396
03327537646
03327532010
03327533249
03327532019
03327536634
03327534138
03327535184
03327539324
03327531096
03327535737
03327539040
03327533051
03327532356
03327537051
03327535171
03327533591
03327531505
03327539891
03327535665
03327533207
03327538713
03327536120
03327535401
03327534845
03327534204
03327531296
03327537795
03327533222
03327537930
03327539220
03327537658
03327538055
03327532434
03327537067
03327533740
03327534132
03327539657
03327539805
03327534079
03327539225
03327534054
03327531914
03327536821
03327533358
03327536353
03327533823
03327535756
03327538645
03327537024
03327538214
03327532919
03327535927
03327533635
03327537522
03327535995
03327531060
03327539256
03327531949
03327535661
03327533406
03327532284
03327532232
03327537610
03327533247
03327535687
03327536546
03327538907
03327536894
03327531346
03327534639
03327538023
03327535541
03327537850
03327537869
03327533971
03327537465
03327539284
03327535843
03327532196
03327539444
03327535135
03327536506
03327533431
03327535535
03327536609
03327533661
03327538744
03327534823
03327537275
03327538392
03327538508
03327534537
03327531126
03327532653
03327532099
03327538116
03327537538
03327536025
03327534580
03327538995
03327531980
03327538144
03327533191
03327535284
03327534483
03327536377
03327532787
03327534266
03327539816
03327536930
03327535852
03327533486
03327534415
03327539106
03327535215
03327533395
03327537185
03327535588
03327539110
03327531926
03327535353
03327534628
03327535517
03327535553
03327539538
03327532015
03327538338
03327536269
03327538387
03327539915
03327537952
03327531686
03327536406
03327531627
03327532864
03327536695
03327537565
03327539038
03327537975
03327531888
03327537085
03327539192
03327536006
03327533364
03327535381
03327534799
03327535308
03327531413
03327534609
03327536313
03327536826
03327535186
03327539036
03327532837
03327536828
03327532636
03327537481
03327535022
03327532264
03327536127
03327532704
03327538657
03327537063
03327536479
03327537578
03327537650
03327535706
03327538970
03327538442
03327537457
03327532905
03327536046
03327535378
03327536853
03327533343
03327535372
03327539579
03327537677
03327531488
03327536200
03327531147
03327539252
03327539604
03327534169
03327539709
03327539878
03327532041
03327533810
03327536142
03327538245
03327537030
03327538663
03327531120
03327538114
03327536215
03327538619
03327539931
03327537258
03327532365
03327538169
03327532783
03327534847
03327533125
03327539609
03327533893
03327535574
03327536431
03327538398
03327536102
03327538653
03327539261
03327538564
03327536795
03327532245
03327534005
03327531567
03327538973
03327538608
03327536976
03327536709
03327538459
03327532574
03327531461
03327537238
03327536000
03327539355
03327535813
03327532431
03327535143
03327532670
03327534656
03327539460
03327536954
03327532029
03327531824
03327537686
03327536775
03327535690
03327533392
03327539560
03327533377
03327536470
03327534665
03327537035
03327532432
03327533933
03327532706
03327534008
03327536065
03327538864
03327539905
03327531469
03327534711
03327531574
03327531651
03327533830
03327535938
03327532320
03327536443
03327533441
03327533113
03327534507
03327535035
03327531044
03327538583
03327533590
03327536303
03327533846
03327536439
03327535978
03327537675
03327535395
03327537484
03327531210
03327539964
03327534534
03327533861
03327536153
03327536807
03327537048
03327532974
03327534038
03327539561
03327531056
03327531224
03327533922
03327537924
03327538897
03327531661
03327535425
03327532475
03327535018
03327536213
03327533306
03327531842
03327536179
03327534166
03327532620
03327535973
03327531673
03327531179
03327532582
03327537287
03327537458
03327534474
03327535608
03327538388
03327534284
03327532817
03327534921
03327539866
03327535980
03327531644
03327539559
03327532312
03327538302
03327535221
03327532059
03327533760
03327531135
03327533121
03327539715
03327537535
03327531132
03327539022
03327537648
03327539383
03327539578
03327539112
03327533936
03327537615
03327534422
03327531459
03327539817
03327534086
03327539006
03327537326
03327534705
03327534607
03327537670
03327536451
03327539120
03327538822
03327536152
03327535712
03327534337
03327534759
03327532666
03327534475
03327532392
03327537342
03327535168
03327536868
03327537708
03327533857
03327539093
03327537889
03327536843
03327537972
03327535924
03327537196
03327538737
03327534316
03327535265
03327536633
03327532931
03327537783
03327531902
03327536128
03327539663
03327538793
03327535341
03327534719
03327535443
03327533391
03327538227
03327533468
03327532489
03327535513
03327532418
03327531047
03327532897
03327535751
03327538516
03327536021
03327532456
03327533540
03327535050
03327537127
03327535191
03327532605
03327539830
03327536578
03327539924
03327532965
03327538225
03327538050
03327533253
03327537010
03327538969
03327539751
03327538445
03327534214
03327539150
03327531884
03327539310
03327537392
03327532032
03327533386
03327535905
03327533642
03327538315
03327532681
03327533036
03327533879
03327532564
03327538893
03327532547
03327532777
03327537893
03327532415
03327538740
03327539546
03327539576
03327537973
03327532705
03327535094
03327531582
03327537375
03327536494
03327536041
03327539185
03327537892
03327538567
03327537059
03327534583
03327531714
03327538261
03327533584
03327532166
03327534328
03327535932
03327539783
03327535872
03327534575
03327537204
03327536372
03327531417
03327534976
03327533291
03327533839
03327536329
03327535668
03327533630
03327536706
03327538086
03327536186
03327536995
03327534693
03327534672
03327531063
03327532724
03327533614
03327539792
03327536832
03327539212
03327537006
03327536473
03327539823
03327539102
03327534209
03327534728
03327538915
03327538083
03327531554
03327535497
03327531226
03327538141
03327538937
03327539642
03327531209
03327534249
03327531715
03327535309
03327538174
03327537107
03327534727
03327538879
03327536537
03327534882
03327536798
03327531079
03327539713
03327535597
03327534758
03327532980
03327531169
03327538811
03327539023
03327536270
03327534676
03327533937
03327535653
03327538003
03327532757
03327538455
03327536060
03327534359
03327531649
03327531994
03327539481
03327535720
03327534502
03327534032
03327531285
03327534417
03327538428
03327531610
03327535609
03327531137
03327538652
03327536957
03327539718
03327532328
03327537004
03327538296
03327535703
03327532609
03327535549
03327536387
03327531144
03327539490
03327538322
03327533652
03327532967
03327538668
03327539244
03327531002
03327534351
03327531094
03327531695
03327537109
03327534393
03327537841
03327533065
03327536865
03327534105
03327531498
03327536341
03327534645
03327533697
03327533777
03327533110
03327538953
03327537805
03327533087
03327536095
03327538145
03327534775
03327538643
03327536365
03327539692
03327536786
03327537557
03327536392
03327539894
03327533902
03327537138
03327535561
03327532617
03327532625
03327534217
03327537311
03327534023
03327535546
03327537225
03327531240
03327532759
03327533573
03327532538
03327533066
03327534421
03327531961
03327536547
03327535106
03327533283
03327531397
03327534750
03327536639
03327538342
03327536469
03327532244
03327533954
03327531945
03327531877
03327537330
03327537464
03327537707
03327532467
03327535545
03327535415
03327533632
03327539484
03327539079
03327537356
03327535603
03327536717
03327531701
03327538061
03327535391
03327532546
03327537669
03327534027
03327539273
03327535750
03327532898
03327533104
03327537599
03327536421
03327533089
03327533538
03327531142
03327532798
03327534533
03327533799
03327532317
03327537393
03327534191
03327539921
03327536640
03327538407
03327533034
03327539398
03327534207
03327533436
03327538168
03327537357
03327531881
03327532647
03327539742
03327533117
03327536379
03327531479
03327536762
03327539182
03327536099
03327531852
03327538013
03327534234
03327537221
03327531880
03327531558
03327536258
03327537265
03327533662
03327533290
03327531194
03327532213
03327531466
03327532165
03327538546
03327536180
03327531885
03327531389
03327538356
03327537419
03327535009
03327536293
03327537060
03327534999
03327534912
03327531385
03327537388
03327533209
03327535477
03327533509
03327531217
03327536389
03327532477
03327539454
03327533088
03327536913
03327535568
03327536969
03327533934
03327532800
03327533440
03327535147
03327535878
03327532807
03327536383
03327531249
03327536549
03327534370
03327535717
03327539653
03327539808
03327534542
03327534078
03327538955
03327537600
03327532563
03327539699
03327535496
03327538912
03327538901
03327534330
03327533924
03327535062
03327538040
03327534131
03327536606
03327534259
03327539327
03327536858
03327535258
03327532522
03327531509
03327534563
03327534228
03327536960
03327536847
03327532272
03327537260
03327532426
03327538082
03327534978
03327535200
03327537505
03327538476
03327532458
03327535946
03327539335
03327536132
03327534550
03327532568
03327538553
03327536474
03327532851
03327534824
03327538110
03327534233
03327536664
03327535613
03327536048
03327531628
03327539058
03327534358
03327535981
03327534627
03327536287
03327531925
03327538041
03327538450
03327536608
03327531561
03327536325
03327531456
03327533964
03327535315
03327531208
03327535514
03327536424
03327532163
03327538494
03327534653
03327535805
03327539595
03327538866
03327534242
03327535794
03327536883
03327532896
03327534189
03327537482
03327534977
03327531743
03327535732
03327538035
03327536628
03327538432
03327536243
03327533263
03327536654
03327531348
03327538093
03327535206
03327535203
03327535863
03327535547
03327536692
03327535667
03327537682
03327536310
03327535554
03327539438
03327533813
03327533571
03327534674
03327537478
03327531231
03327538122
03327538410
03327532212
03327533974
03327534445
03327538789
03327537689
03327533655
03327532278
03327539993
03327539113
03327539443
03327536195
03327532368
03327534622
03327537274
03327531597
03327533825
03327539184
03327536455
03327537776
03327533055
03327535407
03327535663
03327535801
03327532585
03327537137
03327531864
03327532367
03327538762
03327531799
03327537365
03327534369
03327537376
03327535634
03327536524
03327534584
03327533357
03327538404
03327532037
03327537519
03327536669
03327531982
03327537157
03327536871
03327533312
03327539057
03327534820
03327538913
03327535238
03327532758
03327534906
03327533731
03327537384
03327532085
03327536622
03327534897
03327537944
03327534558
03327539053
03327533014
03327532552
03327532922
03327536189
03327535194
03327538163
03327534928
03327535114
03327534053
03327538318
03327535364
03327534006
03327536197
03327535611
03327537880
03327532793
03327539522
03327535972
03327536973
03327539227
03327535433
03327536268
03327535359
03327532260
03327532654
03327535276
03327531897
03327532621
03327537495
03327539049
03327537563
03327534521
03327533024
03327536899
03327538756
03327532081
03327531257
03327531747
03327538947
03327535202
03327535133
03327533266
03327533030
03327532033
03327532190
03327538926
03327535025
03327538447
03327535508
03327532615
03327539838
03327533755
03327536712
03327531813
03327533467
03327538701
03327536561
03327536288
03327533359
03327539768
03327532622
03327534186
03327534102
03327531369
03327533365
03327535164
03327537531
03327533474
03327534948
03327535305
03327538293
03327539495
03327534576
03327531390
03327539840
03327536478
03327535000
03327537861
03327537790
03327539505
03327533045
03327532385
03327538914
03327531773
03327533498
03327533433
03327531376
03327531718
03327534739
03327537078
03327534601
03327539249
03327539764
03327538590
03327539180
03327538339
03327538519
03327538268
03327537651
03327533864
03327535192
03327531232
03327533676
03327534178
03327535470
03327532997
03327533918
03327536312
03327531159
03327534033
03327531514
03327539211
03327538571
03327537498
03327536789
03327536409
03327538681
03327539271
03327538707
03327539649
03327534117
03327531263
03327537909
03327538305
03327539175
03327539757
03327536247
03327536898
03327534611
03327535213
03327536739
03327538269
03327538604
03327535146
03327535273
03327539809
03327539870
03327533753
03327535292
03327537694
03327534442
03327533085
03327539061
03327531989
03327533157
03327538211
03327536863
03327539896
03327535728
03327533890
03327531757
03327532013
03327537338
03327533077
03327533960
03327532321
03327538109
03327533534
03327536656
03327532267
03327539839
03327534247
03327537510
03327532616
03327534733
03327536671
03327537186
03327538831
03327537570
03327538527
03327538708
03327531382
03327535246
03327539573
03327532470
03327538370
03327531332
03327535409
03327534392
03327537851
03327535333
03327536036
03327538372
03327535116
03327539157
03327535086
03327532279
03327538917
03327534246
03327531521
03327531490
03327537020
03327537547
03327537368
03327535876
03327536834
03327531283
03327535906
03327539334
03327531800
03327532796
03327536019
03327536322
03327534301
03327537293
03327532318
03327539452
03327534942
03327535180
03327532870
03327539849
03327539954
03327536361
03327537753
03327538489
03327531003
03327535551
03327531580
03327539914
03327538817
03327539179
03327531901
03327537116
03327533593
03327534208
03327531366
03327532125
03327533078
03327534635
03327539814
03327533048
03327536860
03327536057
03327532972
03327535136
03327533438
03327535043
03327539152
03327532050
03327533407
03327531501
03327532335
03327535681
03327531349
03327531504
03327537723
03327536876
03327531726
03327536849
03327537011
03327538235
03327535953
03327535239
03327539892
03327531478
03327537844
03327537309
03327538549
03327536678
03327532306
03327539361
03327535427
03327539641
03327535880
03327534862
03327533548
03327534089
03327534723
03327534991
03327539050
03327535964
03327538334
03327533547
03327531246
03327538286
03327536427
03327534150
03327539295
03327533199
03327531735
03327535625
03327534494
03327537858
03327533913
03327533657
03327532799
03327534293
03327539290
03327534569
03327532364
03327531421
03327537369
03327535012
03327533372
03327532404
03327536225
03327535383
03327534787
03327537382
03327539328
03327537581
03327538021
03327533734
03327536351
03327532191
03327534756
03327536673
03327538978
03327538882
03327536864
03327539138
03327535922
03327535510
03327539785
03327533651
03327536675
03327533071
03327535983
03327537489
03327536910
03327539309
03327537887
03327536990
03327534071
03327538056
03327536085
03327538709
03327538951
03327537715
03327536830
03327531825
03327535260
03327538220
03327532828
03327539542
03327537282
03327534950
03327534965
03327537075
03327533790
03327537845
03327536397
03327531375
03327531090
03327535845
03327539269
03327532147
03327538281
03327533020
03327531131
03327531728
03327537965
03327537031
03327539343
03327539828
03327535664
03327533140
03327535451
03327532055
03327536481
03327533493
03327533205
03327538881
03327532040
03327539680
03327538240
03327532727
03327531869
03327532555
03327533112
03327537961
03327539938
03327539716
03327532940
03327537933
03327533488
03327537246
03327532394
03327534341
03327534893
03327534681
03327532352
03327533170
03327536039
03327538601
03327537605
03327535921
03327537462
03327539325
03327536241
03327539170
03327537474
03327539374
03327533108
03327532117
03327536062
03327535679
03327533489
03327535940
03327536058
03327539525
03327536192
03327532012
03327533615
03327537970
03327533179
03327539517
03327537284
03327532168
03327533006
03327531922
03327531336
03327532203
03327539740
03327538763
03327536014
03327534904
03327536672
03327534446
03327534048
03327536514
03327532409
03327533909
03327533479
03327537683
03327535990
03327537956
03327532089
03327535567
03327534470
03327531636
03327535328
03327533098
03327536318
03327531923
03327532992
03327535746
03327539613
03327534560
03327537603
03327537722
03327538958
03327538927
03327532766
03327536503
03327536911
03327531333
03327532773
03327538057
03327535782
03327539148
03327533601
03327539337
03327531443
03327533749
03327536982
03327531344
03327536582
03327535793
03327537729
03327535752
03327532231
03327539139
03327531936
03327531429
03327534486
03327533218
03327538063
03327531853
03327531703
03327538824
03327534984
03327537988
03327532120
03327532775
03327539390
03327531603
03327534303
03327535864
03327531500
03327531020
03327531228
03327539654
03327536696
03327533626
03327538529
03327535649
03327534372
03327532539
03327531343
03327532945
03327531295
03327535930
03327535538
03327539177
03327535861
03327536743
03327537764
03327539210
03327531463
03327537633
03327532929
03327533611
03327533465
03327535156
03327532591
03327533175
03327532445
03327536644
03327536844
03327533852
03327532425
03327533818
03327531716
03327538981
03327535185
03327538483
03327531889
03327536585
03327539000
03327539319
03327533437
03327537492
03327539333
03327534641
03327538703
03327538672
03327534432
03327533270
03327535362
03327531407
03327532366
03327532920
03327532135
03327534630
03327532841
03327536103
03327538351
03327538615
03327539076
03327533271
03327532835
03327539842
03327535149
03327539637
03327539822
03327538184
03327535650
03327537593
03327536953
03327536574
03327534927
03327537113
03327535356
03327534702
03327538537
03327534892
03327534014
03327537463
03327531967
03327531093
03327532462
03327532639
03327539260
03327533689
03327534992
03327536281
03327532921
03327531482
03327533448
03327532336
03327533795
03327535139
03327533665
03327534797
03327533696
03327534419
03327538446
03327539283
03327531834
03327538801
03327534557
03327536790
03327534112
03327534473
03327531667
03327539710
03327534188
03327532256
03327532211
03327533409
03327537937
03327536758
03327539780
03327535127
03327538172
03327535954
03327535620
03327536497
03327537665
03327531059
03327534302
03327535242
03327538965
03327539447
03327539044
03327538364
03327539908
03327538303
03327533277
03327539760
03327531097
03327532128
03327536210
03327534612
03327531485
03327531548
03327534766
03327531345
03327535076
03327536027
03327538602
03327536447
03327536253
03327536935
03327534001
03327535222
03327531782
03327533166
03327533500
03327534151
03327539634
03327533480
03327534029
03327536043
03327539409
03327533052
03327539574
03327536741
03327532754
03327534363
03327533889
03327533854
03327539761
03327539235
03327531856
03327533506
03327534162
03327535704
03327531427
03327539627
03327533875
03327531711
03327531596
03327531563
03327534585
03327536544
03327535205
03327533394
03327539536
03327539512
03327534181
03327537336
03327534752
03327534814
03327534916
03327537777
03327539313
03327536513
03327539867
03327539097
03327538421
03327535460
03327531256
03327539837
03327534706
03327532651
03327532293
03327538439
03327531683
03327538461
03327534629
03327533994
03327539980
03327539756
03327531789
03327532291
03327536992
03327533566
03327532088
03327538501
03327535698
03327539493
03327531696
03327538980
03327539745
03327538280
03327539674
03327539475
03327536986
03327538896
03327534592
03327533131
03327539315
03327534684
03327532518
03327539886
03327537307
03327538767
03327533169
03327532185
03327537749
03327536204
03327538717
03327538945
03327539582
03327532703
03327539288
03327534283
03327534244
03327536349
03327533668
03327534803
03327532400
03327532643
03327538957
03327536366
03327534617
03327537598
03327536975
03327531809
03327533663
03327536576
03327531924
03327539950
03327533997
03327531340
03327532846
03327536604
03327535071
03327538197
03327539381
03327536914
03327532504
03327538152
03327539774
03327539784
03327535046
03327538791
03327539351
03327532413
03327531970
03327538785
03327535918
03327531029
03327539932
03327535758
03327532395
03327537235
03327536534
03327533443
03327538402
03327531302
03327533519
03327538206
03327538777
03327532427
03327536749
03327539169
03327536802
03327532247
03327535543
03327533132
03327534168
03327536615
03327537979
03327535211
03327535421
03327532914
03327532859
03327532575
03327532146
03327535170
03327535969
03327536565
03327536330
03327533743
03327536319
03327534553
03327533149
03327533193
03327536357
03327531860
03327539965
03327539262
03327533803
03327534970
03327535464
03327536687
03327532975
03327531579
03327534637
03327537112
03327531430
03327539615
03327534786
03327536252
03327534184
03327532894
03327532360
03327533604
03327531595
03327538190
03327537866
03327536462
03327538661
03327539099
03327537739
03327532750
03327539629
03327531593
03327531316
03327534326
03327536436
03327531938
03327535578
03327533041
03327532674
03327533938
03327531739
03327531398
03327537003
03327538876
03327533794
03327538233
03327539537
03327539292
03327534073
03327533781
03327534137
03327532011
03327539065
03327531050
03327536425
03327534476
03327535291
03327531001
03327534501
03327536109
03327531560
03327532717
03327536289
03327538741
03327532951
03327532202
03327532106
03327534868
03327538639
03327536650
03327539810
03327539041
03327536732
03327539469
03327535493
03327536359
03327539852
03327535589
03327536819
03327532963
03327536763
03327538099
03327531412
03327537602
03327538771
03327539067
03327533326
03327539633
03327535323
03327532906
03327537023
03327532629
03327533926
03327537200
03327538889
03327537362
03327535336
03327536530
03327538438
03327535382
03327539142
03327533294
03327534788
03327531956
03327539486
03327535319
03327539766
03327533042
03327533174
03327531049
03327536526
03327535956
03327532950
03327535675
03327539739
03327531444
03327531072
03327537068
03327534043
03327536754
03327539725
03327532028
03327538133
03327532359
03327533420
03327532863
03327536151
03327535487
03327532156
03327532269
03327534863
03327534462
03327538052
03327539243
03327534294
03327536800
03327536727
03327531236
03327539171
03327531342
03327539070
03327539331
03327539496
03327533911
03327535599
03327534180
03327537568
03327535430
03327533269
03327537896
03327535367
03327536140
03327532460
03327534170
03327531780
03327531621
03327535562
03327531969
03327539851
03327535923
03327534896
03327534136
03327533575
03327531639
03327537656
03327535691
03327533120
03327539746
03327534782
03327535519
03327538554
03327539232
03327537967
03327532695
03327535124
03327533189
03327534410
03327537161
03327537550
03327533507
03327539645
03327537987
03327539949
03327534621
03327533992
03327532610
03327537774
03327537577
03327534776
03327536385
03327532714
03327539387
03327534329
03327531406
03327531742
03327536782
03327532201
03327538962
03327539165
03327535474
03327533511
03327536794
03327535569
03327532115
03327532576
03327533522
03327537918
03327538738
03327537923
03327532861
03327535755
03327537177
03327537747
03327538769
03327534827
03327531751
03327537279
03327531141
03327532612
03327532593
03327538760
03327531270
03327534206
03327535032
03327537567
03327534282
03327533023
03327536100
03327534142
03327534407
03327535890
03327532932
03327539011
03327536621
03327539791
03327536242
03327536776
03327537827
03327536167
03327532429
03327537690
03327533532
03327536086
03327532463
03327532469
03327537343
03327532540
03327535251
03327532614
03327535829
03327538670
03327533381
03327536614
03327539286
03327536855
03327535851
03327531713
03327539417
03327532210
03327536559
03327534300
03327534356
03327535326
03327534152
03327539727
03327533481
03327533702
03327535174
03327531525
03327535212
03327537345
03327536647
03327536599
03327536753
03327534993
03327535408
03327537268
03327535849
03327532369
03327538727
03327538971
03327535834
03327532262
03327531529
03327536267
03327539900
03327539510
03327539204
03327535113
03327539963
03327533206
03327534423
03327533568
03327535684
03327538397
03327532956
03327538539
03327536483
03327532854
03327535798
03327539521
03327534807
03327535082
03327535998
03327535069
03327539025
03327538726
03327534456
03327533090
03327532181
03327539979
03327539523
03327534697
03327534730
03327531411
03327533602
03327534963
03327538183
03327531637
03327537046
03327531917
03327539265
03327534427
03327535119
03327532345
03327533503
03327538417
03327532436
03327536959
03327536897
03327531101
03327534791
03327534279
03327531205
03327536388
03327531035
03327531991
03327531988
03327537699
03327537387
03327534261
03327536044
03327532892
03327532492
03327539030
03327531674
03327536317
03327533814
03327535714
03327538215
03327531460
03327535726
03327539201
03327532824
03327533298
03327534854
03327538186
03327536009
03327538060
03327538039
03327532170
03327537803
03327534509
03327536755
03327534433
03327531547
03327535630
03327533082
03327531319
03327531523
03327531958
03327539947
03327532222
03327531973
03327536116
03327531189
03327535366
03327534147
03327535762
03327533068
03327532159
03327538323
03327533173
03327537490
03327531038
03327532182
03327533535
03327536662
03327535167
03327537444
03327532595
03327535099
03327535580
03327535445
03327535904
03327536181
03327537320
03327538251
03327539364
03327539606
03327536773
03327534390
03327538725
03327535463
03327537654
03327538043
03327536236
03327532856
03327531551
03327536713
03327532000
03327538320
03327536053
03327534945
03327531309
03327535992
03327535435
03327531313
03327537298
03327531339
03327535475
03327533870
03327539635
03327534397
03327536575
03327536704
03327537860
03327538809
03327533356
03327534943
03327532650
03327531634
03327534153
03327535190
03327536441
03327538246
03327538667
03327531516
03327537681
03327531027
03327533145
03327531615
03327539681
03327534949
03327537084
03327535327
03327537182
03327536237
03327534520
03327539898
03327536552
03327531623
03327535482
03327539206
03327538457
03327537115
03327537314
03327537261
03327537674
03327536208
03327539670
03327531039
03327538902
03327538826
03327538007
03327532810
03327537502
03327531845
03327537591
03327533882
03327536018
03327531161
03327531730
03327533342
03327533483
03327536846
03327535141
03327539580
03327532721
03327536655
03327531199
03327535368
03327531017
03327538544
03327539669
03327533791
03327533487
03327536512
03327539877
03327537172
03327536725
03327539467
03327537580
03327534018
03327535079
03327534964
03327533948
03327534197
03327532683
03327531702
03327539614
03327534258
03327538952
03327539468
03327533952
03327531654
03327534762
03327539702
03327535548
03327536668
03327536937
03327535894
03327534364
03327538073
03327534443
03327535472
03327531195
03327531107
03327539311
03327534310
03327535619
03327537773
03327533031
03327535515
03327533079
03327539301
03327534595
03327531614
03327537528
03327533046
03327538363
03327531997
03327538890
03327536003
03327534603
03327538341
03327531948
03327534083
03327534738
03327534499
03327536931
03327537007
03327536415
03327533148
03327536459
03327538149
03327538385
03327539045
03327537255
03327538813
03327535340
03327533021
03327531862
03327539431
03327534865
03327538632
03327538547
03327535790
03327537523
03327532521
03327535581
03327538131
03327532855
03327534013
03327531176
03327533562
03327534941
03327537013
03327536827
03327535925
03327539158
03327538503
03327533985
03327534869
03327538282
03327538928
03327532382
03327539602
03327537405
03327537262
03327534299
03327533232
03327532485
03327532830
03327531464
03327532438
03327539197
03327531522
03327537736
03327538620
03327539388
03327537286
03327538710
03327535166
03327534572
03327531631
03327538405
03327536501
03327532528
03327532693
03327535673
03327539476
03327533405
03327537976
03327536838
03327539084
03327538948
03327538226
03327534646
03327538065
03327537912
03327537703
03327531471
03327535020
03327539360
03327532715
03327531613
03327533556
03327534448
03327537189
03327536178
03327535659
03327539678
03327536939
03327535311
03327539749
03327533026
03327535850
03327536505
03327539885
03327538292
03327531330
03327537497
03327536592
03327533984
03327531524
03327539982
03327537049
03327535811
03327538994
03327531113
03327535369
03327537230
03327538598
03327537195
03327532251
03327533863
03327531964
03327536734
03327533059
03327533750
03327531326
03327536335
03327536445
03327537212
03327538558
03327539186
03327533541
03327539215
03327533905
03327539272
03327533007
03327533186
03327532310
03327536665
03327539797
03327539990
03327539188
03327533693
03327538195
03327531783
03327531913
03327533257
03327533558
03327537421
03327531105
03327537173
03327537033
03327532127
03327535614
03327538630
03327536248
03327533382
03327532853
03327535175
03327534716
03327535579
03327531857
03327534812
03327539133
03327532865
03327531932
03327538148
03327531312
03327538612
03327532177
03327533106
03327535299
03327532058
03327534182
03327533143
03327537445
03327537222
03327534399
03327539060
03327534818
03327538521
03327535893
03327535176
03327539391
03327532994
03327532748
03327534914
03327537635
03327539406
03327532829
03327535936
03327538561
03327537058
03327534159
03327535769
03327531844
03327532872
03327536493
03327531665
03327538430
03327534106
03327535145
03327539064
03327538228
03327538807
03327537962
03327536230
03327535404
03327531950
03327536298
03327538545
03327533459
03327531083
03327532768
03327537544
03327539666
03327532915
03327534052
03327538829
03327533037
03327532880
03327533472
03327536642
03327539557
03327534686
03327539714
03327533450
03327534049
03327537980
03327537150
03327536187
03327539934
03327537412
03327532265
03327539268
03327531831
03327538092
03327531351
03327534822
03327534536
03327537373
03327537135
03327535399
03327535157
03327539824
03327538287
03327532140
03327535897
03327536072
03327539976
03327532641
03327534149
03327533768
03327537263
03327534810
03327531687
03327539518
03327533334
03327534891
03327539587
03327539834
03327536340
03327539407
03327538680
03327537920
03327532402
03327532194
03327535279
03327534846
03327539077
03327531085
03327534484
03327533546
03327535639
03327534932
03327533028
03327539594
03327535226
03327533636
03327534798
03327534324
03327535911
03327533970
03327532407
03327537323
03327531153
03327539599
03327533953
03327536434
03327539884
03327534511
03327535651
03327532808
03327534067
03327533816
03327532973
03327535173
03327534203
03327538181
03327532936
03327531467
03327534887
03327539082
03327533754
03327532728
03327538838
03327531944
03327539304
03327536765
03327535771
03327538002
03327538179
03327533759
03327538329
03327531750
03327531260
03327535847
03327538589
03327532018
03327538300
03327539624
03327531058
03327533969
03327531871
03327531187
03327531171
03327532389
03327539401
03327538581
03327536051
03327533570
03327535957
03327533017
03327532253
03327539636
03327536823
03327538348
03327534712
03327535629
03327535532
03327531635
03327536814
03327538469
03327532587
03327538020
03327532667
03327533653
03327538136
03327536475
03327533492
03327534951
03327539293
03327533461
03327531188
03327538170
03327538112
03327531682
03327534348
03327534689
03327535772
03327533171
03327534042
03327535550
03327534519
03327531591
03327535131
03327538644
03327535177
03327538239
03327535354
03327537158
03327537169
03327538569
03327538301
03327533804
03327538805
03327533996
03327533999
03327533917
03327535586
03327531253
03327538006
03327537224
03327539167
03327537662
03327535715
03327539384
03327537191
03327535095
03327538444
03327537848
03327536360
03327534239
03327531436
03327531572
03327537038
03327536626
03327538768
03327537248
03327536080
03327534366
03327537321
03327538449
03327539767
03327534614
03327531229
03327539052
03327534642
03327539168
03327532396
03327534857
03327534952
03327536012
03327534800
03327531854
03327534696
03327531768
03327533416
03327537371
03327532516
03327537911
03327539928
03327536607
03327535350
03327535396
03327535468
03327531531
03327532126
03327537904
03327538079
03327533684
03327536500
03327536094
03327533496
03327535814
03327534021
03327533109
03327536533
03327538357
03327532092
03327537270
03327539240
03327535303
03327532558
03327538435
03327531258
03327539461
03327537269
03327536641
03327533949
03327534296
03327538084
03327531335
03327531277
03327536173
03327534002
03327538593
03327534858
03327538862
03327532109
03327535683
03327534953
03327538839
03327531125
03327536829
03327533002
03327539193
03327539160
03327532237
03327531632
03327535993
03327538556
03327537759
03327532374
03327535892
03327538996
03327534276
03327539199
03327536958
03327535217
03327534808
03327536624
03327531836
03327535169
03327536417
03327533802
03327532422
03327532403
03327536637
03327538236
03327533038
03327533314
03327533133
03327536226
03327533748
03327532596
03327533421
03327533973
03327531267
03327535325
03327532578
03327535595
03327533886
03327537734
03327532025
03327538765
03327535646
03327534552
03327536572
03327532100
03327534173
03327534383
03327531391
03327532325
03327537377
03327538820
03327535498
03327536098
03327536594
03327539821
03327537585
03327537443
03327538924
03327537905
03327539519
03327533903
03327534367
03327537176
03327539248
03327532017
03327538633
03327532999
03327532834
03327538217
03327535570
03327532679
03327533674
03327539051
03327536588
03327539787
03327539597
03327535471
03327532710
03327538625
03327538422
03327538916
03327531212
03327532958
03327538042
03327534081
03327531761
03327539226
03327533354
03327535225
03327535006
03327532993
03327537687
03327531700
03327535405
03327537809
03327537573
03327532659
03327532753
03327531873
03327534577
03327538173
03327538585
03327539802
03327531808
03327535457
03327537704
03327535632
03327537216
03327537894
03327534070
03327533797
03327539352
03327533256
03327536144
03327539424
03327533114
03327531817
03327534360
03327537328
03327536176
03327538218
03327533841
03327533162
03327534619
03327539855
03327536708
03327533363
03327535676
03327536403
03327533213
03327537886
03327536989
03327536207
03327531221
03327534101
03327531893
03327537792
03327535484
03327535748
03327537914
03327534748
03327534325
03327532093
03327536061
03327535137
03327536191
03327533177
03327535414
03327536841
03327537124
03327532726
03327537601
03327537906
03327531438
03327536677
03327537762
03327535914
03327533560
03327537241
03327532124
03327536083
03327537027
03327531568
03327533819
03327538635
03327539344
03327536122
03327531111
03327537834
03327535781
03327535686
03327538716
03327539367
03327534037
03327532562
03327539500
03327534735
03327538333
03327533281
03327531428
03327532508
03327536536
03327531151
03327538582
03327539554
03327538562
03327535565
03327539952
03327534843
03327538742
03327535270
03327531604
03327538852
03327535452
03327535485
03327539683
03327536722
03327539245
03327538210
03327531207
03327535423
03327536055
03327531420
03327538381
03327538437
03327537994
03327533425
03327539611
03327533896
03327538232
03327535882
03327535417
03327534709
03327534062
03327534688
03327533720
03327539592
03327537103
03327537426
03327533792
03327534789
03327536540
03327536059
03327537782
03327535028
03327538123
03327535051
03327536271
03327538666
03327533727
03327537499
03327538462
03327537508
03327534357
03327532507
03327536979
03327534160
03327538456
03327535991
03327537964
03327538222
03327538877
03327532631
03327534472
03327534308
03327538019
03327534540
03327537249
03327534140
03327534365
03327539857
03327537044
03327537300
03327534061
03327532266
03327536859
03327533304
03327538048
03327533962
03327531095
03327535267
03327533260
03327538675
03327538367
03327537857
03327534161
03327539016
03327537613
03327536007
03327538285
03327539970
03327537945
03327536398
03327536123
03327535048
03327537859
03327536308
03327539693
03327535489
03327534936
03327534404
03327537996
03327537476
03327532079
03327534975
03327539499
03327535976
03327538313
03327531935
03327532001
03327537852
03327533019
03327539323
03327533275
03327532795
03327535711
03327533080
03327537468
03327535064
03327536510
03327532584
03327532577
03327537394
03327537360
03327531350
03327538330
03327536551
03327533716
03327531078
03327535994
03327537202
03327534457
03327532755
03327534378
03327534505
03327532179
03327533788
03327539571
03327531826
03327535735
03327534504
03327531812
03327536468
03327535607
03327539689
03327531717
03327535504
03327535237
03327539307
03327538120
03327537259
03327539442
03327534165
03327534541
03327538851
03327537655
03327536121
03327533873
03327537989
03327537148
03327534816
03327531680
03327535702
03327534333
03327532073
03327539047
03327532399
03327531720
03327532765
03327532961
03327539488
03327532464
03327534616
03327535304
03327535891
03327533025
03327533698
03327538038
03327538979
03327532484
03327532645
03327535616
03327538108
03327533272
03327536457
03327535934
03327533355
03327532735
03327538500
03327539230
03327534229
03327537997
03327536752
03327533733
03327533156
03327534312
03327538700
03327533682
03327531957
03327536842
03327532301
03327538139
03327535812
03327531647
03327532535
03327532113
03327531630
03327532287
03327533809
03327535420
03327531882
03327539926
03327535789
03327532144
03327535080
03327532252
03327532719
03327533074
03327531099
03327531657
03327536928
03327534851
03327539858
03327535719
03327538874
03327535104
03327539789
03327536413
03327534859
03327537061
03327539450
03327535716
03327533667
03327539394
03327531014
03327539973
03327531123
03327533876
03327532633
03327532380
03327536148
03327536509
03327536767
03327534141
03327538891
03327532430
03327535710
03327539127
03327538775
03327535879
03327539478
03327535739
03327537553
03327538607
03327536934
03327533083
03327535617
03327537014
03327531245
03327539264
03327533906
03327536981
03327539535
03327531445
03327535078
03327532684
03327532304
03327534057
03327532928
03327531465
03327531890
03327538595
03327538467
03327534547
03327534654
03327538696
03327531798
03327532034
03327531832
03327537358
03327532871
03327535623
03327539224
03327531559
03327532453
03327536124
03327539541
03327535089
03327534987
03327536791
03327536381
03327533142
03327539019
03327537432
03327535125
03327538910
03327533837
03327531833
03327532987
03327539806
03327533147
03327531723
03327535674
03327536948
03327533163
03327531487
03327537164
03327533250
03327537561
03327531251
03327534088
03327531999
03327536984
03327533234
03327531534
03327536433
03327539544
03327534707
03327536917
03327532071
03327536797
03327538816
03327534825
03327532350
03327534669
03327538871
03327539703
03327536054
03327534327
03327539380
03327534931
03327535434
03327531018
03327531400
03327532550
03327535054
03327534571
03327536218
03327536485
03327538745
03327533128
03327532220
03327531530
03327537052
03327539775
03327531483
03327538161
03327536201
03327531299
03327535792
03327532274
03327537296
03327532097
03327533853
03327535816
03327532116
03327533439
03327535506
03327533935
03327537209
03327531983
03327538001
03327539673
03327535351
03327538787
03327532952
03327535529
03327536326
03327533561
03327536736
03327533589
03327539967
03327537364
03327539294
03327531861
03327533869
03327533310
03327531103
03327533233
03327539871
03327537910
03327532852
03327535324
03327534802
03327531149
03327532937
03327537477
03327531353
03327534695
03327534464
03327537840
03327536600
03327532353
03327538189
03327538368
03327533843
03327534491
03327539685
03327538485
03327533224
03327534819
03327535151
03327538201
03327533214
03327532473
03327538379
03327536068
03327538413
03327539174
03327535287
03327531895
03327533370
03327537166
03327533633
03327534960
03327537819
03327539354
03327536730
03327534289
03327538610
03327531491
03327531578
03327539988
03327534481
03327536171
03327533198
03327531329
03327539282
03327539033
03327536175
03327531778
03327537372
03327531907
03327538722
03327535557
03327537273
03327533656
03327533738
03327538419
03327537919
03327532544
03327533544
03327538230
03327538999
03327539996
03327534022
03327533485
03327533899
03327539421
03327537233
03327533724
03327534451
03327534467
03327539956
03327533624
03327535945
03327531163
03327539042
03327539124
03327539659
03327536159
03327536646
03327532192
03327537193
03327533588
03327536256
03327535085
03327534050
03327535636
03327533180
03327539506
03327537114
03327532806
03327531744
03327531904
03327534643
03327532226
03327533658
03327532200
03327537206
03327539420
03327539903
03327532786
03327536393
03327535073
03327538247
03327536921
03327535026
03327533840
03327531502
03327537347
03327531684
03327536371
03327533318
03327533410
03327537306
03327536367
03327534852
03327532902
03327531839
03327531668
03327536740
03327539818
03327531752
03327532962
03327531837
03327533075
03327534516
03327531879
03327532068
03327533981
03327531759
03327539833
03327538027
03327536577
03327534017
03327535787
03327534605
03327535736
03327539370
03327532095
03327531777
03327539414
03327534779
03327534718
03327538880
03327532634
03327536331
03327534883
03327537472
03327538474
03327532725
03327534368
03327532151
03327538776
03327534666
03327536249
03327537163
03327539238
03327535289
03327539255
03327538273
03327532331
03327533798
03327533303
03327539373
03327535257
03327535895
03327539024
03327534871
03327539397
03327531669
03327534447
03327537190
03327533808
03327537081
03327537604
03327538102
03327537982
03327532946
03327533621
03327533518
03327533510
03327539393
03327535397
03327538347
03327532597
03327532393
03327533977
03327535802
03327537390
03327531616
03327538062
03327538066
03327536851
03327532110
03327537622
03327538267
03327538863
03327532788
03327537839
03327532983
03327535461
03327532712
03327532299
03327535334
03327537768
03327533475
03327535277
03327534064
03327534069
03327536697
03327533958
03327531619
03327532722
03327535747
03327538076
03327533456
03327538384
03327533776
03327532349
03327534745
03327532608
03327538919
03327534736
03327536238
03327538986
03327539911
03327534298
03327533821
03327532611
03327536892
03327532142
03327533432
03327535332
03327533805
03327532121
03327536163
03327537986
03327531575
03327532935
03327535605
03327538669
03327533339
03327533408
03327538307
03327537171
03327532895
03327538576
03327534668
03327539545
03327531365
03327537494
03327536616
03327531182
03327531220
03327535392
03327534403
03327536184
03327532763
03327534763
03327534837
03327538782
03327531028
03327534245
03327538690
03327533998
03327531909
03327537087
03327537355
03327535804
03327539233
03327534517
03327539610
03327534395
03327532769
03327531779
03327538935
03327533300
03327533761
03327537998
03327533848
03327531785
03327531433
03327539032
03327539549
03327536169
03327536632
03327534898
03327533877
03327536527
03327537170
03327538160
03327533502
03327533786
03327538719
03327533414
03327532986
03327535361
03327532746
03327536689
03327535507
03327536156
03327533559
03327533100
03327539069
03327539743
03327535072
03327538751
03327536587
03327534826
03327531840
03327534604
03327537726
03327536029
03327536961
03327538279
03327535121
03327531248
03327534662
03327532874
03327538795
03327531520
03327536946
03327533476
03327531965
03327539586
03327539043
03327531790
03327537541
03327536520
03327533369
03327533577
03327535037
03327538930
03327535442
03327532700
03327534066
03327533445
03327531200
03327531645
03327536831
03327533961
03327537069
03327532939
03327538475
03327536261
03327532134
03327532734
03327539989
03327532330
03327533043
03327539696
03327536700
03327536967
03327539509
03327535024
03327535622
03327539565
03327537685
03327537922
03327535707
03327534842
03327537504
03327533592
03327531872
03327532437
03327536294
03327539059
03327534015
03327535479
03327536146
03327532752
03327534255
03327539724
03327533008
03327535389
03327534290
03327535767
03327531066
03327536886
03327531692
03327532086
03327539901
03327536818
03327535889
03327533225
03327533670
03327533292
03327532784
03327539511
03327536110
03327537439
03327537960
03327539001
03327534025
03327539737
03327537877
03327537168
03327534930
03327539346
03327535825
03327539566
03327539134
03327531555
03327533833
03327533154
03327539771
03327533338
03327532038
03327533135
03327534343
03327533686
03327537935
03327537111
03327533647
03327532241
03327538477
03327535512
03327537361
03327531279
03327532054
03327536228
03327536944
03327531025
03327537253
03327536733
03327536154
03327533619
03327538258
03327531815
03327532098
03327535744
03327531088
03327533545
03327534154
03327533499
03327533453
03327538257
03327537925
03327532733
03327531977
03327533328
03327533349
03327532526
03327537594
03327536661
03327532682
03327537794
03327532790
03327537526
03327533305
03327533800
03327538808
03327536759
03327532933
03327535594
03327537441
03327538792
03327534271
03327533980
03327532171
03327534090
03327531819
03327539187
03327539548
03327537705
03327534657
03327537668
03327533268
03327535241
03327536963
03327531450
03327532669
03327533745
03327539652
03327537954
03327535301
03327531725
03327534134
03327531458
03327532770
03327537136
03327533241
03327538098
03327532154
03327537232
03327533923
03327536809
03327533616
03327532893
03327539939
03327535692
03327531829
03327539427
03327537099
03327535810
03327538555
03327537026
03327536729
03327537276
03327534926
03327539735
03327531811
03327532298
03327533308
03327534940
03327533551
03327538848
03327535999
03327531317
03327532062
03327533883
03327532174
03327533505
03327533756
03327531542
03327539078
03327533717
03327536613
03327537147
03327538518
03327538418
03327538361
03327536183
03327531552
03327531497
03327531133
03327531795
03327532818
03327535448
03327533286
03327535734
03327538024
03327532583
03327537607
03327535677
03327533124
03327537398
03327538223
03327531327
03327535975
03327537515
03327533491
03327537341
03327532184
03327537016
03327533598
03327534955
03327534379
03327536323
03327534305
03327538873
03327531510
03327536521
03327534394
03327533536
03327534220
03327538764
03327537778
03327536803
03327539368
03327535262
03327532199
03327536542
03327535321
03327536130
