03335129281
03215702868
03339600041
03005168136
03344101616
03215207715
03348954455
03005105200
03238556066
03005187759
03335552622
03009757225
03008552286
03219555060
03335256220
03005395712
03005393061
03445401894
03445843657
03008504833
03335131970
03218567614
03005084855
03335332535
03005350855
03005317123
03225008668
03008562575
03335000015
03004007101
03215275271
03215580447
03335105806
03335120518
03328466807
03335105818
03008552286
03445843657
03005203305
03218567614
03227000111
03335146349
03009760408
03335237398
03005073963
03215533999
03009108624
03005009091
03335535573
03008304321
03005513351
03455121628
03335137355
03215530547
03005189409
03159101383
03005596014
03335139669
03335574158
03335131970
03005213061
03028558080
03235068955
03335229553
03005000046
03445401894
03005069401
03335766238
03005033493
03218557227
03325597048
03215552172
03335767304
03335208230
03005574575
03008528289
03005444577
03005188818
03008501140
03458527878
03009757211
03009780774
03345510109
03005331210
03215070307
03335118808
03335119111
03215171966
03335228483
03225147529
03345111969
03339108722
03335191324
03005008660
03005387778
03005511895
03335394505
03325426683
03005331210
03009555769
03335513471
03215334332
03349682275
03085555557
03215173238
03217237770
03215570973
03215164221
03235316791
03005203305
03336401866
03065566689
03455577766
03335474785
03218557227
03218501559
03005000793
03215552180
03335404400
03335972211
03335291510
03335352124
03336686800
03345173553
03335296475
03335105806
03005115800
03009540322
03009508887
03005060608
03215154701
03055102112
03218555482
03335155196
03335604094
03335492210
03225123701
03335470562
03085045050
03464260624
03009892800
03455957341
03435111521
03003524978
03006270919
03335111194
03217577777
03335499471
03459743487
03315531555
03005007989
03455085620
03445343700
03135225107
03215347434
03225179626
03145335507
03005000543
03459588837
03335195790
03335195791
03009779272
03215562021
03005184751
03339000245
03225088100
03015108561
03005561520
03335579239
03462033386
03015108561
03335415555
03005359132
03455893055
03216096001
03005128868
03335169862
03215528890
03005544112
03335169862
03009555030
03425062015
03215251885
03005009228
03447500385
03005000543
03005185030
03005290047
03323363844
03005007989
03459729998
03005009228
03215553355
03008504713
03009010169
03015108561
03009546299
03334903425
03018543302
03034440405
03453945494
03335499471
03008549360
03315573544
03469000011
03035327298
03335108443
03345028148
03328549360
03335362175
03015495500
03005019693
03215206113
03088584793
03218561000
03018543302
03009549746
03005262317
03335107415
03335111563
03335290484
03009564679
03335321114
03334711296
03009733465
03005305955
03459729998
03348524511
03215157707
03005551819
03005572300
03459729998
03015106650
03215138149
03008504713
03005165355
03335300663
03215562021
03005128785
03008300472
03335654440
03085056031
03445530556
03215139087
03328549360
03225125042
03348524511
03445533441
03335568270
03445533444
03005348009
03005205515
03005009228
03215337241
03005144745
03455071911
03455116221
03335529555
03215161031
03465116221
03215001628
03009542227
03009737868
03459747623
03125209310
03215080402
03335257414
03235056855
03005125685
03215118117
03218565956
03005144745
03335335239
03235134749
03215007876
03345391998
03455589446
03425062015
03335583172
03335182814
03005325470
03008544013
03455103320
03122299332
03005001941
03009556144
03015449798
03005001941
03345405007
03005186851
03465656156
03005251300
03008544052
03465656156
03325545363
03215032109
03015416796
03005131086
03005566155
03005198059
03005382786
03005248036
03345248735
03225013539
03139882755
03008339295
03005391902
03455130188
03028223540
03332373987
03343637799
03442002281
03008277998
03132327979
03442290470
03323115402
03468204055
03223796079
03232562727
03233343443
03212744941
03213344458
03002229922
03223485649
03008288883
03212758878
03333254073
03212989218                                         
03335188452
03436976629
03335490565
03422570827
03222098584
03028297227
03222255865
03065142770
03332296467
03002799392
03005081903
03332232377
03012108503
03082381072
03215251885
03455365308
03339489486
03009567871
03315394131
03025399268
03218563009
03215385802
03007896282
03009501503
03015428650
03006332051
03005521120
03005179917
03332536160
03145242439
03335681562
03458508582
03005116754
03335434076
03335281060
03335224724
03215118170
03336686800
03335296063
03325381634
03005325738
03325000721
03425032299
03015165310
03345618212
03315355847
03005143968
03218500025
03215347651
03315329607
03345002708
03215249823
03335306386
03315417184
03235253949
03335195480
03225105420
03005230850
03005119406
03335241651
03465200210
03335636246
03335949161
03215158825
03335176264
03005255764
03218508664
03005336821
03337333474
03005103085
03008660122
03215852700
03445297363
03142217990
03335131678
03009540973
03215296711
03445378708
03005860091
03005103020
03007111300
03135403344
03465290156
03455123332
03325130333
03335363991
03447771112
03335172560
03235321716
03336599996
03335200855
03135766181
03004175547
03215549006
03009860300
03335231436
03215560360
03222209876
03315109559
03005335138
03315009931
03455205025
03015475005
03425056085
03465063104
03005388880
03335461513
03135050015
03215839053
03005002800
03009504500
03335700006
03215002131
03335104558
03085700015
03005530074
03005332448
03455169951
03465486351
03215300134
03005253544
03215173295
03005231646
03009706243
03009765060
03335474765
03005005140
03005108385
03035515924
03216973200
03235332797
03225022407
03145111119
03008332174
03215126161
03333881514
03015540094
03005005115
03235224225
03315698186
03335246463
03215197800
03005183860
03315688013
03218561334
03335161976
03335336823
03335279588
03215117070
03228558046
03015168116
03225055560
03465114009
03315437553
03215157578
03005358026
03459705465
03145252928
03335167413
03139441777
03085050142
03458567401
03215288880
03345026616
03455027003
03315080646
03335115680
03215033334
03006664555
03215165154
03335459995
03335185422
03335252833
03002015592
03005262317
03005129354
03335237389
03065160672
03458586009
03335197482
03335256568
03335589820
03348774986
03009567393
03005564418
03335321980
03335113837
03335213242
03215394248
03464449496
03145130513
03215154701
03215000993
03215056337
03009503330
03009563308
03345189287
03339864986
03345302277
03065382566
03325473747
03005277683
03005454314
03218552511
03005048425
03009732324
03005280180
03335114004
03469555395
03009567788
03219807852
03219559188
03008503790
03215841702
03145111119
03455033189
03315405938
03219807852
03145582667
03345382011
03005550552
03078161515
03335201374
03315167890
03135225107
03459310893
03124453247
03335560508
03215560705
03028552238
03005535755
03215233383
03335101981
03335108443
03325159499
03005306979
03005155077
03455220016
03005158825
03335251457
03224856854
03335574294
03335108443
03145582667
03149614646
03005325470
03335326406
03335135503
03435267889
03335113959
03214374849
03335753961
03235058918
03334050237
03335959171
03005121213
03215171718
03005061397
03335205690
03335197984
03339500121
03215154701
03215155606
03335118979
03215533999
03335273041
03335605876
03335367949
03009544455
03335572946
03125299925
03335566529
03345000622
03335571861
03065005340
03005030141
03335237402
03335167448
03219596914
03025130800
03025436749
03015555590
03215043979
03005117702
03215017575
03445838126
03215048489
03028549139
03215576246
03335577800
03335211472
03335197870
03349178292
03215175885
03005319915
03005530074
03214685558
03005339142
03009548049
03224878350
03215539925
03458505868
03009832391
03125308485
03008557714
03345505335
03026202298
03215565679
03005276266
03455457087
03334412460
03003336648
03335224352
03435135389
03215815408
03219703807
03335149978
03008088075
03455395817
03335241975
03215255488
03005222038
03335169862
03335195790
03458583000
03219502240
03219191919
03009555030
03445519877
03455105550
03005179084
03335206884
03005310675
03315396878
03335268053
03335172120
03005187704
03445098093
03215435724
03005128785
03009563777
03009551716
03008568993
03215755158
03335415555
03005030143
03335710036
03009078680
03035174910
03008569543
03335307225
03335214225
03218512305
03006309511
03028134649
03005149495
03225830467
03009882796
03008520789
03338536508
03005104676
03008549404
03135283533
03335173236
03334306353
03315101934
03125255662
03215588530
03335398067
03085508850
03335120794
03335127775
03448584843
03225177665
03009554856
03005205251
03218707030
03005001562
03009734364
03005469827
03135017210
03008557714
03145111119
03335104970
03005132590
03333350769
03008555711
03215372089
03458881333
03469527552
03085005569
03335467770
03125392991
03335105806
03455957341
03455613525
03005589979
03335550224
03335230977
03005270044
03215178033
03008551811
03005020077
03345026616
03215300400
03315413347
03005015621
03215292920
03028550429
03065069211
03335256625
03335169862
03335119749
03008506808
03005121213
03005179085
03335607324
03005009855
03215271001
03015671722
03215155606
03135340885
03333797625
03455151764
03005550679
03215797532
03335116140
03015396549
03335296475
03085555557
03335380479
03215173238
03455289701
03005018111
03005133158
03349682275
03345039135
03215179574
03215066487
03217237770
03135418258
03349988758
03326286394
03455907319
03335280205
03008304321
03335615028
03215068129
03335386195
03225404163
03028541116
03335357069
03335127688
03008331019
03122272030
03335173339
03005127029
03005127029
03335220611
03005179091
03455025057
03005501754
03455577170
03435038796
03005588229
03335900009
03215118938
03219504064
03006025409
03235359683
03335103885
03325427027
03335155196
03015001264
03005151759
03335482413
03345057468
03335605790
03005211740
03335265811
03335110991
03335126834
03005137363
03015544985
03455222673
03345208890
03335243334
03225006666
03465000911
03318872282
03215860353
03025252338
03005106101
03005531906
03005904229
03005132520
03345644527
03025030292
03008526448
03455882343
03009720336
03235222481
03335301616
03335616885
03064499141
03215355235
03425007442
03008567633
03004572515
03335689625
03215257891
03455050902
03005155517
03235316791
03215011266
03215377143
03005580772
03145104435
03215016804
03009720620
03005041001
03335644774
03216642164
03335111021
03335237402
03315133876
03005220744
03005003844
03335133048
03425190003
03009228725
03235318574
03005231646
03445933190
03335558881
03218568500
03335115195
03008563660
03335394507
03215297407
03005170288
03335386638
03005513406
03354890006
03015049022
03344187828
03335563876
03335513471
03005513406
03335489006
03015049022
03344187828
03335563876
03335513471
03455381465
03215251171
03025264195
03215018000
03235501708
03009553555
03005169209
03225147529
03335111182
03335173339
03005127029
03005127029
03335220611
03005179091
03455025057
03005501754
03455577170
03435038796
03005588229
03335900009
03215118938
03219504064
03006025409
03235359683
03335103885
03325427027
03335155196
03015001264
03005151759
03335482413
03345057468
03335605790
03005211740
03335265811
03335110991
03335126834
03005137363
03015544985
03455222673
03345208890
03335243334
03225006666
03465000911
03318872282
03215860353
03025252338
03005106101
03005531906
03005904229
03005132520
03345644527
03025030292
03008526448
03455882343
03009720336
03235222481
03335301616
03335616885
03064499141
03215355235
03425007442
03008567633
03004572515
03335689625
03215257891
03455050902
03005155517
03235316791
03215011266
03215377143
03005580772
03145104435
03215016804
03009720620
03005041001
03335644774
03216642164
03335111021
03335237402
03315133876
03005220744
03005003844
03335133048
03425190003
03009228725
03235318574
03005231646
03445933190
03335558881
03218568500
03335115195
03008563660
03335394507
03215297407
03005170288
03335386638
03005513406
03354890006
03015049022
03344187828
03335563876
03335513471
03005513406
03335489006
03015049022
03344187828
03335563876
03335513471
03455381465
03215251171
03025264195
03215018000
03235501708
03009553555
03005169209
03225147529
03335111182

03345291120
03215577075
03335534711
03335180440
03028565323
03335580025
03455227520
03009563540
03005192516
03009509510
03005102146
03005161694
03015661101
03035007113
03215263590
03215249924
03215020880
03335111587
03335135440
03335233605
03335629221
03009750873
03009559197
03009559197
03215219894
03455551782
03335162968
03335123578
03145201230
03455072966
03009134707
03005381019
03335114180
03335688891
03009701500
03005524451
03008548465
03215690309
03335404400
03005524451
03215342707
03008507911
03216008119
03337695977
03335144328
03335144328
03335144328
03335144444
03009557903
03005516636
03335154880
03005203305
03215356230
03338476193
03015499990
03335644770
03335363132
03218400220
03005514429
03005037322
03335127504
03005149958
03009542156
03009500839
03005213435
03335679933
03455047003
03005530859
03006664555
03225033090
03215307320
03215552180
03215856624
03217530131
03325133459
03315135744
03335125422
03335131765
03335477947
03215822212
03125544633
03235136676
03345039135
03215292920
03215293468
03455371937
03004497521
03005559909
03215982899
03005525605
03335474785
03015322326
03215146730
03345266927
03005527586
03335885741
03009501249
03005042365
03009556286
03465381228
03005160933
03005182662
03007074883
03005298756
03435020736
03335362993
03335231734
03005787298
03005018048
03009567393
03215018333
03215590927
03335719500
03015487485
03015999200
03449298909
03125051009
03315027970
03005758911
03005080640
03218501559
03005336990
03125300607
03218557227
03125300607
03455400836
03335246975
03455227077
03005550678
03335124026
03445483633
03335231950
03335126834
03215396303
03215396303
03215396303
03005048013
03005068229
03005231882
03005154482
03345167050
03217328701
03008502566
03335146349
03009760408
03009554369
03335225951
03335247104
03335312539
03006565191
03335582663
03215166812
03215590842
03228577758
03005004633
03335256220
03009757225
03226220675
03219680687
03335103619
03218219278
03215011243
03008502550
03335129281
03005169388
03219446364
03215044421
03005013894
03005389774
03005554012
03335356886
03225030511
03005006123
03425000663
03215533999
03009706863
03005004048
03009108624
03005000598
03009108624
03218258026
03004316008
03335177577
03215012288
03465155445
03035330303
03009894739
03225008786
03005009091
03455355507
03005273553
03005344202
03335702726
03005545040
03005226646
03125158157
03215048169
03215180711
03215048169
03008555767
03219468771
03005201206
03227000111
03005348596
03005571329
03465232675
03009864121
03005343255
03215157361
03005073963
03215172598
03009733465
03005260062
03215859979
03335237398
03455237398
03005072373
03005332103
03005005491
03225224838
03344101717
03009758100
03005327803
03005003075
03215207715
03215000192
03015000326
03005553535
03005107308
03335279411
03215222965
03009501767
03348954455
03005008803
03335008803
03005602019
03335602019
03339600041
03455188742
03008527838
03325010114
03335776798
03345129922
03219510775
03024614845
03335543491
03323156819
03455999220
03335441539
03008568496
03215270701
03465464713
03335413995
03005137476
03335120051
03028922466
03445444123
03009856805
03005572455
03335631501
03009750475
03335115199
03335111413
03335417458
03008527939
03009554457
03008507911
03005455601
03335357069
03225000420
03008301020
03345494729
03005982095
03335100708
03345069772
03335252833
03009556288
03335518196
03335352124
03335119769
03315183535
03234448988
03215166330
03005005255
03005010781
03005533441
03335123507
03348954455
03335202300
03005008813
03215275271
03005007437
03335190953
03005237225
03005536645
03455377892
03335138664
03335353140
03455004443
03009884979
03005002981
03315133876
03003918385
03315567252
03005552501
03215515759
03005055584
03005007579
03215007579
03325543324
03005365415
03005101929
03009504603
03125486944
03215225889
03335567706
03345091155
03009792661
03315179481
03009543295
03335000046
03465472786
03215003144
03335170525
03008506606
03005257821
03335106898
03005103811
03455263006
03008552286
03339156686
03015583570
03005162335
03005048013
03008304275
03445401894
03445843657
03145123726
03349561039
03335286891
03005050450
03005585101
03008566069
03335112633
03335162430
03335212981
03335188332
03136357539
03335136955
03005317123
03015107273
03005521107
03125571362
03215515584
03215167894
03008568358
03005799664
03005284611
03005273553
03005009384
03009733902
03009700515
03335198559
03335552622
03009700515
03335227137
03005003449
03335260821
03005216875
03005011917
03456028994
03215011243
03005013020
03335212592
03005102146
03215151660
03335113211
03335111587
03335574158
03008522265
03225017380
03009121243
03345010432
03335112131
03318872282
03235425102
03005242014
03005342441
03335151344
03005011214
03005077774
03005145036
03335162558
03005395712
03215013870
03335130267
03009720336
03445544453
03335104813
03009555629
03335205680
03219122239
03005107780
03008369565
03005001464
03005113760
03215011999
03005185078
03009774358
03008547981
03335516535
03028516101
03335716789
03335416854
03335270650
03335270650
03335270650
03335270650
03145326186
03009737077
03009506334
03335434161
03335137521
03335234356
03005513351
03215153162
03009548413
03008335613
03005226646
03335158157
03005175462
03235155833
03335128519
03335192710
03005213061
03005541120
03005118052
03335198993
03325001244
03335196170
03008552762
03005272406
03145844498
03009708388
03215146730
03215146666
03455121628
03008555767
03215300773
03005766238
03139990903
03145123948
03005197401
03005002644
03005002644
03005043153
03008566069
03215022346
03028173061
03455880450
03009715851
03005588229
03455444073
03009854418
03335163711
03335218179
03218501559
03009586618
03215271001
03008540701
03159101383
03215170448
03325597048
03135418642
03435379774
03335342460
03335100958
03334354387
03324267090
03004712689
03008507508
03009421701
03325440421
03215100429
03218555268
03455200765
03006489500
03009561015
03464573840
03455007000
03339627431
03138500382
03009544944
03315386208
03215571203
03215279443
03335174598
03005343090
03005507795
03005808040
03335444492
03335347781
03335627927
03214461077
03325055609
03345334994
03325055609
03005573341
03015459317
03455182140
03458555102
03335135440
03005802126
03335000015
03005244705
03009550038
03005013894
03009894739
03335583083
03005342441
03008562575
03005168136
03009836959
03008555767
03215552172
03335717777
03215000641
03005000641
03335444797
03214098786
03009188009
03214247097
03009484588
03219498921
03458627772
03009817257
03008506822
03005395712
03005560681
03335490565
03445289192
03015575105
03005368039
03005010781
03005555296
03008528289
03005574575
03005444577
03005188818
03005162335
03445401894
03005069401
03218522180
03335036408
03335644634
03456028994
03009106793
03215564461
03008501140
03458527878
03009188009
03445268509
03215296272
03004765697
03005001562
03435060299
03335136955
03215111425
03334449196
03215011999
03065270096
03445155144
03136664555
03335767304
03009505161
03005041110
03035346727
03335246502
03005093959
03218557227
03325597048
03225800000
03219434975
03334292188
03335324351
03215023110
03025250636
03335604094
03009561642
03219090009
03465155445
03335101735
03005320331
03009112290
03335152280
03009541004
03335120508
03225070593
03008559848
03009887177
03005334502
03335955572
03215945855
03315190558
03335508566
03215110748
03215292920
03009501767
03005343255
03005251885
03335105806
03335101767
03009501767
03215180711
03214664666
03008364235
03335505510
03008521980
03325010114
03015104095
03005291131
03215178693
03335194656
03008555573
03335301616
03215580447
03008550093
03009810736
03315567525
03235534804
03005552501
03005007579
03064499141
03455198899
03215372445
03335122240
03215148924
03335159204
03335102184
03215151702
03455050901
03335295138
03135366129
03215508272
03005126265
03335133431
03335178143
03335471569
03335189365
03335247122
03009784951
03005155527
03335211525
03335122763
03215678111
03215396303
03335188332
03455486786
03328500765
03009722116
03215577075
03005341571
03075341571
03005169209
03455055365
03005001628
03009228725
03215135776
03006252886
03345307611
03335414261
03009542085
03215007510
03215340385
03335534711
03345002118
03335695896
03005103065
03008552286
03005387565
03335145565
03335358981
03025217008
03335343267
03335190953
03215269293
03005171311
03445843657
03009568645
03338899803
03335123966
03329500147
03145067835
03005312982
03335821903
03335102421
03345053461
03145160202
03009700852
03335225789
03238556460
03009546237
03425076939
03335580025
03005186483
03008518707
03215040136
03225306617
03215538525
03005208782
03335209548
03335411122
03335577800
03005107124
03005008828
03335107767
03335174598
03005124115
03225324695
03365115985
03325125090
03008296717
03335198988
03345242131
03335139651
03008563210
03135565550
03008563210
03215173117
03335107215
03008566069
03215070307
03335125203
03335119111
03335114180
03065004661
03335496646
03009880070
03335735865
03439559945
03224856854
03015387668
03335301616
03434346345
03005284611
03005284611
03005546279
03009722897
03005102244
03335198559
03015478551
03025264195
03235277278
03009700515
03005597993
03005100232
03335114180
03005342441
03015401546
03315446874
03219569366
03335367085
03015497671
03008548465
03435460567
03008568707
03015387668
03216008119
03335196042
03135143303
03215177370
03008369565
03008547891
03335363132
03225031656
03218400220
03009737077
03218552507
03005203305
03135174907
03135012333
03005315206
03335362175
03005255256
03005100836
03009555116
03335193877
03335124142
03455238580
03005247572
03005080270
03005273848
03005722717
03005172276
03005257890
03005057194
03008552762
03015425802
03005057194
03005081392
03335171297
03005110579
03215146730
03435439218
03005308127
03008555767
03465381228
03315236670
03008566076
03005252124
03005043153
03465486887
03005585329
03215155774
03145212923
03145212923
03005144844
03005013305
03009509999
03445114863
03455132005
03009501188
03339551138
03215270644
03325000466
03422225333
03005186851
03135281145
03055547454
03335611670
03328522357
03007273363
03335434318
03134578357
03455011313
03215331069
03453810099
03455333796
03455281805
03334624815
03335241992
03215295250
03122299332
03145203144
03215563306
03455382696
03345656156
03009556286
03005328609
03035012998
03328912021
03325176533
03065162425
03335444492
03215093959
03335318010
03215334332
03335785705
03219133888
03026262523
03009544944
03215135184
03004473438
03315386208
03002525125
03239600005
03005130637
03465180551
03035881603
03345436448
03345531486
03335107502
03335490565
03005279833
03008556350
03016281281
03218545500
03445444123
03215178949
03008341501
03335322281
03335322272
03335322282
03335322292
03335187858
03005139749
03335108976
03455916661
03335358712
03215841217
03335111398
03215540028
03458568219
03008566725
03335203265
03075552447
03215135776
03005270877
03215477981
03339191042
03335138945
03215000904
03009892800
03435873070
03335712730
03135418181
03325482986
03005444667
03445892948
03215244872
03432000001
03218551125
03335492210
03009501188
03215169387
03333913148
03235465217
03085045050
03125166791
03335911180
03005008803
03335313459
03325136325
03009856805
03455957341
03215017257
03335129125
03235423544
03455211527
03455211555
03215228095
03215076010
03325191092
03235567879
03335564218
03008541129
03005052088
03335252804
03325200929
03345209382
03125155114
03335249087
03335474785
03335129265
03435111521
03006111281
03445716886
03215131446
03335302442
03065306360
03224538733
03219481817
03008525508
03339559727
03335011164
03455884060
03335966633
03005346604
03452223222
03458550608
03335122833
03122215403
03007273362
03008540185
03005186851
03345656156
03335444492
03335322292
03315564266
03008508817
03009802875
03135461898
03215000993
03345330677
03335215076
03235499276
03008500145
03315232162
03335515937
03215171450
03645020125
03002067288
03215121101
03218500284
03009709560
03015557466
03335111202
03005384025
03015426727
03005384025
03005192482
03215121101
03005170700
03335111202
03015550125
03006879990
03335126587
03335566143
03215592482
03335359996
03335412142
03456144444
03065579256
03335553833
03335412142
03005226382
03339600043
03005133199
03005192482
03008551987
03005192482
03445386835
03015426727
03218400220
03225021039
03005255168
03015557466
03005226382
03215337326
03015426727
03015557466
03005192482
03215118800
03335166148
03005084855
03005005802
03215118800
03335179188
03335256220
03215225889
03005564461
03005004048
03009706863
03005004048
03214664666
03005164284
03458627772
03225004048
03458627772
03005004633
03065534252
03335766238
03335111684
03335122055
03455303030
03335123733
03219503435
03005005001
03005395712
03445544453
03009563377
03005139441
03335544477
03335302400
03008564644
03009564487
03335488618
03425029829
03215110748
03365061336
03455461927
03335770802
03009563377
03335166148
03009557048
03335166148
03005005281
03016701700
03015426727
03215337326
03005226382
03008551987
03215337326
03445386835
03335110577
03215337326
03015557466
03465299050
03005255168
03335333309
03335110577
03009563377
03335544477
03215337326
03215528925
03335544477
03435700100
03005133199
03005133192
03005214989
03335111202
03335110577
03009783978
03005505786
03335302400
03005133199
03005505777
03335126587
03335490565
03335490565
03009783978
03215179939
03005138810
03325003837
03335126587
03335000994
03215134128
03345205285
03009783978
03455119627
03335126587
03009783978
03335123511
03215230000
03335553833
03005107044
03129568645
03335166148
03335111882
03005069692
03149075250
03005528876
03335552882
03325311867
03335110577
03015646165
03005205775
03009706090
03219509706
03455137889
03218400220
03009501249
03065050284
03215842336
03225021039
03455129866
03004362941
03005513406
03235316791
03005214989
03005155527
03008305602
03125001023
03005030578
03005041004
03435700100
03005251885
03325003837
03008546952
03215292920
03422233746
03459060089
03049017069
03339156686
03339353003
03339151248
03339156686
03214664666
03009733465
03335327032
03005073963
03215207715
03216008119
03458555504
03335552622
03008504041
03008504041
03009121259
03129568645
03335142954
03005332103
03335122055
03215225889
03215300895
03009563377
03006879990
03335142954
03005263877
03335129957
03005359059
03009563377
03335166148
03009559197
03455119627
03005006342
03215179939
03335556966
03335123511
03215694359
03335566666
03005384025
03335142954
03218400220
03458627772
03005043153
03005043153
03458627772
03458555504
03215176176
03005030578
03075544664
03008334249
03335162558
03005043153
03008566076
03005545040
03005118911
03335395383
03333690000
03215292920
03004858513
03005110766
03222054452
03002555626
03458555504
03008507508
03008507777
03005163469
03335111202
03015426727
03005192482
03015557466
03005384025
03215121101
03005170700
03335126587
03335566143
03335541281
03005030054
03225033090
03065050284
03215592482
03015550125
03215592482
03335541281
03004316008
03065579256
03335541218
03218530834
03015550125
03028095710
03335177212
03215396303
03008522028
03005334161
03335161924
03005382543
03228577758
03005322157
03005004633
03005225222
03465155445
03215260521
03335241142
03009843870
03335237398
03459719144
03335326894
03005554012
03005202775
03005009091
03335129281
03009722116
03215702868
03335044421
03348954455
03008555767
03455188742
03025877775
03005571329
03009836959
03335279585
03008500841
03219555060
03008502565
03215166812
03005162335
03465232675
03009864121
03218522155
03455060065
03005055930
03008452177
03335253962
03335484193
03335103619
03335702726
03005362024
03005209272
03215221749
03335000598
03215533999
03425000663
03009706863
03005004048
03009108624
03008502550
03008566076
03005199718
03005000641
03005551300
03225030511
03035330303
03005529112
03008334249
03215207715
03215000192
03078100010
03005201206
03018503535
03335719500
03005153334
03009811771
03025338008
03025599797
03335177078
03335279411
03009466972
03215150070
03005041110
03215172598
03005348596
03335652626
03005621343
03335161999
03005013894
03335330545
03009501404
03005169388
03005537512
03218552426
03008301011
03335508566
03125158157
03215300962
03015104093
03215007855
03005226646
03005273553
03215007855
03315191558
03215226646
03425190003
03335567706
03345091155
03005175075
03005958202
03335256220
03335138664
03335353140
03005007437
03018543001
03468585859
03005242014
03335413704
03216142483
03009774358
03335188332
03215255927
03005559909
03005014011
03335137355
03335441939
03025012987
03455523211
03335297982
03005171311
03335229625
03335172786
03009884979
03215225889
03335387197
03005137363
03005578701
03005188281
03005597747
03215111425
03009568845
03005006123
03215174145
03215152577
03215571926
03005015878
03005015878
03335975291
03005200067
03009555629
03335269846
03218552383
03005170345
03335130267
03335159300
03328552762
03455111265
03235375743
03008558929
03345507281
03335196053
03335119295
03005055584
03335605033
03455091901
03335574158
03145123948
03005171070
03335260964
03005262578
03009793500
03005239048
03009715851
03215100324
03005593809
03455182092
03005588229
03215022346
03345089958
03335136642
03028173061
03218501559
03325597048
03335173816
03224130662
03074116171
03215180711
03335123507
03335509626
03335252052
03009792661
03335202300
03005008813
03215275271
03005007437
03335190953
03005237225
03005536645
03455377892
03216142483
03005102146
03009543293
03005000046
03008504833
03335133431
03335112390
03005050450
03215173117
03005550086
03335112633
03009504603
03009700515
03339156686
03315133876
03009757225
03335154880
03135162335
03005393061
03335151068
03335720879
03219554013
03005325801
03005332448
03009870646
03008672205
03008524994
03335108289
03215861936
03005056966
03005521107
03005042551
03008506606
03335136955
03015107273
03315090207
03008506606
03335353535
03015387939
03018550144
03215300895
03009176361
03005103157
03009516267
03008558360
03004473438
03325106021
03135999820
03064156441
03025156776
03008308800
03005018036
03005566155
03215000174
03335133348
03005392573
03009193355
03335362298
03235239300
03005158244
03215550980
03125249110
03455286006
03335009990
03335459228
03002843081
03215115564
03008151534
03335123985
03335158901
03215033870
03005775562
03135000619
03348775270
03335108976
03335322282
03215656976
03149000058
03125333649
03009734373
03335203265
03005196335
03015538176
03213769149
03135403344
03012424886
03325364465
03008357135
03009892800
03145287175
03455931255
03339548478
03335329259
03005240201
03335186455
03335146261
03005118604
03455044123
03125333148
03455883173
03335238147
03005008464
03018506331
03009568757
03215372435
03325045855
03235567879
03335266446
03135816612
03005754164
03345436448
03215211981
03465352801
03338969601
03125166791
03455646274
03005554012
03345146870
03005235310
03432535304
03225007976
03235464448
03455102682
03345471884
03215555107
03335399498
03135284225
03009766188
03215131446
03215305317
03229093067
03005061339
03015383477
03008066469
03035095463
03335193019
03219551588
03224155591
03028906968
03135435610
03218556463
03218556469
03015563454
03215677141
03215000641
03009586618
03339868175
03008504041
03008367273
03004550221
03145113373
03009793500
03005308127
03008555767
03335112199
03009586618
03025264195
03225000466
03335444492
03215093959
03435208604
03422225333
03007273362
03455382696
03215563306
03005162330
03009558934
03005186851
03218183338
03455046284
03215331069
03455445789
03235520147
03335241992
03334624815
03005328609
03333000992
03035012998
03122299332
03145203144
03215026910
03465656156
03009556286
03215895813
03122215403
03005798630
03315564586
03465925270
03075516144
03335322292
03325605446
03338303441
03325109065
03465656156
03005050655
03455058769
03005575707
03335145016
03335206792
03315532811
03459718200
03009818280
03005300588
03009778930
03009731559
03335143513
03005000548
03005223739
03218506691
03455430160
03216830330
03325000466
03008555031
03219099299
03335125769
03009551000
03218154557
03005365439
03335163533
03335555525
03065551158
03215066487
03215017575
03459085191
03335530637
03228471342
03215162155
03008524272