03009678472
03009675068
03009674086
03009673910
03009674197
03009676933
03009677276
03009678968
03009673363
03009672666
03009673818
03009678447
03009673180
03009671273
03009675389
03009678779
03009675779
03009671692
03009673140
03009679437
03009678462
03009675430
03009673859
03009677200
03009676765
03009678483
03009672768
03009677237
03009671538
03009674770
03009673383
03009676013
03009675531
03009676773
03009673887
03009676077
03009676887
03009677274
03009679309
03009674234
03009676113
03009679890
03009672059
03009676611
03009678449
03009675361
03009671072
03009674463
03009676779
03009677562
03009675630
03009675624
03009678480
03009676694
03009672202
03009671687
03009675429
03009678950
03009679048
03009675063
03009673150
03009675260
03009679858
03009672006
03009676774
03009679701
03009674805
03009675866
03009674227
03009679317
03009673969
03009678178
03009678316
03009678153
03009677406
03009676164
03009677075
03009677991
03009675820
03009674399
03009677050
03009676435
03009677192
03009676002
03009674684
03009675586
03009678714
03009678805
03009677162
03009676995
03009673460
03009673188
03009673355
03009674297
03009674761
03009671973
03009671696
03009675503
03009671396
03009679163
03009676368
03009678516
03009679486
03009673886
03009673534
03009679264
03009671875
03009671056
03009679242
03009678751
03009674871
03009672808
03009675570
03009679582
03009673699
03009671412
03009675422
03009672155
03009673127
03009671182
03009677128
03009675127
03009677681
03009674050
03009671866
03009672313
03009676017
03009674124
03009678896
03009678992
03009677887
03009678675
03009676515
03009672052
03009675526
03009679540
03009675286
03009679785
03009677752
03009674709
03009678317
03009677662
03009677785
03009674715
03009671061
03009671852
03009671416
03009674090
03009675974
03009677007
03009673241
03009677334
03009672357
03009678759
03009675852
03009679137
03009677397
03009679562
03009675038
03009675118
03009679855
03009675879
03009674920
03009677184
03009679323
03009678227
03009675886
03009675881
03009676868
03009673341
03009673429
03009672418
03009676810
03009676265
03009677151
03009671251
03009674165
03009672708
03009673018
03009676826
03009671341
03009674157
03009672038
03009676199
03009676389
03009672143
03009675723
03009674746
03009672634
03009674854
03009672438
03009672742
03009672281
03009673808
03009673877
03009672528
03009678203
03009679899
03009673904
03009679939
03009671949
03009675833
03009672871
03009678311
03009672410
03009675049
03009672860
03009674041
03009678677
03009679564
03009673026
03009677284
03009672027
03009679497
03009673737
03009671145
03009678594
03009677564
03009674371
03009673983
03009673342
03009677373
03009671637
03009679519
03009676601
03009672925
03009676926
03009677437
03009674218
03009673517
03009671897
03009677412
03009673873
03009679805
03009679577
03009678701
03009673604
03009674243
03009675243
03009671161
03009678706
03009676354
03009678993
03009671305
03009673109
03009672374
03009677577
03009678556
03009678888
03009676903
03009679236
03009672890
03009679934
03009673300
03009671751
03009672127
03009678807
03009677194
03009671661
03009675979
03009671840
03009673732
03009674721
03009677759
03009674794
03009678575
03009679098
03009676521
03009676393
03009678357
03009677895
03009676570
03009671746
03009675620
03009674327
03009671844
03009672512
03009671809
03009674629
03009674993
03009676474
03009674636
03009677333
03009671357
03009679642
03009675400
03009671853
03009672116
03009672044
03009678048
03009679500
03009672727
03009674514
03009675261
03009676584
03009672539
03009674615
03009672782
03009679981
03009678509
03009677805
03009674416
03009672843
03009674532
03009673364
03009671553
03009676130
03009677800
03009676963
03009674682
03009679851
03009671350
03009676846
03009677258
03009673236
03009676401
03009675151
03009673174
03009678525
03009676982
03009674477
03009678344
03009678857
03009675167
03009672056
03009676485
03009679036
03009671788
03009677228
03009679729
03009671827
03009676119
03009677188
03009672058
03009671793
03009672800
03009676278
03009673846
03009675722
03009674316
03009675081
03009673366
03009679648
03009671376
03009677667
03009678002
03009676499
03009679302
03009678213
03009677631
03009676806
03009679983
03009679938
03009674498
03009675674
03009675384
03009671307
03009677094
03009676011
03009679734
03009674952
03009678024
03009675230
03009679657
03009675199
03009678290
03009675596
03009678873
03009679328
03009672802
03009679396
03009674978
03009679209
03009673791
03009674388
03009678482
03009672536
03009672485
03009679015
03009672098
03009675020
03009676136
03009676365
03009672120
03009677295
03009677125
03009675420
03009674970
03009678778
03009678628
03009678304
03009675346
03009678413
03009671623
03009676146
03009678009
03009672803
03009678209
03009678866
03009672617
03009678757
03009677478
03009677180
03009678156
03009679520
03009676465
03009671593
03009676918
03009676585
03009674557
03009673525
03009672854
03009673003
03009679094
03009673291
03009673079
03009673309
03009673902
03009674173
03009674361
03009674049
03009676564
03009677585
03009677645
03009676378
03009675679
03009673619
03009676398
03009673340
03009677541
03009678955
03009671578
03009677774
03009673827
03009678052
03009672192
03009674071
03009674778
03009674627
03009675559
03009678620
03009677051
03009674717
03009679723
03009677213
03009675556
03009672441
03009674855
03009676929
03009673007
03009673795
03009676492
03009672955
03009678879
03009673948
03009679906
03009674320
03009679513
03009675461
03009675082
03009671501
03009673220
03009672648
03009676348
03009675850
03009679421
03009671005
03009678965
03009675955
03009677113
03009678062
03009673956
03009678485
03009675948
03009674414
03009675086
03009674818
03009671781
03009679878
03009677512
03009671286
03009673841
03009674872
03009676045
03009673158
03009676912
03009679635
03009678222
03009673993
03009672908
03009676092
03009679005
03009678572
03009672904
03009674212
03009677070
03009671950
03009679913
03009673354
03009678878
03009674950
03009673116
03009671028
03009674849
03009674191
03009676414
03009678401
03009676470
03009678337
03009677071
03009676260
03009674710
03009679114
03009674960
03009675807
03009673681
03009672025
03009677732
03009673120
03009675154
03009677864
03009679480
03009672040
03009673043
03009678015
03009672868
03009671867
03009676523
03009678633
03009676335
03009673027
03009679942
03009675017
03009678309
03009672720
03009678966
03009671808
03009675591
03009679622
03009676643
03009679501
03009677955
03009676990
03009674106
03009679673
03009676852
03009677218
03009679995
03009676690
03009672500
03009671548
03009672809
03009671147
03009678398
03009675533
03009678999
03009679946
03009679703
03009675535
03009671682
03009679172
03009677497
03009673059
03009675924
03009677529
03009673113
03009678241
03009678812
03009676399
03009675878
03009677761
03009676850
03009679117
03009676337
03009677442
03009673469
03009675499
03009671572
03009678499
03009673409
03009673041
03009679675
03009671108
03009677819
03009678783
03009677047
03009676608
03009678712
03009673793
03009671293
03009672466
03009673576
03009674258
03009672735
03009672269
03009674748
03009679766
03009678338
03009679654
03009671238
03009673096
03009677922
03009671618
03009674806
03009675344
03009671729
03009676473
03009671997
03009679387
03009674559
03009672515
03009677471
03009678565
03009677848
03009679774
03009675291
03009672880
03009671277
03009678831
03009671152
03009678137
03009677987
03009677823
03009678262
03009672761
03009673183
03009673230
03009676824
03009678733
03009675070
03009671803
03009676579
03009679146
03009676301
03009672474
03009677053
03009674610
03009679325
03009679233
03009674995
03009673504
03009675692
03009674887
03009672495
03009679457
03009676886
03009677061
03009674959
03009676543
03009672583
03009678546
03009675740
03009678767
03009672563
03009675826
03009677444
03009677068
03009678268
03009671986
03009678989
03009674224
03009678258
03009676541
03009678753
03009679045
03009673267
03009679256
03009677491
03009675846
03009677366
03009671847
03009679580
03009671717
03009671619
03009673106
03009675351
03009679758
03009679891
03009678507
03009674833
03009675843
03009676761
03009673407
03009671333
03009677927
03009675235
03009673705
03009671868
03009676479
03009672837
03009672564
03009673543
03009676147
03009671181
03009674750
03009673276
03009673327
03009671055
03009679893
03009678033
03009675196
03009673979
03009679434
03009677487
03009676551
03009671699
03009675276
03009679230
03009675717
03009673424
03009672050
03009677711
03009675340
03009674020
03009673785
03009675766
03009676898
03009675367
03009675172
03009677015
03009678173
03009675472
03009671925
03009676481
03009676563
03009677451
03009674939
03009677809
03009671565
03009679428
03009671899
03009678684
03009673338
03009678380
03009676592
03009671237
03009675964
03009677120
03009679139
03009672845
03009674096
03009675834
03009677038
03009677936
03009679306
03009677269
03009674127
03009679166
03009678298
03009678612
03009674262
03009678377
03009674894
03009674674
03009672749
03009673951
03009678265
03009672888
03009675917
03009675811
03009674901
03009675336
03009677386
03009672274
03009675660
03009679402
03009677875
03009675328
03009671375
03009676091
03009673562
03009678545
03009677257
03009678642
03009673266
03009677637
03009679966
03009678444
03009678606
03009671917
03009678488
03009672013
03009678855
03009679956
03009673611
03009679916
03009671226
03009673034
03009676823
03009676740
03009676892
03009672637
03009679210
03009676209
03009672597
03009673049
03009673519
03009673683
03009671112
03009674203
03009676693
03009678082
03009677672
03009674245
03009675101
03009678174
03009674934
03009675030
03009672002
03009677172
03009677388
03009679197
03009677220
03009675372
03009677763
03009676174
03009672335
03009675510
03009673287
03009673358
03009671750
03009671605
03009671427
03009677369
03009677256
03009674925
03009674923
03009674284
03009675320
03009672982
03009675710
03009676392
03009674815
03009673052
03009678100
03009678939
03009674821
03009677961
03009676536
03009675464
03009671821
03009677011
03009675376
03009677677
03009675755
03009677508
03009678776
03009678692
03009673405
03009674724
03009673600
03009676589
03009673495
03009676746
03009677565
03009677773
03009677076
03009673856
03009679551
03009672887
03009672068
03009678425
03009674238
03009679661
03009671370
03009671359
03009679283
03009677410
03009674348
03009678537
03009676110
03009675213
03009675164
03009679784
03009671992
03009679579
03009679170
03009677414
03009672028
03009675592
03009671914
03009676048
03009679381
03009673214
03009679803
03009671319
03009676305
03009671165
03009677744
03009674104
03009676985
03009672576
03009679753
03009678586
03009671138
03009674384
03009676149
03009679493
03009671281
03009679056
03009676186
03009677490
03009677282
03009671424
03009673711
03009672330
03009675573
03009678194
03009677906
03009676442
03009677522
03009672377
03009674856
03009676447
03009671567
03009672977
03009676876
03009672005
03009678228
03009672587
03009675829
03009671563
03009674785
03009671264
03009672534
03009674310
03009672857
03009679861
03009671891
03009675932
03009678379
03009677607
03009673974
03009672970
03009679837
03009679462
03009675280
03009679599
03009676282
03009671568
03009672817
03009676109
03009674405
03009675873
03009675393
03009675484
03009679053
03009678836
03009676501
03009674720
03009676631
03009675177
03009674987
03009672985
03009677296
03009672965
03009673187
03009672432
03009679003
03009671915
03009674343
03009678766
03009677306
03009679620
03009674571
03009679994
03009671968
03009676019
03009679904
03009676984
03009674467
03009676407
03009676878
03009679542
03009673925
03009677473
03009676338
03009676717
03009672484
03009674474
03009672295
03009672303
03009673693
03009673316
03009671053
03009679629
03009673676
03009672490
03009674438
03009671140
03009671529
03009673250
03009676880
03009676636
03009673081
03009678047
03009676558
03009673636
03009673644
03009671530
03009671674
03009673874
03009674237
03009671858
03009674291
03009675011
03009678126
03009675927
03009671254
03009678941
03009672339
03009671477
03009678506
03009671323
03009675266
03009676590
03009678013
03009679702
03009675564
03009672461
03009675505
03009679214
03009671991
03009675645
03009676758
03009677416
03009675984
03009675169
03009675982
03009671786
03009679281
03009675995
03009676517
03009675123
03009678894
03009677694
03009678544
03009675667
03009678988
03009678018
03009671291
03009677045
03009675631
03009677831
03009671582
03009674171
03009678672
03009679397
03009678786
03009675797
03009676134
03009674495
03009671525
03009676308
03009672524
03009676598
03009679537
03009679828
03009671495
03009675551
03009679639
03009671197
03009672007
03009676751
03009673916
03009675043
03009673547
03009677627
03009675466
03009677337
03009675045
03009677614
03009671527
03009679884
03009677209
03009674398
03009676169
03009672458
03009672236
03009677937
03009679068
03009679450
03009678190
03009675306
03009676450
03009674135
03009672280
03009671297
03009672164
03009671920
03009675480
03009673742
03009672250
03009673131
03009672653
03009679028
03009671153
03009676000
03009678970
03009677479
03009677364
03009671923
03009678300
03009676100
03009673385
03009676562
03009678967
03009676799
03009675838
03009674293
03009671680
03009677106
03009674478
03009673553
03009673920
03009676218
03009675056
03009673747
03009678849
03009675450
03009679606
03009674404
03009673467
03009678469
03009675857
03009675369
03009675015
03009676457
03009671704
03009677526
03009679889
03009679206
03009673065
03009673359
03009675718
03009673585
03009676326
03009673799
03009677772
03009673216
03009678868
03009677233
03009679782
03009673913
03009678515
03009678693
03009671695
03009679917
03009672305
03009671429
03009677835
03009678414
03009676648
03009672773
03009676026
03009679547
03009672858
03009679338
03009675263
03009679123
03009671979
03009676831
03009676279
03009674802
03009676500
03009677782
03009676675
03009679352
03009676725
03009673189
03009671052
03009671196
03009677510
03009673147
03009671054
03009675014
03009671382
03009672156
03009679792
03009675385
03009679987
03009674998
03009673551
03009673668
03009677915
03009676924
03009674575
03009672315
03009673251
03009677349
03009676714
03009671091
03009673086
03009671608
03009674424
03009676145
03009674928
03009673040
03009671160
03009679061
03009679923
03009679583
03009674973
03009678351
03009673442
03009677707
03009674323
03009673107
03009673620
03009672187
03009675218
03009676844
03009675698
03009672728
03009671133
03009678585
03009671403
03009679751
03009674777
03009674409
03009673703
03009674482
03009676419
03009679446
03009675236
03009677227
03009672463
03009678632
03009676324
03009675414
03009678577
03009675317
03009674473
03009678671
03009675120
03009673729
03009674526
03009675872
03009676242
03009675909
03009675012
03009676343
03009671636
03009671408
03009675513
03009679645
03009671270
03009673868
03009677022
03009673733
03009674798
03009675880
03009671156
03009673555
03009674151
03009675816
03009674111
03009672732
03009674630
03009674524
03009672128
03009679794
03009679973
03009679955
03009673819
03009673537
03009677223
03009672039
03009674550
03009675769
03009671448
03009677450
03009671026
03009672762
03009676518
03009677482
03009674263
03009672573
03009676977
03009675625
03009677543
03009679195
03009672231
03009678904
03009676778
03009679759
03009673384
03009679850
03009676475
03009673825
03009678820
03009674839
03009674573
03009674996
03009676331
03009676855
03009672229
03009676845
03009674368
03009676660
03009671706
03009678006
03009674646
03009677400
03009678983
03009673570
03009674357
03009677911
03009678652
03009671922
03009671166
03009675918
03009676009
03009677534
03009673942
03009671679
03009679267
03009672243
03009674639
03009677232
03009671110
03009674827
03009677198
03009674910
03009671753
03009678738
03009674319
03009673896
03009674929
03009679468
03009673488
03009673545
03009676344
03009678406
03009675887
03009671063
03009678595
03009676833
03009675685
03009674505
03009677925
03009676327
03009671737
03009676264
03009675156
03009673447
03009677124
03009676801
03009676201
03009675534
03009672427
03009671599
03009672112
03009672604
03009678070
03009673033
03009679363
03009672923
03009673837
03009678752
03009675547
03009672514
03009679862
03009677994
03009679885
03009672692
03009675425
03009677000
03009678054
03009678740
03009672343
03009674107
03009672836
03009677344
03009673263
03009674048
03009678635
03009676996
03009678723
03009674228
03009676772
03009674892
03009678136
03009677900
03009674286
03009678206
03009673195
03009672032
03009678550
03009675427
03009673544
03009673372
03009672018
03009678613
03009678926
03009675354
03009672019
03009679659
03009678400
03009671499
03009675518
03009673765
03009672270
03009675919
03009672092
03009677289
03009674626
03009674713
03009677421
03009674994
03009671556
03009671388
03009679820
03009672046
03009671649
03009671801
03009678946
03009673208
03009673452
03009672209
03009679001
03009671383
03009675966
03009672781
03009671163
03009677190
03009673421
03009678768
03009679651
03009674441
03009676112
03009676458
03009677811
03009678830
03009675950
03009677023
03009677057
03009674001
03009679105
03009673308
03009672882
03009679592
03009672552
03009674325
03009672066
03009675787
03009673269
03009674536
03009676125
03009674508
03009674271
03009671032
03009676258
03009677804
03009677967
03009672395
03009674695
03009679143
03009675536
03009675343
03009671135
03009672407
03009674621
03009679400
03009675185
03009671944
03009677382
03009676860
03009679473
03009677472
03009674089
03009672656
03009673849
03009679095
03009676702
03009673864
03009672884
03009677654
03009671576
03009673303
03009676529
03009677798
03009679692
03009679219
03009671902
03009676034
03009678186
03009672969
03009671255
03009671918
03009676386
03009676370
03009671325
03009677153
03009679265
03009675035
03009676943
03009673601
03009677212
03009678871
03009674350
03009678531
03009671810
03009671488
03009673960
03009677832
03009679708
03009675965
03009671348
03009678808
03009678560
03009679285
03009673639
03009679686
03009679336
03009677177
03009679257
03009677477
03009676514
03009676328
03009674422
03009671067
03009678267
03009676090
03009673702
03009672381
03009676375
03009678960
03009679009
03009676244
03009673584
03009676039
03009676677
03009671283
03009675805
03009677513
03009673915
03009671694
03009675092
03009675296
03009675159
03009679538
03009673943
03009676148
03009675968
03009673618
03009673958
03009679445
03009674185
03009675105
03009676178
03009672910
03009674679
03009673092
03009678847
03009671137
03009678636
03009678616
03009671792
03009672216
03009677551
03009672175
03009674131
03009671722
03009675467
03009678610
03009671328
03009671078
03009673800
03009679470
03009672300
03009674019
03009674653
03009676446
03009671837
03009674603
03009678623
03009673237
03009674783
03009676456
03009679187
03009673333
03009673932
03009678417
03009671442
03009679826
03009677722
03009678718
03009676494
03009671831
03009671206
03009674828
03009671246
03009677740
03009679663
03009673207
03009675258
03009677612
03009678927
03009678937
03009679348
03009671697
03009672154
03009671075
03009673686
03009678548
03009676247
03009675958
03009676235
03009671616
03009676619
03009674114
03009672901
03009678856
03009675447
03009672771
03009677745
03009672030
03009673991
03009675197
03009679311
03009672472
03009679523
03009676906
03009678074
03009676276
03009676319
03009679489
03009672505
03009676025
03009673807
03009674340
03009673774
03009672658
03009671824
03009678580
03009675288
03009677747
03009676123
03009673044
03009679093
03009674095
03009674841
03009675357
03009675599
03009679681
03009678562
03009672367
03009674623
03009679971
03009679638
03009676745
03009679111
03009676140
03009678089
03009674516
03009671672
03009672832
03009679372
03009672166
03009676617
03009674023
03009674725
03009676388
03009677813
03009679829
03009671478
03009678307
03009675598
03009675121
03009679525
03009678208
03009674658
03009675211
03009677571
03009678034
03009678609
03009675649
03009671001
03009677012
03009671003
03009675001
03009671885
03009674375
03009672009
03009677533
03009673190
03009679882
03009671575
03009674956
03009672174
03009675888
03009674793
03009679220
03009679742
03009678159
03009678438
03009673512
03009671019
03009678563
03009679857
03009676460
03009671338
03009671235
03009678007
03009678373
03009673723
03009679376
03009679576
03009676809
03009679787
03009679469
03009677678
03009678065
03009671930
03009676632
03009673037
03009671683
03009671446
03009673240
03009671711
03009673499
03009675883
03009672440
03009674116
03009676748
03009676194
03009671955
03009673202
03009671232
03009672798
03009676311
03009679965
03009679433
03009673890
03009678689
03009679089
03009678920
03009674252
03009673423
03009678098
03009679141
03009675876
03009674369
03009672721
03009671870
03009679975
03009677767
03009675371
03009679289
03009673275
03009672277
03009674976
03009678800
03009676793
03009679863
03009671871
03009674491
03009673171
03009671795
03009678096
03009672431
03009672734
03009672319
03009676922
03009672618
03009677787
03009679252
03009671673
03009675952
03009671686
03009673184
03009678205
03009679404
03009674823
03009677246
03009674164
03009672082
03009679356
03009676899
03009673445
03009679549
03009675033
03009678397
03009672753
03009671502
03009674022
03009679023
03009672831
03009678232
03009674476
03009677679
03009672366
03009679041
03009674966
03009672391
03009673273
03009678569
03009676938
03009678403
03009675785
03009672506
03009678177
03009679802
03009671570
03009679712
03009673289
03009679867
03009675451
03009677901
03009676642
03009675140
03009679250
03009671123
03009673347
03009671807
03009675702
03009672138
03009674582
03009673002
03009672358
03009676463
03009677035
03009674564
03009675618
03009676516
03009676412
03009674673
03009676108
03009676896
03009671439
03009679515
03009674489
03009678543
03009673428
03009675750
03009676498
03009678455
03009676595
03009671836
03009675175
03009679301
03009679212
03009679655
03009678839
03009675608
03009678416
03009673337
03009675181
03009671823
03009672838
03009678673
03009673111
03009672234
03009672479
03009678806
03009675067
03009678512
03009678028
03009673814
03009673035
03009678088
03009678467
03009674736
03009674880
03009676895
03009671288
03009675790
03009671098
03009671151
03009677290
03009676720
03009674804
03009678148
03009678524
03009677077
03009673387
03009676220
03009671276
03009679669
03009676769
03009676662
03009671272
03009675398
03009676620
03009678953
03009677519
03009677181
03009677880
03009677229
03009676158
03009677086
03009672475
03009676187
03009673301
03009676215
03009675642
03009671990
03009677518
03009674907
03009673968
03009677360
03009678230
03009671736
03009679563
03009671390
03009677149
03009679887
03009674906
03009676478
03009677806
03009678217
03009674100
03009671497
03009671535
03009673768
03009673218
03009673922
03009671132
03009679633
03009672329
03009679886
03009672337
03009673775
03009677171
03009672126
03009673757
03009678303
03009678389
03009677217
03009677956
03009677341
03009673626
03009675996
03009677970
03009679200
03009675670
03009673749
03009676298
03009673437
03009679605
03009677461
03009675900
03009671850
03009677226
03009679977
03009679310
03009672780
03009675005
03009678915
03009673566
03009673194
03009674318
03009675812
03009672818
03009672487
03009676581
03009679880
03009676006
03009676332
03009679430
03009674367
03009672454
03009671671
03009675864
03009672488
03009675366
03009678176
03009678031
03009678470
03009673924
03009674279
03009679054
03009675634
03009671523
03009674088
03009673480
03009676856
03009679724
03009671455
03009679567
03009672419
03009673039
03009674403
03009671109
03009679693
03009673254
03009673051
03009672352
03009678951
03009674642
03009671733
03009671410
03009672053
03009673980
03009675312
03009678940
03009672071
03009674982
03009673788
03009679007
03009671203
03009679386
03009672920
03009672947
03009677871
03009675136
03009673231
03009673627
03009677361
03009674230
03009671024
03009676003
03009672996
03009679171
03009677185
03009672855
03009678838
03009676528
03009678305
03009678314
03009677514
03009678439
03009677546
03009674099
03009677622
03009678271
03009674043
03009671434
03009676172
03009676004
03009677210
03009679505
03009678502
03009674922
03009677851
03009671484
03009675943
03009671759
03009675822
03009678349
03009679216
03009676144
03009677259
03009675406
03009674507
03009671037
03009676638
03009671787
03009676607
03009673328
03009671959
03009671561
03009676205
03009678823
03009671180
03009675644
03009679332
03009678025
03009673382
03009674266
03009671521
03009676954
03009678236
03009678155
03009674832
03009677762
03009677224
03009671906
03009672951
03009676885
03009678468
03009671863
03009674879
03009672260
03009671244
03009678275
03009674381
03009675553
03009676998
03009677169
03009673571
03009676811
03009679234
03009677319
03009678621
03009678492
03009678921
03009677552
03009672088
03009671806
03009674563
03009678200
03009671421
03009678618
03009673015
03009678058
03009679683
03009676161
03009678503
03009678798
03009673773
03009679278
03009674835
03009675315
03009672672
03009676022
03009679924
03009674458
03009671843
03009673944
03009674796
03009672599
03009677696
03009677649
03009676734
03009678730
03009671366
03009672299
03009677485
03009674812
03009675947
03009673072
03009678815
03009676615
03009678215
03009671200
03009679108
03009671516
03009673365
03009675310
03009678748
03009672596
03009673091
03009678795
03009676214
03009675738
03009673962
03009675278
03009676104
03009675903
03009674309
03009677234
03009672063
03009676979
03009672569
03009679367
03009679600
03009677206
03009676243
03009671131
03009675191
03009673596
03009676477
03009671082
03009679677
03009677985
03009678274
03009673503
03009672726
03009676967
03009672911
03009676689
03009679043
03009676701
03009675549
03009671939
03009675942
03009679148
03009679783
03009678801
03009671121
03009677556
03009678220
03009674077
03009674132
03009673475
03009679097
03009679173
03009678698
03009672632
03009674294
03009671002
03009678501
03009674552
03009679775
03009671980
03009671389
03009671248
03009676334
03009676396
03009678837
03009678491
03009677643
03009671198
03009678392
03009678090
03009671184
03009671932
03009672611
03009673021
03009672568
03009672073
03009671116
03009674168
03009677243
03009671095
03009678780
03009677291
03009674103
03009675814
03009679025
03009673431
03009679873
03009671221
03009675240
03009675277
03009675641
03009671453
03009679624
03009678690
03009674240
03009676203
03009679818
03009679046
03009675889
03009679153
03009672322
03009679649
03009679710
03009673659
03009673540
03009679151
03009674668
03009672841
03009671797
03009674659
03009671310
03009677371
03009676927
03009679142
03009671491
03009675478
03009672275
03009674891
03009678961
03009675454
03009676157
03009674283
03009671819
03009676688
03009679740
03009679055
03009672670
03009672918
03009675628
03009675930
03009678865
03009677913
03009674021
03009673989
03009672442
03009671543
03009679634
03009678518
03009673786
03009671651
03009678640
03009676687
03009674757
03009672994
03009671022
03009675109
03009672022
03009671569
03009673146
03009677438
03009674453
03009671229
03009671018
03009671456
03009676422
03009679832
03009673348
03009675819
03009677638
03009671540
03009676330
03009671099
03009672368
03009673929
03009679429
03009673637
03009672967
03009679521
03009676937
03009676487
03009674064
03009671670
03009679282
03009675231
03009672317
03009671409
03009672385
03009672364
03009675355
03009679481
03009671036
03009673509
03009671245
03009671799
03009673455
03009672499
03009673826
03009673516
03009674620
03009673574
03009678827
03009672258
03009676657
03009673477
03009677136
03009671611
03009679461
03009678273
03009677065
03009672121
03009673750
03009673486
03009678555
03009676467
03009675708
03009677989
03009672482
03009674081
03009678862
03009677715
03009677582
03009673053
03009671059
03009677222
03009676992
03009673642
03009678925
03009671783
03009674733
03009671418
03009674069
03009679969
03009675341
03009677048
03009673623
03009676630
03009671092
03009678402
03009678790
03009677008
03009671940
03009674941
03009671879
03009678109
03009675220
03009679321
03009672690
03009676263
03009676434
03009678012
03009679475
03009673556
03009678641
03009672540
03009677898
03009673889
03009672662
03009673343
03009678892
03009673771
03009672240
03009671114
03009678431
03009675112
03009678532
03009677596
03009673917
03009679147
03009676530
03009675412
03009671378
03009673706
03009677509
03009677329
03009677572
03009677535
03009679761
03009676250
03009679109
03009678050
03009676733
03009676381
03009671170
03009675789
03009679650
03009671322
03009679479
03009676945
03009679572
03009678736
03009679722
03009671368
03009678477
03009671584
03009671964
03009675186
03009676262
03009674911
03009672157
03009677874
03009673154
03009672894
03009672181
03009677536
03009672813
03009674439
03009677205
03009671344
03009675874
03009677849
03009675693
03009673592
03009677962
03009671025
03009677741
03009679573
03009675148
03009678669
03009674726
03009676221
03009677629
03009676496
03009677139
03009675650
03009675319
03009678998
03009671016
03009671654
03009676759
03009675282
03009671271
03009679312
03009674466
03009671869
03009675652
03009678261
03009675714
03009676621
03009675539
03009672825
03009679575
03009674930
03009674204
03009678851
03009674677
03009672795
03009671938
03009672554
03009677114
03009678302
03009674991
03009673796
03009679357
03009674831
03009677664
03009679757
03009673448
03009675269
03009679997
03009677058
03009675301
03009675032
03009678852
03009672930
03009677802
03009675226
03009676415
03009679088
03009679207
03009678210
03009675046
03009673988
03009679314
03009674406
03009672605
03009677263
03009673074
03009678459
03009678930
03009673625
03009678934
03009673809
03009679375
03009675303
03009676905
03009672350
03009674179
03009679765
03009677381
03009679454
03009677971
03009671777
03009677317
03009675911
03009675485
03009674579
03009678168
03009677769
03009675778
03009675055
03009672764
03009671601
03009677480
03009677449
03009672411
03009676367
03009678140
03009679690
03009671835
03009675998
03009671942
03009676994
03009678420
03009677599
03009673331
03009672979
03009674634
03009674795
03009677135
03009679136
03009676571
03009674568
03009673842
03009678164
03009679900
03009671407
03009675409
03009677458
03009675364
03009674075
03009673622
03009676226
03009678328
03009676635
03009678118
03009679432
03009675292
03009674500
03009677499
03009672173
03009677616
03009679232
03009679004
03009675065
03009675122
03009672792
03009672041
03009675587
03009672189
03009676715
03009679270
03009673822
03009671173
03009678361
03009678243
03009677932
03009677454
03009674410
03009677179
03009672725
03009677943
03009676177
03009678453
03009671142
03009677331
03009674184
03009675187
03009671103
03009673558
03009674664
03009673677
03009676384
03009678323
03009676822
03009677189
03009679921
03009676641
03009678407
03009676582
03009676012
03009677420
03009675572
03009678559
03009678457
03009676724
03009674265
03009671425
03009678207
03009672222
03009671500
03009677854
03009673952
03009673511
03009672239
03009679586
03009676605
03009673638
03009672623
03009676138
03009674649
03009672212
03009676397
03009672981
03009677926
03009676097
03009671598
03009677468
03009679682
03009679478
03009672933
03009676893
03009671714
03009679026
03009676184
03009673134
03009678157
03009679609
03009676223
03009675047
03009679436
03009679181
03009676395
03009674072
03009678061
03009675402
03009675825
03009676066
03009675521
03009676256
03009674109
03009672776
03009679192
03009678517
03009671154
03009674465
03009671349
03009672417
03009672180
03009673624
03009679383
03009677613
03009671901
03009679266
03009672113
03009677145
03009674469
03009675678
03009675800
03009679380
03009673568
03009677343
03009674335
03009678183
03009675132
03009674808
03009676466
03009678741
03009673839
03009674962
03009675706
03009672115
03009671771
03009677262
03009676879
03009672876
03009676416
03009671752
03009675272
03009679767
03009677528
03009676325
03009673996
03009673024
03009675882
03009677842
03009671146
03009671340
03009679996
03009678077
03009678763
03009673563
03009675666
03009675771
03009677608
03009676706
03009671361
03009677597
03009672693
03009673590
03009672325
03009672086
03009673997
03009675195
03009677230
03009674353
03009673928
03009671743
03009679296
03009674501
03009677266
03009679160
03009675370
03009678116
03009675284
03009675981
03009679707
03009672158
03009671159
03009674554
03009673075
03009678285
03009675149
03009675976
03009671195
03009679694
03009671211
03009673680
03009673654
03009679660
03009675990
03009677409
03009676380
03009675116
03009674289
03009676071
03009677355
03009673439
03009678622
03009676068
03009674187
03009671268
03009677204
03009674523
03009677530
03009676287
03009678496
03009672225
03009673412
03009677285
03009674542
03009671463
03009678804
03009677739
03009671176
03009673899
03009679871
03009671708
03009678918
03009674775
03009676537
03009675711
03009671071
03009675143
03009677129
03009678744
03009672456
03009671467
03009679898
03009678322
03009679102
03009679817
03009675793
03009673845
03009673950
03009674018
03009677159
03009677264
03009671038
03009673011
03009676382
03009678653
03009679559
03009679748
03009674299
03009672346
03009678626
03009675215
03009673353
03009678541
03009676853
03009677841
03009672853
03009675914
03009674359
03009679287
03009671693
03009678120
03009673912
03009677879
03009673862
03009671735
03009672826
03009674170
03009671718
03009677650
03009675975
03009674601
03009677660
03009676983
03009673197
03009671585
03009678598
03009673926
03009678819
03009678385
03009671303
03009675474
03009679713
03009675743
03009678450
03009674209
03009677916
03009678278
03009679203
03009678916
03009676877
03009674321
03009675452
03009673474
03009673375
03009674562
03009671627
03009677178
03009676749
03009671577
03009679161
03009672899
03009675322
03009673298
03009676966
03009671269
03009672124
03009676958
03009672774
03009679262
03009678884
03009671207
03009674281
03009673279
03009674257
03009678005
03009676373
03009675027
03009675378
03009676565
03009678376
03009671554
03009674351
03009676508
03009672106
03009673938
03009679502
03009671935
03009676261
03009676383
03009678297
03009678345
03009679011
03009679379
03009672220
03009677746
03009671589
03009673506
03009674641
03009675905
03009671724
03009672912
03009673661
03009673883
03009674007
03009677885
03009672665
03009675867
03009676016
03009677979
03009676736
03009677313
03009679044
03009673947
03009673410
03009677547
03009673751
03009674189
03009674358
03009671620
03009676572
03009678985
03009677353
03009675349
03009671249
03009672518
03009672054
03009677216
03009679555
03009671274
03009671386
03009673609
03009677328
03009678964
03009677581
03009676114
03009678558
03009672839
03009677796
03009672331
03009672186
03009679294
03009675491
03009671260
03009676730
03009671943
03009676803
03009671428
03009671356
03009676888
03009672477
03009678832
03009672459
03009677588
03009673617
03009679771
03009679235
03009675483
03009675237
03009677576
03009674722
03009677093
03009677368
03009671296
03009675783
03009671062
03009678355
03009672745
03009676225
03009677653
03009677358
03009671316
03009674742
03009675832
03009675470
03009671432
03009674039
03009673123
03009671250
03009676705
03009671633
03009672962
03009678705
03009671397
03009678907
03009677456
03009674278
03009673451
03009679532
03009677584
03009675640
03009678195
03009673406
03009674980
03009671261
03009678799
03009678637
03009678678
03009674592
03009672545
03009675265
03009673229
03009675960
03009671715
03009675509
03009676925
03009677992
03009677980
03009673397
03009679122
03009673054
03009673299
03009676653
03009671976
03009674163
03009676566
03009671767
03009674418
03009672783
03009679198
03009679174
03009676624
03009671690
03009674336
03009677686
03009677326
03009673262
03009679556
03009675554
03009678440
03009677939
03009671101
03009674578
03009673161
03009674192
03009674954
03009671701
03009676696
03009675209
03009671331
03009678990
03009677073
03009674222
03009672497
03009675072
03009677182
03009677640
03009679373
03009673498
03009671779
03009678863
03009674342
03009674123
03009671013
03009675382
03009679248
03009678041
03009677639
03009675823
03009671703
03009677620
03009675921
03009672928
03009674624
03009678257
03009675523
03009673787
03009679922
03009676023
03009677207
03009677976
03009672282
03009678840
03009672778
03009679413
03009673058
03009677669
03009675542
03009673973
03009673613
03009676722
03009678201
03009677408
03009673471
03009676522
03009675460
03009673966
03009675281
03009677846
03009671615
03009673160
03009674957
03009678787
03009673727
03009677839
03009674842
03009671049
03009671343
03009678547
03009672464
03009676118
03009678533
03009674143
03009677719
03009678810
03009678811
03009679590
03009671566
03009678384
03009674753
03009674270
03009677702
03009675008
03009677006
03009673721
03009671880
03009677152
03009678913
03009674480
03009674332
03009674057
03009679342
03009675433
03009674440
03009679205
03009673710
03009676008
03009678510
03009671791
03009677250
03009672678
03009674296
03009676030
03009671458
03009679776
03009674543
03009676814
03009673794
03009678193
03009675404
03009675728
03009672262
03009674848
03009673136
03009679870
03009673377
03009675150
03009679179
03009678615
03009673939
03009674488
03009677934
03009677757
03009679425
03009679936
03009677517
03009675863
03009677167
03009673801
03009677981
03009677928
03009677202
03009673662
03009674113
03009672807
03009672652
03009678199
03009679854
03009674241
03009671638
03009672608
03009671076
03009676302
03009676160
03009679668
03009676960
03009678352
03009673852
03009678774
03009675377
03009675388
03009676560
03009675529
03009673643
03009671519
03009679384
03009679029
03009674572
03009679318
03009672724
03009671678
03009678750
03009675760
03009679423
03009673878
03009674769
03009671395
03009679986
03009677144
03009679539
03009679557
03009673215
03009676776
03009677641
03009671848
03009675808
03009678954
03009673198
03009677882
03009672718
03009674614
03009677633
03009674585
03009675013
03009679415
03009678233
03009673167
03009671524
03009678922
03009678411
03009672710
03009676952
03009671215
03009672351
03009679330
03009671656
03009676838
03009673897
03009672162
03009673005
03009675753
03009672960
03009676834
03009671511
03009678952
03009672705
03009679485
03009677430
03009679801
03009676304
03009678366
03009677844
03009675545
03009678229
03009677252
03009673142
03009679247
03009679104
03009676576
03009675025
03009672829
03009676821
03009673001
03009677750
03009672549
03009674006
03009673302
03009675198
03009671782
03009675828
03009678500
03009672746
03009673713
03009674172
03009672406
03009673077
03009676128
03009673156
03009679333
03009676972
03009672416
03009672130
03009677377
03009679426
03009671961
03009672359
03009675097
03009674853
03009675256
03009672897
03009672376
03009671046
03009678059
03009675662
03009675944
03009674577
03009677692
03009671621
03009674691
03009671846
03009677586
03009675576
03009675255
03009672279
03009679941
03009675423
03009673953
03009679096
03009671354
03009674060
03009677309
03009674862
03009678223
03009675663
03009677899
03009676436
03009675926
03009671550
03009676947
03009679704
03009676667
03009677453
03009674712
03009674772
03009674535
03009673507
03009672574
03009679833
03009678943
03009671857
03009671657
03009675060
03009673290
03009674308
03009671884
03009677268
03009676792
03009675410
03009673704
03009675332
03009677286
03009676080
03009676951
03009678596
03009679524
03009673554
03009675648
03009675138
03009677492
03009679284
03009672699
03009676490
03009673656
03009676198
03009679399
03009675751
03009677919
03009674705
03009674112
03009674885
03009676275
03009677603
03009677242
03009671089
03009675777
03009673061
03009672621
03009677727
03009672360
03009679274
03009676052
03009678726
03009677917
03009674533
03009671675
03009674471
03009671199
03009676750
03009672468
03009675951
03009675835
03009679290
03009679593
03009679637
03009671034
03009678471
03009675459
03009675931
03009672334
03009679699
03009679193
03009676787
03009678519
03009674518
03009671741
03009675566
03009677853
03009673770
03009676310
03009674210
03009677721
03009675941
03009673323
03009676771
03009674895
03009671399
03009674765
03009672137
03009675724
03009677271
03009679176
03009675784
03009675560
03009672840
03009676195
03009677736
03009672065
03009677984
03009671102
03009671603
03009674377
03009673213
03009677738
03009679990
03009679010
03009674254
03009674417
03009674704
03009672217
03009673746
03009673087
03009671814
03009679167
03009671309
03009677600
03009677039
03009679670
03009679795
03009671552
03009674702
03009679447
03009671469
03009674472
03009671731
03009676374
03009677914
03009673961
03009678817
03009672740
03009671903
03009671247
03009677247
03009673679
03009677378
03009674686
03009673900
03009678662
03009679072
03009679849
03009676040
03009679116
03009674084
03009673008
03009671219
03009671192
03009676891
03009677467
03009673078
03009675130
03009679366
03009672131
03009672199
03009677790
03009675475
03009677830
03009672298
03009677375
03009674888
03009676567
03009673888
03009672326
03009678910
03009678614
03009676211
03009674300
03009674919
03009674400
03009679295
03009671887
03009677718
03009674161
03009671326
03009673222
03009671747
03009677559
03009673817
03009675895
03009678189
03009678991
03009675204
03009677322
03009675654
03009671175
03009674865
03009673430
03009673783
03009673310
03009679685
03009672682
03009671223
03009672296
03009671970
03009679982
03009676238
03009672716
03009677676
03009673816
03009678853
03009674201
03009672338
03009673500
03009677433
03009678356
03009675144
03009677682
03009676683
03009677768
03009672907
03009672580
03009676743
03009675671
03009675585
03009679126
03009675754
03009674259
03009675963
03009671526
03009677723
03009672548
03009672308
03009674838
03009675731
03009675034
03009678870
03009679566
03009671755
03009677821
03009673181
03009671740
03009676753
03009674373
03009678487
03009672562
03009674386
03009676709
03009671542
03009678202
03009671832
03009678043
03009672504
03009674481
03009671756
03009679853
03009674092
03009677154
03009676764
03009672503
03009677624
03009676863
03009677299
03009673349
03009672168
03009676318
03009679021
03009673491
03009673017
03009677733
03009678890
03009673339
03009672348
03009679984
03009671332
03009675604
03009678603
03009678381
03009676762
03009679846
03009673790
03009671462
03009672309
03009679240
03009674781
03009675437
03009674137
03009674745
03009679644
03009677972
03009673959
03009675997
03009676755
03009673068
03009674660
03009673325
03009679175
03009679085
03009679227
03009679204
03009675424
03009675016
03009671681
03009674546
03009679680
03009677195
03009678829
03009677920
03009677117
03009671873
03009673769
03009679830
03009674706
03009674580
03009671308
03009671515
03009673029
03009675776
03009677963
03009675401
03009672208
03009676555
03009673388
03009675532
03009675705
03009675830
03009677983
03009677301
03009675316
03009672141
03009674497
03009675737
03009678110
03009677101
03009674159
03009678665
03009674411
03009678165
03009672284
03009678259
03009671812
03009676916
03009674429
03009672498
03009673130
03009678038
03009673605
03009678749
03009673324
03009674355
03009678523
03009674385
03009671252
03009678299
03009676369
03009675223
03009673247
03009675511
03009676171
03009673284
03009674967
03009671999
03009672607
03009671966
03009676770
03009677426
03009679300
03009675664
03009676129
03009675040
03009674790
03009678094
03009671178
03009673970
03009677792
03009673232
03009679781
03009678319
03009673257
03009676476
03009673840
03009675383
03009672913
03009678745
03009673984
03009675232
03009675689
03009676139
03009672003
03009672751
03009675066
03009676085
03009676224
03009678115
03009672914
03009674194
03009674509
03009672922
03009679507
03009678900
03009678313
03009674253
03009675794
03009672626
03009676173
03009676041
03009671709
03009672103
03009671027
03009673064
03009677092
03009674499
03009679150
03009673253
03009679963
03009677267
03009679998
03009674464
03009679958
03009676182
03009672409
03009672719
03009674383
03009677749
03009676956
03009672883
03009678893
03009676835
03009674651
03009671774
03009677088
03009675019
03009675359
03009677138
03009677656
03009679191
03009674290
03009678527
03009672627
03009673855
03009679040
03009673731
03009675920
03009678617
03009672709
03009677531
03009671400
03009676573
03009674360
03009679165
03009678188
03009674850
03009672820
03009675028
03009679819
03009678906
03009673459
03009678428
03009671420
03009677794
03009675854
03009679504
03009674392
03009677488
03009671842
03009678280
03009671083
03009673020
03009673734
03009672323
03009676102
03009678348
03009676406
03009678929
03009677394
03009673589
03009678624
03009677941
03009678601
03009675152
03009677175
03009676993
03009672973
03009673056
03009671956
03009671562
03009674539
03009676084
03009676583
03009677356
03009677776
03009673834
03009674881
03009678977
03009676874
03009673210
03009679678
03009675845
03009672363
03009679350
03009676639
03009673297
03009674390
03009679952
03009671581
03009673603
03009678552
03009672253
03009677765
03009679138
03009676827
03009671665
03009674875
03009674860
03009673588
03009673441
03009675940
03009671664
03009671830
03009679444
03009673270
03009675431
03009674657
03009675792
03009674598
03009677884
03009679811
03009678421
03009679529
03009676997
03009675110
03009678473
03009677457
03009674569
03009673528
03009676270
03009673694
03009676007
03009675719
03009671745
03009677021
03009673630
03009675770
03009677402
03009671886
03009671419
03009679914
03009677878
03009673815
03009678434
03009673967
03009677318
03009677140
03009673315
03009674525
03009674255
03009678976
03009676716
03009673521
03009672850
03009671597
03009672228
03009671480
03009673976
03009673149
03009679779
03009675302
03009673314
03009673614
03009674256
03009671010
03009674146
03009676614
03009671982
03009678430
03009676504
03009679168
03009677347
03009672730
03009676459
03009674226
03009675131
03009678067
03009675720
03009679223
03009679725
03009676686
03009677966
03009671481
03009676236
03009679615
03009673798
03009671282
03009674134
03009673735
03009672660
03009678446
03009673386
03009677957
03009671096
03009676546
03009676079
03009677186
03009675059
03009678264
03009679945
03009673004
03009679773
03009674943
03009672133
03009673023
03009678791
03009672602
03009672943
03009673934
03009671945
03009678909
03009671719
03009677351
03009671265
03009678629
03009674094
03009676656
03009672087
03009676489
03009679261
03009675342
03009675516
03009677418
03009673379
03009677716
03009676313
03009678474
03009678494
03009673277
03009677085
03009674882
03009672145
03009678717
03009675453
03009678949
03009676545
03009678679
03009676703
03009673117
03009672856
03009675643
03009673761
03009673449
03009673399
03009677735
03009677427
03009676807
03009675089
03009675469
03009675405
03009678877
03009678180
03009679570
03009674344
03009675577
03009677700
03009677102
03009678630
03009677857
03009671172
03009675095
03009675541
03009679658
03009675629
03009673628
03009671139
03009678522
03009674688
03009671298
03009675039
03009679953
03009677056
03009678746
03009676086
03009676839
03009677059
03009674735
03009675158
03009679799
03009675275
03009679911
03009679131
03009678715
03009671948
03009675387
03009677390
03009672193
03009674762
03009677336
03009679371
03009676795
03009679334
03009673143
03009673946
03009673977
03009676403
03009678722
03009679201
03009679412
03009673635
03009676519
03009673090
03009676127
03009671668
03009678308
03009672759
03009673607
03009671324
03009677122
03009672354
03009678886
03009674407
03009671441
03009679047
03009675971
03009673470
03009674529
03009673701
03009676788
03009679727
03009675091
03009679656
03009671087
03009675898
03009676574
03009676217
03009674223
03009671039
03009673696
03009678683
03009675446
03009673712
03009675763
03009678367
03009676021
03009674431
03009678846
03009678818
03009674555
03009672581
03009674003
03009673714
03009676556
03009673223
03009672001
03009673598
03009671043
03009676192
03009676448
03009672862
03009672423
03009671031
03009673009
03009674981
03009679443
03009676913
03009673762
03009674768
03009675906
03009677429
03009679389
03009678363
03009676133
03009677238
03009676580
03009678554
03009679016
03009674133
03009678315
03009671794
03009672998
03009675248
03009671588
03009678075
03009674632
03009676420
03009677405
03009677881
03009677032
03009676691
03009677111
03009672824
03009676978
03009674412
03009675203
03009673211
03009674451
03009672757
03009674205
03009678092
03009671127
03009673789
03009672968
03009678728
03009673259
03009671045
03009671443
03009676191
03009679754
03009673031
03009673674
03009674864
03009673647
03009679788
03009675904
03009674052
03009677590
03009679034
03009678686
03009679071
03009674654
03009677042
03009671712
03009677801
03009675617
03009676488
03009679086
03009676862
03009672422
03009674301
03009677157
03009674942
03009672476
03009672226
03009679543
03009679019
03009671859
03009677888
03009678688
03009677520
03009678919
03009677737
03009678529
03009673268
03009671066
03009678703
03009673687
03009676593
03009672723
03009674681
03009676180
03009671106
03009675251
03009673006
03009673233
03009675915
03009676413
03009674666
03009677598
03009678238
03009676495
03009678235
03009672153
03009678958
03009677836
03009679487
03009671998
03009673982
03009679398
03009673494
03009672349
03009674156
03009675440
03009671008
03009672614
03009673464
03009671881
03009672290
03009679020
03009678995
03009678410
03009672405
03009673050
03009677303
03009672527
03009677221
03009673258
03009677949
03009673518
03009671234
03009675806
03009674063
03009678593
03009675493
03009674946
03009679315
03009674118
03009675688
03009674565
03009676664
03009671921
03009672012
03009676075
03009678226
03009672737
03009679815
03009675858
03009675862
03009673124
03009672989
03009671728
03009677084
03009676491
03009679018
03009672139
03009672905
03009675848
03009671928
03009673076
03009679133
03009677452
03009672434
03009679879
03009672639
03009679495
03009677754
03009673772
03009679585
03009679087
03009676190
03009674968
03009678490
03009672390
03009673595
03009679584
03009679208
03009679182
03009676909
03009676142
03009672785
03009673990
03009672624
03009679293
03009673157
03009677423
03009674445
03009671020
03009673872
03009676371
03009677870
03009679749
03009672023
03009675323
03009672042
03009673443
03009671749
03009677725
03009679838
03009675135
03009672575
03009678255
03009671227
03009678493
03009674886
03009677555
03009673304
03009677300
03009674457
03009671014
03009677009
03009677325
03009671213
03009676120
03009674298
03009678971
03009673608
03009676309
03009678448
03009678639
03009676610
03009674121
03009675507
03009675615
03009671183
03009677134
03009678887
03009671805
03009671437
03009677675
03009679652
03009676663
03009677578
03009678014
03009677687
03009675037
03009675821
03009674690
03009679827
03009674819
03009677081
03009672045
03009671314
03009674810
03009675802
03009676213
03009677940
03009676789
03009674584
03009672767
03009676024
03009677253
03009676117
03009676290
03009677923
03009679689
03009674356
03009678429
03009675457
03009679448
03009671713
03009677407
03009679607
03009675946
03009678296
03009678029
03009675935
03009678489
03009674314
03009677929
03009675289
03009679684
03009673454
03009674012
03009672570
03009676437
03009673192
03009674937
03009679127
03009675956
03009673318
03009679305
03009674803
03009676033
03009677993
03009679894
03009674158
03009673754
03009675153
03009673048
03009671452
03009673228
03009672201
03009673395
03009677037
03009679509
03009677272
03009675103
03009679979
03009677475
03009678364
03009671377
03009676673
03009678284
03009674503
03009672306
03009673559
03009673446
03009677363
03009673484
03009675899
03009674169
03009671000
03009677766
03009674435
03009678761
03009674926
03009672889
03009676802
03009672135
03009675856
03009675183
03009676842
03009674698
03009678713
03009673137
03009673114
03009679608
03009673709
03009675741
03009679416
03009676757
03009676483
03009679737
03009671311
03009671086
03009677327
03009672287
03009672083
03009678145
03009671320
03009674935
03009677930
03009672219
03009675076
03009673191
03009678026
03009671094
03009679441
03009677425
03009676654
03009675764
03009673282
03009671190
03009672622
03009679498
03009679368
03009677539
03009671485
03009676417
03009675129
03009678845
03009671645
03009679901
03009675555
03009672420
03009674567
03009676739
03009679078
03009677443
03009677280
03009678341
03009678634
03009675939
03009672344
03009672380
03009679228
03009679597
03009671422
03009678386
03009672971
03009678973
03009672408
03009671610
03009675502
03009671258
03009671295
03009671476
03009675192
03009671889
03009674394
03009672833
03009675977
03009671963
03009671614
03009676919
03009675983
03009671193
03009674027
03009679992
03009671262
03009674669
03009677965
03009675635
03009671498
03009678747
03009672246
03009671517
03009677465
03009678772
03009673538
03009671676
03009674338
03009672763
03009675492
03009671471
03009676150
03009671339
03009672867
03009674600
03009679541
03009678001
03009672510
03009678755
03009678253
03009675896
03009677376
03009676782
03009675201
03009674333
03009671472
03009674817
03009678936
03009675358
03009675009
03009674004
03009671796
03009677432
03009678809
03009679738
03009675125
03009675173
03009675574
03009671077
03009671816
03009678182
03009674182
03009672704
03009673346
03009674751
03009678463
03009678566
03009677043
03009678069
03009671487
03009676346
03009679643
03009673805
03009677605
03009677044
03009674876
03009671330
03009675700
03009674074
03009675978
03009672057
03009678191
03009672861
03009678073
03009676577
03009672026
03009673242
03009678788
03009677828
03009674047
03009677440
03009677133
03009677807
03009672090
03009672903
03009671684
03009675614
03009673060
03009673865
03009675508
03009677304
03009677110
03009679978
03009671590
03009674916
03009673526
03009679957
03009679185
03009671143
03009676204
03009675455
03009672689
03009677395
03009677544
03009674863
03009676359
03009676695
03009676054
03009679533
03009674663
03009672541
03009676597
03009673166
03009675972
03009679821
03009672378
03009675501
03009676135
03009673520
03009671287
03009676949
03009679810
03009676340
03009671380
03009675827
03009672579
03009675088
03009678764
03009672075
03009677877
03009672288
03009674779
03009675824
03009674846
03009672674
03009672194
03009679610
03009679918
03009677909
03009678696
03009671514
03009673376
03009676786
03009676600
03009676962
03009673426
03009673752
03009673847
03009677968
03009676737
03009673665
03009675170
03009672997
03009679467
03009678433
03009672285
03009676267
03009676377
03009679839
03009676116
03009676070
03009671321
03009673472
03009678931
03009678466
03009675901
03009673921
03009679196
03009671700
03009676655
03009679324
03009671186
03009679099
03009672650
03009678146
03009674961
03009678796
03009672371
03009677470
03009677684
03009679329
03009679027
03009671929
03009677493
03009673879
03009678057
03009677141
03009677396
03009678959
03009671007
03009675182
03009672397
03009675268
03009672938
03009671415
03009672999
03009671081
03009673557
03009675954
03009676869
03009678019
03009676889
03009676038
03009678697
03009679119
03009675119
03009679714
03009675386
03009675486
03009671482
03009677573
03009674354
03009679755
03009676825
03009676069
03009676820
03009675603
03009674613
03009672383
03009675957
03009672530
03009672688
03009678437
03009672221
03009677314
03009675568
03009679080
03009672446
03009673317
03009679813
03009671124
03009676105
03009679050
03009672893
03009678169
03009675494
03009678465
03009671285
03009673741
03009676357
03009676768
03009672327
03009673016
03009672286
03009674800
03009671259
03009676424
03009679144
03009679595
03009673586
03009675913
03009675798
03009672362
03009675772
03009672125
03009676568
03009678331
03009676124
03009678393
03009676181
03009676072
03009678374
03009677460
03009673658
03009678085
03009674537
03009673296
03009675695
03009675487
03009674791
03009673261
03009673523
03009675606
03009678435
03009674655
03009678704
03009677587
03009673272
03009678354
03009677096
03009679395
03009676141
03009676352
03009679698
03009671587
03009675285
03009675552
03009673238
03009676289
03009674035
03009675651
03009674675
03009678333
03009678143
03009676586
03009674662
03009678117
03009674207
03009677563
03009679238
03009675993
03009678725
03009677501
03009678699
03009676168
03009675683
03009671947
03009673529
03009676625
03009674126
03009673071
03009679199
03009676423
03009675411
03009673655
03009677445
03009675799
03009675988
03009673089
03009677069
03009672412
03009674034
03009679124
03009673707
03009678583
03009678301
03009679866
03009672646
03009673667
03009676969
03009671367
03009679255
03009673536
03009673510
03009677644
03009672517
03009672268
03009676299
03009676988
03009671660
03009671667
03009677486
03009679245
03009679770
03009671306
03009671201
03009671591
03009676676
03009677103
03009675658
03009678844
03009676588
03009675188
03009673138
03009672958
03009676672
03009674264
03009677907
03009675786
03009676394
03009678975
03009673225
03009672698
03009679603
03009675212
03009675669
03009676232
03009675646
03009675102
03009673177
03009672450
03009678081
03009672595
03009673535
03009674273
03009676959
03009677026
03009672694
03009678256
03009679883
03009673577
03009672172
03009675178
03009675759
03009673030
03009676222
03009672966
03009674235
03009676056
03009679662
03009676763
03009674102
03009676557
03009679154
03009679438
03009676074
03009677699
03009672493
03009671677
03009674944
03009672550
03009679696
03009673032
03009672585
03009673903
03009672304
03009679202
03009678131
03009673591
03009674599
03009673550
03009672511
03009674645
03009673884
03009675107
03009671612
03009676603
03009673042
03009677150
03009676544
03009675036
03009672664
03009674176
03009672848
03009671394
03009676014
03009674927
03009676060
03009676509
03009675967
03009671304
03009677589
03009673829
03009672264
03009679063
03009679991
03009678611
03009678334
03009677905
03009676968
03009671849
03009676645
03009674814
03009677995
03009678588
03009678068
03009677446
03009678093
03009675791
03009674756
03009677399
03009678758
03009678154
03009674117
03009679035
03009675415
03009675782
03009672316
03009671353
03009673408
03009671559
03009676426
03009671188
03009671299
03009674749
03009671292
03009673569
03009676286
03009676067
03009679626
03009675892
03009671617
03009679268
03009678785
03009671387
03009672696
03009673306
03009673963
03009672314
03009672791
03009674656
03009677706
03009676932
03009678008
03009678875
03009675584
03009675283
03009675234
03009678281
03009678498
03009678196
03009672171
03009672146
03009676111
03009678912
03009673135
03009678579
03009673985
03009675681
03009673481
03009671451
03009674847
03009677030
03009676841
03009679834
03009672099
03009676908
03009673690
03009676513
03009673672
03009679531
03009674685
03009671864
03009676742
03009679130
03009674274
03009676297
03009672647
03009672804
03009675362
03009675594
03009679943
03009674307
03009675165
03009672877
03009676271
03009674958
03009672445
03009675064
03009673344
03009677010
03009675561
03009675179
03009676727
03009679322
03009674834
03009675912
03009674531
03009672035
03009674365
03009674640
03009671829
03009673420
03009676057
03009676376
03009672917
03009679796
03009677973
03009677580
03009675166
03009675052
03009677500
03009677542
03009675193
03009672644
03009677695
03009674648
03009678880
03009676405
03009673427
03009678312
03009675004
03009678813
03009676784
03009674329
03009671174
03009676970
03009677419
03009672399
03009675010
03009678777
