03216729977
03216722914
03216722312
03216725782
03216727815
03216727817
03216726773
03216727107
03216721234
03216724939
03216722521
03216728612
03216721042
03216721655
03216724773
03216728318
03216728118
03216724854
03216723931
03216721785
03216727278
03216722471
03216726051
03216724724
03216729493
03216729639
03216723910
03216725796
03216728943
03216728531
03216722109
03216727565
03216726573
03216724719
03216729143
03216726642
03216728448
03216726030
03216727398
03216726764
03216725952
03216727604
03216728845
03216725772
03216721544
03216728581
03216726915
03216724170
03216727690
03216724545
03216723787
03216728192
03216725636
03216729840
03216729730
03216723090
03216728324
03216727133
03216727088
03216721311
03216722291
03216726408
03216721046
03216724326
03216726322
03216721252
03216725629
03216721676
03216729669
03216728823
03216723416
03216724386
03216726519
03216728447
03216725879
03216723720
03216728095
03216725328
03216728880
03216727563
03216723777
03216728381
03216729083
03216729412
03216723551
03216728897
03216723426
03216726087
03216724472
03216729543
03216727192
03216727798
03216721445
03216725222
03216727329
03216721285
03216722494
03216728020
03216725721
03216723805
03216725121
03216723320
03216721283
03216727211
03216724603
03216729038
03216721760
03216722430
03216727518
03216725566
03216722848
03216727268
03216725945
03216727238
03216726216
03216728125
03216729544
03216729926
03216729990
03216728299
03216726041
03216726976
03216721254
03216728080
03216722274
03216722873
03216727998
03216727594
03216722279
03216722820
03216721842
03216723406
03216724575
03216723962
03216727240
03216728129
03216726339
03216725521
03216729858
03216721665
03216723656
03216726954
03216723977
03216724343
03216725500
03216727983
03216726638
03216725068
03216724368
03216728475
03216725795
03216725505
03216729080
03216726344
03216729131
03216722329
03216726165
03216723761
03216724835
03216725239
03216722745
03216721006
03216723862
03216721369
03216723276
03216723449
03216728087
03216724023
03216728325
03216724642
03216729086
03216722998
03216726911
03216727550
03216724889
03216721360
03216722525
03216727910
03216724344
03216726046
03216723026
03216729070
03216724882
03216728101
03216727208
03216723191
03216723693
03216727904
03216728821
03216721715
03216721231
03216723337
03216726667
03216724130
03216724706
03216723188
03216726981
03216722583
03216724452
03216725728
03216722054
03216729993
03216723345
03216723117
03216721580
03216725555
03216721275
03216722401
03216722309
03216728401
03216724959
03216722299
03216728394
03216722553
03216729986
03216724577
03216726373
03216725821
03216727371
03216721767
03216723573
03216722643
03216728171
03216725544
03216725326
03216729892
03216728207
03216724888
03216724983
03216725627
03216727636
03216722417
03216725502
03216726511
03216722829
03216728377
03216725832
03216721831
03216726311
03216726995
03216728006
03216723620
03216729354
03216721633
03216725041
03216722621
03216721577
03216722912
03216721092
03216724229
03216726765
03216722002
03216728508
03216724641
03216729862
03216724091
03216723505
03216725003
03216725002
03216728949
03216723195
03216723956
03216724918
03216729310
03216722985
03216728937
03216725195
03216725049
03216723871
03216727537
03216728548
03216727320
03216726271
03216729338
03216723165
03216722267
03216725972
03216725439
03216724929
03216721325
03216721273
03216729745
03216722384
03216724321
03216723735
03216725969
03216727739
03216722805
03216725630
03216721992
03216729056
03216725398
03216726714
03216725731
03216729636
03216722640
03216724348
03216725648
03216722100
03216727220
03216726692
03216728217
03216724681
03216722236
03216723678
03216721238
03216729031
03216729563
03216724019
03216728471
03216722630
03216723645
03216729564
03216724616
03216721459
03216729079
03216723071
03216721065
03216721906
03216726555
03216728264
03216725846
03216725564
03216722623
03216727434
03216723332
03216721090
03216729281
03216724104
03216724580
03216721528
03216727702
03216722084
03216725445
03216726813
03216721567
03216726598
03216722429
03216725036
03216721953
03216722767
03216723069
03216726167
03216729035
03216728023
03216722889
03216726568
03216729029
03216726155
03216724786
03216721661
03216726417
03216726390
03216728113
03216727900
03216723491
03216728607
03216725699
03216728472
03216724737
03216725847
03216728525
03216729064
03216728035
03216722897
03216722532
03216721402
03216723634
03216726257
03216729498
03216725307
03216724125
03216723227
03216723892
03216722796
03216729554
03216721267
03216723594
03216725308
03216728201
03216722713
03216727949
03216729794
03216729867
03216725694
03216721943
03216727545
03216723322
03216722959
03216723957
03216726105
03216724242
03216724005
03216728131
03216726138
03216725491
03216721487
03216722934
03216722771
03216726656
03216729478
03216727535
03216723189
03216722497
03216725316
03216728345
03216722223
03216725013
03216722024
03216722253
03216729269
03216728168
03216721612
03216726838
03216729458
03216726088
03216726538
03216724408
03216722928
03216727786
03216728554
03216725548
03216723136
03216727456
03216729817
03216729779
03216721292
03216722331
03216723197
03216726626
03216729199
03216721098
03216727946
03216723686
03216728274
03216723851
03216723666
03216724736
03216729962
03216724525
03216728653
03216722028
03216726846
03216729836
03216725070
03216727367
03216724710
03216726762
03216722797
03216729087
03216727556
03216723556
03216722245
03216721431
03216729282
03216728953
03216725837
03216723516
03216723641
03216722832
03216726888
03216721835
03216728591
03216723900
03216726481
03216724653
03216723934
03216724887
03216723173
03216722930
03216721164
03216724686
03216722933
03216721174
03216725245
03216724963
03216727834
03216728486
03216729864
03216726402
03216722011
03216729934
03216726029
03216722420
03216724383
03216725783
03216721009
03216725012
03216729196
03216729957
03216728000
03216721526
03216721169
03216725607
03216721874
03216721985
03216725913
03216724625
03216729409
03216728870
03216729311
03216728108
03216723707
03216725682
03216725154
03216722967
03216729824
03216723966
03216726351
03216728624
03216721514
03216725028
03216729047
03216721921
03216726152
03216725490
03216722975
03216722984
03216729647
03216724076
03216724077
03216722226
03216727711
03216727990
03216724416
03216726097
03216725764
03216721259
03216726717
03216721974
03216726275
03216722076
03216723252
03216725327
03216729857
03216726228
03216729471
03216728176
03216723325
03216727203
03216724534
03216726983
03216729260
03216721370
03216726957
03216726865
03216722704
03216723256
03216723380
03216726336
03216727460
03216728460
03216729631
03216726795
03216723456
03216727442
03216724977
03216726069
03216723726
03216722436
03216723441
03216725091
03216729539
03216724228
03216722952
03216726593
03216726294
03216729261
03216723503
03216724808
03216726872
03216725242
03216728450
03216726620
03216727458
03216729231
03216723060
03216727879
03216724513
03216727814
03216722444
03216726457
03216721871
03216722414
03216721251
03216723401
03216724449
03216723762
03216729442
03216725076
03216729721
03216727141
03216721070
03216726110
03216726961
03216724118
03216722652
03216722137
03216722758
03216727251
03216728213
03216728992
03216728356
03216728611
03216724494
03216729376
03216726172
03216727212
03216721525
03216725026
03216726413
03216724722
03216723879
03216728010
03216725434
03216723110
03216728729
03216729479
03216723452
03216728161
03216726950
03216723760
03216727548
03216721861
03216725676
03216729686
03216729205
03216723658
03216723422
03216722894
03216724790
03216729954
03216721512
03216727589
03216722229
03216723550
03216724695
03216723498
03216721732
03216721387
03216723081
03216726108
03216722730
03216722293
03216726703
03216729648
03216727150
03216728046
03216728877
03216725158
03216726333
03216722425
03216725866
03216723976
03216723164
03216721064
03216725115
03216725311
03216723922
03216725520
03216727871
03216726615
03216724034
03216728751
03216726429
03216725562
03216727224
03216727651
03216724818
03216729567
03216728973
03216725611
03216723159
03216724016
03216729632
03216723621
03216721723
03216728777
03216729574
03216721530
03216722677
03216721599
03216722624
03216727419
03216721889
03216722781
03216724127
03216729279
03216725204
03216729904
03216726863
03216728641
03216725800
03216729158
03216723596
03216721763
03216728077
03216725453
03216727297
03216721099
03216725678
03216726782
03216723797
03216729093
03216727041
03216722504
03216728761
03216727276
03216724830
03216725238
03216724599
03216726659
03216727678
03216726192
03216725910
03216722775
03216724179
03216726931
03216723890
03216724428
03216723717
03216723082
03216722977
03216727933
03216728227
03216721894
03216723521
03216724870
03216729893
03216721740
03216725106
03216727945
03216724390
03216723724
03216721365
03216727927
03216725074
03216721624
03216724041
03216729140
03216721759
03216725918
03216725571
03216724872
03216725302
03216721250
03216723065
03216722612
03216726115
03216726625
03216724570
03216725382
03216721308
03216729272
03216725658
03216722571
03216728246
03216725579
03216722589
03216729789
03216723207
03216726500
03216728643
03216729040
03216723836
03216728656
03216722014
03216722656
03216727021
03216728218
03216724961
03216722684
03216722040
03216725333
03216729615
03216724070
03216727764
03216729153
03216722545
03216723765
03216721256
03216724769
03216722375
03216726101
03216723347
03216727324
03216729293
03216721484
03216727158
03216724683
03216724749
03216724422
03216721674
03216722278
03216727969
03216722555
03216727877
03216728360
03216723089
03216726771
03216724310
03216724081
03216725168
03216722913
03216725963
03216728518
03216724053
03216721693
03216723955
03216724877
03216729342
03216724271
03216721461
03216722554
03216728667
03216725331
03216727728
03216722112
03216727803
03216725740
03216727618
03216723319
03216727941
03216721792
03216729795
03216722953
03216724184
03216724484
03216728293
03216722816
03216724411
03216723329
03216724195
03216729459
03216723104
03216722989
03216729545
03216722671
03216727402
03216725414
03216723887
03216722546
03216727583
03216724659
03216726506
03216726080
03216729427
03216729593
03216728022
03216726726
03216722228
03216727455
03216728740
03216729771
03216724201
03216724858
03216723813
03216723167
03216721621
03216725851
03216724398
03216721310
03216724699
03216725011
03216724946
03216728073
03216724381
03216722710
03216723552
03216723091
03216723951
03216722213
03216721505
03216724817
03216727468
03216727230
03216724249
03216721022
03216725343
03216727813
03216723588
03216727648
03216723792
03216728036
03216721626
03216726233
03216726273
03216722006
03216721806
03216721069
03216724480
03216724839
03216728946
03216727482
03216725750
03216727847
03216724745
03216728332
03216726219
03216721109
03216725033
03216729861
03216725947
03216729091
03216723841
03216725422
03216729051
03216723924
03216722729
03216722833
03216723326
03216724674
03216728780
03216727318
03216726818
03216727818
03216722144
03216721144
03216727024
03216725064
03216725871
03216727824
03216721718
03216729383
03216725917
03216724802
03216724233
03216722780
03216723727
03216726694
03216723676
03216722088
03216725524
03216727142
03216722431
03216726583
03216722755
03216726113
03216722424
03216727258
03216729551
03216728900
03216724291
03216727214
03216727716
03216729809
03216721266
03216722123
03216726039
03216728148
03216724844
03216729121
03216728496
03216723222
03216726631
03216726912
03216722585
03216723255
03216729389
03216726468
03216722955
03216729757
03216727292
03216722124
03216726365
03216725901
03216729941
03216726010
03216726884
03216721206
03216725294
03216725876
03216724607
03216725463
03216721434
03216723612
03216726060
03216727309
03216725792
03216727485
03216726295
03216728725
03216725979
03216728327
03216728972
03216726623
03216723974
03216723914
03216727316
03216728478
03216723219
03216724486
03216729747
03216726327
03216721379
03216727961
03216724299
03216724078
03216724782
03216725373
03216723697
03216729982
03216723501
03216721777
03216723346
03216727176
03216729586
03216727683
03216727912
03216723961
03216723278
03216724821
03216721901
03216727478
03216726629
03216727290
03216726984
03216728214
03216725058
03216721574
03216726045
03216728334
03216724425
03216725826
03216725290
03216723545
03216723599
03216721589
03216728584
03216726775
03216723991
03216729327
03216722136
03216723970
03216728408
03216726042
03216728517
03216724899
03216729528
03216722365
03216728100
03216723139
03216722397
03216726599
03216724059
03216727491
03216728388
03216724283
03216729885
03216727758
03216721735
03216722751
03216724210
03216724296
03216724137
03216724312
03216722371
03216724694
03216728150
03216724492
03216728576
03216722171
03216726541
03216726674
03216721653
03216728005
03216725194
03216722027
03216729226
03216721230
03216726053
03216725210
03216724771
03216724300
03216724652
03216724105
03216724378
03216726730
03216726673
03216723291
03216724306
03216725390
03216727522
03216725093
03216724487
03216728449
03216729566
03216724171
03216729812
03216724646
03216727742
03216725448
03216729317
03216723246
03216729234
03216724984
03216723066
03216728084
03216729102
03216727600
03216723394
03216726279
03216726589
03216721903
03216722235
03216726070
03216725177
03216726688
03216721659
03216727539
03216721663
03216721881
03216726557
03216729203
03216724788
03216728625
03216728273
03216727495
03216722567
03216729321
03216727306
03216728419
03216722393
03216723012
03216721699
03216722169
03216729452
03216727582
03216727909
03216725766
03216725507
03216729377
03216724139
03216726558
03216724445
03216724635
03216726439
03216723184
03216724207
03216726202
03216723703
03216727476
03216723835
03216724190
03216729017
03216727653
03216721841
03216721771
03216726313
03216728533
03216728268
03216729266
03216721586
03216728402
03216726857
03216722211
03216727489
03216724358
03216721050
03216729825
03216722067
03216723827
03216722860
03216723692
03216729382
03216725114
03216726134
03216721104
03216724715
03216724916
03216729176
03216727508
03216724515
03216727610
03216728489
03216726137
03216722594
03216726268
03216728290
03216725179
03216723048
03216728037
03216726326
03216725599
03216729191
03216726214
03216723118
03216722785
03216724364
03216728368
03216725586
03216728014
03216728078
03216726930
03216722398
03216726766
03216724349
03216722410
03216725192
03216724600
03216725810
03216721351
03216724905
03216728456
03216728980
03216724380
03216728648
03216729811
03216725654
03216723056
03216729515
03216726943
03216729201
03216728501
03216721798
03216726391
03216723143
03216723296
03216728929
03216729596
03216722255
03216728058
03216724795
03216728446
03216729501
03216727144
03216721133
03216721507
03216724590
03216726093
03216724862
03216728212
03216724328
03216725384
03216723987
03216721809
03216729365
03216726422
03216723874
03216728283
03216725454
03216725050
03216722550
03216726018
03216727749
03216721896
03216725162
03216725004
03216723554
03216723292
03216722383
03216723661
03216724878
03216729039
03216729172
03216728509
03216721922
03216728007
03216722352
03216723107
03216723638
03216723585
03216722062
03216727759
03216729308
03216727119
03216725833
03216725634
03216728647
03216722991
03216721935
03216729687
03216728278
03216724619
03216729394
03216729237
03216726345
03216722538
03216721570
03216725829
03216724849
03216729109
03216722770
03216721547
03216727249
03216721952
03216723102
03216724457
03216721412
03216728965
03216722587
03216728043
03216727720
03216727658
03216723736
03216727542
03216722943
03216729352
03216724553
03216729115
03216722766
03216722068
03216727756
03216721394
03216722909
03216728682
03216721719
03216726234
03216729889
03216727477
03216728275
03216729313
03216729404
03216726650
03216728302
03216724812
03216723911
03216722092
03216723517
03216723418
03216722007
03216722696
03216724799
03216729267
03216728615
03216723888
03216729343
03216721208
03216722561
03216727080
03216722387
03216723694
03216726090
03216729136
03216725938
03216727042
03216725465
03216721076
03216729710
03216726034
03216723359
03216727953
03216725751
03216728156
03216725663
03216725603
03216724033
03216726675
03216725888
03216726919
03216727426
03216727619
03216729552
03216723589
03216728931
03216728104
03216722324
03216724263
03216724608
03216728721
03216725681
03216727972
03216722601
03216729653
03216722341
03216721781
03216728805
03216725089
03216723233
03216725256
03216722382
03216728137
03216721187
03216725545
03216724684
03216721476
03216728353
03216722763
03216729415
03216723248
03216729019
03216721876
03216722145
03216722121
03216725788
03216727385
03216728750
03216725276
03216725949
03216723333
03216728589
03216724893
03216727082
03216721830
03216724193
03216722362
03216727169
03216725451
03216727744
03216722559
03216723417
03216725909
03216721844
03216729306
03216722433
03216725435
03216729304
03216721552
03216729660
03216723016
03216727703
03216721462
03216726505
03216723151
03216728067
03216721003
03216724932
03216729408
03216725527
03216725019
03216724174
03216724521
03216727188
03216726424
03216724401
03216729561
03216725861
03216726905
03216729925
03216721229
03216725971
03216724397
03216724509
03216728393
03216725233
03216724065
03216724126
03216725857
03216724018
03216727384
03216726740
03216727627
03216724009
03216725320
03216727670
03216724784
03216726267
03216721765
03216728371
03216722399
03216725794
03216721165
03216725600
03216729599
03216723225
03216729773
03216729755
03216723436
03216721129
03216725781
03216729288
03216723061
03216722691
03216727660
03216721934
03216728362
03216721217
03216724971
03216729235
03216725141
03216721368
03216729464
03216725163
03216727599
03216723776
03216722110
03216722598
03216725135
03216723420
03216722961
03216727129
03216726952
03216726966
03216727872
03216725496
03216724167
03216728703
03216727321
03216723295
03216723709
03216723358
03216728134
03216728164
03216722282
03216729948
03216729062
03216724591
03216727353
03216728399
03216723183
03216724153
03216728679
03216725561
03216728818
03216726119
03216722087
03216724061
03216727790
03216727026
03216727345
03216729644
03216727200
03216727842
03216724304
03216728752
03216724463
03216726970
03216721137
03216723013
03216725893
03216722708
03216727890
03216726657
03216723281
03216724735
03216726837
03216721980
03216728705
03216721343
03216725487
03216728603
03216724476
03216727590
03216721271
03216727440
03216724102
03216724491
03216722921
03216726037
03216723018
03216728439
03216729548
03216726748
03216721532
03216727286
03216728719
03216727182
03216727541
03216727087
03216729060
03216722925
03216723410
03216724197
03216724036
03216723055
03216722611
03216728640
03216728301
03216721713
03216722157
03216726081
03216729827
03216722476
03216727480
03216727022
03216722868
03216726645
03216722874
03216724268
03216726028
03216727108
03216726532
03216723202
03216729550
03216722333
03216729985
03216724161
03216721515
03216722699
03216721551
03216727073
03216723404
03216723321
03216721436
03216722732
03216723425
03216727391
03216721704
03216724810
03216722166
03216721697
03216724313
03216728596
03216729141
03216728169
03216726928
03216724248
03216729852
03216728654
03216724140
03216723767
03216723382
03216728276
03216728296
03216723618
03216729547
03216725209
03216727359
03216727037
03216728495
03216729717
03216725865
03216721498
03216724740
03216728288
03216729847
03216727049
03216724520
03216721501
03216725038
03216728904
03216726476
03216729073
03216721583
03216722094
03216723148
03216725724
03216725997
03216726381
03216726749
03216727285
03216723428
03216726513
03216721758
03216728079
03216724766
03216725686
03216721559
03216721554
03216725010
03216722289
03216727210
03216728383
03216728354
03216725897
03216724293
03216726121
03216726774
03216723258
03216721503
03216723625
03216725264
03216723889
03216728133
03216729497
03216728580
03216728069
03216725080
03216721363
03216724883
03216722543
03216729946
03216726614
03216729265
03216723229
03216726196
03216723037
03216725358
03216729664
03216726653
03216723254
03216724292
03216722061
03216724371
03216727669
03216728783
03216726877
03216722791
03216729803
03216721701
03216729212
03216725353
03216721237
03216726736
03216726828
03216723230
03216727875
03216729783
03216729067
03216727412
03216729833
03216722339
03216721416
03216724972
03216728152
03216729271
03216729302
03216724874
03216721163
03216723150
03216723822
03216725022
03216722944
03216728527
03216721336
03216725202
03216722492
03216729390
03216721269
03216725367
03216724508
03216721664
03216725304
03216726817
03216722958
03216721902
03216729228
03216728868
03216722697
03216723548
03216728423
03216721862
03216725664
03216721066
03216722853
03216727451
03216722210
03216723936
03216725523
03216722949
03216729305
03216721591
03216724949
03216726210
03216727637
03216725207
03216728056
03216729793
03216722702
03216723120
03216721658
03216727787
03216724317
03216724068
03216728258
03216728665
03216729407
03216724160
03216729943
03216724213
03216724763
03216727301
03216729159
03216729923
03216727748
03216728414
03216725517
03216727377
03216729732
03216727239
03216723374
03216721728
03216727892
03216729868
03216727264
03216729898
03216727431
03216725005
03216728484
03216726001
03216723423
03216726191
03216723429
03216724166
03216721734
03216726800
03216728081
03216729643
03216721924
03216729844
03216725601
03216722565
03216724099
03216728372
03216725573
03216726643
03216724669
03216729845
03216722742
03216722277
03216728672
03216724990
03216725072
03216723051
03216721186
03216726772
03216725504
03216726574
03216724704
03216728248
03216727944
03216727420
03216721135
03216729142
03216722440
03216724385
03216725526
03216722295
03216722584
03216725181
03216723259
03216729496
03216721709
03216725339
03216724746
03216728075
03216723050
03216721378
03216727326
03216724909
03216724264
03216728699
03216722750
03216723533
03216723146
03216729181
03216722405
03216724680
03216727870
03216725872
03216721638
03216723513
03216723794
03216729619
03216721290
03216727496
03216721746
03216726092
03216721061
03216727058
03216728320
03216726968
03216726347
03216725962
03216725981
03216726252
03216726854
03216722449
03216727177
03216729740
03216728839
03216724645
03216722132
03216721202
03216723981
03216724609
03216729240
03216722529
03216729753
03216724085
03216727712
03216723557
03216729525
03216723004
03216727812
03216723367
03216726253
03216723103
03216729453
03216726229
03216729666
03216727066
03216728915
03216721320
03216723245
03216723675
03216723400
03216729646
03216725489
03216721999
03216721642
03216726020
03216728363
03216721122
03216728951
03216728733
03216721261
03216721277
03216727807
03216726286
03216727920
03216727588
03216729400
03216722876
03216728919
03216721142
03216722679
03216724617
03216725812
03216721724
03216727083
03216724159
03216724717
03216721752
03216723984
03216725944
03216721263
03216722368
03216723043
03216729092
03216728956
03216725593
03216724319
03216724673
03216724682
03216725084
03216725948
03216727876
03216728432
03216724541
03216722111
03216727954
03216728732
03216727809
03216724115
03216722127
03216728314
03216726822
03216724431
03216725551
03216725151
03216727708
03216728012
03216723920
03216724563
03216722422
03216725776
03216722581
03216728650
03216729618
03216722605
03216723798
03216721179
03216724978
03216722530
03216724558
03216728928
03216723644
03216722844
03216723534
03216724869
03216722192
03216724418
03216721942
03216727859
03216724113
03216721517
03216723280
03216726832
03216721803
03216728884
03216726401
03216724132
03216721341
03216725706
03216724180
03216722841
03216722073
03216722508
03216727650
03216725643
03216725992
03216721900
03216726664
03216725167
03216729694
03216722407
03216722049
03216722075
03216724259
03216725369
03216722786
03216723857
03216722294
03216728397
03216723217
03216728600
03216724747
03216728924
03216729068
03216722795
03216729683
03216726768
03216722215
03216728120
03216729616
03216721332
03216722435
03216728051
03216725139
03216724774
03216728498
03216726707
03216721725
03216729291
03216725225
03216722105
03216729516
03216726704
03216729722
03216726848
03216723349
03216727415
03216723502
03216727775
03216722244
03216726098
03216729693
03216726898
03216722723
03216725281
03216723054
03216729860
03216728494
03216724734
03216725662
03216723795
03216721868
03216726672
03216723925
03216723375
03216722641
03216726091
03216729961
03216729920
03216726767
03216728865
03216726114
03216724017
03216727400
03216728675
03216729001
03216722170
03216729610
03216724873
03216723660
03216723770
03216724987
03216721575
03216729553
03216725546
03216726830
03216723849
03216721392
03216726546
03216721584
03216722761
03216725361
03216726287
03216727788
03216728528
03216728262
03216722059
03216729915
03216721204
03216721209
03216724678
03216724448
03216722320
03216724973
03216728734
03216725191
03216729312
03216729284
03216729707
03216721322
03216722625
03216722128
03216729002
03216726240
03216725883
03216721821
03216728292
03216721028
03216724270
03216722923
03216721167
03216724562
03216723487
03216723933
03216727664
03216725710
03216727136
03216726627
03216721095
03216721682
03216722629
03216729244
03216725660
03216721419
03216728091
03216727781
03216728279
03216727770
03216723057
03216721430
03216729146
03216729387
03216728333
03216726156
03216721671
03216725773
03216721630
03216728451
03216722020
03216729568
03216727100
03216722631
03216729609
03216726179
03216722888
03216726792
03216727729
03216722665
03216722343
03216721848
03216726323
03216727193
03216727085
03216727071
03216726933
03216729120
03216729886
03216727760
03216726460
03216728018
03216727686
03216722541
03216722978
03216729247
03216729578
03216721233
03216723524
03216721683
03216724523
03216721134
03216727956
03216721242
03216722395
03216721314
03216729781
03216726725
03216729103
03216721366
03216721203
03216727717
03216722635
03216728233
03216727979
03216729718
03216722129
03216729105
03216727888
03216724750
03216721811
03216722270
03216726127
03216722300
03216725510
03216725936
03216728976
03216729716
03216726724
03216726778
03216726446
03216726679
03216724565
03216728582
03216729219
03216721611
03216728044
03216722814
03216721961
03216723253
03216729834
03216724804
03216728538
03216726264
03216728851
03216723353
03216727644
03216729689
03216729502
03216727511
03216722318
03216721648
03216727811
03216728804
03216721054
03216721780
03216725966
03216725402
03216723039
03216727564
03216723577
03216728668
03216723138
03216725374
03216728996
03216724165
03216729046
03216726676
03216725675
03216727757
03216721610
03216729671
03216726362
03216727089
03216729167
03216722246
03216726867
03216726934
03216721407
03216722807
03216726989
03216721033
03216723284
03216723444
03216724432
03216721764
03216722687
03216728328
03216724506
03216724314
03216722183
03216728153
03216725378
03216729443
03216722155
03216722174
03216728876
03216728459
03216725317
03216726709
03216727261
03216728384
03216727963
03216722042
03216727047
03216721864
03216721243
03216725993
03216721796
03216721677
03216724573
03216726437
03216724093
03216721489
03216721963
03216727546
03216729750
03216721288
03216725935
03216725973
03216725656
03216725978
03216724739
03216727423
03216725929
03216722542
03216728330
03216723106
03216725053
03216728807
03216725125
03216721737
03216722022
03216721223
03216725220
03216728571
03216722292
03216729433
03216727223
03216725928
03216725269
03216724979
03216721005
03216727057
03216724253
03216723894
03216726843
03216726662
03216723158
03216728856
03216728378
03216726706
03216728739
03216728013
03216721004
03216723114
03216729432
03216723504
03216727848
03216721107
03216725623
03216723828
03216724120
03216726224
03216727201
03216729255
03216728127
03216724561
03216729612
03216722099
03216724279
03216728623
03216724999
03216726094
03216721318
03216727096
03216723942
03216724820
03216721754
03216728994
03216728664
03216722051
03216721679
03216722754
03216724910
03216729678
03216724585
03216725021
03216725823
03216729871
03216728696
03216729820
03216723739
03216722992
03216723568
03216729374
03216726107
03216721083
03216729856
03216723872
03216721403
03216722406
03216727500
03216727737
03216721088
03216725560
03216724037
03216729978
03216725515
03216725495
03216726136
03216723595
03216725000
03216721055
03216728762
03216722125
03216725426
03216729289
03216729897
03216721629
03216725806
03216723181
03216722614
03216723079
03216728085
03216729909
03216728686
03216729258
03216722963
03216721628
03216725803
03216725337
03216726129
03216725568
03216728809
03216723719
03216722606
03216722321
03216726403
03216721350
03216728737
03216725612
03216726607
03216728407
03216725559
03216729754
03216728352
03216727363
03216727409
03216726227
03216726700
03216722864
03216724337
03216722037
03216729420
03216722804
03216729814
03216729641
03216726177
03216729022
03216723485
03216725452
03216721264
03216724341
03216722473
03216724285
03216727366
03216724620
03216728765
03216724555
03216729414
03216724269
03216724481
03216728766
03216723131
03216721399
03216725906
03216729456
03216724366
03216721923
03216725778
03216722819
03216722655
03216724250
03216725464
03216726035
03216726537
03216726269
03216722899
03216728094
03216724936
03216729334
03216728243
03216727481
03216722714
03216726471
03216728534
03216729470
03216721048
03216728241
03216728685
03216723115
03216724028
03216722646
03216722411
03216729340
03216728563
03216726281
03216721465
03216723301
03216725789
03216723378
03216726680
03216722667
03216725037
03216726463
03216725549
03216726572
03216721212
03216727234
03216726885
03216721910
03216723063
03216729720
03216724284
03216723185
03216723201
03216727350
03216723421
03216722240
03216726758
03216729531
03216724623
03216727873
03216722269
03216721691
03216726633
03216729007
03216729790
03216727164
03216729065
03216726858
03216726543
03216722815
03216725412
03216727429
03216725499
03216726561
03216727180
03216721524
03216727168
03216729733
03216725265
03216724440
03216721116
03216728738
03216725908
03216725073
03216721948
03216723339
03216724964
03216725193
03216725277
03216724056
03216729930
03216727120
03216728746
03216724214
03216729424
03216724841
03216729328
03216724032
03216723098
03216722536
03216726425
03216728720
03216725349
03216726048
03216722472
03216721352
03216723968
03216728062
03216724595
03216729476
03216722152
03216721442
03216727404
03216722348
03216723023
03216721814
03216723409
03216725016
03216722600
03216726580
03216721473
03216725717
03216721778
03216728849
03216722633
03216722428
03216728768
03216724671
03216725336
03216721072
03216723793
03216722347
03216725356
03216724778
03216726151
03216722281
03216729947
03216724393
03216725805
03216727175
03216725461
03216723234
03216728357
03216729512
03216729906
03216728790
03216729772
03216727726
03216725892
03216729879
03216728251
03216726284
03216725745
03216728019
03216721564
03216726106
03216722050
03216728988
03216723610
03216727666
03216721741
03216721127
03216726794
03216728883
03216728543
03216723155
03216724275
03216722915
03216728861
03216725881
03216724247
03216721299
03216726067
03216726454
03216725477
03216726526
03216726535
03216724240
03216726483
03216724246
03216722083
03216721846
03216728165
03216723127
03216726487
03216727995
03216727740
03216722590
03216725104
03216722703
03216727688
03216727543
03216722189
03216725214
03216721964
03216725508
03216722400
03216726844
03216724297
03216721071
03216725919
03216722753
03216725840
03216728982
03216729967
03216724482
03216722126
03216723945
03216721537
03216724540
03216729656
03216722951
03216727332
03216729592
03216723300
03216726777
03216728594
03216721150
03216723443
03216721518
03216726648
03216724035
03216723578
03216727706
03216726682
03216723668
03216721427
03216724238
03216721015
03216721614
03216721998
03216726531
03216721108
03216727745
03216725421
03216726247
03216721026
03216726756
03216725887
03216727380
03216728683
03216722426
03216727233
03216729249
03216726786
03216721949
03216723663
03216721872
03216728143
03216727362
03216726596
03216729913
03216725702
03216725539
03216724261
03216723424
03216723992
03216725651
03216721819
03216728219
03216727004
03216721836
03216724450
03216725462
03216729876
03216729462
03216721477
03216721757
03216723808
03216722882
03216729393
03216728027
03216729290
03216727466
03216722981
03216727438
03216728348
03216724610
03216725270
03216725825
03216726168
03216723647
03216729024
03216726965
03216724333
03216721138
03216725878
03216724760
03216723160
03216722783
03216721666
03216726691
03216729330
03216722361
03216722528
03216722003
03216729190
03216722394
03216726540
03216725667
03216726438
03216727917
03216729033
03216729331
03216724511
03216723078
03216729475
03216721744
03216723515
03216725230
03216724530
03216722741
03216726849
03216722685
03216721450
03216722486
03216724158
03216729477
03216724316
03216728481
03216727601
03216725129
03216729945
03216725142
03216728744
03216726256
03216724660
03216723801
03216728272
03216728588
03216729854
03216728626
03216727131
03216729262
03216722381
03216726190
03216726486
03216727784
03216727693
03216721730
03216729381
03216726628
03216724332
03216722999
03216723850
03216725438
03216727342
03216728939
03216724178
03216726055
03216727621
03216725569
03216729360
03216724462
03216721349
03216729603
03216725296
03216727413
03216726014
03216728637
03216727800
03216723875
03216722901
03216728173
03216726017
03216726077
03216722098
03216728890
03216722186
03216723488
03216725626
03216728891
03216728158
03216722560
03216722490
03216729752
03216729514
03216726812
03216726829
03216729202
03216728989
03216725695
03216725198
03216727913
03216725097
03216729168
03216729200
03216725522
03216725322
03216723383
03216728940
03216723190
03216727043
03216722806
03216727090
03216726262
03216728187
03216724477
03216727063
03216726072
03216726149
03216728261
03216724767
03216726874
03216729972
03216724805
03216729826
03216727401
03216724191
03216723084
03216723354
03216721619
03216726011
03216725082
03216721279
03216721898
03216724351
03216727507
03216721491
03216728034
03216726464
03216723019
03216724433
03216722997
03216729113
03216723973
03216727614
03216727019
03216729484
03216726677
03216722231
03216724906
03216723147
03216723525
03216721298
03216728523
03216729706
03216729485
03216725025
03216723559
03216722740
03216726117
03216722250
03216723673
03216723242
03216727959
03216721794
03216722209
03216729791
03216724043
03216729259
03216724400
03216729953
03216721286
03216726991
03216728887
03216724474
03216724266
03216728128
03216723459
03216729182
03216726948
03216724426
03216728557
03216727155
03216729095
03216724981
03216726827
03216721731
03216729089
03216729882
03216722527
03216722986
03216724831
03216725127
03216721590
03216726681
03216724354
03216723484
03216725877
03216724602
03216725260
03216729617
03216724007
03216724194
03216727259
03216723832
03216729798
03216724592
03216724267
03216727902
03216724478
03216721249
03216728833
03216724761
03216725221
03216722835
03216721875
03216726038
03216723670
03216721919
03216723264
03216724203
03216722224
03216729118
03216729524
03216726618
03216728016
03216729490
03216728757
03216727867
03216721421
03216728892
03216722907
03216726510
03216727975
03216726298
03216723778
03216724221
03216726781
03216728826
03216728938
03216723818
03216728879
03216721608
03216726141
03216723756
03216721182
03216722558
03216725205
03216722074
03216725077
03216721482
03216724777
03216729011
03216723899
03216725289
03216726549
03216728863
03216729263
03216728649
03216727492
03216724938
03216723807
03216724811
03216725279
03216728585
03216723952
03216729597
03216724435
03216721703
03216729919
03216723590
03216725150
03216722737
03216723439
03216727206
03216722319
03216723294
03216727680
03216729210
03216725741
03216728791
03216728267
03216725174
03216722896
03216729642
03216727287
03216725692
03216729465
03216724339
03216721995
03216727560
03216722326
03216722162
03216725018
03216729661
03216723411
03216725146
03216727928
03216729405
03216721917
03216724379
03216725644
03216723943
03216724325
03216726103
03216722639
03216727898
03216725684
03216727001
03216722867
03216725734
03216725354
03216727048
03216723994
03216725248
03216728050
03216722880
03216727881
03216723774
03216724785
03216729128
03216725642
03216727986
03216725046
03216729423
03216728145
03216725061
03216724922
03216726563
03216722179
03216721444
03216727257
03216722500
03216724389
03216724757
03216724123
03216725447
03216724636
03216726388
03216722654
03216726225
03216728477
03216726116
03216729604
03216726652
03216728801
03216724367
03216723986
03216727782
03216724503
03216727527
03216723228
03216728195
03216728529
03216729807
03216729944
03216726426
03216723972
03216723702
03216722032
03216727298
03216722540
03216726384
03216726236
03216725956
03216726314
03216727388
03216727968
03216726428
03216725746
03216727099
03216725838
03216726285
03216727846
03216724062
03216722374
03216726873
03216724355
03216721954
03216729663
03216723685
03216726363
03216726493
03216727272
03216721140
03216725406
03216724621
03216729997
03216727955
03216724933
03216724535
03216722164
03216728389
03216723674
03216723581
03216723033
03216726370
03216726687
03216723626
03216722743
03216729351
03216729252
03216723583
03216722107
03216729441
03216722377
03216726131
03216726399
03216721520
03216721485
03216728103
03216723691
03216722130
03216721245
03216728107
03216726719
03216728718
03216727253
03216721389
03216726747
03216726075
03216723906
03216726654
03216729319
03216721148
03216723742
03216725986
03216725657
03216725007
03216721605
03216723722
03216725123
03216726352
03216724741
03216727696
03216725671
03216729466
03216728380
03216725342
03216728590
03216728715
03216722902
03216722154
03216722487
03216727338
03216721474
03216723848
03216727918
03216722070
03216727554
03216727606
03216721089
03216721802
03216722227
03216725786
03216726079
03216729723
03216729165
03216728936
03216723179
03216726416
03216728993
03216728135
03216723499
03216729602
03216729362
03216728434
03216728064
03216724783
03216726787
03216727549
03216729927
03216726407
03216726332
03216722537
03216722866
03216723715
03216723979
03216722515
03216723397
03216721059
03216725653
03216728560
03216721183
03216722148
03216723408
03216726986
03216728794
03216722917
03216722592
03216725845
03216729066
03216727091
03216723270
03216729495
03216727115
03216724890
03216726847
03216725696
03216727375
03216727018
03216721581
03216728593
03216724638
03216723396
03216729421
03216725043
03216723743
03216728090
03216729922
03216727551
03216721750
03216721373
03216729494
03216721156
03216724092
03216722724
03216729576
03216721289
03216723913
03216724324
03216728385
03216722313
03216727030
03216728226
03216727816
03216723372
03216724941
03216724493
03216726924
03216728144
03216725624
03216727436
03216729506
03216727586
03216729605
03216725622
03216724524
03216721184
03216723819
03216728132
03216722204
03216726530
03216723344
03216727609
03216726582
03216724342
03216724691
03216726238
03216726423
03216723576
03216728586
03216723144
03216728289
03216723831
03216726887
03216722499
03216726235
03216721600
03216722506
03216729536
03216727097
03216726841
03216729318
03216729314
03216729041
03216721301
03216727395
03216721198
03216723083
03216727596
03216729692
03216722045
03216722232
03216722597
03216721166
03216722840
03216728373
03216721404
03216728736
03216724465
03216725506
03216724744
03216727036
03216721073
03216726886
03216722892
03216724258
03216721346
03216727730
03216725689
03216724903
03216726542
03216721020
03216729931
03216724549
03216724256
03216725436
03216727053
03216722004
03216726058
03216724703
03216723124
03216727027
03216727829
03216723593
03216725843
03216723047
03216728669
03216721562
03216722337
03216728636
03216723677
03216722582
03216721117
03216725396
03216727242
03216723064
03216729630
03216727623
03216729713
03216722102
03216721761
03216727534
03216723109
03216725965
03216722468
03216723859
03216726066
03216725385
03216723740
03216724109
03216724444
03216722432
03216729349
03216722779
03216722266
03216729822
03216728315
03216721429
03216727973
03216722140
03216726142
03216728630
03216722286
03216728326
03216725138
03216728779
03216724133
03216722237
03216726791
03216725604
03216728802
03216721139
03216729670
03216721558
03216724117
03216729974
03216725409
03216726737
03216727746
03216728093
03216723244
03216727966
03216725813
03216727616
03216727128
03216724637
03216723330
03216726270
03216724970
03216723764
03216724218
03216729513
03216728391
03216723433
03216729870
03216728126
03216723748
03216725575
03216728400
03216721032
03216723310
03216722988
03216722498
03216722734
03216722366
03216721645
03216728427
03216728346
03216727992
03216725942
03216722065
03216728105
03216729449
03216728728
03216723605
03216725977
03216726525
03216723908
03216725759
03216722196
03216727062
03216723699
03216721606
03216722680
03216721695
03216723285
03216728958
03216725874
03216723472
03216724954
03216721847
03216723547
03216722452
03216723224
03216723506
03216727194
03216728307
03216726834
03216725749
03216728673
03216729268
03216724885
03216721270
03216726904
03216727640
03216723567
03216726670
03216722717
03216721852
03216721955
03216726315
03216727526
03216722077
03216728298
03216723810
03216727457
03216725596
03216722263
03216724848
03216728250
03216728142
03216722260
03216726320
03216723627
03216727808
03216724116
03216723897
03216724582
03216721742
03216724626
03216729963
03216726587
03216724546
03216721147
03216727156
03216727681
03216728741
03216722248
03216724574
03216724008
03216726418
03216724055
03216721572
03216721850
03216726586
03216721479
03216723637
03216727837
03216723623
03216728179
03216723399
03216722479
03216722954
03216729044
03216728482
03216729542
03216729006
03216724654
03216726175
03216729627
03216725015
03216721037
03216729828
03216726467
03216726395
03216722695
03216722481
03216726194
03216726475
03216725970
03216727381
03216724087
03216721937
03216724631
03216727263
03216729238
03216721905
03216726036
03216727447
03216728551
03216725359
03216722849
03216725183
03216729292
03216729169
03216729690
03216729782
03216724066
03216726936
03216729964
03216721958
03216724340
03216721813
03216722769
03216726949
03216727891
03216724026
03216727356
03216727893
03216728379
03216721176
03216727843
03216729156
03216729846
03216721945
03216721011
03216727183
03216726801
03216727691
03216722744
03216727151
03216727299
03216727279
03216725645
03216724223
03216726305
03216722872
03216729055
03216723587
03216723122
03216725029
03216725335
03216722086
03216724629
03216723403
03216724554
03216729742
03216723522
03216728731
03216729100
03216721696
03216728747
03216726746
03216729482
03216724155
03216721538
03216726283
03216729766
03216729727
03216723095
03216728351
03216721391
03216727241
03216722316
03216723839
03216723129
03216725532
03216721348
03216723788
03216728191
03216724375
03216728917
03216721826
03216722345
03216723729
03216724902
03216729725
03216722526
03216728406
03216726891
03216721506
03216721578
03216723695
03216729932
03216729787
03216723154
03216725319
03216728417
03216724569
03216729303
03216726820
03216729565
03216725753
03216722822
03216722057
03216722706
03216729224
03216723705
03216722578
03216728867
03216722869
03216725896
03216723886
03216723927
03216724082
03216729416
03216722048
03216723560
03216728841
03216725889
03216723470
03216728755
03216721637
03216727225
03216725980
03216729448
03216727449
03216729186
03216722948
03216725100
03216726434
03216725771
03216729851
03216727833
03216724149
03216728895
03216723758
03216729808
03216721656
03216724992
03216727408
03216726689
03216729398
03216728583
03216723413
03216726447
03216723671
03216726478
03216723988
03216723921
03216723708
03216721008
03216721280
03216728601
03216726112
03216722288
03216727791
03216726259
03216727370
03216727035
03216722081
03216722416
03216722924
03216727490
03216727925
03216729703
03216726163
03216727735
03216722346
03216725531
03216726545
03216726450
03216728723
03216728869
03216723462
03216722658
03216728462
03216726455
03216728926
03216728843
03216727443
03216725815
03216721110
03216722875
03216726340
03216727114
03216729714
03216728465
03216721647
03216721768
03216728619
03216729673
03216724753
03216725598
03216722617
03216729708
03216724331
03216721542
03216726605
03216728579
03216725912
03216722798
03216728599
03216725574
03216725159
03216729994
03216721756
03216725983
03216729187
03216728139
03216726815
03216728493
03216728724
03216722340
03216725723
03216727185
03216728908
03216728969
03216727741
03216726153
03216725387
03216721920
03216722756
03216721717
03216722575
03216726297
03216722837
03216727418
03216724074
03216721043
03216724241
03216729701
03216725201
03216723162
03216727074
03216726533
03216726964
03216725583
03216724829
03216721035
03216726803
03216727077
03216724211
03216726878
03216721304
03216725755
03216724895
03216726698
03216728421
03216723277
03216722212
03216729380
03216725685
03216723279
03216726718
03216728485
03216723340
03216723732
03216724060
03216728497
03216724057
03216724230
03216726383
03216727270
03216723965
03216729726
03216728468
03216726462
03216723790
03216728322
03216722966
03216723434
03216727407
03216725585
03216728112
03216723687
03216726203
03216729144
03216728592
03216727288
03216727247
03216723140
03216727747
03216727624
03216723744
03216722918
03216729488
03216728395
03216725519
03216722005
03216727865
03216728026
03216727765
03216725990
03216729763
03216727464
03216725718
03216729659
03216727697
03216723134
03216729709
03216724403
03216721689
03216723073
03216724775
03216728680
03216722613
03216723571
03216721338
03216725113
03216726479
03216727358
03216727559
03216725184
03216728454
03216729800
03216727184
03216722419
03216724730
03216721504
03216729914
03216726789
03216722396
03216726369
03216723999
03216725775
03216729072
03216722576
03216721838
03216726244
03216723272
03216727591
03216729385
03216721969
03216728359
03216727882
03216728898
03216724942
03216722788
03216722085
03216728420
03216723062
03216728954
03216727165
03216722097
03216726150
03216724114
03216722261
03216729028
03216727471
03216724807
03216721805
03216727878
03216722315
03216721424
03216729276
03216726063
03216728060
03216721305
03216721149
03216727851
03216723549
03216725297
03216726974
03216725762
03216722249
03216728425
03216729346
03216721994
03216724613
03216727197
03216729764
03216728237
03216723603
03216726548
03216725173
03216722808
03216721112
03216727059
03216728985
03216729635
03216724688
03216729174
03216725107
03216728714
03216722701
03216723008
03216724550
03216723980
03216726564
03216729214
03216727645
03216729197
03216721568
03216724852
03216722438
03216729684
03216722688
03216726024
03216726497
03216721111
03216726566
03216723497
03216724576
03216724200
03216721422
03216729008
03216724894
03216726690
03216729830
03216721339
03216728066
03216729835
03216725423
03216723286
03216727271
03216728338
03216724666
03216722010
03216728068
03216726992
03216721016
03216722356
03216729043
03216727794
03216729439
03216723044
03216723713
03216722484
03216723072
03216721039
03216722459
03216721983
03216723721
03216721185
03216729436
03216727752
03216724679
03216726166
03216729183
03216725719
03216724001
03216727751
03216722218
03216721997
03216721795
03216721913
03216727832
03216729526
03216724996
03216725488
03216725008
03216729607
03216721219
03216722573
03216729872
03216723273
03216721971
03216724111
03216725355
03216723288
03216726644
03216721926
03216723905
03216729580
03216725153
03216724748
03216728110
03216725485
03216726065
03216726509
03216722502
03216722177
03216722857
03216722041
03216725925
03216727051
03216727274
03216728364
03216721918
03216725716
03216725985
03216724189
03216729821
03216721535
03216725905
03216728222
03216728846
03216725144
03216728063
03216727435
03216723878
03216727231
03216728822
03216728211
03216727701
03216727578
03216724793
03216725346
03216721786
03216722517
03216725324
03216729357
03216721907
03216724409
03216729838
03216726436
03216725366
03216723323
03216728204
03216722890
03216725984
03216721603
03216722642
03216726951
03216724471
03216728806
03216729151
03216726570
03216723214
03216721313
03216722427
03216724923
03216727631
03216726170
03216723316
03216728910
03216729611
03216727196
03216725954
03216725536
03216726374
03216722759
03216721189
03216721483
03216729469
03216721550
03216722271
03216724950
03216724989
03216725432
03216729325
03216729620
03216727098
03216728712
03216726008
03216723763
03216721177
03216727260
03216729667
03216723733
03216725785
03216724687
03216723846
03216727399
03216723624
03216723512
03216729323
03216729649
03216722311
03216724407
03216727374
03216726334
03216728438
03216728999
03216724047
03216725180
03216728059
03216728507
03216723773
03216727938
03216725255
03216726956
03216727327
03216724148
03216725478
03216721486
03216729698
03216729348
03216725087
03216722496
03216724464
03216729337
03216723669
03216729736
03216723780
03216726389
03216723306
03216726630
03216725620
03216728552
03216727725
03216726742
03216725116
03216729738
03216721593
03216729938
03216723469
03216722693
03216722391
03216724847
03216729650
03216728959
03216724930
03216722117
03216721335
03216728774
03216728706
03216722108
03216729970
03216722870
03216729399
03216728796
03216729760
03216728598
03216726980
03216726661
03216725868
03216725086
03216721561
03216724789
03216729339
03216721357
03216726208
03216726304
03216723684
03216721588
03216723204
03216724612
03216727232
03216722357
03216722000
03216721644
03216722906
03216724836
03216729657
03216723112
03216726971
03216723486
03216726308
03216723455
03216725974
03216721966
03216725391
03216727673
03216725941
03216723405
03216724063
03216723200
03216726683
03216723302
03216721543
03216721468
03216726084
03216722016
03216722644
03216725471
03216727849
03216724644
03216729883
03216728901
03216724751
03216728886
03216725176
03216726218
03216726329
03216723766
03216722721
03216729285
03216724765
03216721987
03216725528
03216725882
03216726916
03216721548
03216728873
03216727304
03216726947
03216729682
03216726337
03216722657
03216726590
03216723169
03216729866
03216724119
03216725687
03216722673
03216728627
03216722749
03216725117
03216726914
03216729223
03216724151
03216729336
03216721344
03216727462
03216728124
03216727634
03216726534
03216725481
03216724589
03216726366
03216724705
03216725417
03216722947
03216725397
03216725715
03216726016
03216729969
03216722134
03216726617
03216721622
03216723755
03216724826
03216723963
03216723152
03216727611
03216728337
03216728875
03216724532
03216726198
03216723628
03216723331
03216726306
03216727331
03216723009
03216724958
03216726539
03216721375
03216725989
03216726246
03216721726
03216729762
03216722403
03216722265
03216724072
03216727575
03216729198
03216725410
03216728871
03216724405
03216721017
03216723308
03216726242
03216725128
03216725017
03216726962
03216728240
03216724058
03216727617
03216723903
03216725065
03216722891
03216729623
03216724323
03216722380
03216722503
03216727776
03216724994
03216726453
03216726160
03216727248
03216726524
03216725831
03216727536
03216728909
03216723238
03216721393
03216723574
03216723932
03216728690
03216724458
03216723941
03216725931
03216724881
03216722507
03216725133
03216724967
03216723493
03216728866
03216724908
03216723600
03216726721
03216725668
03216727682
03216729560
03216727410
03216721315
03216721523
03216726871
03216721067
03216728907
03216722974
03216724634
03216728386
03216724106
03216729418
03216725514
03216721131
03216728532
03216726044
03216724803
03216728138
03216722303
03216723817
03216723385
03216726760
03216725136
03216724277
03216723068
03216726364
03216729973
03216721053
03216723236
03216723361
03216721388
03216728339
03216729744
03216726263
03216729426
03216722520
03216729739
03216725001
03216727056
03216728452
03216724281
03216726261
03216724254
03216721774
03216729535
03216726527
03216722764
03216729076
03216721255
03216721807
03216721667
03216725991
03216727112
03216724537
03216724234
03216723290
03216728174
03216728955
03216726013
03216723260
03216724084
03216723769
03216724529
03216726975
03216725388
03216723141
03216729063
03216727510
03216726435
03216728642
03216729910
03216729372
03216725212
03216725793
03216724298
03216724860
03216726996
03216721418
03216727562
03216724791
03216724289
03216721968
03216729111
03216721455
03216727639
03216721762
03216724527
03216727804
03216725149
03216722351
03216729241
03216725172
03216728335
03216723490
03216723216
03216729013
03216725541
03216723080
03216727284
03216725853
03216726811
03216728177
03216729527
03216727828
03216724825
03216729468
03216721452
03216724307
03216728398
03216723386
03216724588
03216725189
03216722670
03216725550
03216727978
03216729295
03216726354
03216721478
03216724711
03216721909
03216725661
03216724650
03216722976
03216724516
03216727167
03216728565
03216725998
03216727553
03216725509
03216723363
03216725858
03216726741
03216725263
03216724021
03216727628
03216721840
03216726145
03216728242
03216726400
03216724614
03216724867
03216723390
03216723111
03216722056
03216728922
03216722089
03216727293
03216729704
03216725130
03216725996
03216721927
03216729450
03216728405
03216722071
03216727603
03216721018
03216728440
03216726809
03216723137
03216722104
03216724485
03216723034
03216729315
03216722308
03216722524
03216723679
03216726430
03216729430
03216723939
03216728410
03216721323
03216721038
03216723482
03216724156
03216727709
03216726031
03216727054
03216721519
03216726926
03216726057
03216724359
03216727936
03216722674
03216724510
03216727991
03216727113
03216727244
03216726595
03216721565
03216722660
03216722681
03216727013
03216722353
03216721126
03216722647
03216729805
03216726164
03216721472
03216728692
03216729796
03216728604
03216725372
03216729366
03216729054
03216725567
03216728040
03216729681
03216726415
03216725329
03216722421
03216726712
03216728610
03216725415
03216723926
03216725254
03216724350
03216722862
03216727497
03216728115
03216721940
03216728185
03216729522
03216721959
03216729748
03216725673
03216726200
03216727228
03216722510
03216727092
03216725937
03216725797
03216723092
03216726056
03216728182
03216729959
03216725946
03216725742
03216726221
03216721002
03216725580
03216728186
03216725964
03216726908
03216721812
03216722178
03216723318
03216723465
03216723786
03216723014
03216724851
03216726201
03216723478
03216722580
03216727931
03216729071
03216725266
03216727343
03216724907
03216725791
03216727020
03216722208
03216723964
03216722811
03216722512
03216725595
03216724564
03216725854
03216722418
03216725305
03216726906
03216724423
03216723998
03216721494
03216728857
03216724459
03216729217
03216723856
03216723745
03216726260
03216721458
03216721941
03216721488
03216724518
03216721426
03216725301
03216726144
03216721371
03216727300
03216721499
03216729184
03216728355
03216729933
03216724417
03216721172
03216727369
03216721052
03216725030
03216724002
03216729776
03216727577
03216728639
03216727907
03216722273
03216723985
03216727602
03216729257
03216727840
03216724655
03216729880
03216724124
03216726015
03216726508
03216727736
03216728411
03216724154
03216722626
03216729573
03216722919
03216722738
03216725340
03216725705
03216729896
03216723355
03216723101
03216728119
03216721358
03216725870
03216729425
03216725529
03216724920
03216721916
03216729841
03216722001
03216727970
03216721816
03216728813
03216725400
03216724738
03216723868
03216723180
03216724212
03216722017
03216722728
03216726296
03216724583
03216722932
03216728564
03216722690
03216729280
03216728631
03216725804
03216724723
03216722903
03216728674
03216728210
03216727923
03216727982
03216724633
03216723365
03216729672
03216721770
03216726883
03216729998
03216721625
03216729085
03216728277
03216723391
03216726993
03216723917
03216725088
03216728086
03216722131
03216726601
03216721636
03216722628
03216722214
03216721235
03216727282
03216723113
03216725310
03216727039
03216727503
03216722852
03216721706
03216724965
03216728797
03216728361
03216729410
03216728541
03216729538
03216729562
03216725124
03216724794
03216727093
03216723142
03216723519
03216727008
03216723094
03216727445
03216724108
03216725968
03216723002
03216726937
03216727280
03216729989
03216726900
03216723313
03216725460
03216722964
03216725206
03216727967
03216723869
03216724615
03216721317
03216723904
03216723130
03216728776
03216723305
03216721415
03216727514
03216723779
03216724985
03216724931
03216727084
03216727302
03216729890
03216724150
03216726684
03216724050
03216721646
03216721549
03216727101
03216728663
03216728634
03216721453
03216726492
03216727638
03216726734
03216721384
03216723364
03216722133
03216729005
03216726501
03216726239
03216729204
03216724557
03216726154
03216727032
03216725631
03216726143
03216725047
03216726412
03216723235
03216729556
03216725120
03216725140
03216721258
03216721040
03216725217
03216727486
03216724301
03216721982
03216722256
03216721103
03216729373
03216726477
03216722327
03216722942
03216723885
03216729320
03216727172
03216729059
03216722485
03216721496
03216728930
03216727038
03216723601
03216726987
03216723203
03216722662
03216722194
03216724709
03216726512
03216728660
03216722268
03216727919
03216729206
03216723611
03216727552
03216724925
03216722093
03216726241
03216727422
03216729162
03216729096
03216723799
03216726368
03216724729
03216721221
03216721972
03216721454
03216723630
03216728860
03216723247
03216726779
03216726052
03216721260
03216724919
03216727598
03216721188
03216721579
03216726440
03216723751
03216721799
03216727579
03216722549
03216727981
03216729454
03216724236
03216722344
03216723121
03216724395
03216728677
03216722979
03216724822
03216729613
03216728209
03216727003
03216722161
03216726678
03216725780
03216727046
03216729483
03216723182
03216729297
03216724370
03216724797
03216723178
03216725632
03216729355
03216728902
03216729021
03216726349
03216723304
03216727718
03216729928
03216726074
03216723579
03216726860
03216728253
03216729797
03216728015
03216725525
03216724815
03216723825
03216726528
03216729712
03216727322
03216725051
03216727719
03216724466
03216729853
03216721085
03216721632
03216723537
03216728526
03216727641
03216725703
03216721988
03216727633
03216721534
03216724453
03216721869
03216725982
03216727520
03216725196
03216729112
03216728788
03216726382
03216729010
03216726183
03216727724
03216721545
03216727065
03216724410
03216721207
03216725253
03216725399
03216729215
03216722290
03216725650
03216723494
03216724628
03216722307
03216723415
03216725646
03216726189
03216721045
03216722865
03216724436
03216729363
03216725232
03216723388
03216721102
03216723725
03216729878
03216727330
03216724880
03216722437
03216725020
03216728899
03216724438
03216723950
03216728170
03216721213
03216729768
03216721240
03216722682
03216721615
03216723714
03216721932
03216729555
03216727685
03216725943
03216729778
03216727152
03216729518
03216727105
03216725960
03216728963
03216724396
03216721196
03216721218
03216729155
03216722518
03216725754
03216724455
03216721657
03216724278
03216722462
03216726025
03216721508
03216722480
03216724308
03216726610
03216727753
03216722969
03216721001
03216728960
03216721397
03216727860
03216729395
03216721312
03216721410
03216722276
03216722937
03216723690
03216724134
03216728224
03216721929
03216724272
03216725758
03216724664
03216726701
03216724522
03216726498
03216729702
03216721327
03216728516
03216727344
03216725303
03216728850
03216721690
03216722513
03216721469
03216728247
03216722922
03216725934
03216726732
03216723186
03216721362
03216723752
03216723592
03216724286
03216726033
03216723967
03216725565
03216721870
03216722151
03216721224
03216724490
03216721531
03216727699
03216723940
03216729157
03216722090
03216728098
03216723468
03216728429
03216725473
03216724064
03216724581
03216728695
03216729275
03216724662
03216728244
03216721170
03216728284
03216727903
03216729125
03216729780
03216729507
03216727246
03216728483
03216722147
03216727607
03216727235
03216723435
03216729981
03216725578
03216723268
03216726123
03216726047
