03458135562
03458138277
03458136245
03458133227
03458134007
03458136100
03458133861
03458139501
03458133107
03458137457
03458135255
03458135964
03458131506
03458138518
03458139568
03458138972
03458134179
03458132471
03458139620
03458137075
03458131312
03458139000
03458134181
03458132708
03458138515
03458132009
03458139052
03458133447
03458137246
03458136891
03458134000
03458133246
03458131195
03458133387
03458139639
03458132625
03458134384
03458131839
03458138832
03458137106
03458134055
03458131315
03458132840
03458131303
03458139625
03458138296
03458135209
03458134661
03458138487
03458136964
03458135910
03458131996
03458132753
03458139826
03458133391
03458135346
03458137492
03458134009
03458133608
03458138364
03458131964
03458138260
03458137322
03458139092
03458135584
03458134540
03458139846
03458135235
03458132480
03458133228
03458134944
03458139157
03458133445
03458139867
03458137211
03458132383
03458138237
03458132585
03458135968
03458135512
03458136281
03458135285
03458138478
03458139813
03458139233
03458139038
03458134347
03458134777
03458133096
03458132951
03458138771
03458134580
03458133981
03458132712
03458134815
03458135686
03458133252
03458134484
03458132681
03458137051
03458133596
03458136381
03458133524
03458138135
03458135108
03458133298
03458135771
03458131023
03458132395
03458136451
03458131978
03458132036
03458134950
03458134727
03458136197
03458137703
03458134498
03458136206
03458134673
03458135287
03458133230
03458131850
03458138044
03458137568
03458137769
03458132260
03458131797
03458132603
03458131427
03458137037
03458133431
03458135709
03458139238
03458131478
03458137325
03458139423
03458132320
03458132601
03458131944
03458139919
03458137761
03458135941
03458134202
03458139489
03458132364
03458136781
03458132550
03458132553
03458137389
03458131707
03458138236
03458134904
03458133258
03458135254
03458138203
03458133253
03458132114
03458134190
03458139433
03458139186
03458137913
03458131295
03458134903
03458135294
03458131649
03458136224
03458132806
03458135075
03458135650
03458132352
03458132685
03458131285
03458131931
03458131626
03458133567
03458139896
03458135015
03458138873
03458139647
03458131723
03458137472
03458135998
03458135980
03458136223
03458139121
03458136169
03458138441
03458138130
03458132420
03458132511
03458139847
03458134646
03458139298
03458134194
03458139743
03458137478
03458131739
03458139355
03458135551
03458133619
03458131326
03458134971
03458136576
03458139686
03458131322
03458134294
03458135165
03458139379
03458138265
03458139571
03458137431
03458139296
03458135668
03458133684
03458138906
03458137208
03458134222
03458138774
03458131199
03458136980
03458134268
03458136597
03458139181
03458134459
03458131395
03458137908
03458132368
03458131920
03458132378
03458134653
03458131252
03458132545
03458136482
03458137119
03458133836
03458137255
03458133131
03458131582
03458131867
03458134897
03458135046
03458136058
03458138571
03458134530
03458135133
03458135286
03458134844
03458134536
03458139595
03458135418
03458134724
03458135112
03458139069
03458138917
03458137202
03458135510
03458136917
03458131015
03458138748
03458131138
03458132424
03458133009
03458135642
03458138853
03458131905
03458132400
03458131700
03458134135
03458133903
03458134251
03458132823
03458133377
03458137235
03458136634
03458137534
03458134525
03458136715
03458132949
03458131063
03458132394
03458138723
03458136549
03458134062
03458131502
03458131224
03458137872
03458136356
03458137979
03458134031
03458131806
03458134919
03458136147
03458134440
03458134746
03458132277
03458139201
03458139348
03458135683
03458137690
03458133017
03458133024
03458136802
03458134817
03458136093
03458136979
03458139967
03458138876
03458139383
03458136489
03458132033
03458138188
03458131360
03458137694
03458131662
03458136459
03458131580
03458139277
03458137628
03458134032
03458136043
03458133720
03458132097
03458139331
03458136676
03458138936
03458132488
03458134356
03458138332
03458135177
03458131032
03458135259
03458138045
03458139370
03458137746
03458139747
03458139244
03458135409
03458134245
03458137904
03458137480
03458138596
03458137541
03458139773
03458136730
03458134787
03458136745
03458133084
03458135817
03458137621
03458138054
03458133657
03458136974
03458139303
03458134705
03458135486
03458139416
03458138042
03458137479
03458134519
03458131051
03458131311
03458131000
03458132929
03458133315
03458138324
03458133916
03458136712
03458132336
03458133867
03458133383
03458136128
03458138563
03458135124
03458132562
03458132323
03458131889
03458132190
03458139404
03458138538
03458135106
03458132977
03458131601
03458131071
03458136874
03458135042
03458133758
03458135992
03458136202
03458132960
03458137545
03458136230
03458138772
03458133801
03458131471
03458138421
03458139167
03458139105
03458134671
03458137529
03458138410
03458138310
03458132381
03458132885
03458137527
03458135852
03458138074
03458135981
03458136204
03458138022
03458131328
03458132243
03458138257
03458137041
03458131670
03458138577
03458137875
03458137181
03458135702
03458135602
03458137578
03458136332
03458133550
03458138799
03458133768
03458135425
03458138903
03458138306
03458134071
03458132660
03458135887
03458138564
03458132661
03458138464
03458132350
03458137204
03458132472
03458139228
03458132126
03458137435
03458136707
03458138327
03458137490
03458131826
03458132808
03458136600
03458131977
03458138830
03458134085
03458137110
03458132083
03458137838
03458136547
03458134914
03458137301
03458139716
03458137256
03458139583
03458132370
03458138477
03458139009
03458137704
03458139410
03458136830
03458133352
03458138622
03458136306
03458132800
03458136327
03458131189
03458133604
03458138110
03458131997
03458138718
03458132245
03458139851
03458139286
03458136586
03458133830
03458136788
03458131354
03458138267
03458134512
03458132290
03458132724
03458131034
03458135216
03458139645
03458137794
03458133648
03458138426
03458139003
03458138916
03458138474
03458134186
03458136226
03458135671
03458136029
03458137757
03458135921
03458139727
03458134550
03458136196
03458136724
03458138899
03458135011
03458139731
03458131891
03458135178
03458138055
03458138839
03458138190
03458138083
03458133582
03458131766
03458131110
03458131543
03458135810
03458134462
03458133571
03458139715
03458131659
03458133770
03458135665
03458133059
03458137801
03458139030
03458135433
03458139788
03458134785
03458135881
03458136094
03458135999
03458132134
03458139913
03458134710
03458131756
03458133248
03458138087
03458132095
03458139635
03458135995
03458138143
03458132088
03458134263
03458136647
03458134377
03458132668
03458135265
03458136481
03458135065
03458138742
03458131240
03458134065
03458137377
03458131885
03458132622
03458138775
03458134054
03458132309
03458131989
03458137582
03458139632
03458131630
03458131099
03458132705
03458131628
03458138061
03458139669
03458134915
03458138826
03458133538
03458131056
03458139519
03458134902
03458139613
03458138964
03458135847
03458134685
03458135870
03458136201
03458138239
03458133319
03458135581
03458133686
03458136154
03458134505
03458134631
03458135741
03458132746
03458131568
03458132559
03458134852
03458134267
03458137105
03458134395
03458135109
03458132149
03458133839
03458139502
03458131565
03458131656
03458134534
03458137406
03458132376
03458136648
03458136240
03458131940
03458135782
03458136414
03458131925
03458134452
03458135426
03458134741
03458138554
03458135983
03458138761
03458134320
03458138907
03458136641
03458138309
03458135550
03458136960
03458134247
03458134760
03458136667
03458132710
03458131859
03458131452
03458139575
03458138630
03458132031
03458136699
03458136673
03458131663
03458131046
03458136280
03458133778
03458137857
03458138390
03458135154
03458139426
03458135939
03458138550
03458138412
03458136347
03458137829
03458134932
03458132860
03458133255
03458136105
03458137574
03458133158
03458137615
03458139981
03458133530
03458134330
03458136838
03458133295
03458138727
03458135885
03458133078
03458137507
03458139703
03458134983
03458136463
03458131344
03458136326
03458135334
03458134959
03458136770
03458133308
03458133039
03458137099
03458133838
03458133417
03458135558
03458133472
03458133121
03458136162
03458134859
03458132634
03458138315
03458137338
03458133782
03458135821
03458132861
03458131043
03458138709
03458131364
03458131365
03458134415
03458131910
03458135708
03458131247
03458135114
03458132281
03458135021
03458136760
03458136771
03458131290
03458133611
03458132493
03458135321
03458134889
03458132468
03458137520
03458134035
03458136581
03458138820
03458138587
03458135656
03458139119
03458138710
03458132081
03458138987
03458134262
03458134635
03458139137
03458133909
03458132265
03458131863
03458139435
03458132684
03458133817
03458139849
03458132224
03458138006
03458133880
03458132853
03458138099
03458136948
03458131343
03458134703
03458138460
03458135808
03458133353
03458135340
03458137007
03458132127
03458132543
03458132777
03458138758
03458133200
03458133626
03458132259
03458137645
03458135884
03458132850
03458134506
03458131747
03458133057
03458132636
03458137670
03458131810
03458138575
03458134939
03458135733
03458137557
03458132171
03458137366
03458134143
03458135801
03458135783
03458138568
03458135258
03458132203
03458139319
03458136658
03458133925
03458132916
03458136222
03458139964
03458137154
03458136235
03458136969
03458135248
03458132442
03458134383
03458132956
03458131786
03458135824
03458134737
03458132392
03458135196
03458133552
03458137603
03458137044
03458131201
03458138729
03458135833
03458136249
03458138116
03458135050
03458138818
03458134282
03458139247
03458134757
03458132428
03458136399
03458138155
03458132655
03458131448
03458131846
03458131420
03458138704
03458138764
03458132308
03458139728
03458132983
03458134421
03458132356
03458139977
03458134089
03458138651
03458131715
03458139973
03458131847
03458132104
03458137416
03458136869
03458133194
03458139626
03458135386
03458137113
03458139736
03458133350
03458132131
03458138898
03458138280
03458138892
03458139001
03458131827
03458135760
03458135073
03458134729
03458136708
03458133384
03458136785
03458135986
03458133968
03458131474
03458139998
03458139316
03458131288
03458131894
03458131342
03458136534
03458133357
03458133893
03458132864
03458133654
03458134676
03458136711
03458136519
03458132817
03458131333
03458133832
03458135185
03458139622
03458138145
03458136087
03458137030
03458132686
03458134008
03458133520
03458139816
03458138600
03458131126
03458132613
03458139554
03458134747
03458133351
03458132815
03458137610
03458136385
03458137550
03458132467
03458139492
03458137934
03458138790
03458132209
03458137221
03458133053
03458138708
03458132474
03458139586
03458137894
03458135452
03458132154
03458138783
03458133328
03458133911
03458132285
03458138601
03458131734
03458133759
03458132525
03458139836
03458134077
03458138368
03458131737
03458134894
03458134100
03458139928
03458133359
03458133703
03458135207
03458134948
03458132717
03458137296
03458134821
03458135465
03458138874
03458131533
03458133934
03458131921
03458133148
03458133829
03458138994
03458131418
03458139440
03458139008
03458134650
03458133790
03458139941
03458139656
03458133856
03458132326
03458138953
03458138779
03458139115
03458135882
03458132687
03458135872
03458136065
03458133116
03458136614
03458137463
03458133136
03458134628
03458134885
03458135902
03458132156
03458135219
03458132764
03458131064
03458138509
03458133919
03458133172
03458136199
03458132490
03458132776
03458136354
03458134349
03458133138
03458138153
03458132418
03458138051
03458132645
03458133100
03458137764
03458138302
03458132826
03458133067
03458135871
03458138905
03458138949
03458133753
03458135202
03458137707
03458131262
03458133846
03458135195
03458132709
03458136488
03458133382
03458133288
03458139956
03458136761
03458139739
03458133114
03458136475
03458134790
03458138574
03458137851
03458132922
03458132574
03458139664
03458133299
03458136543
03458131093
03458133584
03458133827
03458136719
03458134654
03458131672
03458131875
03458134307
03458139824
03458137222
03458135341
03458132744
03458132440
03458139717
03458134475
03458138606
03458131540
03458133086
03458139952
03458135873
03458133546
03458134114
03458138777
03458132627
03458138043
03458137962
03458137302
03458134102
03458136160
03458139797
03458139461
03458133237
03458132107
03458138067
03458136472
03458138122
03458132168
03458134965
03458131351
03458132510
03458139946
03458138824
03458137936
03458138666
03458134454
03458139470
03458133452
03458135876
03458139044
03458138597
03458133913
03458137004
03458139762
03458133119
03458132737
03458136583
03458139920
03458135013
03458135369
03458135018
03458133480
03458137750
03458131378
03458139149
03458139023
03458133392
03458138599
03458138097
03458139138
03458139366
03458136096
03458132450
03458131706
03458133198
03458136009
03458134208
03458135164
03458135203
03458138232
03458133594
03458133810
03458132566
03458132988
03458136672
03458136703
03458135351
03458134428
03458137424
03458137277
03458136550
03458134775
03458137637
03458138366
03458137023
03458134877
03458139313
03458139593
03458139004
03458133202
03458135605
03458133542
03458136214
03458133945
03458135004
03458134871
03458138072
03458135327
03458136800
03458132161
03458133108
03458135777
03458135002
03458137846
03458134995
03458138952
03458137375
03458137526
03458136836
03458131209
03458139486
03458138717
03458138308
03458134806
03458139617
03458136031
03458136992
03458131067
03458133161
03458136374
03458133637
03458133805
03458132272
03458131678
03458132427
03458139447
03458136205
03458133915
03458134508
03458139874
03458131467
03458139587
03458137423
03458137953
03458134249
03458133523
03458138229
03458134109
03458138687
03458137109
03458139582
03458134132
03458136287
03458136563
03458137640
03458137182
03458136130
03458136115
03458131841
03458133631
03458137943
03458136680
03458134947
03458139985
03458136689
03458137293
03458134978
03458138842
03458136841
03458137383
03458131781
03458133469
03458132838
03458139265
03458139672
03458135984
03458135115
03458138926
03458137799
03458139798
03458138032
03458132758
03458135955
03458139479
03458136763
03458137569
03458132729
03458133282
03458134123
03458131998
03458136477
03458132288
03458139154
03458137444
03458139722
03458136795
03458135519
03458134348
03458132646
03458131871
03458132789
03458138258
03458134365
03458133887
03458131517
03458135678
03458131058
03458133034
03458139494
03458135180
03458134083
03458137903
03458134899
03458134212
03458139555
03458134928
03458138452
03458132788
03458131767
03458138539
03458135392
03458137992
03458135788
03458135726
03458135152
03458137926
03458135242
03458134500
03458131589
03458135592
03458135246
03458136873
03458137050
03458133122
03458133065
03458138963
03458135920
03458132793
03458133974
03458135639
03458135234
03458131907
03458132316
03458137861
03458139805
03458131577
03458132120
03458132155
03458132167
03458135269
03458134898
03458134830
03458134341
03458137253
03458135567
03458133300
03458132311
03458139652
03458133688
03458136433
03458131862
03458139488
03458136867
03458138973
03458136544
03458139753
03458136086
03458137516
03458135590
03458133245
03458135610
03458137381
03458134694
03458133471
03458134248
03458134717
03458136764
03458137795
03458134064
03458131090
03458138451
03458136720
03458131066
03458136055
03458138605
03458132923
03458132797
03458138218
03458135883
03458133146
03458134453
03458136080
03458134715
03458137382
03458139240
03458131096
03458131643
03458138186
03458134888
03458135404
03458132621
03458136923
03458135478
03458134067
03458135424
03458135776
03458133697
03458137481
03458137630
03458135026
03458131382
03458135300
03458139794
03458134467
03458136233
03458134873
03458133079
03458136682
03458137355
03458135076
03458132880
03458131167
03458135317
03458131294
03458134892
03458138934
03458132624
03458134629
03458139412
03458136833
03458137085
03458136446
03458136069
03458131916
03458136804
03458137987
03458138514
03458135609
03458133926
03458133166
03458137958
03458132530
03458132164
03458132617
03458133732
03458139322
03458139450
03458139484
03458136366
03458137700
03458135055
03458139399
03458136274
03458135994
03458135849
03458135403
03458131286
03458133160
03458136075
03458137329
03458135569
03458132022
03458139800
03458136150
03458135007
03458139458
03458139882
03458131453
03458134302
03458136435
03458139845
03458132337
03458132594
03458137353
03458131026
03458131621
03458133098
03458131291
03458134993
03458132893
03458138523
03458131880
03458131586
03458131882
03458134834
03458137977
03458131035
03458133128
03458139521
03458138506
03458133334
03458131359
03458138242
03458135283
03458133601
03458135096
03458139838
03458132455
03458136004
03458131573
03458138948
03458138722
03458139628
03458134756
03458139508
03458138924
03458139312
03458135470
03458135950
03458133257
03458136484
03458137577
03458138295
03458135561
03458138809
03458133235
03458139208
03458133072
03458138846
03458137692
03458132571
03458135160
03458139496
03458136195
03458134491
03458132537
03458136888
03458136949
03458132931
03458131020
03458132246
03458139126
03458133220
03458131527
03458133815
03458134051
03458132556
03458134874
03458136987
03458134029
03458136894
03458137194
03458138338
03458139740
03458137494
03458139875
03458131936
03458135445
03458132185
03458139427
03458133117
03458133413
03458136368
03458139534
03458137275
03458136411
03458132340
03458137282
03458131564
03458139021
03458136290
03458135387
03458131906
03458138172
03458135467
03458133526
03458136254
03458139694
03458138611
03458133191
03458133525
03458133285
03458133680
03458137179
03458132242
03458139143
03458133708
03458135339
03458136017
03458139712
03458137618
03458135763
03458134553
03458139911
03458136773
03458138472
03458134321
03458136174
03458133960
03458139590
03458134723
03458137770
03458131455
03458133749
03458133126
03458139870
03458138793
03458131304
03458134693
03458135948
03458137147
03458133906
03458135888
03458137848
03458131038
03458131089
03458139782
03458131837
03458138843
03458135053
03458139700
03458135989
03458133622
03458131004
03458138282
03458131108
03458138348
03458131373
03458137035
03458134416
03458134562
03458135963
03458132618
03458139808
03458137451
03458139653
03458132524
03458136437
03458134389
03458137714
03458136111
03458138551
03458134231
03458136890
03458139085
03458132611
03458138696
03458133426
03458135170
03458139098
03458131039
03458133585
03458137599
03458135774
03458136871
03458135630
03458132497
03458138420
03458133521
03458137840
03458139974
03458134386
03458139190
03458132528
03458133263
03458135574
03458136367
03458133290
03458132170
03458134116
03458134692
03458135331
03458131950
03458137266
03458131065
03458138737
03458131799
03458132701
03458136067
03458134924
03458133543
03458134380
03458133063
03458135217
03458132754
03458138840
03458136916
03458134698
03458133420
03458136167
03458138305
03458131558
03458135807
03458138868
03458131028
03458133482
03458131081
03458136726
03458139375
03458135230
03458132291
03458139682
03458131722
03458135139
03458139264
03458137974
03458137604
03458132600
03458139231
03458133304
03458138073
03458132425
03458133406
03458135851
03458138529
03458138521
03458137542
03458135039
03458131441
03458139581
03458136816
03458134080
03458133687
03458139987
03458133701
03458137652
03458137562
03458132327
03458137734
03458139452
03458138603
03458133498
03458139666
03458134131
03458131388
03458139251
03458131482
03458136617
03458134361
03458133019
03458135214
03458135151
03458139616
03458138086
03458131976
03458134419
03458135576
03458133908
03458138231
03458132535
03458133340
03458134157
03458137646
03458137168
03458138090
03458134350
03458133318
03458134413
03458132842
03458135856
03458139073
03458131197
03458137504
03458137083
03458136292
03458132214
03458134543
03458131060
03458137176
03458131258
03458139648
03458136627
03458133080
03458137922
03458135758
03458131595
03458138048
03458135093
03458133569
03458138971
03458137193
03458132341
03458131648
03458134796
03458138668
03458131895
03458136774
03458132230
03458139880
03458136914
03458135066
03458137616
03458138796
03458136387
03458137519
03458137591
03458131270
03458135396
03458138655
03458134260
03458131024
03458136103
03458133935
03458138112
03458133950
03458135875
03458139164
03458136438
03458134483
03458137418
03458135848
03458138741
03458138014
03458135636
03458138141
03458136596
03458131459
03458139252
03458132832
03458132583
03458139673
03458134749
03458131840
03458139087
03458137397
03458136499
03458136546
03458137969
03458138855
03458134675
03458132979
03458136953
03458136188
03458133665
03458135450
03458132531
03458132921
03458133931
03458134297
03458131903
03458136973
03458133959
03458136967
03458139759
03458132801
03458131772
03458134106
03458131102
03458135528
03458136423
03458138726
03458138516
03458132665
03458134357
03458137937
03458139449
03458131763
03458131173
03458135762
03458134476
03458131146
03458138928
03458136331
03458138065
03458138534
03458139572
03458137776
03458137880
03458132119
03458134142
03458136739
03458131567
03458132914
03458135168
03458137082
03458131876
03458131425
03458139765
03458134463
03458134014
03458134443
03458131265
03458139940
03458133966
03458132786
03458131205
03458132195
03458136037
03458132485
03458133872
03458135441
03458136041
03458132568
03458134848
03458136850
03458136397
03458134335
03458135926
03458135022
03458134281
03458134680
03458133885
03458131887
03458136799
03458138594
03458136713
03458138920
03458135094
03458131946
03458136427
03458135529
03458131641
03458134527
03458139308
03458132915
03458133038
03458135879
03458137150
03458138944
03458136370
03458132181
03458137320
03458136025
03458138063
03458138957
03458133554
03458139241
03458133973
03458137929
03458138858
03458135751
03458135484
03458132388
03458139499
03458137259
03458134592
03458132985
03458136077
03458134576
03458133058
03458136766
03458138542
03458137297
03458131778
03458131460
03458131443
03458132037
03458132912
03458133592
03458139387
03458135796
03458139504
03458132365
03458132338
03458134986
03458132132
03458137720
03458135840
03458139890
03458134351
03458133385
03458137488
03458136104
03458139500
03458133863
03458139051
03458131775
03458137781
03458135379
03458136821
03458132839
03458133001
03458133702
03458137755
03458132226
03458134952
03458134616
03458131780
03458138414
03458134058
03458135619
03458131552
03458134548
03458136807
03458139886
03458131933
03458132844
03458136311
03458132804
03458138075
03458139607
03458137358
03458137288
03458134718
03458132137
03458132135
03458132124
03458132738
03458135312
03458133502
03458134883
03458136257
03458131107
03458136494
03458137716
03458131042
03458131768
03458139382
03458139968
03458138641
03458133287
03458136541
03458132173
03458135435
03458131125
03458139339
03458139417
03458131292
03458136426
03458132013
03458131494
03458137346
03458139850
03458134195
03458134184
03458135342
03458131127
03458133393
03458135086
03458131257
03458139197
03458131604
03458134833
03458132742
03458132769
03458133894
03458132025
03458137065
03458138342
03458139909
03458131569
03458138377
03458138679
03458131560
03458135655
03458139787
03458133696
03458131918
03458133106
03458135784
03458137945
03458134610
03458135413
03458138780
03458139868
03458135727
03458137735
03458133113
03458134583
03458138118
03458139469
03458136659
03458133373
03458131755
03458132615
03458136663
03458135472
03458133606
03458134827
03458135500
03458133491
03458138450
03458131726
03458136985
03458133848
03458132454
03458131129
03458135842
03458135565
03458136977
03458137104
03458136129
03458132140
03458135067
03458133416
03458139733
03458135889
03458133168
03458139828
03458131282
03458134344
03458135174
03458135520
03458133147
03458134243
03458134663
03458132857
03458133454
03458134269
03458135389
03458137825
03458133730
03458138810
03458132899
03458139576
03458131097
03458138367
03458137476
03458131653
03458132084
03458132038
03458136471
03458131992
03458139207
03458133816
03458134020
03458132798
03458132987
03458134953
03458135616
03458134120
03458133650
03458139457
03458137870
03458139677
03458137722
03458133167
03458136834
03458134246
03458136395
03458131055
03458131574
03458137697
03458132833
03458132204
03458138191
03458132856
03458132591
03458132855
03458137946
03458134678
03458131157
03458133178
03458139168
03458134716
03458138019
03458134816
03458131975
03458134315
03458135158
03458134960
03458137420
03458137054
03458131413
03458137474
03458134192
03458139403
03458137086
03458135874
03458138888
03458139567
03458135238
03458137073
03458139988
03458136857
03458139678
03458138017
03458139518
03458131646
03458137889
03458134887
03458135705
03458135436
03458139328
03458134597
03458135826
03458133682
03458138985
03458137486
03458135912
03458135313
03458137335
03458132992
03458136269
03458136694
03458135167
03458134556
03458138579
03458134101
03458135951
03458135828
03458136303
03458137822
03458137549
03458131164
03458131139
03458137108
03458133213
03458137651
03458135715
03458133061
03458131556
03458138088
03458132502
03458135974
03458131544
03458138259
03458133254
03458137352
03458137493
03458134772
03458131725
03458133256
03458137854
03458139663
03458138363
03458137407
03458139683
03458133208
03458135032
03458139193
03458133011
03458133278
03458131323
03458134802
03458135750
03458135927
03458138113
03458137909
03458131352
03458139755
03458135719
03458132879
03458139697
03458131336
03458137103
03458135406
03458137611
03458138004
03458134767
03458136847
03458134617
03458136227
03458138860
03458132629
03458131181
03458137229
03458138300
03458131760
03458135696
03458138446
03458133052
03458136931
03458133736
03458132344
03458134702
03458138025
03458131687
03458137579
03458131872
03458136922
03458133199
03458137284
03458136664
03458132315
03458138511
03458131183
03458134880
03458131309
03458131886
03458137362
03458135280
03458132526
03458131118
03458134001
03458132889
03458138475
03458139101
03458137361
03458137374
03458135660
03458138822
03458137038
03458134355
03458135706
03458137982
03458139944
03458136718
03458133381
03458139935
03458131868
03458132050
03458132426
03458138362
03458131610
03458137063
03458134531
03458135498
03458133578
03458138982
03458132759
03458136272
03458138182
03458134220
03458139289
03458136655
03458135652
03458134271
03458137531
03458136430
03458139574
03458132188
03458132582
03458136021
03458132953
03458137712
03458138781
03458136424
03458136675
03458138999
03458135764
03458135533
03458133323
03458137661
03458138378
03458133460
03458135372
03458131761
03458132498
03458136725
03458131489
03458131805
03458131235
03458138154
03458137489
03458132342
03458132957
03458136028
03458135047
03458137491
03458138299
03458131507
03458135221
03458138058
03458132913
03458132329
03458131590
03458132436
03458132158
03458138930
03458138201
03458131464
03458135907
03458136164
03458135188
03458138520
03458138167
03458131106
03458133190
03458134091
03458138714
03458139343
03458133124
03458131942
03458132282
03458138667
03458138576
03458139476
03458137343
03458138672
03458136921
03458137349
03458133412
03458135368
03458139063
03458134564
03458139140
03458131327
03458133110
03458132986
03458137053
03458132941
03458136951
03458137498
03458133721
03458138198
03458133970
03458137932
03458135227
03458132888
03458136431
03458135137
03458136389
03458131176
03458133662
03458133757
03458139777
03458138311
03458131438
03458134779
03458133984
03458131849
03458137267
03458139341
03458137554
03458133527
03458135077
03458137034
03458135857
03458131787
03458139151
03458139441
03458131529
03458134444
03458131676
03458136189
03458131809
03458137559
03458139278
03458139945
03458133610
03458134456
03458138870
03458138036
03458131149
03458132121
03458138591
03458133511
03458134034
03458131609
03458134141
03458134605
03458134277
03458137747
03458137602
03458133103
03458131275
03458134425
03458135128
03458135457
03458132664
03458133944
03458134751
03458138164
03458137821
03458138230
03458133744
03458132926
03458137641
03458134579
03458135408
03458137668
03458133922
03458137402
03458138588
03458139609
03458136828
03458136709
03458131267
03458134933
03458139873
03458133157
03458136993
03458137841
03458138035
03458138528
03458134991
03458135126
03458136858
03458135977
03458135815
03458131237
03458133037
03458133015
03458134820
03458135461
03458137443
03458139719
03458137789
03458132659
03458139932
03458137115
03458133910
03458136896
03458138411
03458134397
03458135333
03458132514
03458137721
03458131690
03458138106
03458136165
03458136594
03458133964
03458133990
03458139471
03458132429
03458133311
03458137273
03458139293
03458135868
03458135058
03458137817
03458136604
03458136780
03458139080
03458132927
03458134625
03458132688
03458138161
03458134824
03458132947
03458138543
03458136098
03458134381
03458132704
03458138837
03458136288
03458132021
03458132906
03458138335
03458135100
03458136415
03458136685
03458131082
03458131116
03458132610
03458135693
03458133905
03458131465
03458132046
03458136524
03458131186
03458132270
03458133953
03458138657
03458139374
03458138979
03458134758
03458139510
03458139525
03458137823
03458138408
03458131669
03458136261
03458137461
03458131008
03458133488
03458133455
03458138798
03458138721
03458136892
03458134449
03458133914
03458136384
03458137758
03458139153
03458139597
03458133561
03458132103
03458135667
03458133555
03458131399
03458134270
03458132292
03458135205
03458134325
03458135314
03458137688
03458135611
03458138852
03458131439
03458132740
03458132072
03458132699
03458135358
03458133886
03458137052
03458139789
03458137245
03458132056
03458134528
03458136428
03458136629
03458138024
03458135577
03458135919
03458134558
03458132375
03458139235
03458131844
03458137633
03458138975
03458131121
03458133049
03458135867
03458138304
03458137563
03458139970
03458131318
03458133410
03458131329
03458136751
03458133218
03458133274
03458136092
03458132160
03458139696
03458133464
03458133513
03458134910
03458135930
03458136740
03458131377
03458136268
03458139110
03458136334
03458134153
03458132178
03458139065
03458136957
03458133765
03458134258
03458132507
03458131147
03458139250
03458137210
03458139437
03458135757
03458137060
03458136203
03458133912
03458132143
03458133989
03458134669
03458138608
03458134099
03458137553
03458137396
03458136407
03458136670
03458139951
03458138897
03458138255
03458139064
03458132652
03458138109
03458139016
03458133012
03458134945
03458132910
03458132486
03458134026
03458131692
03458139679
03458135173
03458132355
03458136966
03458139483
03458133570
03458134966
03458135025
03458139299
03458138313
03458138750
03458139758
03458136692
03458133638
03458135802
03458133127
03458132321
03458131759
03458136122
03458132054
03458135704
03458137254
03458136990
03458134778
03458138015
03458139082
03458131956
03458133301
03458131741
03458134173
03458135275
03458135740
03458131229
03458132460
03458136001
03458139543
03458131675
03458136552
03458137919
03458137723
03458137448
03458137350
03458137183
03458137485
03458134521
03458131771
03458135030
03458131743
03458132390
03458137111
03458134555
03458138180
03458134061
03458131962
03458134333
03458138148
03458131949
03458134797
03458136314
03458134474
03458134794
03458137447
03458133102
03458139989
03458139881
03458131857
03458131634
03458137062
03458131077
03458132982
03458139090
03458132401
03458133996
03458135348
03458131445
03458131362
03458132491
03458131877
03458135148
03458131647
03458137617
03458135253
03458131117
03458132984
03458131393
03458133529
03458135593
03458139058
03458139547
03458134551
03458132317
03458135634
03458139445
03458136084
03458131624
03458138003
03458136510
03458136135
03458136965
03458134765
03458132944
03458137671
03458132349
03458131221
03458137231
03458139507
03458139131
03458135545
03458136357
03458134283
03458137145
03458132971
03458136786
03458134152
03458138096
03458136628
03458132648
03458131386
03458138927
03458139454
03458139350
03458135839
03458134392
03458137991
03458136453
03458131765
03458131419
03458134332
03458138990
03458137877
03458136335
03458137951
03458137212
03458133652
03458137123
03458137900
03458131410
03458133855
03458131988
03458136483
03458139130
03458136091
03458136141
03458133076
03458138114
03458135402
03458139624
03458138683
03458136654
03458131206
03458136602
03458132732
03458133135
03458133764
03458138219
03458133509
03458131503
03458139746
03458136492
03458136580
03458134464
03458134432
03458135328
03458137445
03458131401
03458137436
03458132475
03458138326
03458136997
03458135917
03458135135
03458133361
03458134764
03458135635
03458134434
03458132825
03458135621
03458134588
03458135380
03458134780
03458132943
03458138910
03458139711
03458135959
03458134218
03458132221
03458133442
03458137403
03458135690
03458135573
03458136818
03458132781
03458131033
03458132548
03458133176
03458134225
03458133763
03458136309
03458134998
03458131727
03458138029
03458131607
03458137013
03458131449
03458132809
03458136620
03458134493
03458132508
03458133565
03458132367
03458134310
03458134776
03458137345
03458131693
03458135957
03458139074
03458138816
03458134316
03458134587
03458131883
03458131412
03458131770
03458131617
03458138470
03458137944
03458131983
03458134188
03458131557
03458134714
03458136662
03458134241
03458132763
03458135623
03458137468
03458132216
03458139915
03458138986
03458133305
03458132653
03458136862
03458139212
03458135713
03458131562
03458136843
03458131191
03458138149
03458136548
03458136382
03458134438
03458134162
03458135787
03458136978
03458139294
03458138618
03458138693
03458139771
03458137118
03458139667
03458131854
03458132631
03458139506
03458134639
03458131555
03458134529
03458138716
03458137334
03458134561
03458131571
03458132048
03458131086
03458139793
03458131132
03458137820
03458137020
03458131790
03458135308
03458138724
03458137824
03458138560
03458138642
03458131909
03458138969
03458131852
03458135641
03458135721
03458135110
03458136656
03458139108
03458131960
03458137736
03458136570
03458139618
03458136032
03458134233
03458132060
03458137806
03458136330
03458136360
03458131454
03458137260
03458133823
03458138609
03458136737
03458137165
03458137019
03458138146
03458139713
03458137218
03458139171
03458137548
03458139817
03458134023
03458137401
03458139275
03458134490
03458132312
03458133595
03458138546
03458135143
03458139280
03458137849
03458138413
03458133533
03458134725
03458133163
03458132452
03458138093
03458139810
03458131095
03458131251
03458139160
03458134098
03458134053
03458135494
03458134547
03458134118
03458132257
03458131094
03458132231
03458137738
03458138804
03458135820
03458134015
03458135092
03458132518
03458132476
03458132501
03458132500
03458137294
03458135982
03458133500
03458136139
03458138285
03458137888
03458139232
03458132560
03458132069
03458138882
03458137016
03458132248
03458135960
03458136229
03458136123
03458135430
03458135145
03458131450
03458133238
03458139104
03458132976
03458132071
03458133212
03458139124
03458138592
03458131070
03458134936
03458138107
03458135001
03458139548
03458131814
03458135401
03458136588
03458135501
03458139767
03458136377
03458139378
03458137543
03458136019
03458133436
03458132870
03458133477
03458137812
03458132079
03458134602
03458137247
03458134146
03458131375
03458133690
03458134448
03458132303
03458132412
03458132843
03458132215
03458137269
03458133714
03458139287
03458133372
03458138018
03458139754
03458138253
03458133422
03458139381
03458131742
03458139710
03458135654
03458138833
03458133021
03458137146
03458135813
03458131904
03458135131
03458131261
03458139007
03458137332
03458133532
03458139367
03458136590
03458131536
03458138274
03458135672
03458139071
03458139134
03458134784
03458134052
03458137138
03458133461
03458131493
03458136560
03458132028
03458131254
03458133473
03458138225
03458135276
03458138240
03458137392
03458131302
03458134414
03458137832
03458137151
03458137681
03458131473
03458133388
03458136678
03458137852
03458133404
03458139714
03458138707
03458136247
03458134701
03458134922
03458138956
03458132278
03458138226
03458138585
03458138365
03458136259
03458139763
03458139020
03458135083
03458139637
03458139306
03458134575
03458135779
03458139118
03458132441
03458131198
03458135304
03458138649
03458137865
03458131570
03458138504
03458134835
03458137677
03458133802
03458139349
03458136379
03458135458
03458139455
03458133789
03458134753
03458137858
03458133865
03458134367
03458131594
03458135729
03458138214
03458137465
03458138829
03458139589
03458135911
03458133724
03458138559
03458134412
03458131431
03458137015
03458134927
03458133203
03458138743
03458135734
03458137102
03458138682
03458139701
03458136324
03458135582
03458134582
03458133497
03458135200
03458136006
03458133743
03458137891
03458137089
03458132064
03458138023
03458134875
03458135860
03458138626
03458138782
03458139127
03458137609
03458134261
03458132213
03458136231
03458131174
03458139460
03458139222
03458137326
03458138644
03458134447
03458132373
03458138301
03458138553
03458134478
03458133992
03458137213
03458138124
03458132256
03458136879
03458136133
03458135260
03458139411
03458139062
03458139592
03458138535
03458139546
03458131791
03458135600
03458137219
03458131200
03458131823
03458137216
03458131661
03458132165
03458135707
03458131508
03458139600
03458131435
03458133374
03458136566
03458137709
03458132040
03458133326
03458133962
03458139764
03458135384
03458132780
03458138081
03458136509
03458132952
03458137892
03458131091
03458136772
03458134501
03458132123
03458136462
03458136825
03458139552
03458136053
03458136212
03458139462
03458138157
03458135161
03458131639
03458133219
03458137873
03458132058
03458137983
03458138794
03458138880
03458133615
03458132827
03458131858
03458134041
03458134768
03458131246
03458134368
03458136501
03458134409
03458133710
03458133020
03458134623
03458132920
03458136714
03458131313
03458132162
03458131593
03458131702
03458132811
03458134139
03458134240
03458136801
03458136797
03458132437
03458134104
03458136635
03458136298
03458138937
03458131973
03458134559
03458131372
03458137280
03458134962
03458132872
03458134257
03458131163
03458131188
03458138942
03458131233
03458136062
03458133575
03458133663
03458138361
03458138246
03458137612
03458131272
03458138915
03458138325
03458136632
03458137777
03458132700
03458131462
03458135530
03458132117
03458139177
03458131367
03458133325
03458134843
03458132837
03458135356
03458133495
03458134159
03458135361
03458134027
03458139668
03458136047
03458135931
03458135700
03458136242
03458139825
03458131458
03458131451
03458133518
03458139636
03458134755
03458133884
03458132183
03458136406
03458132415
03458136572
03458134390
03458131405
03458131432
03458135862
03458133129
03458137393
03458137623
03458134514
03458137252
03458131817
03458136316
03458138050
03458137970
03458132679
03458136962
03458139261
03458137412
03458139297
03458133747
03458138125
03458133284
03458131851
03458138393
03458138322
03458137536
03458133206
03458137298
03458136508
03458137741
03458132938
03458137862
03458136420
03458138725
03458135744
03458131838
03458138080
03458133646
03458132186
03458134338
03458135393
03458135400
03458135024
03458137487
03458139472
03458132752
03458139670
03458138352
03458131447
03458134773
03458133808
03458135431
03458132211
03458137580
03458136219
03458131019
03458132959
03458131115
03458137496
03458131686
03458134197
03458136688
03458131394
03458139418
03458136972
03458133485
03458136633
03458135765
03458139565
03458131585
03458139969
03458137855
03458131699
03458138805
03458133244
03458131718
03458136704
03458131636
03458132174
03458133647
03458136294
03458138629
03458139934
03458139726
03458133748
03458139610
03458134036
03458132958
03458134630
03458136805
03458137439
03458133699
03458132999
03458132821
03458133394
03458139530
03458135155
03458133389
03458134961
03458132881
03458134207
03458134970
03458136605
03458133324
03458137190
03458135830
03458131047
03458135816
03458131974
03458135932
03458133225
03458131366
03458138896
03458132194
03458138206
03458133309
03458132106
03458138491
03458132904
03458133667
03458136845
03458139541
03458138369
03458138384
03458137702
03458139199
03458137555
03458139537
03458139223
03458137680
03458131736
03458131515
03458136074
03458132593
03458132936
03458135674
03458134832
03458134286
03458134336
03458132141
03458136275
03458133317
03458139373
03458134840
03458134436
03458134078
03458134492
03458139006
03458135732
03458139268
03458135224
03458135330
03458138449
03458137948
03458139564
03458135448
03458133349
03458135541
03458131522
03458135560
03458134997
03458131301
03458134238
03458131660
03458134129
03458136895
03458135481
03458136271
03458131995
03458138980
03458133586
03458137203
03458131123
03458135563
03458139061
03458132405
03458139804
03458138872
03458133985
03458139392
03458132520
03458137785
03458137200
03458133597
03458138932
03458134430
03458137608
03458135035
03458136855
03458134346
03458136677
03458135916
03458135978
03458138244
03458132225
03458138076
03458135755
03458136125
03458133475
03458138869
03458138995
03458137503
03458133197
03458138398
03458139577
03458132772
03458137955
03458137966
03458137370
03458132948
03458137724
03458133692
03458136748
03458138007
03458134148
03458137884
03458131442
03458139353
03458138613
03458133895
03458131148
03458138319
03458138278
03458136400
03458133345
03458134494
03458131599
03458135439
03458139049
03458133924
03458132903
03458132877
03458131818
03458139369
03458139342
03458137014
03458139053
03458133376
03458138770
03458135675
03458138881
03458135201
03458136284
03458136265
03458131175
03458132099
03458135028
03458135415
03458138996
03458134707
03458133653
03458132044
03458132406
03458138223
03458133784
03458136944
03458138062
03458136502
03458136615
03458133104
03458137025
03458132975
03458138197
03458138663
03458131277
03458133742
03458139957
03458136899
03458138396
03458132521
03458138480
03458133947
03458136616
03458138222
03458136460
03458138288
03458133852
03458136304
03458138471
03458132494
03458138940
03458139281
03458135929
03458136946
03458139351
03458139481
03458133628
03458138660
03458136947
03458139885
03458137347
03458138392
03458136643
03458138169
03458137437
03458131486
03458133005
03458139389
03458134982
03458137895
03458133016
03458132818
03458139198
03458131744
03458131114
03458136613
03458134867
03458134659
03458131833
03458134002
03458133223
03458132608
03458131952
03458138645
03458132296
03458131728
03458139372
03458134033
03458135800
03458138360
03458136346
03458133677
03458136232
03458133409
03458137938
03458135249
03458136336
03458139781
03458135647
03458135599
03458137710
03458139182
03458138252
03458135427
03458138156
03458135236
03458132266
03458139272
03458136099
03458138466
03458136881
03458136564
03458137340
03458136391
03458134660
03458134060
03458134226
03458131777
03458137028
03458136618
03458138179
03458138436
03458136253
03458133369
03458131100
03458133332
03458135806
03458139468
03458131371
03458132115
03458138249
03458134426
03458136192
03458131080
03458131010
03458132244
03458139517
03458137850
03458136144
03458137635
03458139942
03458136239
03458133738
03458134648
03458139144
03458137460
03458134913
03458137364
03458135475
03458139436
03458132736
03458134019
03458138847
03458139573
03458132237
03458135648
03458132865
03458135226
03458132172
03458137796
03458137871
03458133951
03458137500
03458137331
03458132153
03458136787
03458134369
03458135922
03458131605
03458136149
03458139995
03458135540
03458135179
03458133139
03458132572
03458132236
03458131873
03458131192
03458139262
03458136911
03458132589
03458132831
03458132241
03458138340
03458135449
03458131278
03458131203
03458139421
03458136250
03458136190
03458137390
03458132402
03458138440
03458136856
03458134590
03458138561
03458139365
03458134215
03458139086
03458139425
03458133707
03458133559
03458134518
03458137164
03458135812
03458136905
03458136660
03458133718
03458134382
03458135085
03458139187
03458136859
03458138213
03458137650
03458132192
03458135714
03458131497
03458134866
03458136076
03458133033
03458135496
03458138101
03458135003
03458139904
03458137826
03458138950
03458131009
03458135976
03458136837
03458136898
03458135901
03458132052
03458134305
03458132247
03458138316
03458139612
03458137313
03458139549
03458136322
03458133971
03458131539
03458138700
03458135809
03458139790
03458135274
03458137040
03458139413
03458134082
03458133380
03458139569
03458134740
03458136198
03458135266
03458132895
03458131202
03458131293
03458135509
03458131948
03458138437
03458139509
03458137049
03458139654
03458134276
03458131417
03458134736
03458137484
03458131537
03458136049
03458134417
03458138346
03458138462
03458136243
03458138129
03458131300
03458137530
03458132363
03458132445
03458131874
03458133632
03458134094
03458133683
03458133054
03458133977
03458136900
03458137925
03458132702
03458133112
03458134403
03458136310
03458134923
03458134124
03458135524
03458138388
03458131683
03458133356
03458133716
03458134252
03458135407
03458132812
03458132074
03458132080
03458137933
03458139661
03458138808
03458135289
03458137470
03458139133
03458133609
03458134735
03458136636
03458137372
03458138131
03458135723
03458138453
03458131120
03458134585
03458136241
03458139346
03458138859
03458133281
03458136131
03458132935
03458138341
03458139532
03458138139
03458139255
03458132909
03458131319
03458138621
03458137079
03458135914
03458137276
03458133811
03458137547
03458133348
03458137133
03458131724
03458139948
03458132007
03458137930
03458134437
03458131259
03458131588
03458136445
03458134700
03458132945
03458139309
03458131720
03458134113
03458139513
03458132782
03458137779
03458138572
03458137524
03458139665
03458131325
03458137459
03458135658
03458138059
03458136573
03458138879
03458135829
03458139371
03458136902
03458136686
03458133800
03458135861
03458135301
03458137002
03458132698
03458136753
03458135935
03458137348
03458131673
03458138635
03458133099
03458139041
03458139774
03458138283
03458133857
03458133842
03458138675
03458132001
03458131917
03458134557
03458133271
03458133737
03458134825
03458132911
03458137509
03458131523
03458138850
03458137206
03458135477
03458136072
03458135306
03458138757
03458137928
03458136820
03458136924
03458135451
03458132078
03458133505
03458131843
03458132997
03458136312
03458139362
03458139239
03458133868
03458131954
03458138875
03458138756
03458139918
03458134073
03458135097
03458137819
03458131901
03458131835
03458137205
03458137006
03458134265
03458135385
03458131245
03458138337
03458133579
03458138178
03458134048
03458135967
03458134292
03458132478
03458134969
03458134994
03458134920
03458138493
03458138562
03458137337
03458138443
03458136806
03458132651
03458134609
03458133370
03458133401
03458131581
03458136918
03458132662
03458133367
03458134722
03458137853
03458136626
03458136008
03458139356
03458132235
03458131705
03458131243
03458131266
03458132683
03458138730
03458139893
03458139438
03458136266
03458137638
03458131498
03458132066
03458135125
03458136851
03458132435
03458139750
03458137450
03458132513
03458133071
03458131521
03458132980
03458132157
03458136759
03458131688
03458135546
03458132907
03458131296
03458138415
03458138885
03458134337
03458139630
03458139638
03458136140
03458139246
03458135925
03458138925
03458133921
03458137387
03458136533
03458137413
03458135480
03458138763
03458139856
03458132529
03458139815
03458132218
03458132542
03458131068
03458138992
03458135731
03458132779
03458138734
03458131890
03458133265
03458133170
03458133313
03458134230
03458134734
03458131881
03458136237
03458134480
03458139820
03458139390
03458139786
03458136300
03458138177
03458138060
03458138653
03458133267
03458137238
03458138889
03458132166
03458139056
03458135580
03458137354
03458135080
03458136698
03458133150
03458139493
03458134254
03458132070
03458133875
03458133999
03458136695
03458135493
03458133434
03458139807
03458136866
03458138614
03458135795
03458132035
03458134090
03458137223
03458138991
03458133507
03458132505
03458134398
03458135869
03458132193
03458135153
03458137956
03458133562
03458139814
03458137469
03458135273
03458139831
03458133771
03458139729
03458135422
03458133862
03458137323
03458131986
03458133260
03458134738
03458139221
03458136200
03458139514
03458138817
03458137391
03458138418
03458133777
03458133273
03458135568
03458133329
03458132720
03458131575
03458136554
03458132730
03458138583
03458137363
03458131350
03458137607
03458136504
03458136968
03458133403
03458132325
03458131092
03458138904
03458138209
03458132682
03458138681
03458131668
03458139227
03458135575
03458137627
03458138108
03458135251
03458137042
03458137068
03458134733
03458132876
03458136768
03458131640
03458135228
03458131729
03458133365
03458139902
03458131013
03458138379
03458137124
03458138877
03458136681
03458135532
03458137442
03458131836
03458137961
03458136186
03458134696
03458134613
03458136440
03458139039
03458134934
03458136920
03458133671
03458137415
03458137385
03458139045
03458136353
03458137890
03458131384
03458139364
03458139892
03458139448
03458136568
03458133241
03458131389
03458138056
03458131879
03458139760
03458133296
03458133402
03458134487
03458132487
03458134450
03458139833
03458133659
03458137655
03458135613
03458131457
03458136486
03458131516
03458132787
03458137399
03458136883
03458134964
03458139834
03458134752
03458136897
03458137950
03458135442
03458139615
03458139200
03458132964
03458134956
03458134507
03458135775
03458135844
03458136599
03458133640
03458135088
03458131785
03458132032
03458134869
03458134224
03458135555
03458134763
03458133506
03458131044
03458135027
03458133171
03458134174
03458131084
03458138269
03458139188
03458137717
03458133234
03458136109
03458137371
03458137792
03458131012
03458132790
03458137043
03458137408
03458131423
03458135598
03458133093
03458133217
03458132555
03458134788
03458135121
03458131119
03458135680
03458132774
03458136048
03458138184
03458136970
03458135908
03458138425
03458138294
03458131226
03458137763
03458138175
03458132118
03458135913
03458133004
03458134016
03458134799
03458134455
03458139224
03458131136
03458135752
03458138439
03458138912
03458135866
03458133355
03458131030
03458138150
03458134374
03458136798
03458131691
03458136296
03458131892
03458135772
03458139359
03458138811
03458132377
03458134134
03458134388
03458133322
03458139442
03458134128
03458131561
03458135456
03458131631
03458131074
03458136762
03458139456
03458139553
03458135019
03458133330
03458134601
03458135835
03458136727
03458138849
03458134524
03458131231
03458132003
03458137798
03458133522
03458139865
03458134059
03458136775
03458131177
03458137624
03458139527
03458133933
03458136248
03458135743
03458134045
03458137912
03458137112
03458135315
03458137421
03458139310
03458133825
03458134275
03458135460
03458131225
03458138034
03458136889
03458137778
03458131953
03458133834
03458136308
03458132105
03458132463
03458137071
03458135071
03458131972
03458131554
03458137137
03458139077
03458136562
03458132148
03458132029
03458131968
03458134909
03458139860
03458132814
03458138751
03458132109
03458135928
03458137501
03458136325
03458133678
03458134886
03458138328
03458137665
03458138989
03458134274
03458138079
03458135211
03458134291
03458138825
03458135597
03458131403
03458137249
03458137791
03458131421
03458138136
03458135805
03458132871
03458135643
03458139642
03458139429
03458134973
03458137649
03458137981
03458133824
03458137834
03458134130
03458138064
03458131271
03458137398
03458133386
03458132275
03458136342
03458138349
03458138469
03458134851
03458132519
03458136642
03458139538
03458139844
03458139018
03458138430
03458136864
03458138406
03458138248
03458135938
03458133087
03458133236
03458133636
03458137902
03458131738
03458135204
03458133967
03458133997
03458139270
03458137859
03458131994
03458131345
03458133137
03458139148
03458132719
03458135924
03458137378
03458131485
03458133342
03458137001
03458135222
03458137828
03458133813
03458139037
03458136903
03458133938
03458137711
03458132430
03458139302
03458137309
03458138434
03458132268
03458135212
03458137914
03458139888
03458137631
03458132691
03458133165
03458139249
03458138856
03458138768
03458131623
03458131260
03458132792
03458138525
03458136503
03458133090
03458132905
03458133656
03458132892
03458137281
03458133180
03458136842
03458136810
03458131592
03458138633
03458136262
03458132794
03458135268
03458136349
03458139871
03458131297
03458135653
03458132222
03458138526
03458139611
03458135521
03458139531
03458135298
03458133828
03458137130
03458137773
03458133312
03458138864
03458138581
03458132448
03458137805
03458131542
03458138890
03458137988
03458134056
03458139840
03458136817
03458136097
03458137804
03458139180
03458135666
03458135008
03458136299
03458138038
03458136963
03458136831
03458133283
03458137310
03458134255
03458135768
03458134856
03458137518
03458137289
03458137876
03458136138
03458132766
03458134644
03458136612
03458138625
03458134151
03458136450
03458139204
03458136746
03458139210
03458134182
03458134882
03458138271
03458135414
03458135090
03458135247
03458139273
03458138688
03458131632
03458133411
03458137802
03458133025
03458139032
03458131721
03458131041
03458135044
03458132462
03458133320
03458135985
03458137923
03458134431
03458134864
03458138647
03458136178
03458133014
03458134110
03458134145
03458133681
03458131990
03458134358
03458131825
03458139079
03458135365
03458137886
03458137814
03458138185
03458134862
03458134509
03458135497
03458138517
03458132669
03458137078
03458134823
03458135615
03458139921
03458133860
03458131783
03458131832
03458131016
03458134103
03458134138
03458135689
03458137316
03458135338
03458133814
03458134482
03458138884
03458135662
03458133182
03458139057
03458138284
03458138286
03458133694
03458132991
03458133512
03458135834
03458131637
03458138320
03458135064
03458137225
03458136176
03458136071
03458138256
03458139402
03458136738
03458133548
03458139605
03458131965
03458131762
03458134290
03458134122
03458132834
03458139855
03458132728
03458136026
03458136999
03458135437
03458133840
03458132639
03458138115
03458135688
03458136835
03458132334
03458137620
03458136901
03458134066
03458135903
03458138801
03458131534
03458133343
03458136064
03458135371
03458131714
03458133932
03458139671
03458134691
03458135832
03458131178
03458136527
03458137921
03458131650
03458134937
03458133423
03458134878
03458131860
03458134236
03458135134
03458135120
03458135082
03458133891
03458138117
03458132902
03458136441
03458134363
03458138111
03458138465
03458137689
03458134203
03458134611
03458135645
03458139606
03458139336
03458139393
03458133963
03458137250
03458133193
03458133572
03458131769
03458137666
03458135446
03458138834
03458132816
03458131704
03458133725
03458133897
03458134050
03458139629
03458135891
03458131184
03458139725
03458138387
03458138442
03458139478
03458132451
03458137836
03458135194
03458134549
03458139033
03458138532
03458139675
03458138607
03458137719
03458138863
03458131337
03458133780
03458137384
03458137003
03458132810
03458136267
03458132261
03458134086
03458131049
03458138815
03458132179
03458134687
03458134565
03458131979
03458132479
03458137126
03458139474
03458134946
03458137483
03458139792
03458136684
03458133988
03458131937
03458136301
03458135364
03458138488
03458137532
03458135596
03458135745
03458139047
03458131897
03458135295
03458134981
03458135485
03458136386
03458131519
03458133616
03458134658
03458134017
03458139172
03458134868
03458133560
03458139209
03458131088
03458139444
03458137341
03458132417
03458138200
03458134237
03458136886
03458137564
03458138602
03458132588
03458133205
03458134371
03458134144
03458135554
03458134216
03458136701
03458133644
03458139837
03458137592
03458134198
03458134206
03458135536
03458132718
03458137318
03458135005
03458138262
03458137772
03458136320
03458135122
03458134900
03458136003
03458133089
03458134795
03458136313
03458133889
03458138549
03458138416
03458137588
03458134399
03458137162
03458136000
03458135718
03458131446
03458133233
03458137291
03458136444
03458136511
03458135712
03458133833
03458134502
03458138432
03458134169
03458139048
03458131603
03458138479
03458133408
03458131356
03458132612
03458135428
03458132540
03458136598
03458134353
03458131549
03458138740
03458133429
03458137965
03458139117
03458135048
03458132063
03458133094
03458136120
03458134683
03458135965
03458131244
03458139955
03458132650
03458138844
03458134140
03458137653
03458138351
03458139634
03458132900
03458131774
03458134662
03458139305
03458139485
03458137017
03458137379
03458137960
03458133901
03458131263
03458138151
03458131415
03458132091
03458138467
03458139136
03458137471
03458134227
03458132575
03458135778
03458137676
03458133036
03458139863
03458133752
03458138147
03458138370
03458138664
03458132570
03458137425
03458135397
03458139122
03458132310
03458137024
03458133489
03458134303
03458132894
03458138883
03458137847
03458132372
03458131919
03458139858
03458133344
03458136038
03458134901
03458139234
03458135434
03458137185
03458136649
03458136012
03458131159
03458135476
03458135525
03458133503
03458133642
03458133679
03458137830
03458136089
03458136729
03458131991
03458131332
03458137765
03458131684
03458138699
03458133302
03458139939
03458139465
03458139398
03458132332
03458138923
03458137705
03458137584
03458137586
03458139386
03458137732
03458133705
03458135749
03458133515
03458138931
03458131982
03458134069
03458132252
03458133788
03458131085
03458136789
03458134719
03458132592
03458132761
03458136365
03458133695
03458138009
03458137092
03458136355
03458131483
03458135728
03458131131
03458133907
03458132006
03458139031
03458132516
03458135250
03458136645
03458138813
03458138557
03458137173
03458134185
03458135176
03458137625
03458138166
03458134916
03458138978
03458133902
03458136448
03458132318
03458134624
03458135132
03458135296
03458138827
03458138610
03458134831
03458137283
03458135649
03458137874
03458135023
03458132596
03458137307
03458138005
03458133000
03458134940
03458131908
03458132716
03458135753
03458135624
03458137008
03458137863
03458139601
03458138066
03458136011
03458137128
03458134289
03458132771
03458132145
03458132503
03458135074
03458136020
03458132152
03458132439
03458138497
03458134299
03458136915
03458136496
03458134542
03458134640
03458133399
03458138684
03458138929
03458135488
03458137538
03458132695
03458138204
03458138886
03458132565
03458135739
03458138697
03458131712
03458138263
03458133819
03458136145
03458132043
03458134199
03458135412
03458138427
03458135163
03458139562
03458139274
03458131416
03458139254
03458137740
03458138199
03458134404
03458137432
03458131926
03458133878
03458136487
03458138749
03458134523
03458132967
03458133066
03458135095
03458135262
03458135799
03458132552
03458133549
03458139588
03458137731
03458132089
03458136706
03458137047
03458134219
03458136286
03458138454
03458139608
03458139132
03458137056
03458135187
03458134359
03458138011
03458131370
03458139475
03458135606
03458139326
03458139650
03458133927
03458131830
03458134721
03458136932
03458137464
03458136151
03458135618
03458136116
03458135416
03458139842
03458139271
03458136180
03458138463
03458134328
03458137878
03458138961
03458134178
03458132075
03458133900
03458133733
03458133980
03458131283
03458137879
03458134171
03458136784
03458133617
03458138558
03458139908
03458136984
03458134990
03458131479
03458133027
03458134539
03458136540
03458133928
03458134591
03458135790
03458131298
03458131546
03458139927
03458131340
03458137077
03458137749
03458133292
03458135147
03458134187
03458136522
03458138806
03458132532
03458133516
03458134158
03458133204
03458131466
03458135791
03458135000
03458131054
03458134402
03458132399
03458131204
03458133676
03458136919
03458137978
03458135506
03458138765
03458134627
03458135111
03458139963
03458136722
03458135070
03458138417
03458136030
03458133368
03458133335
03458139839
03458131566
03458133754
03458139784
03458131429
03458134546
03458139304
03458131353
03458139899
03458133151
03458138632
03458134896
03458133545
03458131750
03458133427
03458136937
03458135722
03458135766
03458131520
03458136934
03458135587
03458133042
03458139463
03458132919
03458138228
03458136734
03458133854
03458135684
03458136908
03458136153
