03212608024
03332771980
03343566911
03333269183
03218757327
03218961323
03433572831
03002852006
03218757327
03332247155
03218757328
03452799303
03223395898
03002501345
03212106141
03333528548
03222100088
03218262060
03228254981
03009257699
03009480900
03002254354
03212774177
03433465211
03002294064
03002313832
03002387616
03009266333
03008265392
03002069161
03212216171
03012575104
03312448070
03217577772
03217577777
03008555424
03335499471
03145250514
03335110577
03009850137
03015106650
03335144064
03075009996
03344230717
03005327424
03015108561
03465114009
03005000543
03005553355
03005000543
03005000543
03009565116
03005000543
03335169862
03335108443
03005000543
03005000543
03008555424
03008555242
03335169862
03005007989
03005007989
03005000543
03005000543
03333510844
03215564527
03215831038
03215564525
03005343445
03335279922
03455867944
03225001168
03005150987
03459743487
03008555424
03005000543
03015106650
03005572300
03215553355
03005007989
03217577777
03218549360
03005000543
03005000543
03005007989
03225111906
03015108561
03335494562
03005008900
03005129354
03138565047
03335169862
03032185493
03455263006
03329236959
03005302402
03005226283
03009545630
03335225763
03215206113
03005114212
03459729998
03345251885
03008500028
03005000543
03005572300
03015106650
03219517427
03005310675
03336799251
03002179851
03225088100
03219009552
03459743487
03005101617
03325524002
03005555303
03002419752
03008334249
03015108561
03335302838
03328549360
03218549360
03005290047
03335499471
03008549360
03218549360
03005007989
03215139087
03005572300
03459743487
03459743487
03005290047
03335311563
03339127944
03215878281
03238556455
03335195780
03345019958
03005129354
03005007989
03005553355
03335110577
03005338396
03009555030
03002419752
03315413347
03005012666
03225029560
03335654440
03009555887
03005533854
03005117279
03226521150
03005007989
03457943483
03008555424
03459743487
03335169826
03218549360
03005007989
03008555424
03335499471
03459743487
03149017069
03149017069
03149017069
03339862649
03339862643
03004003332
03003139997
03333139997
03008474232
03334355565
03224499276
03224088156
03009260506
03332364023
03008297049
03008220132
03212828000
03233963056
03232428997
03452381256
03222321311
03158221740
03062588944
03002003055
03008969686
03454777000
03333836133
03009220128
03002278458
03452400780
03008233628
03008283350
03333269183
03227779090
03142341999
03212244135
03219200944
03332290469
03003668931
03452104320
03332335687
03213802829
03345251885
03218757338
03002311468
03333638795
03332424911
03332108736
03008249988
03442029596
03145195539
03335136046
03445472157
03038726177
03005112627
03215171207
03215161225
03325527681
03345183310
03005314830
03035505572
03215297407
03215151720
03335119111
03009542085
03345476123
03425009138
03215265987
03008296717
03335146062
03005262827
03335510760
03215161225
03015209114
03218561334
03335130168
03345326435
03335550235
03328518993
03318505672
03328518993
03335496646
03335188596
03009559197
03009559197
03335196042
03315456290
03135012333
03009882728
03215146877
03335357592
03028541116
03078643313
03335171948
03435057771
03335174598
03225000420
03335602019
03009840109
03009840109
03335269846
03009840455
03435589998
03005312784
03335151153
03315176957
03028549818
03465336112
03215172510
03005178100
03005178100
03006664555
03458017393
03344400880
03335596478
03015163660
03015163660
03005139454
03008555767
03218456926
03005050605
03005292700
03005030578
03216008119
03335149499
03009706680
03008308800
03009706680
03008563210
03005387778
03005127029
03215304545
03335505510
03215362183
03215010471
03445401894
03005174534
03219504064
03325392991
03335101735
03335133431
03335111868
03005090431
03335411122
03345121101
03215254076
03005162848
03005162848
03315531669
03009489771
03125161228
03135695825
03335416854
03005012666
03215006469
03325790547
03335465477
03338554441
03218400220
03215355235
03005001464
03335113760
03005001464
03335113760
03005001465
03008554244
03005129044
03003091276
03025252338
03005531906
03005037322
03005750215
03005132520
03335995885
03005169388
03009540262
03365032204
03005100232
03335104604
03008526448
03455882343
03005055863
03009720336
03005003844
03215539556
03005334755
03005220744
03455027700
03028555808
03005559909
03075975320
03215355235
03008302285
03335337272
03005002323
03005155517
03005554533
03008344424
03335548299
03215112921
03215011266
03335327755
03335431964
03009507771
03035126065
03215371646
03005000153
03455381465
03005513400
03216642164
03008506606
03005126759
03005231504
03335145088
03335145088
03335558533
03218568500
03219500541
03215175830
03005128292
03219505596
03009126666
03335505235
03335505235
03335639660
03215552552
03215190238
03455171266
03455300954
03008004178
03335233605
03235102270
03005325338
03225030511
03215058506
03344187828
03035337062
03005079581
03005041004
03008305602
03335241734
03335583051
03035184544
03335158475
03335583051
03005596103
03335474727
03025239910
03215826496
03005106772
03335351421
03315125090
03235477965
03005126467
03218507181
03335127342
03335255201
03219545399
03009559197
03215219894
03009559197
03215257891
03455050333
03349554872
03315667549
03005169378
03005190368
03335357592
03465417213
03008540882
03465453776
03005664247
03445189908
03065377003
03145842202
03235398687
03225117008
03005587731
03215004198
03335122748
03215004198
03335122748
03218556565
03215008666
03338428443
03339430443
03065493293
03455254394
03008540243
03065275926
03005524451
03335859076
03339544455
03135416538
03015620715
03335156008
03145261944
03345039135
03455552180
03335552180
03235276351
03009778930
03008355477
03235031114
03005186521
03325293949
03215822212
03455156672
03078644004
03458017393
03335333497
03335125431
03335198090
03215156890
03445170751
03008555767
03008555767
03325169857
03005394008
03445001198
03228836212
03335885741
03345251885
03335525818
03009500839
03335394505
03335534711
03335104348
03006252558
03005566452
03335644770
03215356232
03005037822
03005037822
03218400220
03015499990
03215189754
03065092801
03007262715
03335211447
03015129644
03005782982
03335185675
03335333309
03005333309
03009554085
03215066350
03445051346
03215110748
03215292920
03215263590
03035007113
03125151077
03335144328
03338350650
03008350650
03225173371
03335233935
03335148980
03015487485
03005042365
03008501140
03449320059
03335125203
03075105217
03145104435
03215065400
03005314029
03037777444
03345126355
03005325508
03005272536
03335508882
03334449196
03009727952
03315027970
03345268032
03005080640
03218501559
03215304545
03215182447
03008320077
03008320077
03219504064
03335111626
03335198564
03008567751
03015449486
03335451875
03009899901
03022810052
03455007000
03323792201
03215141912
03024099992
03009818280
03005117437
03212975774
03345176537
03005161694
03335122424
03345098081
03215096640
03005808040
03005254484
03335352124
03335291310
03005055591
03009072798
03145582667
03219531198
03025320202
03215177229
03325229768
03465213820
03005130279
03008563841
03465289309
03455920781
03005357348
03135388363
03005251074
03135952183
03465328050
03009818280
03335111413
03215178573
03005030628
03335211645
03145676305
03335161803
03325514685
03035566473
03009540221
03028556529
03218563760
03235527767
03445408163
03009567677
03005334659
03003927293
03022090138
03445511409
03215592482
03009783978
03335126587
03335198559
03065050284
03335566143
03215592482
03015520250
03015520250
03065579256
00321559248
03067277576
03149075250
03232903867
03323674173
03015426727
03065579256
03005170700
03005186455
03005328584
03332803391
03008557855
03008557855
03339600027
03345251885
03435700100
03065573256
03005186447
03339600436
03215256698
03338505669
03015426727
03005183577
03065579256
03005170700
03005186945
03332803391
03145195539
03335136046
03445472157
03038726177
03005112627
03215171207
03215161225
03325527681
03345183310
03005314830
03035505572
03215297407
03215151720
03335119111
03009542085
03345476123
03425009138
03215265987
03008296717
03335146062
03005262827
03335510760
03215161225
03015209114
03218561334
03335130168
03345326435
03335550235
03328518993
03318505672
03328518993
03335496646
03335188596
03009559197
03009559197
03335196042
03315456290
03135012333
03009882728
03215146877
03335357592
03028541116
03078643313
03335171948
03435057771
03335174598
03225000420
03335602019
03009840109
03009840109
03335269846
03009840455
03435589998
03005312784
03335151153
03315176957
03028549818
03465336112
03215172510
03005178100
03005178100
03006664555
03458017393
03344400880
03335596478
03015163660
03015163660
03005139454
03008555767
03218456926
03005050605
03005292700
03005030578
03216008119
03335149499
03009706680
03008308800
03009706680
03008563210
03005387778
03005127029
03215304545
03335505510
03215362183
03215010471
03445401894
03005174534
03219504064
03325392991
03335101735
03335133431
03335111868
03005090431
03335411122
03345121101
03215254076
03005162848
03005162848
03315531669
03009489771
03125161228
03135695825
03335416854
03005012666
03215006469
03325790547
03335465477
03338554441
03218400220
03215355235
03005001464
03335113760
03005001464
03335113760
03005001465
03008554244
03005129044
03003091276
03025252338
03005531906
03005037322
03005750215
03005132520
03335995885
03005169388
03009540262
03365032204
03005100232
03335104604
03008526448
03455882343
03005055863
03009720336
03005003844
03215539556
03005334755
03005220744
03455027700
03028555808
03005559909
03075975320
03215355235
03008302285
03335337272
03005002323
03005155517
03005554533
03008344424
03335548299
03215112921
03215011266
03335327755
03335431964
03009507771
03035126065
03215371646
03005000153
03455381465
03005513400
03216642164
03008506606
03005126759
03005231504
03335145088
03335145088
03335558533
03218568500
03219500541
03215175830
03005128292
03219505596
03009126666
03335505235
03335505235
03335639660
03215552552
03215190238
03455171266
03455300954
03008004178
03335233605
03235102270
03005325338
03225030511
03215058506
03344187828
03035337062
03005079581
03005041004
03008305602
03335241734
03335583051
03035184544
03335158475
03335583051
03005596103
03335474727
03025239910
03215826496
03005106772
03335351421
03315125090
03235477965
03005126467
03218507181
03335127342
03335255201
03219545399
03009559197
03215219894
03009559197
03215257891
03455050333
03349554872
03315667549
03005169378
03005190368
03335357592
03465417213
03008540882
03465453776
03005664247
03445189908
03065377003
03145842202
03235398687
03225117008
03005587731
03215004198
03335122748
03215004198
03335122748
03218556565
03215008666
03338428443
03339430443
03065493293
03455254394
03008540243
03065275926
03005524451
03335859076
03339544455
03135416538
03015620715
03335156008
03145261944
03345039135
03455552180
03335552180
03235276351
03009778930
03008355477
03235031114
03005186521
03325293949
03215822212
03455156672
03078644004
03458017393
03335333497
03335125431
03335198090
03215156890
03445170751
03008555767
03008555767
03325169857
03005394008
03445001198
03228836212
03335885741
03345251885
03335525818
03009500839
03335394505
03335534711
03335104348
03006252558
03005566452
03335644770
03215356232
03005037822
03005037822
03218400220
03015499990
03215189754
03065092801
03007262715
03335211447
03015129644
03005782982
03335185675
03335333309
03005333309
03009554085
03215066350
03445051346
03215110748
03215292920
03215263590
03035007113
03125151077
03335144328
03338350650
03008350650
03225173371
03335233935
03335148980
03015487485
03005042365
03008501140
03449320059
03335125203
03075105217
03145104435
03215065400
03005314029
03037777444
03345126355
03005325508
03005272536
03335508882
03334449196
03009727952
03315027970
03345268032
03005080640
03218501559
03215304545
03215182447
03008320077
03008320077
03219504064
03335111626
03335198564
03008567751
03015449486
03335451875
03009899901
03022810052
03455007000
03323792201
03215141912
03024099992
03009818280
03005117437
03212975774
03345176537
03005161694
03335122424
03345098081
03215096640
03005808040
03005254484
03335352124
03335291310
03005055591
03009072798
03145582667
03219531198
03025320202
03215177229
03325229768
03465213820
03005130279
03008563841
03465289309
03455920781
03005357348
03135388363
03005251074
03135952183
03465328050
03009818280
03335111413
03215178573
03005030628
03335211645
03145676305
03335161803
03325514685
03035566473
03009540221
03028556529
03218563760
03235527767
03445408163
03009567677
03005334659
03003927293
03022090138
03445511409
03345251000
03345251001
03345251002
03345251003
03345251004
03345251005
03345251005
03345051000
03345251007
03345251008
03345251009
03345251010
03345251011
03345251012
03345251013
03345251014
03345251015
03345251016
03345251017
03345251018
03345251020
03345251021
03345251022
03345251023
03345251025
03345251026
03345251027
03345251028
03345251028
03345251029
03345251030
03345251031
03345251032
03345251033
03345251034
03022090138
03445511409
03223309079
03335177279
03004600047
03335093160
03445509568
03005101088
03332109064
03465310655
03458503373
03335251978
03218555482
03215692577
03335518196
03335176033
03125224352
03445586944
03028978039
03075122281
03009811771
03215514009
03315434009
03215386059
03005630899
03465999010
03445114863
03219558302
03335427856
03015052464
03315334662
03315334663
03454111666
03445507828
03215093959
03422225333
03005186851
03325058504
03345351330
03005526772
03339004501
03335141827
03325132322
03145169553
03018440042
03325142853
03335156208
03349554378
03005162330
03005122919
03005129668
03455011313
03007273362
03225605446
03226186912
03009871386
03439452692
03122299332
03215157361
03145203144
03465656156
03035102998
03315264761
03335266522
03335737217
03212017233
03135464347
03335231950
03335484383
03006219291
03005562179
03005003936
03215571203
03235262622
03225013637
03125930095
03215279945
03009550038
03335244705
03005244705
03005013894
03455891227
03005048013
03005162335
03005068229
03335356886
03458527878
03009894739
03218500415
03009554369
03008555767
03214098747
03224138022
03004409463
03008543337
03225203865
03226668666
03009501404
03005169388
03215296272
03215011999
03335599055
03215225889
03335506413
03008506822
03005395712
03005560681
03219503435
03445289192
03015575105
03215013870
03009501766
03015141221
03215295472
03335100789
03445544160
03212210618
03335431962
03215285263
03005444577
03334555585
03005011917
03335351403
03335114219
03335219164
03015387939
03215564461
03005564461
03008506606
03009542085
03004133943
03008509375
03009106793
03005574575
03215296779
03008553558
03334292188
03005188818
03145555154
03008528289
03064743500
03025217008
03215255927
03009767732
03345044426
03218552383
03335347781
03005368302
03335117897
03435589998
03005261848
03335644634
03004690469
03335252052
03005014011
03005041110
03005041110
03219434975
03004282772
03215155383
03008501140
03005189409
03005093959
03005189409
03339022291
03225011549
03218472300
03218472300
03008472300
03009878318
03335624678
03215396303
03345550555
03435044101
03125055641
03005571329
03215143772
03005343255
03005343255
03065421103
03009192313
03015200945
03335124968
03009817860
03219555045
03009874800
03455278811
03009503520
03009502535
03008500869
03335464746
03008500841
03018501111
03005571329
03005169378
03465155445
03335610556
03335610556
03015401807
03317775777
03328542127
03008542127
03005192560
03225152591
03335382302
03335138790
03335955592
03018555300
03008369565
03009732672
03215110748
03335125298
03008500841
03215571329
03009507138
03215203764
03455502016
03335161012
03005507030
03335159849
03448582385
03225203865
03224436668
03215171712
03215000641
03005000641
03335000641
03335205332
03005121991
03008364235
03005541757
03005169388
03455558155
03225076635
03315531901
03005531901
03455141276
03005041110
03005117949
03215565040
03009703884
03005101462
03335111793
03335104604
03215580447
03008550093
03009548485
03015141221
03215295472
03455004443
03335137355
03005559909
03005112003
03005299655
03215355057
03218508482
03009776782
03065004661
03005233922
03009586618
03325455261
03215180486
03005325801
03008505181
03005346592
03335118808
03008345602
03335333755
03215906463
03215023839
03025264195
03335765565
03215254665
03335636215
03005546279
03335267221
03225098958
03335735865
03005113895
03335389031
03145261133
03005208782
03009559552
03219559552
03335118855
03008554320
03008274888
03315109559
03075544664
03335152611
03015081781
03225720946
03335146341
03349588970
03335000704
03005126265
03225325525
03005151759
03335482413
03345057468
03015042608
03335155196
03455493913
03335605790
03005211740
03345292905
03335146817
03465755453
03335361762
03005311765
03315333477
03315532218
03335161925
03335269412
03335126834
03008502565
03345167050
03005334161
03005154482
03005231882
03008522028
03215396303
03335582663
03215091524
03425000663
03009706863
03005004048
03215533999
03317775777
03008502550
03008566311
03215166812
03455060065
03005554012
03228577758
03005322157
03005382543
03005002981
03018543001
03315565228
03335111684
03335544986
03005358050
03005382771
03009533885
03005378833
03335103619
03005526648
03144274343
03335129281
03005006123
03335210998
03225030511
03219722116
03345251885
03455125948
03005004633
03009757225
03335161999
03005389774
03005103894
03455891227
03005652228
03335175088
03005202775
03005227500
03005025819
03005009091
03215356143
03035327192
03008566076
03009192313
03335158157
03348954455
03005332103
03005185278
03455108538
03005005491
03008547195
03005219857
03225224838
03005137363
03215260521
03005112627
03465155445
03005112627
03218522214
03025950236
03334491917
03455105557
03224130662
03009507138
03215292920
03009843870
03009733465
03215157361
03455095087
03455237398
03005348596
03335237398
03005072373
03005073963
03005041003
03005260062
03005183007
03215004509
03018555300
03008369565
03335556444
03215176701
03215207715
03005199718
03125158157
03215019393
03335326849
03218552426
03218552426
03005537512
03218552426
03005702868
03215702868
03219680687
03008355477
03005041110
03005581130
03335652626
03008555767
03215203764
03215855570
03335279411
03335550789
03008522899
03219555060