03218379232
03218381267
03218339726
03218372612
03218337927
03218346061
03218341080
03218318594
03218379368
03218311719
03218398198
03218339158
03218350508
03218367106
03218336808
03218337495
03218329954
03218363492
03218395504
03218371848
03218345551
03218345698
03218364321
03218377612
03218313541
03218388230
03218366258
03218319530
03218329583
03218319776
03218332598
03218381000
03218329516
03218342818
03218389900
03218383631
03218392681
03218338415
03218350153
03218312650
03218376840
03218340321
03218371878
03218341818
03218318736
03218326058
03218323755
03218349179
03218377003
03218315740
03218385763
03218329795
03218394175
03218326914
03218373606
03218368449
03218327539
03218315605
03218340862
03218399064
03218349785
03218380438
03218379120
03218317198
03218377205
03218353176
03218344814
03218391538
03218355671
03218345351
03218359197
03218368710
03218392443
03218335793
03218394804
03218362171
03218342503
03218370350
03218327913
03218342772
03218316858
03218395237
03218399720
03218348643
03218362986
03218310025
03218324231
03218310876
03218392215
03218313585
03218327055
03218359883
03218392757
03218324620
03218318368
03218346549
03218396002
03218356855
03218385464
03218360068
03218340411
03218370597
03218325464
03218321538
03218381163
03218332655
03218332734
03218353434
03218398359
03218328713
03218321871
03218337665
03218362262
03218321960
03218359046
03218314219
03218343151
03218320582
03218380662
03218363456
03218336060
03218345611
03218341655
03218345493
03218399685
03218311173
03218385709
03218343802
03218395953
03218374348
03218371058
03218357308
03218356790
03218354825
03218329122
03218323179
03218341448
03218328862
03218391576
03218378141
03218338781
03218310931
03218384872
03218322217
03218330495
03218399172
03218359321
03218332330
03218352851
03218336272
03218396611
03218324986
03218383808
03218376045
03218381477
03218321481
03218347024
03218354365
03218350812
03218380356
03218367135
03218380798
03218335867
03218372771
03218314288
03218329006
03218324675
03218325129
03218360739
03218336471
03218323275
03218369190
03218386537
03218384481
03218363623
03218321497
03218334786
03218352506
03218360179
03218350474
03218339370
03218365403
03218347385
03218370094
03218331116
03218329150
03218330506
03218354371
03218341860
03218325023
03218335523
03218318373
03218323454
03218359559
03218338562
03218371936
03218379221
03218364247
03218347337
03218352769
03218312286
03218312967
03218360487
03218325150
03218338782
03218332868
03218316026
03218327849
03218345292
03218316661
03218376662
03218396497
03218366903
03218358911
03218371404
03218395525
03218316604
03218330232
03218382099
03218381414
03218344166
03218372989
03218368163
03218361027
03218382934
03218327519
03218350226
03218388242
03218371253
03218339889
03218392032
03218312633
03218335098
03218357126
03218370628
03218369742
03218397637
03218338345
03218314010
03218379731
03218318862
03218341711
03218326956
03218352191
03218371659
03218348354
03218330876
03218376410
03218362617
03218334014
03218365238
03218371355
03218368120
03218339978
03218392324
03218364122
03218334718
03218349934
03218388506
03218377623
03218357049
03218345407
03218336773
03218394734
03218331805
03218391525
03218346861
03218332595
03218343753
03218367403
03218364435
03218354126
03218326451
03218334070
03218351873
03218311275
03218379165
03218319350
03218311832
03218326793
03218341278
03218366977
03218317148
03218378304
03218339876
03218335024
03218347703
03218349839
03218336387
03218322681
03218373455
03218322491
03218357456
03218339854
03218346569
03218330100
03218384885
03218315755
03218321485
03218385851
03218365872
03218330052
03218382845
03218338659
03218358273
03218345217
03218336771
03218330898
03218377671
03218353455
03218364827
03218384636
03218322470
03218351648
03218311837
03218384891
03218393914
03218331016
03218341753
03218380671
03218321513
03218311579
03218394416
03218371421
03218389249
03218326947
03218392880
03218337327
03218363293
03218331297
03218312432
03218352178
03218340498
03218378113
03218377464
03218336683
03218374040
03218344820
03218375026
03218361933
03218333236
03218316527
03218327571
03218372934
03218361931
03218344358
03218318473
03218388429
03218367238
03218376745
03218369024
03218318270
03218343891
03218326442
03218372362
03218316128
03218353338
03218310038
03218341824
03218359659
03218375847
03218353416
03218352903
03218364289
03218343988
03218347473
03218366758
03218390415
03218396394
03218370662
03218381619
03218393710
03218388963
03218387928
03218377737
03218364392
03218326118
03218368073
03218391351
03218363749
03218341806
03218363752
03218359193
03218392791
03218347597
03218372457
03218387872
03218373492
03218397590
03218391412
03218344258
03218340680
03218374155
03218320030
03218397641
03218361190
03218396885
03218351714
03218398013
03218370843
03218387404
03218324560
03218354928
03218338513
03218394625
03218351735
03218327220
03218341965
03218350472
03218395909
03218334040
03218389663
03218343814
03218351197
03218399875
03218394301
03218322901
03218362067
03218384029
03218344704
03218347247
03218344361
03218364928
03218371188
03218339636
03218365735
03218370962
03218357668
03218321684
03218334633
03218337863
03218377832
03218336136
03218373320
03218381373
03218355625
03218340939
03218348349
03218384491
03218376216
03218392545
03218397009
03218357413
03218395471
03218347942
03218344015
03218322262
03218310223
03218391265
03218391042
03218396451
03218362292
03218370777
03218310836
03218330173
03218363078
03218331995
03218322129
03218370461
03218313333
03218390791
03218316469
03218366405
03218349581
03218380694
03218328403
03218361357
03218396355
03218340608
03218319091
03218368145
03218311174
03218354935
03218374178
03218382223
03218370264
03218323020
03218313652
03218318309
03218312371
03218327639
03218317818
03218386789
03218328763
03218376868
03218319081
03218384848
03218330103
03218318175
03218343561
03218352496
03218354086
03218322084
03218396659
03218340944
03218329065
03218398361
03218363321
03218374972
03218360904
03218313868
03218350657
03218371951
03218339228
03218385276
03218396598
03218328613
03218359909
03218340058
03218318342
03218358090
03218385693
03218372973
03218329679
03218337642
03218372712
03218361612
03218343554
03218331254
03218378180
03218397046
03218366595
03218314058
03218389090
03218358275
03218367959
03218341279
03218341198
03218324659
03218350331
03218343337
03218351466
03218313771
03218367160
03218314837
03218389534
03218391591
03218311724
03218388250
03218358265
03218334153
03218350266
03218363993
03218310966
03218333245
03218311264
03218391422
03218325648
03218331417
03218329649
03218335687
03218353610
03218325169
03218396186
03218349081
03218328638
03218387334
03218318710
03218315398
03218368010
03218360482
03218371921
03218314842
03218348108
03218381120
03218349887
03218355304
03218329765
03218319914
03218393543
03218332441
03218363792
03218325097
03218347309
03218334714
03218330015
03218349775
03218399010
03218348622
03218311919
03218321817
03218378083
03218313549
03218364364
03218395405
03218362643
03218359611
03218314155
03218339554
03218388104
03218366142
03218389783
03218357370
03218339044
03218327432
03218396421
03218343314
03218344528
03218351821
03218376113
03218399884
03218315773
03218360067
03218372915
03218361377
03218371089
03218393924
03218357319
03218368935
03218316388
03218319388
03218348563
03218384806
03218393837
03218392262
03218383743
03218385714
03218387244
03218395693
03218315609
03218380359
03218366298
03218374008
03218367726
03218333593
03218354481
03218396801
03218335806
03218321932
03218362310
03218353482
03218336566
03218324316
03218360871
03218365686
03218356836
03218370619
03218371715
03218346754
03218341220
03218372563
03218345206
03218335169
03218391060
03218359571
03218358813
03218364576
03218380419
03218384274
03218335413
03218354628
03218387369
03218393507
03218386642
03218323725
03218362474
03218361906
03218322587
03218312756
03218362873
03218331527
03218338780
03218368795
03218380756
03218361398
03218326373
03218330006
03218358773
03218333723
03218319543
03218332787
03218395163
03218363058
03218372111
03218342532
03218346889
03218395668
03218332224
03218355387
03218337658
03218326897
03218398853
03218329949
03218315617
03218320953
03218367363
03218379044
03218333110
03218324166
03218328464
03218313679
03218396389
03218322265
03218378815
03218397414
03218338202
03218350413
03218325500
03218325672
03218320905
03218387072
03218354581
03218330449
03218314530
03218381193
03218315585
03218366238
03218390362
03218357369
03218325214
03218339927
03218338845
03218365138
03218340444
03218359009
03218350962
03218325663
03218323914
03218395377
03218385472
03218349378
03218375722
03218320267
03218398253
03218394022
03218312157
03218377947
03218342876
03218361036
03218312754
03218336914
03218364513
03218351917
03218392559
03218343570
03218333804
03218371095
03218384475
03218356462
03218383419
03218313676
03218356969
03218379192
03218399450
03218399836
03218324077
03218396991
03218391695
03218350257
03218322726
03218381070
03218338808
03218360925
03218347511
03218367984
03218396340
03218352395
03218313056
03218361979
03218395969
03218327690
03218322095
03218386449
03218373746
03218380343
03218361572
03218333228
03218340328
03218319260
03218336847
03218354396
03218341284
03218314829
03218312321
03218377146
03218380955
03218351180
03218310778
03218390027
03218355843
03218325705
03218390991
03218345048
03218375586
03218337463
03218318699
03218371418
03218394482
03218387450
03218329279
03218357097
03218313001
03218326090
03218315041
03218316648
03218330122
03218317028
03218321730
03218340741
03218319547
03218324078
03218393115
03218326700
03218381510
03218346871
03218326258
03218381023
03218344789
03218393323
03218337662
03218366251
03218360743
03218382755
03218363987
03218324109
03218314528
03218329577
03218334684
03218324777
03218349397
03218344821
03218312005
03218357732
03218392522
03218386230
03218362105
03218364307
03218321057
03218393749
03218368297
03218315101
03218366913
03218351933
03218348885
03218355952
03218371828
03218370682
03218379385
03218313459
03218342660
03218316251
03218391616
03218390845
03218352257
03218343335
03218351054
03218311890
03218392152
03218394770
03218374680
03218348293
03218314695
03218323778
03218354349
03218314505
03218364153
03218316715
03218323731
03218399573
03218369365
03218351149
03218354586
03218315841
03218312054
03218355871
03218368156
03218342700
03218358894
03218355299
03218311318
03218328570
03218320388
03218366886
03218340264
03218342895
03218311051
03218352417
03218315043
03218391249
03218376144
03218311386
03218392232
03218334190
03218332174
03218317479
03218356177
03218315232
03218396743
03218318929
03218316677
03218322250
03218339696
03218397670
03218327493
03218338999
03218356018
03218337857
03218359799
03218333257
03218350758
03218383452
03218367943
03218319722
03218394306
03218356891
03218314084
03218371609
03218353102
03218364298
03218393220
03218342105
03218343199
03218323608
03218321680
03218335982
03218325221
03218340067
03218314574
03218387807
03218311892
03218398137
03218327190
03218342593
03218315401
03218372051
03218396398
03218377186
03218331450
03218342887
03218358286
03218327934
03218324289
03218383917
03218339884
03218375282
03218384567
03218362130
03218332445
03218310241
03218329030
03218397591
03218354471
03218330584
03218334337
03218334577
03218330540
03218310691
03218368877
03218380136
03218396168
03218329701
03218371490
03218356208
03218381050
03218367899
03218331500
03218376873
03218350333
03218383818
03218315264
03218399319
03218324497
03218381796
03218360699
03218321827
03218318149
03218377936
03218382129
03218377565
03218369107
03218329599
03218388122
03218311516
03218341467
03218362061
03218375311
03218396872
03218312346
03218347595
03218359057
03218344153
03218376086
03218343716
03218345580
03218331903
03218328359
03218381079
03218364546
03218378740
03218331480
03218378696
03218313772
03218339206
03218352541
03218341175
03218312750
03218312391
03218332754
03218386747
03218327060
03218383368
03218344691
03218339583
03218356189
03218380000
03218337986
03218336223
03218356207
03218355166
03218348410
03218338079
03218315119
03218389923
03218389789
03218396857
03218317583
03218398824
03218372057
03218390410
03218315826
03218348916
03218335380
03218334136
03218384121
03218399955
03218314841
03218372310
03218341582
03218371795
03218316655
03218345478
03218348535
03218383668
03218341496
03218358707
03218322551
03218351480
03218340709
03218377549
03218382999
03218349399
03218357676
03218314461
03218326056
03218322827
03218322601
03218335897
03218369164
03218332234
03218336649
03218384275
03218334451
03218337740
03218396318
03218322052
03218395879
03218338031
03218321382
03218383896
03218313583
03218376615
03218321424
03218369640
03218341388
03218355360
03218358875
03218376272
03218320577
03218349701
03218338277
03218365917
03218357551
03218377703
03218395057
03218361294
03218377353
03218378944
03218337837
03218339560
03218380005
03218361202
03218314083
03218345927
03218337293
03218362389
03218355601
03218356166
03218399102
03218335815
03218381060
03218393037
03218356415
03218381439
03218316479
03218380536
03218310288
03218327472
03218311657
03218386948
03218345997
03218368534
03218380188
03218326499
03218313971
03218334584
03218360677
03218342438
03218380751
03218375746
03218337054
03218341418
03218327304
03218360194
03218318066
03218396486
03218375773
03218364976
03218347022
03218382110
03218366815
03218321736
03218396642
03218351665
03218379854
03218360874
03218398407
03218392857
03218310364
03218327903
03218393057
03218315204
03218345548
03218365739
03218310794
03218361128
03218386527
03218321016
03218342000
03218313728
03218318351
03218344006
03218351618
03218347977
03218354134
03218356285
03218362469
03218313802
03218351699
03218346681
03218339926
03218363887
03218358452
03218329856
03218399240
03218362306
03218354730
03218399803
03218344030
03218387893
03218365382
03218348361
03218393233
03218381755
03218394455
03218335357
03218389245
03218343960
03218368382
03218348463
03218361667
03218352636
03218350401
03218325719
03218335937
03218379054
03218358664
03218381222
03218353130
03218351317
03218343829
03218380937
03218361888
03218324221
03218366285
03218342196
03218369697
03218330457
03218394686
03218334854
03218354744
03218372379
03218361830
03218355196
03218378444
03218362453
03218334903
03218353255
03218396785
03218377219
03218348838
03218358618
03218329010
03218395215
03218327929
03218395230
03218341915
03218337926
03218387168
03218326335
03218373469
03218365024
03218377674
03218362825
03218398684
03218318006
03218366980
03218317782
03218347144
03218348943
03218353340
03218342757
03218380740
03218396211
03218378501
03218318227
03218355812
03218390573
03218310501
03218313049
03218365602
03218337275
03218346981
03218361604
03218321617
03218387969
03218312828
03218334453
03218374662
03218328861
03218397428
03218325046
03218372078
03218396820
03218335248
03218329804
03218359437
03218375669
03218352457
03218327351
03218310506
03218349427
03218386102
03218347352
03218376666
03218322617
03218360420
03218399422
03218340398
03218315843
03218337079
03218379011
03218310856
03218339118
03218336114
03218318886
03218368095
03218351879
03218395634
03218398782
03218353454
03218346148
03218358992
03218355324
03218380697
03218344279
03218311355
03218355927
03218361606
03218394523
03218334252
03218313387
03218377463
03218357497
03218331023
03218326726
03218387101
03218397995
03218344555
03218398006
03218384648
03218356235
03218359741
03218338859
03218350792
03218348581
03218362575
03218373559
03218356782
03218384362
03218375472
03218312596
03218311723
03218395973
03218330855
03218327110
03218392027
03218378338
03218349064
03218343494
03218378792
03218321319
03218383001
03218353358
03218331785
03218370099
03218345635
03218351078
03218368805
03218389912
03218399250
03218316465
03218329904
03218395698
03218348779
03218382368
03218310161
03218358780
03218361524
03218399616
03218395073
03218327905
03218395491
03218354512
03218334915
03218356914
03218355857
03218349244
03218395222
03218364171
03218324997
03218314262
03218329837
03218361517
03218310947
03218327167
03218340942
03218327859
03218375562
03218366064
03218382639
03218361125
03218373969
03218311157
03218344046
03218382210
03218335808
03218391834
03218336711
03218317729
03218355587
03218346263
03218362949
03218354997
03218342335
03218360607
03218380659
03218394298
03218318196
03218379826
03218395899
03218328943
03218339274
03218354792
03218334356
03218359225
03218371756
03218319511
03218335961
03218345266
03218395206
03218393386
03218331887
03218323758
03218312868
03218373647
03218313435
03218346554
03218354399
03218388285
03218346189
03218312107
03218364683
03218364218
03218385945
03218385523
03218314954
03218385404
03218382163
03218342929
03218394142
03218315258
03218315102
03218342936
03218381016
03218357477
03218348701
03218338015
03218317200
03218332111
03218372463
03218360381
03218352877
03218331062
03218331238
03218329466
03218386959
03218367224
03218397087
03218347744
03218363797
03218391540
03218349710
03218316835
03218333344
03218390109
03218370138
03218373280
03218386233
03218350556
03218363102
03218389221
03218350457
03218337744
03218397765
03218330711
03218332419
03218345911
03218397852
03218316384
03218371085
03218314077
03218339643
03218311805
03218333156
03218354706
03218356056
03218327994
03218318180
03218385076
03218358240
03218379131
03218365548
03218398267
03218390906
03218387338
03218375421
03218351781
03218312642
03218381555
03218371159
03218393317
03218322739
03218331700
03218356248
03218334804
03218351176
03218349892
03218347413
03218320455
03218335632
03218377191
03218387796
03218378303
03218336982
03218318573
03218330176
03218376562
03218332375
03218378026
03218330980
03218371325
03218335142
03218342950
03218399498
03218321119
03218341512
03218358572
03218322431
03218364602
03218358442
03218332521
03218330282
03218374388
03218339838
03218331966
03218324355
03218371745
03218383376
03218333900
03218331718
03218382146
03218329915
03218321075
03218321795
03218312603
03218350355
03218356847
03218321604
03218336080
03218331335
03218340179
03218331094
03218358175
03218379788
03218332202
03218335129
03218393291
03218392603
03218327460
03218382810
03218362013
03218346908
03218313407
03218368917
03218397144
03218386606
03218348999
03218344125
03218322632
03218339607
03218352996
03218313035
03218378422
03218399324
03218328909
03218365584
03218342997
03218322361
03218383342
03218398947
03218334209
03218378291
03218381663
03218392153
03218336616
03218390084
03218341297
03218380887
03218348907
03218320132
03218326804
03218374166
03218343686
03218353211
03218370240
03218315783
03218331263
03218387209
03218317546
03218391486
03218366753
03218353779
03218335804
03218364382
03218384385
03218361876
03218339813
03218339651
03218319768
03218347961
03218379198
03218390626
03218315480
03218334428
03218313668
03218368200
03218358914
03218341744
03218390700
03218332863
03218390936
03218385222
03218355005
03218395343
03218327214
03218391098
03218383162
03218311738
03218316662
03218386804
03218376484
03218385425
03218338373
03218325702
03218356911
03218319011
03218380480
03218326205
03218329188
03218353059
03218337730
03218335812
03218363063
03218341265
03218384380
03218375802
03218372315
03218380522
03218349523
03218344867
03218379159
03218329379
03218366532
03218312599
03218348553
03218336605
03218336222
03218362536
03218338996
03218349003
03218375294
03218367388
03218333212
03218345917
03218322732
03218381606
03218352382
03218379194
03218378050
03218361748
03218332162
03218317275
03218359531
03218325098
03218328034
03218341897
03218327357
03218340859
03218386017
03218388850
03218355944
03218346542
03218327531
03218352479
03218396494
03218331927
03218370429
03218389983
03218366652
03218349238
03218398733
03218386809
03218326821
03218395675
03218338463
03218353070
03218319180
03218319932
03218371473
03218383119
03218346996
03218312104
03218387500
03218320518
03218394708
03218321676
03218317804
03218334828
03218344099
03218386444
03218311443
03218386669
03218318385
03218370253
03218385111
03218388066
03218395095
03218382924
03218318541
03218372722
03218398277
03218332359
03218333844
03218388893
03218387789
03218366837
03218384236
03218317376
03218372824
03218399546
03218315426
03218311408
03218375721
03218381117
03218344976
03218331433
03218363905
03218342709
03218340376
03218384231
03218321383
03218320078
03218382817
03218334069
03218399477
03218392562
03218383406
03218388024
03218364071
03218393563
03218334278
03218389223
03218388159
03218360864
03218319971
03218333887
03218350967
03218350592
03218340524
03218369067
03218338619
03218387123
03218324774
03218376117
03218333043
03218350118
03218351490
03218354635
03218330013
03218357900
03218348127
03218312460
03218368815
03218332767
03218384759
03218311013
03218333969
03218384800
03218335474
03218321863
03218311200
03218319770
03218323249
03218314856
03218361146
03218311088
03218380466
03218313313
03218371308
03218345612
03218334260
03218317119
03218358042
03218357951
03218390430
03218359518
03218376457
03218337905
03218312580
03218338927
03218331322
03218340031
03218348404
03218351155
03218328915
03218318199
03218365833
03218329510
03218335097
03218353819
03218381094
03218313574
03218356346
03218385797
03218318187
03218345802
03218339029
03218371023
03218341322
03218327828
03218386591
03218378199
03218351695
03218346929
03218374815
03218394328
03218351495
03218357512
03218346894
03218322893
03218382936
03218388448
03218383218
03218366452
03218382173
03218362267
03218347480
03218372674
03218336210
03218391793
03218382611
03218336025
03218344467
03218341331
03218330654
03218398875
03218341557
03218397604
03218376436
03218344730
03218337516
03218370204
03218399460
03218381985
03218343383
03218371504
03218378015
03218377585
03218328755
03218398158
03218367898
03218351734
03218356856
03218393842
03218355153
03218350380
03218310721
03218395587
03218315670
03218373210
03218389695
03218310163
03218326857
03218348018
03218381336
03218385331
03218330498
03218343717
03218345701
03218396247
03218310530
03218318884
03218375976
03218394659
03218358625
03218384868
03218353856
03218337866
03218337828
03218333707
03218389596
03218394842
03218342019
03218332800
03218321282
03218394349
03218326794
03218374616
03218383789
03218379523
03218370172
03218381808
03218367851
03218350727
03218358905
03218347418
03218312826
03218376140
03218324181
03218356877
03218355486
03218325281
03218356668
03218389871
03218317865
03218360494
03218391755
03218325852
03218341731
03218377803
03218364633
03218339503
03218387641
03218320567
03218332015
03218381569
03218349367
03218318906
03218321631
03218326741
03218320664
03218348712
03218394167
03218326808
03218325962
03218325040
03218361688
03218345176
03218334109
03218369560
03218385351
03218385896
03218360788
03218332885
03218314890
03218330668
03218394166
03218347284
03218318712
03218352906
03218398883
03218331257
03218366924
03218374813
03218337970
03218333855
03218398540
03218336003
03218341159
03218323698
03218333686
03218383857
03218399889
03218335293
03218352763
03218329977
03218342465
03218386457
03218362454
03218320647
03218395672
03218348427
03218346772
03218317964
03218388745
03218320755
03218318043
03218389185
03218373056
03218393783
03218394763
03218334712
03218371019
03218349347
03218362198
03218327102
03218397592
03218353222
03218311945
03218351701
03218360827
03218356257
03218332258
03218393277
03218335584
03218318496
03218328041
03218320006
03218345110
03218377785
03218330230
03218323115
03218323697
03218354162
03218394672
03218326833
03218327738
03218358979
03218395265
03218335259
03218386203
03218391434
03218371300
03218333473
03218321325
03218328036
03218316911
03218391152
03218367533
03218393827
03218317351
03218348299
03218318696
03218332927
03218340797
03218314277
03218358198
03218376267
03218387199
03218355143
03218393234
03218319116
03218378654
03218338501
03218372939
03218324064
03218374219
03218369853
03218394242
03218316442
03218374623
03218364823
03218360958
03218389442
03218397170
03218353957
03218310251
03218336403
03218375397
03218335465
03218361745
03218386036
03218313461
03218331913
03218388594
03218348059
03218331059
03218398200
03218352183
03218325180
03218394972
03218348386
03218342692
03218321299
03218373291
03218390062
03218311926
03218331856
03218344072
03218368103
03218379839
03218324834
03218356088
03218379096
03218384104
03218382983
03218382713
03218372890
03218363103
03218337473
03218362318
03218388183
03218356392
03218393460
03218371850
03218316831
03218368383
03218343563
03218366623
03218364261
03218348784
03218396033
03218360402
03218332658
03218336960
03218346340
03218343541
03218391392
03218393641
03218388626
03218344693
03218352817
03218381928
03218363954
03218329874
03218315216
03218369470
03218352289
03218331869
03218310912
03218341653
03218354509
03218364906
03218379830
03218318212
03218395094
03218363473
03218371064
03218360572
03218348950
03218330311
03218310632
03218323702
03218368526
03218346022
03218336373
03218379053
03218319561
03218346080
03218368677
03218381986
03218367765
03218348767
03218319033
03218313689
03218351406
03218339304
03218311972
03218375268
03218337872
03218354379
03218367751
03218357129
03218328127
03218398742
03218380068
03218390883
03218392160
03218335132
03218328054
03218395742
03218322505
03218371295
03218340251
03218361347
03218369194
03218333096
03218373236
03218312307
03218364831
03218372976
03218372523
03218397141
03218399178
03218360191
03218359044
03218386819
03218350074
03218331759
03218348600
03218373681
03218392439
03218356253
03218317810
03218380310
03218339493
03218376516
03218346853
03218339711
03218353024
03218396527
03218363607
03218364177
03218352341
03218382212
03218338735
03218362960
03218373040
03218381403
03218333369
03218370610
03218326067
03218328949
03218338551
03218321023
03218342086
03218379453
03218322061
03218330065
03218315042
03218322441
03218380300
03218324851
03218392926
03218372813
03218396459
03218325669
03218357430
03218378037
03218396583
03218394867
03218334478
03218367862
03218325552
03218319399
03218374849
03218384440
03218330164
03218362826
03218379296
03218341758
03218318470
03218351132
03218334429
03218343480
03218360257
03218330963
03218366462
03218348565
03218341735
03218391768
03218381356
03218345809
03218390146
03218363405
03218384943
03218313179
03218348029
03218326298
03218341967
03218326156
03218369585
03218374224
03218377820
03218369588
03218311339
03218310666
03218340192
03218338000
03218330407
03218317474
03218345555
03218351167
03218354343
03218358502
03218362030
03218382189
03218397173
03218347074
03218336188
03218353131
03218365951
03218344195
03218364054
03218320574
03218355994
03218389906
03218376741
03218316985
03218314796
03218352998
03218399791
03218392313
03218381547
03218360205
03218365659
03218390668
03218319623
03218355796
03218361361
03218384436
03218335801
03218394642
03218335803
03218322913
03218325509
03218316006
03218393949
03218373025
03218326876
03218333624
03218390765
03218354671
03218350286
03218361259
03218313422
03218392556
03218351375
03218362029
03218376954
03218316529
03218327450
03218380392
03218339645
03218349396
03218381348
03218381514
03218369412
03218384770
03218351091
03218366992
03218351231
03218313841
03218362888
03218319288
03218354670
03218332034
03218385135
03218328858
03218358086
03218342475
03218347938
03218381758
03218343244
03218343266
03218373773
03218327948
03218321089
03218373505
03218354303
03218323628
03218345528
03218326758
03218325230
03218336121
03218383293
03218310028
03218312442
03218388836
03218329668
03218345533
03218342741
03218322284
03218349891
03218384495
03218321369
03218398592
03218379267
03218381558
03218333409
03218399756
03218365150
03218326145
03218310997
03218323143
03218345903
03218342251
03218391477
03218340336
03218353172
03218351538
03218395659
03218325174
03218349013
03218322863
03218397544
03218374792
03218332447
03218335495
03218392922
03218313576
03218397732
03218331032
03218371198
03218324484
03218388132
03218374912
03218330448
03218372745
03218316708
03218312119
03218327001
03218360079
03218394997
03218380436
03218337390
03218367776
03218320965
03218348499
03218376496
03218393995
03218347081
03218313141
03218324716
03218377690
03218372355
03218375728
03218381723
03218374473
03218397913
03218351574
03218328412
03218379964
03218374704
03218317766
03218365423
03218322723
03218378951
03218397023
03218398173
03218346725
03218339037
03218327865
03218317108
03218337402
03218364670
03218344422
03218383950
03218346482
03218346794
03218315777
03218399183
03218348725
03218365979
03218342234
03218314205
03218320167
03218381562
03218315032
03218362957
03218362685
03218350010
03218317620
03218383075
03218353772
03218315202
03218368130
03218316118
03218326543
03218330965
03218333317
03218347863
03218364615
03218369363
03218383382
03218362411
03218314494
03218396014
03218324957
03218328222
03218370971
03218387567
03218366239
03218373997
03218312813
03218336716
03218378005
03218338220
03218357475
03218312832
03218354150
03218374716
03218314660
03218396910
03218361346
03218383307
03218388535
03218315820
03218376403
03218319938
03218315829
03218382459
03218351320
03218384110
03218396615
03218332431
03218330823
03218357755
03218394010
03218356887
03218319018
03218337999
03218334463
03218379038
03218316836
03218379775
03218331413
03218333301
03218348537
03218392745
03218375842
03218335030
03218310464
03218394647
03218395142
03218386472
03218331187
03218336140
03218380194
03218348554
03218355142
03218314919
03218389887
03218316197
03218351994
03218320249
03218344209
03218393814
03218316151
03218340252
03218335621
03218366858
03218344510
03218386145
03218384406
03218343101
03218371401
03218323083
03218316290
03218373645
03218337288
03218344351
03218356690
03218362822
03218320747
03218338824
03218389445
03218326179
03218323895
03218324944
03218386191
03218327128
03218381307
03218328287
03218375255
03218341215
03218394313
03218354394
03218359521
03218319614
03218356555
03218327655
03218349994
03218395787
03218336882
03218332059
03218398491
03218398629
03218316241
03218314229
03218366996
03218363559
03218381386
03218379840
03218354990
03218326705
03218314073
03218311725
03218341913
03218313644
03218399954
03218357278
03218361794
03218343113
03218374547
03218331362
03218375074
03218379332
03218347573
03218377767
03218324737
03218335167
03218370753
03218343036
03218383993
03218389297
03218391836
03218326453
03218371962
03218360131
03218373664
03218364728
03218367148
03218395414
03218386225
03218367607
03218347795
03218377700
03218313961
03218350039
03218338509
03218343657
03218393768
03218357511
03218367128
03218323554
03218336909
03218366655
03218389228
03218382905
03218363424
03218346219
03218311953
03218342712
03218324775
03218319889
03218315460
03218339305
03218339999
03218327991
03218397146
03218388130
03218378385
03218335947
03218388849
03218329972
03218347036
03218386173
03218321156
03218320713
03218340335
03218395528
03218334325
03218359324
03218379733
03218336736
03218370902
03218390758
03218320928
03218386328
03218374271
03218324894
03218315546
03218327906
03218362239
03218374655
03218374011
03218322048
03218341362
03218355527
03218315383
03218350112
03218331181
03218334705
03218325183
03218359404
03218359256
03218335868
03218377250
03218325063
03218388373
03218329246
03218385563
03218356136
03218359572
03218322685
03218326243
03218397371
03218377081
03218386470
03218349619
03218314577
03218386830
03218391705
03218384797
03218311517
03218398664
03218363165
03218384808
03218380145
03218384213
03218328142
03218345028
03218311552
03218345902
03218311646
03218354889
03218324052
03218395865
03218397954
03218366845
03218322518
03218386299
03218342342
03218315083
03218370748
03218399363
03218315118
03218358156
03218338301
03218363641
03218320127
03218338353
03218367698
03218357189
03218351071
03218365733
03218377919
03218389708
03218344260
03218317568
03218349101
03218314544
03218391711
03218376782
03218314597
03218342481
03218353028
03218390605
03218351664
03218347732
03218364312
03218359724
03218378694
03218396433
03218376396
03218399301
03218348046
03218326651
03218341843
03218320571
03218346579
03218324900
03218373198
03218378203
03218354456
03218358319
03218317946
03218322584
03218337197
03218340992
03218378108
03218379037
03218322580
03218315674
03218385272
03218373036
03218329897
03218372394
03218374041
03218397465
03218372376
03218369299
03218390407
03218396214
03218390916
03218380778
03218389643
03218318512
03218398578
03218360140
03218338663
03218394709
03218372659
03218343419
03218325148
03218359362
03218368208
03218318732
03218395894
03218397358
03218376720
03218347524
03218310977
03218356570
03218347535
03218316681
03218399157
03218315911
03218356991
03218331441
03218389020
03218316423
03218317838
03218326369
03218314032
03218329939
03218360213
03218396693
03218310896
03218360524
03218324002
03218340381
03218377011
03218390563
03218386478
03218347245
03218314678
03218394084
03218378733
03218371791
03218373405
03218313686
03218348689
03218379939
03218350687
03218333243
03218364733
03218337136
03218319355
03218382667
03218356236
03218325581
03218398779
03218345329
03218338268
03218358518
03218384998
03218336834
03218352718
03218333965
03218366007
03218347157
03218330203
03218384478
03218378257
03218359650
03218315615
03218312259
03218377680
03218334092
03218379252
03218326970
03218331960
03218373759
03218341169
03218341335
03218337232
03218369789
03218384874
03218344141
03218360897
03218348466
03218369348
03218355815
03218320215
03218388407
03218367329
03218360967
03218341546
03218345974
03218384679
03218386085
03218334529
03218331876
03218334876
03218360840
03218324891
03218347571
03218390074
03218343976
03218321429
03218321098
03218311236
03218359016
03218331547
03218371931
03218311238
03218395664
03218311383
03218369911
03218364175
03218381133
03218369305
03218356794
03218315129
03218366011
03218358041
03218391751
03218327207
03218344929
03218343184
03218336134
03218388118
03218394572
03218340884
03218397430
03218341882
03218380495
03218312340
03218322218
03218394800
03218339468
03218327367
03218358111
03218396798
03218388667
03218395967
03218377168
03218371664
03218349584
03218371634
03218381798
03218383069
03218365223
03218375082
03218319747
03218394828
03218366849
03218355820
03218362866
03218399047
03218378244
03218384964
03218323118
03218364444
03218390662
03218374500
03218369355
03218389372
03218330888
03218357571
03218341957
03218386332
03218329426
03218357017
03218369212
03218369374
03218395783
03218373264
03218393600
03218364499
03218391025
03218357815
03218332206
03218366800
03218386545
03218385666
03218345490
03218366398
03218331933
03218361223
03218342402
03218334993
03218332354
03218398004
03218321467
03218382292
03218318695
03218314063
03218339840
03218317213
03218380217
03218335386
03218345655
03218362729
03218325615
03218397475
03218360036
03218325782
03218384643
03218320465
03218316797
03218373418
03218332846
03218342293
03218345221
03218312080
03218375559
03218368613
03218387023
03218322024
03218336857
03218371370
03218374316
03218342227
03218390972
03218374904
03218350435
03218366480
03218373811
03218377598
03218321144
03218323815
03218360050
03218348014
03218319107
03218375335
03218376580
03218321937
03218358936
03218365157
03218379173
03218379464
03218373474
03218364280
03218362814
03218378482
03218366772
03218358632
03218340705
03218388758
03218326105
03218385719
03218370599
03218334809
03218370029
03218350317
03218399607
03218355248
03218345473
03218381410
03218385170
03218364065
03218369197
03218335291
03218326399
03218392033
03218365086
03218377921
03218395143
03218336970
03218311507
03218348452
03218310996
03218399116
03218330048
03218362512
03218383110
03218371292
03218321909
03218320641
03218348508
03218340525
03218366841
03218351907
03218367879
03218359329
03218333700
03218323846
03218388303
03218337916
03218395082
03218327522
03218352083
03218374738
03218393545
03218336877
03218319892
03218390576
03218333629
03218323301
03218321576
03218348117
03218388610
03218356132
03218315424
03218318898
03218395900
03218313877
03218342156
03218348556
03218386783
03218385873
03218325192
03218313178
03218335948
03218318592
03218396303
03218361443
03218313123
03218311054
03218313126
03218310536
03218383473
03218347032
03218355309
03218368966
03218346232
03218360456
03218314879
03218317224
03218358532
03218330330
03218319761
03218370718
03218353777
03218318275
03218374426
03218395760
03218346526
03218340739
03218366209
03218349546
03218380367
03218392243
03218323589
03218329133
03218320505
03218312246
03218395182
03218311040
03218341000
03218360115
03218349932
03218349668
03218353421
03218340140
03218318490
03218371904
03218368649
03218366660
03218382848
03218316186
03218347873
03218342526
03218343167
03218338699
03218314775
03218360590
03218342734
03218380823
03218388599
03218345303
03218368212
03218378426
03218394373
03218363349
03218319290
03218378760
03218365582
03218344677
03218358159
03218355015
03218354884
03218321004
03218355620
03218328035
03218368834
03218397560
03218382886
03218397519
03218384742
03218344370
03218381063
03218385965
03218312329
03218356482
03218396264
03218380410
03218362401
03218328276
03218354352
03218361332
03218385208
03218361713
03218317558
03218377530
03218363672
03218363557
03218337426
03218382290
03218397848
03218385007
03218353159
03218351617
03218317694
03218359155
03218332554
03218373899
03218383262
03218322877
03218391080
03218360561
03218323842
03218397363
03218314965
03218382044
03218399232
03218323025
03218398350
03218316401
03218393683
03218350519
03218335796
03218393906
03218310477
03218391304
03218333888
03218379574
03218333961
03218347316
03218362079
03218383215
03218359169
03218354127
03218338788
03218337109
03218347856
03218388501
03218345013
03218331475
03218370252
03218343803
03218361365
03218364350
03218395485
03218364439
03218396444
03218340532
03218339075
03218379109
03218381447
03218381199
03218359476
03218381898
03218365248
03218322077
03218382595
03218349374
03218343302
03218357118
03218313245
03218361763
03218314148
03218314007
03218322875
03218345105
03218368078
03218385916
03218350494
03218314679
03218371387
03218372332
03218323430
03218374431
03218329556
03218395818
03218369448
03218383130
03218393428
03218382969
03218319758
03218399692
03218356889
03218371860
03218325778
03218395638
03218388173
03218313133
03218330557
03218399601
03218350202
03218388585
03218372610
03218319334
03218328366
03218354616
03218388581
03218364430
03218310059
03218336046
03218394381
03218335691
03218314193
03218386777
03218379926
03218360172
03218363690
03218378794
03218312380
03218394249
03218323182
03218392076
03218311188
03218314055
03218324715
03218375749
03218384159
03218310297
03218376158
03218374829
03218379354
03218319298
03218323207
03218350114
03218354763
03218338812
03218319659
03218318538
03218391708
03218310890
03218363646
03218358647
03218349422
03218336168
03218311585
03218319128
03218315712
03218328000
03218349443
03218320807
03218337821
03218394336
03218327257
03218317178
03218340560
03218363865
03218355657
03218334310
03218324707
03218325749
03218318222
03218332638
03218356337
03218394894
03218363570
03218329811
03218324877
03218385345
03218360255
03218320672
03218383358
03218359536
03218333429
03218361766
03218377886
03218313129
03218389644
03218356158
03218360853
03218350606
03218354021
03218341532
03218324962
03218373779
03218322856
03218337585
03218398251
03218355794
03218362881
03218357397
03218386183
03218337897
03218340424
03218316784
03218379831
03218316691
03218355558
03218385900
03218322592
03218324566
03218340207
03218360552
03218317149
03218389891
03218393828
03218355412
03218362674
03218350735
03218366012
03218374273
03218368549
03218364895
03218367616
03218378616
03218314804
03218369931
03218389790
03218367823
03218326625
03218329551
03218397373
03218363274
03218397175
03218321639
03218393005
03218344981
03218398055
03218396438
03218334086
03218374136
03218333566
03218336287
03218310399
03218393469
03218324383
03218313985
03218383888
03218329028
03218335577
03218396869
03218383124
03218317633
03218373001
03218372807
03218338167
03218365026
03218346759
03218365768
03218378945
03218354768
03218397940
03218310655
03218363179
03218353874
03218368252
03218310430
03218364618
03218354297
03218331926
03218334983
03218328608
03218357217
03218385147
03218390421
03218355946
03218377926
03218385650
03218391047
03218324492
03218380150
03218379541
03218348637
03218320197
03218333028
03218349678
03218368318
03218395191
03218378797
03218338346
03218399743
03218330289
03218370509
03218315636
03218328205
03218371742
03218370958
03218350761
03218364943
03218382987
03218382650
03218344393
03218315590
03218353020
03218374605
03218390813
03218359866
03218369118
03218386162
03218362675
03218373723
03218319615
03218380625
03218331590
03218356185
03218390262
03218357474
03218354857
03218319912
03218355763
03218390265
03218349721
03218313907
03218320089
03218373731
03218335560
03218397163
03218396891
03218353793
03218358423
03218358865
03218394172
03218331453
03218313580
03218367614
03218365922
03218396020
03218347579
03218368126
03218339368
03218346143
03218378041
03218326465
03218354131
03218358116
03218398162
03218354693
03218335049
03218369600
03218351297
03218355210
03218386803
03218312431
03218327114
03218376559
03218337369
03218315370
03218376018
03218349822
03218373166
03218345752
03218355155
03218310773
03218346505
03218358808
03218343893
03218387242
03218323126
03218389841
03218394244
03218345781
03218380720
03218327588
03218334225
03218319122
03218370426
03218346490
03218355630
03218338852
03218342875
03218354469
03218344649
03218340500
03218320225
03218328552
03218380650
03218371560
03218318303
03218366202
03218346179
03218367267
03218379959
03218395322
03218314222
03218310920
03218331566
03218345207
03218375355
03218349154
03218384842
03218392889
03218357437
03218366942
03218365257
03218329528
03218394191
03218369436
03218321936
03218316303
03218367897
03218392036
03218314158
03218342744
03218346741
03218361288
03218313594
03218330581
03218327477
03218314518
03218327198
03218388045
03218351854
03218390466
03218354790
03218332268
03218344710
03218372164
03218378608
03218363496
03218393720
03218345040
03218338566
03218316306
03218347611
03218362788
03218361610
03218315392
03218342032
03218324111
03218396766
03218378453
03218329876
03218399370
03218387923
03218381164
03218371478
03218364178
03218328664
03218383919
03218361760
03218381951
03218391564
03218357644
03218376475
03218310467
03218397260
03218349481
03218397271
03218343328
03218352806
03218374177
03218375591
03218326438
03218399130
03218340113
03218399678
03218398202
03218388549
03218317752
03218348745
03218358169
03218352484
03218373626
03218360789
03218380532
03218343499
03218394688
03218375147
03218363088
03218347001
03218358661
03218342767
03218357205
03218385134
03218344771
03218374630
03218399494
03218335124
03218377069
03218325193
03218340926
03218345039
03218365047
03218388551
03218384240
03218330023
03218378586
03218373812
03218346674
03218353097
03218373932
03218336841
03218336470
03218368948
03218353771
03218348639
03218351069
03218399029
03218383908
03218328590
03218356362
03218382907
03218393278
03218343777
03218328734
03218318257
03218313620
03218381099
03218327291
03218361617
03218368054
03218315750
03218315484
03218354948
03218310448
03218338179
03218345123
03218384501
03218373189
03218349762
03218396093
03218311201
03218368083
03218345722
03218386484
03218325999
03218326163
03218357018
03218376982
03218377263
03218369695
03218370279
03218386246
03218349851
03218355554
03218395278
03218365574
03218325806
03218312314
03218368787
03218320720
03218353464
03218398823
03218338191
03218312890
03218353906
03218399406
03218355400
03218318013
03218360269
03218378799
03218325194
03218335475
03218323053
03218372535
03218327136
03218355099
03218391072
03218338486
03218349305
03218340752
03218358877
03218334650
03218317634
03218354484
03218330518
03218378301
03218398887
03218399296
03218387581
03218352217
03218346899
03218348292
03218313108
03218372257
03218357612
03218321581
03218359249
03218348416
03218326843
03218366353
03218345084
03218350770
03218326798
03218383019
03218368141
03218310475
03218324677
03218377715
03218382233
03218346665
03218349517
03218397439
03218344990
03218395028
03218364755
03218337766
03218363528
03218329750
03218325898
03218347894
03218370836
03218325636
03218378843
03218341990
03218328870
03218346985
03218369490
03218379236
03218358382
03218322461
03218374399
03218322814
03218334614
03218386342
03218320043
03218353624
03218391170
03218397381
03218350853
03218368117
03218377228
03218392856
03218383814
03218395721
03218318665
03218326345
03218361897
03218319186
03218355961
03218357383
03218389298
03218368484
03218395807
03218360730
03218388282
03218323039
03218322176
03218386921
03218356903
03218346873
03218313285
03218342546
03218365284
03218328254
03218327989
03218373872
03218351641
03218354129
03218385676
03218383515
03218339716
03218396116
03218312501
03218351890
03218377231
03218397044
03218351559
03218357816
03218330439
03218313357
03218317268
03218370325
03218327813
03218345941
03218390307
03218335953
03218318534
03218379471
03218348612
03218314870
03218360328
03218390676
03218329128
03218361308
03218394611
03218344165
03218322548
03218319481
03218348566
03218330939
03218310538
03218318548
03218381690
03218325920
03218380141
03218358147
03218389057
03218390959
03218340196
03218348016
03218357928
03218327931
03218361334
03218364980
03218330757
03218316644
03218363889
03218388757
03218344902
03218361213
03218348102
03218335736
03218356948
03218313651
03218323837
03218390809
03218382869
03218368702
03218339386
03218327393
03218330940
03218354742
03218338393
03218350811
03218390414
03218365766
03218323910
03218371200
03218361132
03218366679
03218382830
03218388425
03218317534
03218354500
03218317808
03218314294
03218346649
03218329790
03218336787
03218343798
03218377817
03218344404
03218375405
03218359007
03218357327
03218379314
03218318542
03218382900
03218352717
03218387234
03218350270
03218326586
03218379946
03218326229
03218398122
03218364847
03218324770
03218318553
03218376902
03218374604
03218390268
03218330820
03218335412
03218373274
03218328368
03218350893
03218325091
03218370626
03218397603
03218371829
03218387141
03218376925
03218393989
03218349611
03218315009
03218323760
03218362804
03218363346
03218352657
03218378231
03218330112
03218367264
03218327914
03218337862
03218388064
03218348527
03218364942
03218312017
03218325245
03218369799
03218344584
03218323595
03218326875
03218328959
03218328420
03218393450
03218312274
03218380888
03218373344
03218332597
03218330334
03218311220
03218391362
03218341087
03218361965
03218355206
03218324244
03218396372
03218324125
03218334220
03218313031
03218337026
03218322099
03218332660
03218359812
03218361896
03218376010
03218324189
03218338680
03218370424
03218383163
03218396884
03218333845
03218334926
03218359207
03218365957
03218363208
03218349224
03218393919
03218395317
03218376843
03218357164
03218323855
03218350051
03218370038
03218376670
03218373426
03218386805
03218343876
03218389374
03218320866
03218328505
03218315388
03218356423
03218390175
03218370273
03218338196
03218397334
03218391653
03218340796
03218344202
03218328119
03218320280
03218365037
03218330415
03218360917
03218351483
03218333123
03218312090
03218360182
03218364934
03218391857
03218399339
03218350763
03218351875
03218326547
03218393789
03218319537
03218375782
03218392934
03218328148
03218362901
03218396584
03218386909
03218315873
03218336047
03218348965
03218379652
03218321931
03218349758
03218311633
03218343011
03218325887
03218392393
03218356251
03218323368
03218396241
03218325240
03218361468
03218311315
03218346339
03218339778
03218314249
03218314409
03218368184
03218322779
03218362254
03218354632
03218367983
03218323334
03218370222
03218315505
03218318226
03218389630
03218324135
03218315969
03218329152
03218387829
03218342099
03218387706
03218325988
03218337537
03218367242
03218381972
03218350542
03218331466
03218316833
03218316561
03218398589
03218329265
03218376095
03218321797
03218334555
03218311467
03218399152
03218349015
03218349379
03218388378
03218357903
03218369058
03218386029
03218393270
03218320254
03218372105
03218332315
03218323486
03218313790
03218380095
03218376872
03218340807
03218391090
03218355712
03218336517
03218353660
03218316915
03218388961
03218313535
03218317684
03218388676
03218393083
03218338327
03218319373
03218368084
03218365094
03218351508
03218373971
03218376830
03218389398
03218334436
03218341271
03218399150
03218393347
03218388301
03218379373
03218362305
03218341701
03218357682
03218310525
03218358345
03218357924
03218393667
03218384287
03218321386
03218362557
03218332369
03218376354
03218316180
03218369767
03218327855
03218314631
03218311156
03218371961
03218330519
03218345705
03218315000
03218325364
03218363976
03218321275
03218362818
03218337367
03218313153
03218341339
03218328614
03218351229
03218360636
03218323732
03218330331
03218335159
03218344660
03218335085
03218346697
03218319139
03218397617
03218360650
03218382678
03218364669
03218313416
03218384518
03218358538
03218316339
03218348853
03218316599
03218326701
03218332318
03218383554
03218394368
03218356232
03218372391
03218321468
03218384019
03218349404
03218391029
03218347739
03218355489
03218375996
03218327301
03218395434
03218399008
03218312463
03218329353
03218319013
03218356606
03218349402
03218352848
03218354615
03218340174
03218312275
03218360733
03218334630
03218333934
03218391413
03218323604
03218335962
03218378927
03218372268
03218313616
03218362678
03218353132
03218328109
03218349877
03218354057
03218327189
03218355537
03218377047
03218354059
03218325167
03218389038
03218353419
03218317591
03218314237
03218326093
03218354201
03218337218
03218315785
03218372066
03218331171
03218394789
03218350855
03218335464
03218345858
03218320859
03218375196
03218312710
03218383867
03218368516
03218397069
03218355032
03218381817
03218336329
03218359331
03218378115
03218379475
03218349268
03218391823
03218340108
03218375801
03218315006
03218323236
03218317038
03218319697
03218365319
03218369402
03218344919
03218341708
03218356483
03218341549
03218331506
03218358342
03218377253
03218314412
03218380341
03218393179
03218385543
03218328098
03218334006
03218371602
03218381261
03218354906
03218347978
03218374725
03218341773
03218345394
03218314716
03218331957
03218355370
03218394234
03218335848
03218312228
03218338544
03218355499
03218347390
03218314464
03218323596
03218355361
03218398548
03218340268
03218365063
03218341069
03218385493
03218320727
03218343525
03218382621
03218315012
03218386908
03218389230
03218335711
03218335777
03218364790
03218317341
03218394676
03218396313
03218341767
03218376136
03218364108
03218341405
03218369653
03218324842
03218349192
03218378715
03218361946
03218372737
03218335457
03218331334
03218376438
03218353918
03218347116
03218359901
03218388432
03218372749
03218379222
03218348940
03218322998
03218368043
03218390708
03218330049
03218319787
03218320450
03218359047
03218356781
03218330676
03218328686
03218336879
03218359456
03218362878
03218371415
03218395884
03218394333
03218353065
03218314171
03218359339
03218310872
03218370224
03218385013
03218336412
03218347778
03218321159
03218384886
03218392464
03218379186
03218366820
03218334466
03218334134
03218319143
03218358927
03218378676
03218347751
03218387660
03218346783
03218329288
03218376917
03218398104
03218394098
03218368843
03218334769
03218369225
03218398455
03218379835
03218359824
03218334773
03218318009
03218322635
03218325299
03218351992
03218383692
03218348517
03218361750
03218375189
03218344978
03218311569
03218375096
03218311587
03218393834
03218382564
03218338230
03218373152
03218359495
03218349673
03218334544
03218358729
03218357695
03218368365
03218325762
03218354298
03218359318
03218324153
03218391054
03218369673
03218391140
03218322452
03218365045
03218320667
03218363091
03218324693
03218328399
03218336353
03218318909
03218323865
03218314587
03218334287
03218394129
03218394735
03218397116
03218386001
03218377260
03218396543
03218344856
03218363139
03218382455
03218390755
03218393263
03218373732
03218336229
03218322755
03218315871
03218320824
03218388082
03218312579
03218389135
03218328788
03218375138
03218348458
03218331095
03218313320
03218310679
03218323408
03218315831
03218373629
03218328645
03218382058
03218327610
03218378630
03218310344
03218331696
03218371782
03218311371
03218389358
03218388463
03218328902
03218326505
03218324859
03218388706
03218382156
03218357212
03218315363
03218321404
03218396397
03218332044
03218346009
03218374304
03218380076
03218349121
03218385888
03218362600
03218394109
03218339153
03218333813
03218393214
03218381513
03218395078
03218357438
03218357005
03218350525
03218385780
03218359995
03218325450
03218384417
03218317636
03218327125
03218391472
03218311084
03218366694
03218382232
03218395869
03218364335
03218334380
03218351620
03218322661
03218325482
03218331458
03218325863
03218311535
03218389748
03218369224
03218317053
03218343346
03218393627
03218378262
03218364838
03218335624
03218336402
03218361591
03218372437
03218331484
03218387339
03218330775
03218371128
03218373444
03218328069
03218367119
03218387009
03218327219
03218385643
03218330743
03218369513
03218334343
03218325042
03218354321
03218334132
03218313915
03218394669
03218335889
03218397812
03218355202
03218333497
03218313209
03218370121
03218310877
03218370580
03218345829
03218389276
03218365190
03218379182
03218391176
03218338143
03218354735
03218338090
03218361679
03218322816
03218389833
03218357702
03218362883
03218344725
03218365863
03218339796
03218381302
03218392678
03218366921
03218333300
03218374625
03218330902
03218332137
03218397277
03218357918
03218317191
03218365263
03218316428
03218381389
03218396367
03218327999
03218326634
03218386899
03218353639
03218379397
03218375824
03218332990
03218333784
03218374995
03218310748
03218397499
03218370614
03218325396
03218362059
03218389277
03218343559
03218396597
03218335822
03218331890
03218360274
03218396816
03218334767
03218344487
03218361335
03218334883
03218318090
03218322696
03218352897
03218327663
03218322873
03218316853
03218333930
03218399515
03218399629
03218320153
03218334637
03218326663
03218353458
03218377927
03218372178
03218327151
03218337830
03218399769
03218392177
03218372431
03218382892
03218380893
03218350234
03218382580
03218341057
03218388502
03218396943
03218368607
03218336163
03218335730
03218322317
03218361613
03218320685
03218379743
03218340121
03218371368
03218343358
03218356840
03218372309
03218333636
03218370613
03218361565
03218342706
03218331996
03218396013
03218339803
03218372003
03218377429
03218340293
03218375796
03218345427
03218331022
03218317848
03218398474
03218390933
03218353425
03218370621
03218349860
03218394042
03218365537
03218317144
03218320026
03218390285
03218340055
03218342771
03218339221
03218384217
03218316193
03218363307
03218389371
03218331691
03218374597
03218393023
03218368036
03218311292
03218382513
03218337158
03218384184
03218356463
03218373905
03218322272
03218372893
03218385807
03218389932
03218386218
03218322448
03218339593
03218313698
03218353469
03218341539
03218352420
03218391940
03218378864
03218397032
03218362478
03218391579
03218329234
03218339263
03218341650
03218386156
03218323876
03218397909
03218385389
03218367347
03218356884
03218381353
03218336751
03218316079
03218333822
03218343243
03218320498
03218336631
03218387685
03218349288
03218397998
03218393744
03218323713
03218375672
03218378222
03218333057
03218340602
03218332428
03218385481
03218374679
03218380248
03218379321
03218312367
03218327229
03218390540
03218332254
03218336115
03218349017
03218387897
03218326889
03218355101
03218382709
03218332345
03218316717
03218325460
03218318598
03218381689
03218335620
03218376533
03218325847
03218351782
03218393580
03218335489
03218315549
03218365978
03218390818
03218357307
03218326901
03218381866
03218382205
03218319710
03218310988
03218384383
03218387613
03218399787
03218344745
03218371109
03218338643
03218341004
03218343327
03218361504
03218322003
03218394406
03218396807
03218348831
03218363996
03218318787
03218391739
03218374990
03218366276
03218328181
03218358199
03218330590
03218395249
03218399987
03218373235
03218331240
03218359287
03218321749
03218361978
03218324632
03218392150
03218338234
03218316464
03218396846
03218374545
03218322651
03218346429
03218383221
03218335303
03218314886
03218330093
03218372917
03218333373
03218337108
03218329890
03218384924
03218314853
03218344720
03218344711
03218356201
03218329414
03218369196
03218349495
03218371122
03218365408
03218312086
03218385848
03218372175
03218316798
03218310597
03218347532
03218320502
03218396316
03218394893
03218343625
03218381751
03218374978
03218395286
03218380363
03218369893
03218367130
03218394131
03218329396
03218336824
03218397151
03218317258
03218379920
03218347267
03218357541
03218351348
03218331437
03218334045
03218310564
03218344212
03218397372
03218325305
03218382458
03218356119
03218322775
03218389575
03218388607
03218319960
03218344274
03218374450
03218354436
03218373909
03218369132
03218365091
03218373369
03218317954
03218372820
03218349023
03218312846
03218315170
03218392255
03218380849
03218362961
03218344968
03218363455
03218366400
03218333061
03218337538
03218377605
03218369981
03218397904
03218311975
03218344197
03218344355
03218320008
03218348217
03218372983
03218378833
03218361498
03218354383
03218373357
03218388408
03218350119
03218366346
03218360675
03218392609
03218371392
03218312458
03218367288
03218365663
03218375270
03218320997
03218389309
03218346427
03218343638
03218356504
03218377874
03218368025
03218336911
03218371227
03218389253
03218320893
03218329013
03218313398
03218352812
03218335655
03218342186
03218313421
03218319351
03218347394
03218326908
03218374552
03218394848
03218397109
03218340451
03218366146
03218329255
03218357523
03218330616
03218346311
03218368926
03218323358
03218315246
03218373580
03218320686
03218395109
03218310808
03218324586
03218377552
03218369429
03218317181
03218360866
03218345452
03218331661
03218379211
03218318579
03218347543
03218376803
03218325101
03218352242
03218355918
03218373602
03218371875
03218348790
03218359395
03218372149
03218327573
03218370764
03218347575
03218346405
03218340610
03218342941
03218351966
03218398151
03218379231
03218396227
03218314969
03218347077
03218394764
03218369841
03218357479
03218333981
03218351656
03218374062
03218361240
03218347566
03218381712
03218394069
03218313008
03218349755
03218352845
03218355788
03218361290
03218322959
03218383234
03218353821
03218323023
03218376570
03218317925
03218393485
03218326005
03218381059
03218339348
03218351316
03218361833
03218378024
03218349629
03218361153
03218314504
03218314808
03218398086
03218366333
03218323197
03218365685
03218335096
03218348872
03218338958
03218355900
03218345306
03218377525
03218340439
03218353678
03218324118
03218319377
03218339864
03218334455
03218380800
03218316056
03218358171
03218348057
03218380181
03218330395
03218327490
03218344439
03218345993
03218347922
03218387201
03218340979
03218353551
03218324872
03218316901
03218330624
03218364114
03218357338
03218341474
03218369052
03218354526
03218370105
03218335752
03218361823
03218330251
03218320211
03218363897
03218370466
03218333704
03218398751
03218349567
03218350029
03218386151
03218314979
03218335467
03218346798
03218387104
03218397383
03218390323
03218399459
03218399246
03218310318
03218377117
03218339325
03218347004
03218377952
03218344428
03218346394
03218319519
03218310731
03218373584
03218314187
03218331643
03218382096
03218377456
03218353497
03218374842
03218330750
03218315644
03218328647
03218310539
03218333868
03218364619
03218367422
03218360197
03218338369
03218371499
03218311417
03218354659
03218327776
03218388147
03218393349
03218394378
03218351747
03218345922
03218372077
03218341723
03218368585
03218315948
03218336067
