03218357889
03218389509
03218398442
03218336453
03218387965
03218366009
03218342389
03218365672
03218339503
03218322148
03218326414
03218338403
03218332812
03218339278
03218395167
03218338298
03218375562
03218397392
03218389991
03218340762
03218328421
03218392198
03218310696
03218330098
03218318268
03218355292
03218336554
03218357909
03218378513
03218327657
03218325100
03218328105
03218326383
03218354845
03218326837
03218370200
03218319392
03218352835
03218347076
03218385725
03218392144
03218383682
03218388362
03218315695
03218336201
03218392459
03218360913
03218361638
03218331543
03218324619
03218367897
03218348747
03218370020
03218312706
03218397088
03218385463
03218347740
03218387097
03218329118
03218347777
03218360989
03218394490
03218310298
03218329194
03218312894
03218340321
03218311461
03218378000
03218337155
03218393685
03218342696
03218327014
03218341736
03218386806
03218382066
03218362832
03218375640
03218396270
03218346970
03218357202
03218379358
03218333597
03218313677
03218357756
03218320482
03218384736
03218371651
03218365738
03218317957
03218337947
03218331155
03218389191
03218387048
03218379565
03218320592
03218350177
03218326180
03218346619
03218330742
03218355061
03218327323
03218312652
03218370074
03218364618
03218398657
03218365674
03218324264
03218353477
03218351507
03218314019
03218391452
03218344110
03218330939
03218395597
03218399216
03218382564
03218390978
03218320626
03218371416
03218375728
03218368899
03218337822
03218354687
03218381408
03218375060
03218383267
03218355048
03218346092
03218320789
03218356418
03218326460
03218324296
03218387682
03218355863
03218386079
03218341473
03218364479
03218386440
03218317135
03218397738
03218342937
03218374457
03218311409
03218380348
03218338027
03218359198
03218340269
03218359325
03218379333
03218322575
03218343753
03218332251
03218317248
03218390613
03218340997
03218398429
03218393229
03218335034
03218317650
03218389323
03218398191
03218394881
03218335115
03218334546
03218329943
03218311248
03218318307
03218351763
03218340083
03218311749
03218363650
03218317020
03218386894
03218315235
03218316148
03218367134
03218344962
03218383698
03218357272
03218355430
03218345932
03218368831
03218315363
03218366050
03218381026
03218323906
03218362704
03218325287
03218367814
03218322086
03218382157
03218343145
03218324083
03218371007
03218339897
03218329382
03218368085
03218391989
03218392167
03218398181
03218310296
03218326963
03218338078
03218318520
03218377994
03218318886
03218350515
03218361680
03218340918
03218339451
03218389183
03218365715
03218385008
03218329466
03218345197
03218337281
03218327857
03218377379
03218386462
03218339136
03218341564
03218320761
03218373874
03218362810
03218344227
03218376250
03218337752
03218376877
03218379430
03218365282
03218363263
03218347750
03218358534
03218388399
03218362397
03218384641
03218362505
03218345911
03218343818
03218374772
03218316460
03218341238
03218334900
03218354888
03218399915
03218322887
03218366985
03218364132
03218314787
03218311719
03218371159
03218385398
03218317316
03218355709
03218333766
03218342635
03218312762
03218384802
03218326194
03218375635
03218376187
03218341432
03218396609
03218367068
03218360556
03218374775
03218381945
03218333561
03218311689
03218333002
03218325103
03218379523
03218370180
03218327910
03218338935
03218321362
03218337836
03218353990
03218312444
03218348475
03218336031
03218387374
03218345080
03218377107
03218312145
03218362009
03218321331
03218390265
03218365602
03218327506
03218393467
03218398111
03218358279
03218332847
03218362330
03218392210
03218382186
03218381226
03218338156
03218360294
03218337793
03218337353
03218327799
03218394831
03218321273
03218374926
03218330812
03218313750
03218374485
03218327712
03218319805
03218393607
03218321987
03218383449
03218367979
03218369800
03218332378
03218349680
03218311671
03218334838
03218313920
03218342673
03218334442
03218340823
03218363082
03218391659
03218320234
03218318964
03218367248
03218336002
03218349217
03218342706
03218339753
03218378997
03218317314
03218379909
03218387083
03218390518
03218376515
03218391117
03218399794
03218388066
03218378306
03218364671
03218310859
03218378881
03218324231
03218312386
03218348848
03218350349
03218326485
03218325456
03218323873
03218394680
03218393356
03218354007
03218358190
03218369936
03218339153
03218393515
03218355520
03218360463
03218369398
03218370588
03218350901
03218314700
03218343695
03218388982
03218352485
03218352468
03218362596
03218321153
03218358322
03218322803
03218342878
03218346376
03218362517
03218398410
03218394130
03218312777
03218396003
03218318400
03218385653
03218322732
03218317249
03218383414
03218345072
03218385641
03218363306
03218321719
03218317146
03218351364
03218382999
03218335596
03218339330
03218318667
03218313770
03218396158
03218335186
03218335248
03218359900
03218396379
03218387752
03218351802
03218346979
03218391490
03218359780
03218375806
03218326376
03218397512
03218348943
03218342063
03218383745
03218347855
03218333651
03218331286
03218398622
03218389179
03218330749
03218345450
03218369788
03218375322
03218387206
03218327708
03218354799
03218384640
03218397971
03218377590
03218360754
03218346676
03218322020
03218397901
03218317400
03218350115
03218382344
03218393270
03218338661
03218371815
03218361939
03218341339
03218324988
03218385486
03218386653
03218397267
03218334922
03218359862
03218380118
03218364872
03218336563
03218331907
03218370721
03218365630
03218342301
03218335543
03218391811
03218313863
03218348253
03218319271
03218336691
03218375139
03218377835
03218348785
03218336758
03218320042
03218385844
03218330455
03218383536
03218348942
03218364679
03218317363
03218368809
03218344799
03218389835
03218392785
03218394936
03218333098
03218341026
03218328846
03218375955
03218356390
03218355599
03218381856
03218358303
03218368480
03218345016
03218319389
03218335124
03218386799
03218363503
03218376202
03218348728
03218384387
03218377225
03218349078
03218329406
03218396581
03218315929
03218331211
03218367228
03218353358
03218396820
03218338190
03218390743
03218313310
03218341973
03218341754
03218370618
03218344736
03218326310
03218363651
03218330244
03218348599
03218325233
03218380461
03218360335
03218345289
03218382239
03218382010
03218340607
03218368597
03218341107
03218316165
03218329055
03218343707
03218365529
03218317168
03218361618
03218322597
03218359569
03218317409
03218391112
03218356327
03218355170
03218392904
03218393369
03218316181
03218318766
03218368443
03218340816
03218358076
03218313573
03218318833
03218380807
03218371348
03218335468
03218370876
03218321938
03218371118
03218314810
03218397583
03218322146
03218360868
03218397144
03218312917
03218382778
03218376224
03218362678
03218327568
03218397943
03218346293
03218312835
03218357486
03218368905
03218325291
03218357291
03218352385
03218388869
03218365829
03218321840
03218358089
03218315482
03218324873
03218384722
03218336591
03218381700
03218338938
03218339679
03218351478
03218344758
03218319826
03218368965
03218395458
03218358025
03218390125
03218310125
03218317145
03218353502
03218391198
03218370499
03218394522
03218354363
03218323321
03218310176
03218313585
03218369552
03218382249
03218348981
03218375742
03218321992
03218360577
03218339055
03218397435
03218357904
03218391502
03218326086
03218345867
03218359005
03218352234
03218359323
03218393009
03218388520
03218373446
03218367265
03218367165
03218342260
03218371723
03218312326
03218330641
03218329653
03218318875
03218361400
03218334149
03218371523
03218325352
03218370127
03218369228
03218395777
03218344083
03218346973
03218334881
03218318970
03218392690
03218352221
03218325643
03218327416
03218345331
03218311494
03218387908
03218350166
03218312989
03218334800
03218328995
03218342911
03218346419
03218327292
03218310525
03218336655
03218345101
03218392338
03218354809
03218335329
03218391443
03218339029
03218330101
03218391937
03218374343
03218333652
03218336486
03218383006
03218363546
03218348925
03218341547
03218338565
03218348294
03218374475
03218390038
03218346080
03218384909
03218385309
03218318159
03218317860
03218355824
03218326600
03218328611
03218378932
03218342834
03218358703
03218359121
03218398981
03218354634
03218380072
03218383641
03218313191
03218395541
03218335478
03218370987
03218377841
03218351421
03218319122
03218386620
03218364063
03218393252
03218390430
03218394616
03218371944
03218337253
03218364445
03218351745
03218359791
03218374178
03218336949
03218333731
03218335619
03218333144
03218386784
03218345731
03218354719
03218393651
03218324303
03218349944
03218386912
03218358493
03218364653
03218373228
03218376847
03218350538
03218349431
03218314321
03218340318
03218366438
03218382475
03218369204
03218341821
03218333348
03218314723
03218333995
03218394257
03218339189
03218380455
03218343123
03218349909
03218365627
03218380047
03218392041
03218348694
03218325256
03218323121
03218357769
03218394819
03218382195
03218314119
03218331937
03218329963
03218398715
03218360406
03218313906
03218345469
03218333860
03218370510
03218351255
03218366414
03218391322
03218370152
03218372061
03218311736
03218347731
03218388070
03218330045
03218397049
03218310754
03218315369
03218314743
03218396799
03218358497
03218389065
03218317196
03218387656
03218387009
03218327702
03218327008
03218382786
03218345174
03218380350
03218393719
03218346594
03218372612
03218398654
03218399212
03218388725
03218321889
03218376632
03218313519
03218375390
03218369698
03218364773
03218385146
03218399882
03218316567
03218315220
03218391114
03218363606
03218355409
03218356404
03218316664
03218361842
03218363598
03218379405
03218363619
03218343143
03218389275
03218339458
03218342896
03218349694
03218391987
03218317035
03218342757
03218316088
03218336608
03218324104
03218375545
03218341806
03218338969
03218322883
03218324338
03218327126
03218366218
03218388811
03218317158
03218381567
03218324941
03218337315
03218329930
03218310770
03218335055
03218319806
03218325106
03218378745
03218387357
03218335931
03218326802
03218315079
03218393158
03218386329
03218340019
03218373810
03218399131
03218382724
03218355532
03218318801
03218377472
03218380858
03218374857
03218322872
03218340715
03218377542
03218339280
03218316017
03218323056
03218318893
03218322299
03218361328
03218324753
03218388502
03218379719
03218329931
03218331986
03218381032
03218388582
03218382968
03218357862
03218336746
03218369731
03218312167
03218338009
03218387106
03218392408
03218389680
03218334434
03218326035
03218326012
03218356457
03218355072
03218387898
03218394340
03218342263
03218385825
03218362727
03218364301
03218386920
03218313632
03218365474
03218390325
03218310088
03218341823
03218318098
03218394141
03218372564
03218360938
03218340725
03218311126
03218368983
03218310705
03218332911
03218368838
03218328911
03218330647
03218329213
03218387865
03218335293
03218318613
03218362490
03218323262
03218374859
03218344088
03218386692
03218346319
03218397142
03218395135
03218372445
03218382810
03218392242
03218346692
03218317478
03218331400
03218377018
03218350585
03218371582
03218340292
03218353470
03218345201
03218385286
03218345330
03218386089
03218377192
03218361429
03218373425
03218384554
03218333816
03218333653
03218357707
03218325766
03218330180
03218371712
03218342165
03218383346
03218335229
03218397735
03218331405
03218347822
03218375421
03218365803
03218368280
03218328315
03218376740
03218364012
03218315433
03218364789
03218369870
03218351892
03218380062
03218357631
03218347573
03218381822
03218373411
03218377203
03218377932
03218388769
03218366895
03218325263
03218372893
03218312587
03218361318
03218338791
03218366476
03218316511
03218345765
03218361883
03218348053
03218341788
03218352850
03218340176
03218392470
03218378048
03218379398
03218317006
03218317014
03218313180
03218345995
03218314684
03218381923
03218353591
03218378193
03218348358
03218398300
03218364962
03218346459
03218330839
03218374928
03218362834
03218329488
03218310264
03218347500
03218369667
03218321816
03218310103
03218327212
03218317455
03218355102
03218394013
03218360196
03218360918
03218379421
03218353714
03218379267
03218364257
03218397903
03218379394
03218385200
03218325028
03218388282
03218368153
03218347464
03218396921
03218342639
03218395329
03218322010
03218334033
03218317541
03218315214
03218374912
03218387518
03218313802
03218399083
03218365680
03218376328
03218392867
03218371819
03218326378
03218382620
03218323090
03218344584
03218344495
03218367037
03218377124
03218326875
03218310670
03218364930
03218325090
03218344287
03218378183
03218321982
03218379347
03218322202
03218379176
03218314774
03218383421
03218337561
03218388559
03218319101
03218372678
03218347115
03218380338
03218388034
03218358528
03218358822
03218342408
03218365192
03218323568
03218343178
03218392155
03218398144
03218328291
03218344885
03218350283
03218349822
03218343230
03218335618
03218377101
03218386333
03218354125
03218399744
03218313690
03218357045
03218321176
03218399198
03218385528
03218356025
03218385185
03218332086
03218397380
03218386699
03218389089
03218323936
03218352142
03218359894
03218317515
03218385465
03218335775
03218356789
03218355778
03218379024
03218313829
03218386482
03218360316
03218376263
03218330690
03218338275
03218369278
03218329447
03218311496
03218348813
03218358783
03218391345
03218350529
03218337645
03218343209
03218379663
03218367542
03218357992
03218360068
03218341591
03218355796
03218383222
03218354727
03218390389
03218332306
03218357765
03218399843
03218320311
03218330554
03218375100
03218385914
03218332657
03218370562
03218360860
03218322935
03218354838
03218317750
03218315907
03218385883
03218383462
03218387387
03218375122
03218393359
03218368549
03218366986
03218347819
03218392565
03218377126
03218388235
03218321031
03218353760
03218380268
03218344890
03218393041
03218375963
03218347885
03218336971
03218371681
03218311653
03218382925
03218371147
03218373712
03218372868
03218358687
03218379966
03218376785
03218320274
03218324825
03218349791
03218342085
03218357429
03218314880
03218358129
03218368408
03218361368
03218321839
03218365320
03218343184
03218342318
03218354069
03218332153
03218352389
03218325671
03218356340
03218329893
03218378874
03218369864
03218378935
03218330957
03218374229
03218316240
03218320490
03218387019
03218371033
03218372290
03218352301
03218338444
03218378946
03218396331
03218365387
03218386761
03218336111
03218384941
03218314594
03218326045
03218361735
03218339741
03218328828
03218319643
03218340714
03218354294
03218320445
03218390380
03218345950
03218379926
03218363150
03218326471
03218340651
03218357592
03218352167
03218340877
03218311977
03218378300
03218338912
03218334987
03218390883
03218335822
03218387001
03218338910
03218320228
03218344952
03218364279
03218343819
03218369222
03218369854
03218360795
03218387412
03218381766
03218379775
03218332724
03218350588
03218381909
03218358517
03218315796
03218369860
03218324736
03218329169
03218383944
03218378251
03218373717
03218314067
03218393351
03218322822
03218369388
03218348857
03218324953
03218344521
03218319297
03218315384
03218345428
03218381670
03218336107
03218355866
03218357248
03218370797
03218396796
03218364755
03218324923
03218361102
03218345575
03218388324
03218353077
03218384532
03218345357
03218359326
03218365962
03218362264
03218336284
03218366700
03218390562
03218329751
03218313932
03218346400
03218311937
03218362458
03218337245
03218374883
03218384266
03218317340
03218350371
03218336481
03218324679
03218322409
03218359929
03218312611
03218353939
03218332372
03218319188
03218353328
03218312614
03218347775
03218334497
03218316310
03218364325
03218379596
03218385194
03218338930
03218357032
03218363933
03218378727
03218391108
03218341934
03218310848
03218370330
03218384858
03218387678
03218386218
03218324148
03218328234
03218337953
03218316596
03218359852
03218322948
03218399396
03218353350
03218377368
03218317095
03218313372
03218377947
03218324097
03218366156
03218311902
03218384155
03218347612
03218382861
03218352050
03218335952
03218327233
03218311697
03218386438
03218357753
03218333571
03218316052
03218317994
03218383608
03218347513
03218316891
03218365649
03218326396
03218381505
03218319540
03218396544
03218399713
03218356648
03218385797
03218385579
03218348707
03218328274
03218346837
03218365354
03218313160
03218382259
03218375777
03218398946
03218386174
03218337246
03218319435
03218335627
03218350266
03218396914
03218316537
03218351515
03218358843
03218326281
03218381401
03218351588
03218324716
03218329855
03218347722
03218351551
03218342592
03218346616
03218315357
03218384442
03218343140
03218326213
03218366252
03218350372
03218378526
03218383423
03218339600
03218392398
03218320411
03218333793
03218342217
03218397433
03218310267
03218397456
03218330022
03218376129
03218384591
03218345029
03218340870
03218378191
03218349752
03218333991
03218323991
03218398418
03218346634
03218317632
03218361608
03218339666
03218329161
03218383589
03218394105
03218393222
03218369375
03218399893
03218318388
03218333113
03218311914
03218366444
03218373101
03218339184
03218348772
03218327282
03218319587
03218317700
03218375422
03218358000
03218343612
03218370328
03218343571
03218364949
03218376460
03218361856
03218316381
03218354534
03218385004
03218392965
03218374766
03218358803
03218394126
03218313055
03218319226
03218395701
03218316162
03218360646
03218376236
03218366203
03218369890
03218333114
03218374426
03218372321
03218376651
03218365211
03218385219
03218396708
03218378831
03218343887
03218399931
03218386186
03218381666
03218385549
03218313260
03218358160
03218329155
03218316761
03218383512
03218363853
03218348108
03218318949
03218391677
03218347066
03218378975
03218326128
03218329545
03218331581
03218398512
03218357053
03218399185
03218391797
03218373722
03218337213
03218369145
03218392628
03218399809
03218396644
03218331161
03218357826
03218349077
03218374835
03218372616
03218312460
03218337540
03218387006
03218387472
03218353127
03218392723
03218321781
03218314164
03218382748
03218325255
03218397675
03218339082
03218355673
03218365127
03218375405
03218345375
03218342877
03218387000
03218389868
03218311826
03218376047
03218389015
03218336527
03218316952
03218310874
03218352350
03218369871
03218316842
03218374449
03218366514
03218323579
03218394040
03218316419
03218311039
03218389447
03218351940
03218323048
03218386397
03218367372
03218357562
03218375488
03218392698
03218330768
03218331957
03218385616
03218322592
03218315680
03218329918
03218348525
03218350478
03218370520
03218342253
03218340373
03218396323
03218379846
03218344293
03218365905
03218350806
03218340460
03218332093
03218371086
03218358986
03218334335
03218338951
03218380538
03218359886
03218352998
03218369155
03218314818
03218353311
03218376861
03218313327
03218311166
03218366169
03218384885
03218388832
03218343922
03218382941
03218393661
03218345515
03218365940
03218340519
03218361672
03218366088
03218393124
03218372093
03218378755
03218320491
03218316566
03218370972
03218317101
03218343394
03218321612
03218371782
03218369367
03218393006
03218322171
03218355794
03218376919
03218345907
03218381323
03218355701
03218388941
03218363511
03218382995
03218368680
03218378123
03218381020
03218361973
03218387238
03218357518
03218338432
03218325571
03218393045
03218393815
03218377279
03218314449
03218387792
03218374242
03218382125
03218352588
03218343846
03218336210
03218333467
03218391715
03218339384
03218396802
03218391878
03218383754
03218321750
03218327147
03218316741
03218399607
03218384617
03218384818
03218372730
03218310128
03218339471
03218354593
03218383733
03218359582
03218396041
03218378736
03218375551
03218315727
03218390628
03218314874
03218368001
03218363782
03218328734
03218311854
03218352731
03218330044
03218391280
03218329296
03218381321
03218389141
03218378219
03218365488
03218330371
03218321690
03218325963
03218311872
03218397168
03218384379
03218373610
03218342654
03218397995
03218360113
03218376627
03218328505
03218395674
03218360647
03218321250
03218376151
03218393125
03218359146
03218314064
03218335825
03218355882
03218372963
03218319998
03218372532
03218318848
03218374116
03218319310
03218350329
03218376374
03218318244
03218329211
03218383271
03218370077
03218370308
03218366553
03218311178
03218378756
03218317706
03218383622
03218329066
03218321128
03218330739
03218351740
03218376103
03218395606
03218368649
03218360070
03218385093
03218358612
03218371225
03218390138
03218352546
03218336034
03218384550
03218339339
03218378319
03218310263
03218354300
03218392324
03218321621
03218341868
03218347416
03218345233
03218325596
03218390338
03218354697
03218364973
03218314368
03218389169
03218375523
03218384998
03218314697
03218325142
03218321222
03218343895
03218370993
03218323242
03218359239
03218337339
03218359632
03218357986
03218375645
03218379939
03218317762
03218330519
03218326627
03218339416
03218339386
03218373359
03218374765
03218328803
03218328687
03218356304
03218370009
03218378310
03218348016
03218370724
03218369442
03218322627
03218375440
03218327403
03218314811
03218340654
03218368345
03218355077
03218395060
03218354984
03218330340
03218382235
03218389429
03218369588
03218345656
03218372576
03218324177
03218338345
03218374952
03218349782
03218310232
03218385893
03218316024
03218311351
03218315207
03218314689
03218353232
03218327156
03218353866
03218320555
03218390190
03218362285
03218353017
03218390358
03218315708
03218385973
03218371071
03218384309
03218368563
03218379705
03218373819
03218378777
03218327635
03218339257
03218386716
03218324353
03218381195
03218395772
03218319659
03218393537
03218312395
03218389547
03218311378
03218325447
03218353656
03218377639
03218341194
03218365660
03218392045
03218327144
03218316571
03218341157
03218382217
03218352372
03218365473
03218333601
03218330527
03218312073
03218337247
03218383715
03218375950
03218327972
03218328879
03218321422
03218372670
03218379653
03218324782
03218370530
03218368748
03218340621
03218314951
03218378980
03218312247
03218360525
03218317414
03218382464
03218390923
03218338510
03218368991
03218335590
03218312113
03218370144
03218383196
03218323515
03218372726
03218357297
03218391891
03218354186
03218359935
03218381868
03218377474
03218374131
03218319745
03218349496
03218325683
03218372965
03218356217
03218368524
03218386007
03218385002
03218321514
03218358396
03218326206
03218396221
03218391846
03218386466
03218383008
03218342678
03218392016
03218368255
03218348124
03218363836
03218357828
03218345682
03218397906
03218399943
03218322355
03218332890
03218316344
03218358753
03218337477
03218392502
03218311028
03218391731
03218334705
03218369986
03218322150
03218383989
03218314075
03218353716
03218394193
03218356989
03218320278
03218376504
03218365451
03218371177
03218317257
03218389851
03218373558
03218371620
03218385660
03218367854
03218358310
03218368580
03218363652
03218352111
03218349583
03218388729
03218398388
03218380817
03218394735
03218373510
03218322030
03218381764
03218334048
03218310120
03218363634
03218388693
03218377628
03218323439
03218356904
03218327465
03218345166
03218391554
03218368902
03218363918
03218398973
03218320881
03218325368
03218323876
03218382215
03218376395
03218358498
03218331877
03218376997
03218368260
03218321890
03218372785
03218384633
03218310690
03218397667
03218367820
03218391794
03218321609
03218337572
03218375539
03218338589
03218380682
03218345140
03218324646
03218360003
03218358029
03218324811
03218399414
03218382837
03218355448
03218370858
03218391294
03218331577
03218320625
03218323265
03218352388
03218325143
03218386637
03218320432
03218355737
03218350654
03218372270
03218316774
03218347499
03218382269
03218372123
03218377364
03218383309
03218349828
03218319656
03218343626
03218395712
03218356264
03218351749
03218348901
03218346103
03218328703
03218343449
03218322475
03218389948
03218329184
03218339831
03218377708
03218347195
03218368529
03218369220
03218312428
03218317581
03218318156
03218324944
03218394486
03218334477
03218312504
03218375759
03218347211
03218352687
03218322050
03218399527
03218351202
03218347668
03218335864
03218364360
03218371515
03218345157
03218376241
03218359883
03218357934
03218376983
03218333262
03218360706
03218343086
03218376943
03218341126
03218353887
03218370881
03218380276
03218325469
03218370768
03218361778
03218317271
03218399359
03218336396
03218370344
03218381491
03218390761
03218390420
03218323564
03218388629
03218358705
03218341843
03218382834
03218397013
03218324063
03218336186
03218359647
03218341173
03218391681
03218333780
03218391391
03218330928
03218371378
03218371198
03218393324
03218349093
03218313907
03218328646
03218325343
03218349127
03218322198
03218365095
03218354243
03218345798
03218339845
03218389539
03218376443
03218386222
03218332838
03218370285
03218319521
03218388313
03218382421
03218362717
03218371052
03218384080
03218334694
03218370607
03218342427
03218384296
03218379086
03218327998
03218325880
03218368430
03218365018
03218399145
03218388166
03218341667
03218386516
03218361774
03218398220
03218339501
03218336506
03218376748
03218380252
03218342769
03218378265
03218396341
03218320129
03218383203
03218354951
03218363494
03218371869
03218342615
03218388957
03218322272
03218342512
03218329827
03218393951
03218354736
03218337902
03218386009
03218374583
03218328363
03218377367
03218374827
03218390393
03218388277
03218344554
03218346321
03218321301
03218348811
03218345914
03218385969
03218390799
03218363811
03218338352
03218350477
03218359223
03218329345
03218320243
03218364504
03218354010
03218325815
03218376060
03218390664
03218365893
03218399154
03218356689
03218367823
03218343484
03218332801
03218398603
03218390738
03218314405
03218329735
03218394926
03218310396
03218312521
03218354983
03218350568
03218393803
03218343043
03218322511
03218331473
03218378701
03218324012
03218355598
03218347476
03218365765
03218310079
03218374353
03218398766
03218399729
03218322383
03218345400
03218389632
03218340687
03218377816
03218316010
03218347310
03218395230
03218385129
03218349406
03218316838
03218320742
03218364297
03218318948
03218332012
03218333017
03218334420
03218320453
03218332677
03218312224
03218339225
03218385325
03218390046
03218324972
03218395589
03218340052
03218349345
03218322747
03218330006
03218372542
03218364996
03218322888
03218314295
03218372751
03218377792
03218395732
03218327280
03218346343
03218329295
03218319094
03218338760
03218383516
03218383178
03218389608
03218358043
03218370911
03218319539
03218365749
03218331575
03218387963
03218324946
03218356955
03218328463
03218338591
03218330685
03218357263
03218370257
03218355571
03218394090
03218390736
03218391755
03218353952
03218384833
03218395225
03218330689
03218354219
03218337285
03218340872
03218388076
03218391158
03218313582
03218373463
03218366929
03218395031
03218369141
03218329806
03218356998
03218398430
03218384578
03218340049
03218365933
03218385831
03218334160
03218347107
03218338468
03218357023
03218356803
03218319941
03218363522
03218344670
03218392779
03218391423
03218335656
03218373210
03218340221
03218365319
03218328464
03218390702
03218399886
03218333788
03218343372
03218355000
03218382881
03218328539
03218356825
03218394508
03218340212
03218325765
03218337091
03218392305
03218313902
03218318899
03218396529
03218398816
03218383849
03218331272
03218371216
03218350060
03218328792
03218362929
03218310722
03218364782
03218389697
03218328919
03218364486
03218328534
03218384691
03218322561
03218330830
03218351278
03218318568
03218381642
03218353694
03218362295
03218379729
03218337757
03218384246
03218321753
03218354310
03218395940
03218343692
03218358207
03218329647
03218368613
03218362571
03218393312
03218326208
03218319952
03218317816
03218392043
03218311293
03218361278
03218384577
03218322484
03218396338
03218378562
03218345250
03218388544
03218317173
03218330154
03218368977
03218391487
03218312302
03218321213
03218362455
03218326475
03218343028
03218339408
03218393757
03218385226
03218398887
03218316078
03218343689
03218329249
03218331326
03218389598
03218344085
03218357483
03218368436
03218376478
03218399022
03218315897
03218361762
03218314112
03218357972
03218317377
03218398441
03218369663
03218312473
03218376697
03218399635
03218371084
03218381009
03218357497
03218391340
03218349015
03218370199
03218311053
03218326066
03218354999
03218383702
03218363951
03218367089
03218373940
03218313924
03218327574
03218386069
03218323051
03218335824
03218322190
03218346557
03218364713
03218328916
03218381436
03218376380
03218336616
03218386413
03218316442
03218372605
03218348239
03218399627
03218373829
03218340583
03218373885
03218346429
03218342369
03218321479
03218389353
03218332195
03218355355
03218350161
03218390882
03218343437
03218384517
03218381871
03218384898
03218388141
03218348032
03218345185
03218382804
03218310939
03218326626
03218320098
03218388763
03218334673
03218339281
03218318383
03218323256
03218359524
03218389964
03218318849
03218374312
03218340094
03218378380
03218386990
03218312183
03218365064
03218380681
03218314344
03218332837
03218314362
03218390554
03218332942
03218354745
03218333548
03218328300
03218324572
03218316822
03218362890
03218382784
03218320485
03218385122
03218311755
03218366096
03218365391
03218358815
03218372033
03218369124
03218344422
03218397908
03218378445
03218323077
03218367351
03218330840
03218349967
03218396576
03218317269
03218341343
03218398209
03218337014
03218363638
03218321741
03218325976
03218361663
03218366772
03218315794
03218357489
03218377204
03218395596
03218366505
03218327060
03218353308
03218377593
03218366740
03218341692
03218343965
03218319939
03218363818
03218357844
03218351254
03218357221
03218372214
03218366855
03218366313
03218365515
03218379142
03218386913
03218310024
03218366074
03218344355
03218346693
03218356238
03218311634
03218367218
03218331402
03218351385
03218369768
03218389758
03218319591
03218383227
03218354884
03218373303
03218321403
03218379688
03218337912
03218379169
03218312383
03218318135
03218370873
03218356440
03218343580
03218390634
03218310890
03218330081
03218387363
03218340146
03218343284
03218311519
03218371790
03218322385
03218394998
03218340237
03218327896
03218362282
03218352183
03218390626
03218343361
03218372204
03218335455
03218367463
03218352622
03218383627
03218311429
03218392211
03218357738
03218372111
03218386904
03218327075
03218326219
03218375820
03218347288
03218382492
03218312657
03218321000
03218377812
03218344038
03218311238
03218326483
03218378239
03218347801
03218360842
03218333065
03218393507
03218317405
03218385729
03218388542
03218369021
03218345931
03218367156
03218320984
03218342087
03218390958
03218399461
03218337869
03218329625
03218332920
03218371172
03218324614
03218344715
03218396165
03218319178
03218392949
03218345404
03218349625
03218331183
03218334299
03218365548
03218328165
03218392478
03218389224
03218322785
03218351543
03218359145
03218364231
03218389820
03218386382
03218398362
03218358053
03218380288
03218326303
03218340404
03218321699
03218313993
03218356866
03218339943
03218314413
03218378318
03218355311
03218353624
03218364676
03218340707
03218340116
03218348103
03218367780
03218354546
03218317766
03218374678
03218312013
03218352863
03218386137
03218384221
03218347917
03218378723
03218365394
03218343100
03218384790
03218326252
03218386662
03218315877
03218310514
03218366646
03218327926
03218317189
03218377432
03218325605
03218313751
03218314160
03218353660
03218335599
03218358108
03218310835
03218319029
03218316128
03218322039
03218331835
03218344118
03218354579
03218362522
03218333984
03218314290
03218387540
03218335561
03218329772
03218361219
03218349019
03218335217
03218327372
03218316424
03218348799
03218330193
03218373470
03218343103
03218339853
03218337356
03218376810
03218377867
03218360518
03218358353
03218317264
03218384403
03218326112
03218337082
03218359693
03218349266
03218321060
03218352954
03218382133
03218332082
03218353355
03218376530
03218352355
03218317458
03218392364
03218387417
03218368484
03218364386
03218364732
03218378942
03218383139
03218380642
03218345559
03218373024
03218382185
03218394479
03218367308
03218376712
03218358507
03218373465
03218355936
03218370276
03218351157
03218371866
03218399753
03218314156
03218317566
03218345239
03218384342
03218395444
03218353662
03218321114
03218325644
03218347488
03218349938
03218313481
03218381575
03218375214
03218399093
03218316803
03218356439
03218314134
03218338874
03218358475
03218314824
03218355369
03218394847
03218396418
03218347182
03218341207
03218383758
03218396617
03218362860
03218364979
03218364786
03218365572
03218362987
03218313864
03218326980
03218324444
03218347380
03218334696
03218344540
03218358982
03218363230
03218391889
03218380722
03218361239
03218352064
03218386856
03218315426
03218387391
03218323511
03218375281
03218359090
03218330414
03218328972
03218350597
03218324695
03218378462
03218366180
03218311708
03218350621
03218374302
03218316789
03218346050
03218398126
03218329459
03218389689
03218328860
03218313935
03218355842
03218392139
03218375621
03218311175
03218315696
03218385942
03218389142
03218396901
03218381191
03218375469
03218341467
03218389505
03218332572
03218371995
03218313267
03218376382
03218399749
03218368918
03218328415
03218378359
03218347274
03218312609
03218344923
03218371081
03218315189
03218353938
03218383917
03218385967
03218397701
03218394651
03218371103
03218345155
03218374571
03218336833
03218324975
03218339421
03218392519
03218317139
03218330517
03218375152
03218332834
03218327283
03218313477
03218326130
03218389670
03218353076
03218389940
03218359942
03218375762
03218335576
03218379529
03218330697
03218336075
03218344614
03218370753
03218335204
03218312984
03218395223
03218377767
03218346816
03218318401
03218361327
03218335161
03218388292
03218336961
03218390749
03218376398
03218311275
03218316756
03218337457
03218312089
03218347816
03218367922
03218327807
03218394247
03218334708
03218395340
03218366003
03218357303
03218394278
03218364384
03218321766
03218381934
03218356294
03218397384
03218386018
03218341832
03218355476
03218390969
03218316115
03218399190
03218383544
03218326495
03218342072
03218318608
03218388258
03218376692
03218369042
03218318737
03218362332
03218370005
03218312108
03218323061
03218351748
03218391997
03218377858
03218394014
03218333614
03218326364
03218354632
03218329341
03218352785
03218381463
03218340072
03218326071
03218338934
03218326090
03218346234
03218336838
03218392868
03218316775
03218351164
03218330853
03218383083
03218374191
03218315230
03218375669
03218315087
03218387692
03218352723
03218374537
03218337557
03218372960
03218327378
03218373909
03218385820
03218390084
03218363479
03218313110
03218382500
03218372825
03218335145
03218373710
03218310348
03218392537
03218349324
03218350602
03218322807
03218370559
03218325868
03218345557
03218361434
03218360943
03218392207
03218368664
03218317806
03218362627
03218318344
03218318526
03218338672
03218354804
03218315227
03218312693
03218352161
03218353113
03218336005
03218382755
03218323727
03218385504
03218334274
03218335745
03218322252
03218395708
03218363842
03218313230
03218383132
03218365763
03218337090
03218329916
03218365944
03218312966
03218393612
03218321419
03218345672
03218350482
03218389019
03218363973
03218334153
03218327002
03218380341
03218358482
03218389306
03218340376
03218396210
03218314596
03218346831
03218340363
03218311282
03218325688
03218338690
03218396499
03218359292
03218353963
03218349397
03218335212
03218352763
03218371992
03218350825
03218381099
03218346749
03218339195
03218359500
03218314586
03218373245
03218396485
03218370301
03218395250
03218315366
03218350889
03218361997
03218323924
03218342756
03218369553
03218322493
03218389863
03218357146
03218371326
03218316120
03218340255
03218374275
03218397113
03218362126
03218391708
03218353806
03218311210
03218332570
03218355010
03218329515
03218354944
03218320745
03218342556
03218336709
03218373585
03218343877
03218340981
03218324095
03218343440
03218381132
03218391966
03218325472
03218392455
03218383209
03218379088
03218382128
03218393679
03218332212
03218364919
03218362387
03218352460
03218345374
03218372159
03218369022
03218340239
03218385851
03218395945
03218341251
03218381367
03218341575
03218332843
03218383561
03218327448
03218316160
03218330834
03218315980
03218353724
03218399742
03218375613
03218361350
03218328000
03218353482
03218372881
03218335836
03218355766
03218336063
03218336261
03218374322
03218347549
03218357595
03218381890
03218355073
03218395280
03218312456
03218350715
03218344104
03218350880
03218350366
03218356604
03218395233
03218310117
03218389840
03218390333
03218334084
03218346406
03218398735
03218345631
03218396546
03218381327
03218331090
03218315539
03218367357
03218350015
03218373213
03218385484
03218345304
03218358521
03218374934
03218329299
03218382135
03218326249
03218393248
03218361086
03218327633
03218320699
03218341267
03218349027
03218331508
03218310470
03218377634
03218396877
03218377647
03218325718
03218317969
03218365926
03218345730
03218327915
03218311963
03218319870
03218350800
03218339533
03218335842
03218345265
03218339243
03218365230
03218398800
03218345566
03218391844
03218381669
03218365934
03218327982
03218396592
03218329246
03218325706
03218357468
03218396604
03218365038
03218370857
03218353455
03218318662
03218389709
03218324297
03218355244
03218319558
03218399574
03218330606
03218326120
03218317336
03218377256
03218342447
03218321552
03218391790
03218375434
03218383796
03218332708
03218364903
03218385789
03218311713
03218339455
03218369334
03218316483
03218395725
03218315358
03218339840
03218349013
03218397345
03218320871
03218346132
03218320968
03218383999
03218345671
03218399225
03218342429
03218361238
03218355549
03218348597
03218350726
03218372134
03218354144
03218314659
03218350272
03218355444
03218312808
03218332329
03218367665
03218377996
03218326561
03218315788
03218350224
03218383090
03218328397
03218334774
03218337415
03218357365
03218345102
03218345658
03218354465
03218318024
03218338125
03218333482
03218322473
03218324551
03218359658
03218363115
03218347009
03218367321
03218381066
03218351935
03218335901
03218343059
03218329679
03218317417
03218368136
03218394407
03218368211
03218395446
03218316135
03218335018
03218332840
03218320774
03218314768
03218369001
03218395806
03218337419
03218374682
03218398847
03218383480
03218343114
03218343795
03218379552
03218348467
03218335035
03218374300
03218326344
03218376461
03218398873
03218399428
03218329905
03218314306
03218315422
03218383263
03218377521
03218360058
03218349813
03218317346
03218387454
03218391710
03218338884
03218316496
03218333698
03218352552
03218312064
03218356128
03218398481
03218327867
03218359578
03218386564
03218373622
03218353255
03218314854
03218319744
03218360410
03218341835
03218356378
03218321901
03218347191
03218383405
03218393619
03218323748
03218391480
03218335748
03218387606
03218332003
03218381500
03218396026
03218351403
03218398384
03218345853
03218395914
03218328889
03218372522
03218314280
03218320333
03218371560
03218321241
03218354728
03218328858
03218324265
03218345203
03218330068
03218382268
03218375511
03218378780
03218335332
03218316982
03218369304
03218350293
03218352090
03218312526
03218378029
03218320583
03218320380
03218395863
03218327163
03218363552
03218335160
03218368710
03218354871
03218323829
03218331521
03218369313
03218394393
03218336045
03218321510
03218375631
03218362163
03218345733
03218364761
03218314106
03218367214
03218390544
03218357537
03218349735
03218317245
03218316071
03218387928
03218329080
03218395560
03218343823
03218316362
03218394492
03218393696
03218399952
03218389516
03218375696
03218394078
03218391176
03218393697
03218340930
03218369394
03218350746
03218399286
03218395472
03218393673
03218388129
03218347765
03218363922
03218353369
03218329835
03218353336
03218346128
03218321173
03218346306
03218319089
03218380782
03218325791
03218373440
03218380006
03218315159
03218374820
03218336093
03218331993
03218399934
03218354557
03218371064
03218373176
03218397820
03218314342
03218351298
03218398989
03218399791
03218332857
03218316784
03218335406
03218337466
03218330570
03218340327
03218370116
03218336179
03218329568
03218372904
03218344869
03218374607
03218360148
03218343603
03218326233
03218335587
03218331377
03218383690
03218363193
03218363478
03218393738
03218320044
03218351799
03218376701
03218390746
03218355548
03218315493
03218347139
03218321382
03218313448
03218388326
03218390384
03218366010
03218342539
03218346561
03218344249
03218360369
03218365976
03218395813
03218370366
03218395180
03218396456
03218313028
03218354217
03218311580
03218325065
03218363401
03218368413
03218349167
03218328977
03218341668
03218387386
03218385666
03218391896
03218339824
03218384779
03218354623
03218334141
03218382428
03218351521
03218331420
03218372303
03218371821
03218353218
03218336751
03218383693
03218389025
03218387127
03218397217
03218367664
03218323372
03218324864
03218342111
03218380244
03218377717
03218376972
03218383737
03218352969
03218364281
03218348713
03218359349
03218348716
03218378624
03218356872
03218354665
03218375589
03218311353
03218387937
03218343658
03218378267
03218324152
03218341206
03218374829
03218341372
03218374376
03218381286
03218325845
03218356374
03218361312
03218318295
03218343555
03218311651
03218362106
03218383448
03218350710
03218357169
03218398690
03218398552
03218367139
03218323590
03218312471
03218358127
03218326820
03218334359
03218382702
03218385863
03218335434
03218381205
03218363844
03218356092
03218336511
03218329083
03218371682
03218338435
03218398037
03218330420
03218316102
03218313317
03218343014
03218392140
03218360643
03218389247
03218345105
03218311128
03218396496
03218316702
03218314551
03218340016
03218398583
03218378113
03218355319
03218381316
03218379711
03218355559
03218325595
03218383117
03218321626
03218321569
03218389329
03218326869
03218331251
03218314434
03218374081
03218342024
03218313503
03218340383
03218355591
03218325220
03218346187
03218336099
03218352715
03218355529
03218312381
03218321048
03218369345
03218373099
03218360322
03218321828
03218342718
03218347559
03218334785
03218333605
03218316723
03218339016
03218382933
03218399917
03218318235
03218382425
03218369310
03218314300
03218322414
03218374677
03218348670
03218358200
03218322522
03218353829
03218336673
03218345216
03218326995
03218317819
03218379282
03218319983
03218353770
03218368381
03218371716
03218326522
03218379897
03218323660
03218346567
03218386204
03218318557
03218346269
03218317863
03218370290
03218393475
03218381420
03218337703
03218319999
03218320674
03218314899
03218337799
03218376538
03218388888
03218310885
03218389568
03218387425
03218398904
03218329740
03218329771
03218382411
03218379933
03218364465
03218314043
03218359887
03218342584
03218395892
03218367438
03218321151
03218344779
03218334539
03218375954
03218359085
03218335272
03218390404
03218327352
03218356705
03218313810
03218324343
03218397862
03218371541
03218380521
03218399309
03218338871
03218330581
03218332884
03218382827
03218315636
03218317670
03218373287
03218316465
03218324756
03218316827
03218356432
03218336145
03218366335
03218353398
03218356246
03218326331
03218350891
03218385527
03218370265
03218398848
03218375895
03218380359
03218361844
03218317452
03218353616
03218320481
03218362215
03218349905
03218373614
03218374561
03218331878
03218358229
03218380624
03218325593
03218359757
03218380255
03218349767
03218347864
03218328313
03218359127
03218399126
03218324068
03218373954
03218387479
03218373451
03218312334
03218381673
03218323413
03218358512
03218368737
03218315432
03218329210
03218395155
03218355454
03218323381
03218342850
03218350194
03218384949
03218398202
03218334255
03218385710
03218327805
03218372784
03218399328
03218391134
03218320497
03218350984
03218347581
03218370575
03218314799
03218354490
03218396412
03218388261
03218349446
03218386135
03218319543
03218356953
03218320216
03218357211
03218367081
03218314725
03218311570
03218330546
03218385099
03218394312
03218324482
03218359588
03218364870
03218338357
03218346148
03218327673
03218388150
03218382317
03218380778
03218330688
03218375832
03218387936
03218366019
03218374719
03218398743
03218367192
03218373935
03218356715
03218349085
03218365405
03218341249
03218314039
03218328499
03218360723
03218358059
03218387757
03218360587
03218320172
03218326185
03218326502
03218362118
03218310986
03218328538
03218310349
03218389619
03218358054
03218342113
03218321773
03218397984
03218318792
03218312481
03218376175
03218389527
03218381378
03218379145
03218348705
03218310938
03218355826
03218386356
03218327120
03218350547
03218328747
03218310503
03218363201
03218350831
03218385424
03218369614
03218321729
03218386889
03218313713
03218376949
03218337481
03218390282
03218385100
03218340688
03218325079
03218352162
03218358731
03218330293
03218352924
03218365073
03218324511
03218347121
03218381578
03218376819
03218399065
03218333371
03218319766
03218347148
03218338788
03218348196
03218356688
03218352159
03218397591
03218397062
03218325592
03218321582
03218385341
03218311224
03218320655
03218370726
03218345667
03218370016
03218380210
03218355848
03218398127
03218326320
03218362736
03218360259
03218323573
03218316969
03218353072
03218355527
03218328231
03218380342
03218376465
03218317714
03218343134
03218346312
03218392491
03218368391
03218361139
03218333231
03218327332
03218343490
03218339170
03218379456
03218379383
03218398130
03218356163
03218334034
03218388148
03218397024
03218377570
03218363354
03218320273
03218349020
03218312467
03218385459
03218352842
03218391899
03218374018
03218380093
03218372519
03218366054
03218357110
03218387322
03218325729
03218393509
03218324414
03218353176
03218333649
03218398381
03218328515
03218354636
03218387150
03218383280
03218324463
03218362129
03218367409
03218382934
03218364924
03218358503
03218350660
03218316987
03218356192
03218353796
03218394113
03218333844
03218315549
03218387121
03218353137
03218354812
03218377436
03218382059
03218392133
03218353653
03218378642
03218334972
03218363375
03218379188
03218354478
03218373294
03218335402
03218394384
03218325317
03218328379
03218329770
03218397158
03218370334
03218369537
03218339712
03218383407
03218390569
03218346144
03218318099
03218390278
03218321755
03218393841
03218373703
03218377200
03218391146
03218370809
03218357508
03218388766
03218373314
03218329951
03218395127
03218371472
03218362509
03218382898
03218318394
03218387170
03218378333
03218380512
03218355979
03218347217
03218369884
03218375610
03218321799
03218384115
03218364908
03218395234
03218319050
03218388828
03218345275
03218388910
03218332723
03218379453
03218361699
03218317184
03218320227
03218311032
03218357569
03218372262
03218317841
03218323843
03218377643
03218312423
03218334977
03218386639
03218321318
03218383678
03218382043
03218341291
03218330929
03218311944
03218341242
03218337861
03218329480
03218369347
03218386694
03218392599
03218393532
03218354264
03218341123
03218349851
03218382562
03218329786
03218356695
03218382544
03218388298
03218393820
03218329600
03218362670
03218332135
03218369574
03218357460
03218340632
03218313974
03218397476
03218343590
03218311555
03218337006
03218347537
03218314346
03218376965
03218335213
03218390747
03218341685
03218370875
03218379662
03218324309
03218369579
03218336520
03218362572
03218352415
03218378038
03218383193
03218364622
03218393744
03218347471
03218378572
03218356910
03218349854
03218388847
03218355372
03218389217
03218349008
03218381976
03218393586
03218335505
03218338306
03218361854
03218321481
03218372676
03218397551
03218352135
03218358725
03218326408
03218338360
03218362556
03218333054
03218394888
03218388217
03218335936
03218314282
03218378968
03218310421
03218343262
03218313017
03218371091
03218312907
03218378302
03218360014
03218386312
03218381657
03218330653
03218342332
03218352322
03218342934
03218327066
03218346818
03218339732
03218321339
03218328458
03218396193
03218395335
03218342603
03218379465
03218340211
03218343170
03218323856
03218354965
03218319436
03218370040
03218371555
03218373995
03218393520
03218322488
03218334505
03218325398
03218325989
03218312661
03218395651
03218365822
03218377067
03218395754
03218396027
03218310234
03218390120
03218367822
03218341399
03218396203
03218392942
03218335827
03218381963
03218347069
03218370413
03218391626
03218372695
03218392694
03218354446
03218366876
03218360613
03218370777
03218378326
03218349413
03218312313
03218314333
03218395350
03218399962
03218329513
03218365535
03218383710
03218344183
03218332936
03218333736
03218387143
03218359230
03218323232
03218381991
03218334213
03218389591
03218326926
03218388789
03218352074
03218342879
03218352702
03218333295
03218388732
03218394381
03218335141
03218325249
03218340706
03218363244
03218329086
03218381870
03218397592
03218335865
03218366167
03218346527
03218375216
03218328511
03218359758
03218320709
03218317905
03218342038
03218343643
03218324731
03218326399
03218381186
03218351400
03218360624
03218352503
03218369433
03218361630
03218362055
03218311229
03218330566
03218395191
03218348569
03218318933
03218393030
03218323899
03218330144
03218341362
03218384399
03218398348
03218323424
03218380398
03218347196
03218334963
03218324190
03218373536
03218368023
03218389707
03218352343
03218355302
03218345612
03218344063
03218380506
03218380082
03218310741
03218359652
03218320239
03218335537
03218324635
03218357983
03218340367
03218344649
03218359345
03218358729
03218327679
03218394006
03218311893
03218340332
03218328051
03218357762
03218371001
03218347051
03218334470
03218337439
03218388518
03218343206
03218318476
03218353816
03218375264
03218349578
03218339827
03218374870
03218320522
03218312948
03218313158
03218370492
03218321123
03218348861
03218365440
03218340030
03218368923
03218337509
03218375617
03218314613
03218314807
03218340343
03218340449
03218353022
03218380690
03218386301
03218333031
03218325181
03218382799
03218347019
03218381429
03218339507
03218386551
03218369385
03218360108
03218319517
03218334707
03218338207
03218314731
03218380848
03218341401
03218381157
03218391470
03218354338
03218392321
03218330971
03218378127
03218367797
03218358852
03218322826
03218322775
03218313367
03218322241
03218344298
03218359137
03218388568
03218311017
03218379916
03218345310
03218338323
03218392283
03218325933
03218353479
03218399537
03218377400
03218356099
03218379905
03218376600
03218325612
03218314852
03218399047
03218371864
03218313809
03218326352
03218393980
03218378533
03218354903
03218337636
03218366329
03218359972
03218373308
03218378566
03218316732
03218373183
03218347143
03218315810
03218360380
03218346138
03218327189
03218334814
03218373124
03218396090
03218389628
03218362054
03218366388
03218377491
03218378590
03218390397
03218342921
03218397109
03218377250
03218314319
03218350377
03218330488
03218332785
03218394588
03218332483
03218325013
03218370086
03218378981
03218378350
03218313716
03218380295
03218352393
03218361589
03218395719
03218349411
03218390798
03218341728
03218329030
03218324181
03218327591
03218376312
03218347239
03218363576
03218317051
03218376198
03218358864
03218396766
03218385322
03218327594
03218351550
03218394705
03218317108
03218364483
03218361093
03218348338
03218357187
03218397196
03218326197
03218328807
03218347698
03218386452
03218366194
03218311362
03218321347
03218368488
03218366996
03218331441
03218348701
03218322846
03218315404
03218361299
03218352335
03218312400
03218321431
03218355626
03218376266
03218368124
03218382216
03218354705
03218380997
03218385848
03218364547
03218363087
03218315959
03218370403
03218318432
03218356543
03218328500
03218314864
03218342616
03218347502
03218375419
03218379015
03218359106
03218384553
03218361099
03218380191
03218335937
03218356797
03218375765
03218370570
03218352540
03218338908
03218326938
03218392993
03218327504
03218325513
03218356799
03218343220
03218352528
03218396593
03218327596
03218398586
03218358860
03218353403
03218323834
03218397535
03218357774
03218373928
03218380207
03218397251
03218397662
03218391441
03218319897
03218384144
03218361363
03218354328
03218380021
03218313606
03218328080
03218379544
03218365891
03218317635
03218380957
03218335507
03218315111
03218321988
03218318619
03218335795
03218387960
03218335667
03218362513
03218375776
03218342843
03218349780
03218384924
03218338402
03218399023
03218390363
03218355288
03218329890
03218329276
03218385556
03218369005
03218341368
03218395436
03218388891
03218372507
03218382987
03218399516
03218319041
03218338523
03218341225
03218388327
03218388125
03218342662
03218361588
03218361456
03218355773
03218357384
03218382722
03218341301
03218311583
03218369404
03218341618
03218314582
03218326243
03218389181
03218310602
03218387744
03218351681
03218333955
03218323852
03218346106
03218380619
03218323183
03218346903
03218334070
03218336151
03218343471
03218377334
03218396596
03218350276
03218356361
03218349896
03218328774
03218393832
03218327451
03218319573
03218345778
03218328172
03218386282
03218383852
03218319487
03218330888
03218368404
03218373272
03218329860
03218327921
03218353480
03218320764
03218354372
03218364272
03218396555
03218371320
03218338405
03218314553
03218368369
03218319622
03218313912
03218339683
03218334249
03218372808
03218391342
03218358221
03218376347
03218316770
03218360293
03218332107
03218388176
03218395680
03218359823
03218380552
03218336568
03218362879
03218313611
03218348137
03218356569
03218342223
03218386003
03218359805
03218378576
03218390369
03218379278
03218359082
03218314844
03218326156
03218314260
03218340813
03218360384
03218349603
03218346678
03218339546
03218310183
03218396924
03218369453
03218311151
03218393186
03218388657
03218366195
03218368592
03218336731
03218390768
03218399074
03218387137
03218365187
03218368161
03218356743
03218336137
03218391546
03218377679
03218330584
03218398415
03218397771
03218370036
03218337491
03218317263
03218362020
03218319010
03218320167
03218389727
03218380737
03218363635
03218326385
03218365954
03218344158
03218398180
03218354950
03218367912
03218376028
03218317411
03218323073
03218387808
03218391295
03218392141
03218393894
03218346682
03218369413
03218313959
03218371923
03218316094
03218334208
03218311767
03218399153
03218399416
03218373659
03218391975
03218371393
03218387172
03218317721
03218370600
03218341775
03218390788
03218356142
03218337956
03218336595
03218354556
03218387927
03218375341
03218378741
03218345349
03218370580
03218392607
03218367460
03218351329
03218317803
03218364642
03218329426
03218314618
03218366801
03218344741
03218324521
03218362974
03218396518
03218371853
03218330238
03218317207
03218381947
03218385741
03218392342
03218357817
03218366719
03218332242
03218362155
03218361538
03218346281
03218336425
03218389190
03218328309
03218384658
03218311567
03218319712
03218319270
03218391543
03218341757
03218372125
03218327157
03218323987
03218311400
03218313435
03218373620
03218313248
03218357688
03218369989
03218392755
03218396794
03218359607
03218314974
03218365673
03218313983
03218347613
03218319086
03218355647
03218383145
03218378192
03218377611
03218324067
03218396211
03218378316
03218395705
03218360285
03218310526
03218397936
03218390403
03218343984
03218377749
03218354637
03218346417
03218353284
03218358621
03218348907
03218378835
03218388592
03218366436
03218396434
03218323880
03218368702
03218369684
03218335139
03218310069
03218355774
03218335896
03218338652
03218388979
03218348964
03218387333
03218317224
03218395304
03218317542
03218322417
03218347161
03218368025
03218394818
03218315622
03218394757
03218387923
03218359346
03218363225
03218394329
03218360465
03218324268
03218394553
03218311756
03218381176
03218327508
03218360566
03218362702
03218346190
03218397752
03218354507
03218331237
03218328784
03218359083
03218336060
03218363316
03218331364
03218341430
03218317489
03218353079
03218374927
03218347215
03218338237
03218346843
03218361445
03218339718
03218314384
03218394426
03218337208
03218365199
03218387146
03218389715
03218386673
03218356976
03218359715
03218346704
03218321835
03218397066
03218351883
03218310290
03218363519
03218359139
03218351085
03218358269
03218397148
03218375376
03218367849
03218353122
03218313345
03218379561
03218382696
03218374429
03218333704
03218313350
03218324464
03218353614
03218384744
03218358034
03218325351
03218390947
03218336810
03218391576
03218343060
03218371937
03218346344
03218376643
03218374387
03218396703
03218394726
03218376575
03218365606
03218342788
03218311407
03218387152
03218342701
03218342570
03218353779
03218346534
03218341303
03218323862
03218385638
03218315286
03218352968
03218343625
03218335250
03218393090
03218339032
03218326531
03218319343
03218326709
03218367562
03218332204
03218311924
03218320504
03218371146
03218336769
03218375011
03218317090
03218331640
03218322296
03218325274
03218337312
03218310912
03218381568
03218315463
03218371571
03218344412
03218395506
03218367713
03218357422
03218367487
03218331058
03218323674
03218330762
03218361452
03218339485
03218365516
03218339074
03218323445
03218384698
03218320513
03218379127
03218310496
03218391251
03218322065
03218352791
03218375387
03218382907
03218387092
03218310626
03218387358
03218383645
03218330671
03218318351
03218397938
03218382177
03218355521
03218354959
03218374930
03218331202
03218399849
03218364717
03218380866
03218396829
03218370225
03218356760
03218397284
03218378015
03218337598
03218358184
03218390317
03218393398
03218318780
03218369025
03218312599
03218380620
03218346795
03218380128
03218347413
03218393003
03218312410
03218363514
03218319458
03218383963
03218341948
03218384114
03218348514
03218353495
03218320664
03218328524
03218345779
03218310385
03218325235
03218382565
03218365694
03218326147
03218389808
03218375449
03218393073
03218313591
03218381760
03218365204
03218330169
03218318602
03218319228
03218384588
03218333453
03218357815
03218346179
03218337301
03218313320
03218367546
03218393901
03218359681
03218384102
03218384095
03218329659
03218379931
03218368163
03218336214
03218390812
03218345663
03218370785
03218371963
03218399929
03218398819
03218323760
03218337698
03218318759
03218311778
03218347935
03218342609
03218334893
03218324717
03218361190
03218376931
03218321408
03218324750
03218319514
03218388845
03218376487
03218333585
03218315441
03218315768
03218329495
03218310093
03218327123
03218385272
03218362006
03218399964
03218332150
03218358144
03218361489
03218358995
03218322419
03218399603
03218394561
03218355767
03218345966
03218317071
03218349209
03218382659
03218393446
03218346754
03218311464
03218383816
03218397606
03218314325
03218312077
03218355343
03218356195
03218390959
03218369323
03218313666
03218310575
03218333486
03218349772
03218347970
03218340034
03218373020
03218366572
03218347387
03218315442
03218317511
03218365754
03218397095
03218389242
03218381926
03218377818
03218369475
03218398696
03218359760
03218346836
03218333676
03218382272
03218315252
03218388500
03218318758
03218334544
03218314090
03218346067
03218358459
03218312937
03218389671
03218389028
03218361074
03218377036
03218346466
03218338370
03218346058
03218387558
03218329242
03218345710
03218386721
03218332398
03218334258
03218385868
03218357498
03218331198
03218322487
03218376898
03218351214
03218334519
03218359470
03218321276
03218368198
03218358930
03218320505
03218388928
03218310147
03218376082
03218388342
03218320851
03218371822
03218371479
03218321659
03218313293
03218337197
03218366780
03218387617
03218394714
03218342789
03218332036
03218381691
03218311808
03218372590
03218347795
03218381738
03218367184
03218312129
03218371475
03218338525
03218355760
03218378268
03218350707
03218317864
03218357129
03218377410
03218324668
03218369627
03218398379
03218311547
03218362435
03218314388
03218335839
03218317904
03218385289
03218341734
03218389280
03218356500
03218348509
03218316680
03218389240
03218342017
03218377238
03218316337
03218362352
03218322835
03218388104
03218388085
03218310991
03218332953
03218365899
03218335025
03218386489
03218348916
03218330487
03218317304
03218361341
03218373161
03218333657
03218318031
03218349372
03218358202
03218311956
03218363833
03218381894
03218322848
03218353360
03218322965
03218321845
03218366519
03218336250
