03327903005
03327903025
03327906863
03327905848
03327906781
03327902369
03327905244
03327904435
03327904703
03327902912
03327904997
03327908898
03327909048
03327903063
03327903299
03327906971
03327901511
03327909659
03327909023
03327904734
03327908866
03327905426
03327904506
03327901854
03327903628
03327904898
03327905731
03327907912
03327904463
03327904530
03327901452
03327904655
03327908161
03327907483
03327904104
03327908986
03327908578
03327907769
03327906034
03327903959
03327903712
03327901969
03327907448
03327901148
03327901569
03327906524
03327908271
03327904158
03327901436
03327901341
03327904927
03327908741
03327908703
03327906790
03327908448
03327907446
03327904393
03327904901
03327903414
03327909194
03327907985
03327902304
03327903741
03327903624
03327905063
03327901022
03327906897
03327907978
03327903942
03327902059
03327904752
03327905143
03327907421
03327903947
03327904082
03327903973
03327909890
03327903325
03327902667
03327907644
03327903650
03327909028
03327905688
03327905255
03327906921
03327903520
03327906980
03327903117
03327906755
03327906667
03327906730
03327901393
03327902505
03327908211
03327906706
03327902900
03327905618
03327907249
03327907261
03327903458
03327907399
03327904222
03327906682
03327905593
03327903560
03327909369
03327904501
03327906385
03327902519
03327905011
03327906526
03327908653
03327904712
03327907935
03327909807
03327904100
03327903376
03327903950
03327905391
03327908022
03327903749
03327904916
03327905735
03327907375
03327902026
03327908355
03327902640
03327906064
03327909209
03327909428
03327902345
03327901694
03327907552
03327909019
03327906335
03327901655
03327906641
03327904867
03327902164
03327909558
03327901993
03327904964
03327905810
03327903148
03327903884
03327902460
03327906574
03327901290
03327907571
03327909811
03327904452
03327908765
03327909009
03327902064
03327902371
03327904025
03327907316
03327909225
03327902367
03327907840
03327908112
03327906548
03327904356
03327907615
03327903736
03327901380
03327908882
03327902751
03327906177
03327905381
03327907062
03327902545
03327909491
03327902179
03327906749
03327903669
03327909156
03327901054
03327902524
03327901883
03327903099
03327901586
03327904270
03327909284
03327902616
03327907550
03327902068
03327909626
03327907123
03327907697
03327906600
03327909528
03327902058
03327906348
03327902656
03327907554
03327906190
03327901700
03327902587
03327903627
03327903430
03327909519
03327902880
03327901846
03327906426
03327901312
03327905316
03327906229
03327903449
03327904102
03327908815
03327903344
03327908764
03327901331
03327905844
03327905755
03327909938
03327904847
03327902891
03327902650
03327904690
03327907321
03327906499
03327903499
03327906333
03327901398
03327907666
03327907958
03327906674
03327904751
03327906403
03327906982
03327905641
03327908314
03327901807
03327901467
03327903151
03327903242
03327906227
03327909312
03327903102
03327907425
03327909597
03327901017
03327906742
03327907872
03327903492
03327904671
03327909989
03327909195
03327905877
03327909105
03327903569
03327907812
03327908982
03327905276
03327902050
03327906435
03327903445
03327908592
03327908048
03327907994
03327904349
03327905042
03327905581
03327907440
03327908130
03327903379
03327909739
03327907224
03327901447
03327901093
03327907187
03327908907
03327901355
03327903182
03327906414
03327901574
03327901105
03327906536
03327906694
03327902824
03327906191
03327901100
03327908990
03327902385
03327902781
03327905054
03327909430
03327905248
03327905974
03327901161
03327905361
03327901291
03327901970
03327904429
03327908012
03327906381
03327907415
03327903920
03327901668
03327905511
03327908512
03327901633
03327906420
03327903243
03327908506
03327908886
03327906939
03327905306
03327907188
03327908639
03327908234
03327909062
03327908311
03327906468
03327905342
03327909476
03327906107
03327904406
03327909761
03327909653
03327907821
03327908788
03327906165
03327909604
03327906676
03327908524
03327903086
03327902749
03327902271
03327909431
03327903478
03327901613
03327902518
03327902206
03327903421
03327903010
03327902004
03327907468
03327902274
03327904103
03327901609
03327905366
03327909700
03327909913
03327902072
03327907813
03327905749
03327901118
03327902442
03327909724
03327905467
03327906815
03327906567
03327909982
03327908574
03327903852
03327902557
03327909207
03327904755
03327907449
03327905792
03327904261
03327901921
03327906466
03327906938
03327907486
03327906161
03327907766
03327904684
03327904556
03327905868
03327901310
03327908823
03327901014
03327902151
03327904457
03327902169
03327907728
03327902481
03327907953
03327906195
03327905437
03327903700
03327909639
03327907497
03327909187
03327902402
03327908981
03327907916
03327903907
03327905651
03327904132
03327903711
03327908263
03327904956
03327904675
03327905040
03327905256
03327901158
03327908175
03327902838
03327907037
03327907026
03327906954
03327905716
03327901780
03327903968
03327908664
03327909451
03327903786
03327906521
03327905497
03327902154
03327906886
03327903393
03327904915
03327904747
03327908019
03327901845
03327909465
03327905538
03327905400
03327907042
03327905247
03327906327
03327905525
03327906801
03327907091
03327908728
03327905364
03327901955
03327908191
03327903871
03327906182
03327903861
03327905046
03327904476
03327908435
03327909543
03327908757
03327904060
03327901862
03327906243
03327903428
03327901974
03327902386
03327909712
03327905191
03327907560
03327901416
03327904340
03327906925
03327905023
03327908483
03327903123
03327908261
03327909720
03327903177
03327906768
03327906789
03327904931
03327902432
03327906723
03327904681
03327905700
03327904988
03327907103
03327907896
03327908284
03327901186
03327908317
03327902096
03327904826
03327904704
03327909016
03327904394
03327909545
03327907876
03327909531
03327909256
03327908837
03327906562
03327907748
03327906215
03327908714
03327901229
03327902774
03327901967
03327909129
03327902552
03327907293
03327908228
03327904011
03327904217
03327902571
03327904312
03327909321
03327906443
03327908640
03327903836
03327903039
03327906164
03327904893
03327908473
03327907752
03327906616
03327902886
03327908847
03327901344
03327905424
03327905320
03327909137
03327903225
03327908773
03327908388
03327909764
03327905122
03327906317
03327902057
03327908887
03327909544
03327907533
03327906475
03327905004
03327905954
03327901823
03327905232
03327908555
03327903087
03327905001
03327906396
03327904708
03327903821
03327902755
03327905021
03327905350
03327906544
03327901207
03327901869
03327902908
03327904874
03327903797
03327905924
03327909556
03327901321
03327902323
03327901779
03327901278
03327902474
03327906620
03327907360
03327901997
03327902748
03327908713
03327907653
03327908256
03327904808
03327902741
03327908516
03327908722
03327904567
03327907009
03327903465
03327902342
03327909891
03327908337
03327905663
03327903566
03327904962
03327908025
03327909308
03327908998
03327901766
03327908292
03327903221
03327905117
03327902233
03327906460
03327902273
03327904689
03327909878
03327908890
03327902950
03327907060
03327902589
03327902132
03327902475
03327905075
03327901357
03327902547
03327901220
03327908936
03327902583
03327908282
03327901696
03327908430
03327902618
03327905699
03327908345
03327901293
03327906490
03327906516
03327907097
03327907623
03327906282
03327905291
03327908106
03327906251
03327907827
03327906277
03327903586
03327903452
03327909511
03327905386
03327908603
03327907997
03327902486
03327902949
03327907950
03327906450
03327906934
03327904907
03327906181
03327909650
03327905147
03327904764
03327902327
03327909654
03327908989
03327909190
03327909086
03327905491
03327904509
03327906193
03327909783
03327903251
03327906296
03327905080
03327904727
03327905483
03327903072
03327902896
03327903093
03327907453
03327904621
03327903213
03327907738
03327904843
03327905943
03327909582
03327902190
03327901442
03327906632
03327903341
03327903924
03327908172
03327907287
03327904396
03327908926
03327908059
03327905485
03327903488
03327906293
03327903166
03327904699
03327907152
03327901853
03327906578
03327902251
03327901671
03327904873
03327905033
03327905775
03327901451
03327904243
03327903301
03327903066
03327909561
03327909909
03327902372
03327905220
03327907792
03327902575
03327902647
03327903969
03327901132
03327906920
03327904572
03327905696
03327904688
03327908790
03327902010
03327907892
03327901670
03327909050
03327903139
03327902944
03327902759
03327906180
03327908410
03327902184
03327906732
03327903526
03327904789
03327907781
03327901932
03327904061
03327909848
03327908121
03327903930
03327906637
03327902906
03327903901
03327908855
03327906879
03327909554
03327901725
03327903233
03327902321
03327909507
03327901747
03327908238
03327903322
03327902081
03327906280
03327907386
03327909816
03327906467
03327905559
03327901045
03327906907
03327906858
03327903667
03327902162
03327902622
03327906122
03327909610
03327905032
03327906144
03327909238
03327906065
03327908306
03327906625
03327906684
03327903864
03327908100
03327906550
03327904459
03327909850
03327907780
03327902461
03327908305
03327907463
03327902722
03327908702
03327903122
03327903190
03327908667
03327905834
03327903546
03327904866
03327909566
03327909128
03327909698
03327903384
03327902137
03327903206
03327907177
03327902843
03327901510
03327909842
03327908874
03327904070
03327908889
03327902610
03327902963
03327909266
03327904355
03327902447
03327907008
03327905886
03327904317
03327908659
03327906887
03327906330
03327903021
03327906047
03327903988
03327904759
03327903977
03327901818
03327904298
03327901765
03327908401
03327903839
03327909642
03327907281
03327907006
03327904155
03327901140
03327906795
03327907620
03327903848
03327904631
03327904233
03327905703
03327906568
03327907858
03327903679
03327909427
03327904724
03327905249
03327906876
03327904156
03327909636
03327901090
03327906750
03327905864
03327907056
03327909772
03327904209
03327909123
03327909623
03327901011
03327905165
03327901731
03327908560
03327907521
03327901038
03327903038
03327901698
03327905468
03327903662
03327905569
03327903777
03327902338
03327903019
03327909115
03327904392
03327903125
03327904519
03327901756
03327906791
03327904858
03327907109
03327906369
03327906580
03327906944
03327908179
03327905034
03327907857
03327901948
03327907859
03327903685
03327902211
03327905177
03327905368
03327901327
03327901351
03327907428
03327901181
03327902086
03327903096
03327909154
03327904785
03327901190
03327905231
03327904543
03327902039
03327909790
03327907211
03327908511
03327907476
03327909282
03327906246
03327906840
03327901678
03327909098
03327901704
03327906718
03327907389
03327908742
03327906102
03327908669
03327901472
03327905159
03327905429
03327902181
03327907757
03327908883
03327903167
03327902621
03327908863
03327909669
03327903695
03327905704
03327902324
03327905179
03327906571
03327901713
03327903636
03327902994
03327908067
03327904736
03327902354
03327904403
03327905964
03327903689
03327902229
03327909647
03327903791
03327906994
03327903312
03327906030
03327904579
03327903050
03327903252
03327904282
03327904044
03327905890
03327908613
03327909613
03327902551
03327901135
03327909354
03327903918
03327905132
03327903753
03327905748
03327908035
03327903932
03327909117
03327904776
03327901026
03327906216
03327902953
03327904068
03327906654
03327903519
03327901911
03327905071
03327906325
03327906700
03327905219
03327909011
03327909149
03327901992
03327908663
03327908712
03327907160
03327906464
03327901769
03327904790
03327903412
03327907201
03327904335
03327908310
03327904515
03327907596
03327908959
03327906552
03327904195
03327901253
03327903552
03327906833
03327904251
03327903978
03327903541
03327903287
03327905851
03327905916
03327904769
03327906341
03327903368
03327907035
03327903240
03327902652
03327903007
03327906235
03327902804
03327905752
03327909733
03327908343
03327909004
03327906206
03327908729
03327907741
03327904816
03327907895
03327908439
03327901829
03327908498
03327901502
03327907561
03327901284
03327903992
03327901375
03327909362
03327906669
03327908084
03327903311
03327901542
03327908246
03327904029
03327904546
03327905908
03327901520
03327907771
03327908508
03327904558
03327908109
03327905526
03327906873
03327904700
03327904512
03327903283
03327908536
03327907966
03327904779
03327904733
03327905242
03327904467
03327905740
03327904802
03327907628
03327906843
03327908363
03327908168
03327909657
03327905355
03327903273
03327909649
03327901122
03327907800
03327908018
03327907000
03327908647
03327904714
03327909719
03327904035
03327908465
03327906668
03327906675
03327904850
03327903386
03327902024
03327903466
03327908786
03327904739
03327901106
03327903891
03327906390
03327908452
03327901893
03327902253
03327907223
03327903577
03327906711
03327907744
03327904425
03327905452
03327905059
03327907789
03327905790
03327907275
03327908133
03327904976
03327906143
03327909538
03327905116
03327901897
03327906183
03327908539
03327909013
03327905459
03327903279
03327905894
03327903785
03327909574
03327902142
03327906212
03327909444
03327903098
03327908139
03327901506
03327909152
03327905814
03327905923
03327908407
03327904794
03327902996
03327907464
03327902972
03327902938
03327908935
03327905168
03327908913
03327906777
03327901040
03327905037
03327907698
03327902285
03327907238
03327901666
03327907235
03327904791
03327908289
03327901063
03327908688
03327907855
03327903853
03327909335
03327904637
03327909301
03327907776
03327903745
03327906017
03327905811
03327902922
03327901816
03327904405
03327902085
03327905856
03327908404
03327908060
03327903355
03327904267
03327904081
03327904256
03327902921
03327907558
03327908204
03327901358
03327906400
03327904283
03327905083
03327905081
03327905833
03327905609
03327908527
03327907475
03327904381
03327903264
03327901292
03327901680
03327906473
03327901423
03327902149
03327907853
03327906816
03327901079
03327906928
03327902705
03327902924
03327905206
03327909794
03327905979
03327906305
03327903157
03327901717
03327904854
03327906187
03327904453
03327909414
03327908638
03327906733
03327909768
03327908571
03327904697
03327903558
03327907888
03327901474
03327905140
03327908759
03327906882
03327902844
03327908291
03327901841
03327905499
03327908433
03327901194
03327903999
03327905289
03327901669
03327909854
03327905240
03327902222
03327904318
03327902664
03327908409
03327905105
03327903868
03327902020
03327902009
03327903510
03327901119
03327907048
03327902508
03327902230
03327909147
03327905035
03327903731
03327904652
03327909097
03327907525
03327904372
03327904277
03327903012
03327905556
03327902312
03327906019
03327908219
03327904639
03327901444
03327908099
03327908716
03327909457
03327901336
03327903570
03327908810
03327901663
03327904891
03327904861
03327908421
03327907171
03327909333
03327908399
03327906351
03327903397
03327902263
03327907016
03327907715
03327907849
03327908387
03327905397
03327909548
03327901555
03327906001
03327903790
03327908871
03327909675
03327908949
03327902772
03327907811
03327901464
03327904920
03327908412
03327901361
03327904235
03327906690
03327905951
03327907695
03327903885
03327903678
03327907156
03327905961
03327905783
03327909180
03327901082
03327907959
03327901742
03327903486
03327904119
03327901333
03327902115
03327903335
03327908860
03327907043
03327909550
03327907496
03327905542
03327905627
03327908540
03327901933
03327902542
03327907254
03327906522
03327901024
03327901898
03327901718
03327902391
03327905594
03327903033
03327907866
03327905831
03327901030
03327904324
03327907345
03327904497
03327907079
03327909246
03327905375
03327909646
03327908136
03327901529
03327907420
03327908214
03327905340
03327908278
03327903827
03327901437
03327901588
03327902362
03327905921
03327909614
03327907740
03327905480
03327904009
03327906462
03327907001
03327903575
03327909710
03327904596
03327904216
03327904587
03327908044
03327903363
03327901146
03327901377
03327901557
03327903582
03327908174
03327902690
03327904819
03327907747
03327902216
03327904038
03327902735
03327904982
03327908575
03327909522
03327908685
03327909894
03327905636
03327903197
03327908867
03327908425
03327906933
03327903203
03327906101
03327901976
03327906623
03327902999
03327909340
03327906091
03327903862
03327906032
03327908862
03327909565
03327902790
03327909536
03327905315
03327901480
03327909605
03327909468
03327905899
03327902133
03327901252
03327908360
03327903191
03327905156
03327903927
03327904971
03327906589
03327904650
03327905771
03327901039
03327906644
03327904177
03327904713
03327901431
03327909119
03327907104
03327906446
03327901223
03327909330
03327903109
03327902649
03327901722
03327906495
03327906076
03327904490
03327909038
03327903599
03327902445
03327904934
03327904594
03327906200
03327904540
03327902943
03327909192
03327908497
03327901211
03327904836
03327905428
03327904468
03327901473
03327903023
03327904148
03327909294
03327909947
03327902046
03327903248
03327903949
03327909695
03327901102
03327905065
03327907372
03327906112
03327904042
03327905724
03327904524
03327901906
03327908280
03327909220
03327909337
03327901067
03327905945
03327901608
03327903016
03327907833
03327904890
03327904305
03327902497
03327906809
03327908830
03327903656
03327901346
03327906106
03327903247
03327908089
03327906145
03327905939
03327908723
03327903696
03327903913
03327903244
03327907387
03327906055
03327903028
03327901940
03327906362
03327909025
03327908004
03327908087
03327908086
03327902349
03327909917
03327909234
03327907232
03327901724
03327903178
03327904796
03327901315
03327901130
03327903398
03327908162
03327907371
03327907694
03327907267
03327901645
03327906918
03327903781
03327908682
03327901715
03327904984
03327907080
03327902586
03327905160
03327905969
03327902872
03327908806
03327904462
03327903480
03327902188
03327903680
03327905319
03327906072
03327901023
03327909596
03327904395
03327908541
03327908199
03327901654
03327903014
03327908530
03327906148
03327909776
03327903450
03327903042
03327908194
03327909871
03327901128
03327906554
03327909782
03327909356
03327902909
03327901751
03327905506
03327903587
03327904015
03327909116
03327902173
03327903272
03327904286
03327903174
03327906784
03327909814
03327904768
03327909183
03327907439
03327909029
03327906997
03327909145
03327903328
03327907125
03327907342
03327901151
03327908468
03327903954
03327904612
03327908014
03327908843
03327908745
03327901021
03327904886
03327907231
03327908999
03327905333
03327905302
03327905290
03327908756
03327907178
03327901410
03327902289
03327908914
03327905103
03327901944
03327903605
03327902343
03327903803
03327905911
03327901721
03327906360
03327906890
03327902464
03327903503
03327907965
03327903704
03327909318
03327909673
03327907940
03327906681
03327908793
03327909882
03327901952
03327902105
03327901420
03327908369
03327901707
03327909851
03327906150
03327905715
03327908442
03327908427
03327906048
03327906523
03327902269
03327904211
03327902833
03327909299
03327908525
03327906972
03327902109
03327902868
03327901799
03327902694
03327909082
03327902018
03327903469
03327905608
03327905221
03327909992
03327909655
03327902383
03327901957
03327904204
03327905971
03327904108
03327901174
03327904022
03327901916
03327907180
03327908969
03327907404
03327909424
03327903847
03327909493
03327901356
03327904979
03327901840
03327909237
03327909620
03327905674
03327908992
03327901306
03327904131
03327902245
03327902834
03327906531
03327902031
03327901827
03327906559
03327908629
03327907430
03327902554
03327902863
03327908846
03327906724
03327901889
03327901677
03327901070
03327904045
03327901760
03327905013
03327907814
03327901000
03327902763
03327904083
03327902876
03327904664
03327909977
03327908929
03327901187
03327906769
03327901089
03327908276
03327905372
03327909120
03327902864
03327905218
03327902063
03327908801
03327902895
03327904896
03327909628
03327903060
03327908200
03327901073
03327907677
03327906962
03327901518
03327902878
03327901031
03327909064
03327904553
03327907890
03327902005
03327907659
03327909955
03327909688
03327903755
03327903613
03327901950
03327901180
03327906542
03327908565
03327905062
03327902897
03327906908
03327909867
03327901385
03327908367
03327905773
03327906917
03327909091
03327904126
03327909130
03327904341
03327907509
03327909229
03327908900
03327902731
03327902939
03327905207
03327901960
03327903490
03327903323
03327901109
03327907020
03327904531
03327909112
03327901900
03327908620
03327905970
03327909196
03327906178
03327908779
03327902854
03327901276
03327907545
03327905562
03327904625
03327908215
03327901963
03327901894
03327905870
03327901055
03327904151
03327903668
03327908008
03327907878
03327906407
03327902283
03327901711
03327905807
03327903708
03327905582
03327909979
03327902226
03327904493
03327908730
03327908056
03327903259
03327905185
03327902075
03327909645
03327907334
03327905274
03327901360
03327909214
03327908660
03327904952
03327907961
03327902543
03327902268
03327902712
03327909771
03327906496
03327901143
03327907568
03327903336
03327904115
03327908043
03327901036
03327902325
03327906094
03327902692
03327904852
03327906532
03327909072
03327906592
03327905281
03327901923
03327904477
03327905557
03327901465
03327908589
03327904721
03327906913
03327903097
03327903222
03327901191
03327906309
03327903219
03327906485
03327903317
03327908178
03327903531
03327907283
03327905730
03327907577
03327907416
03327909486
03327902286
03327905041
03327908961
03327908858
03327908558
03327907323
03327906665
03327902446
03327903912
03327906655
03327909181
03327907310
03327909470
03327903661
03327905852
03327907033
03327908413
03327901750
03327909638
03327906192
03327902822
03327903888
03327901526
03327901173
03327904803
03327902747
03327906120
03327907768
03327908180
03327907450
03327904661
03327909162
03327906651
03327905732
03327909619
03327905639
03327902473
03327907247
03327903754
03327905957
03327904846
03327908962
03327903758
03327905155
03327905403
03327902769
03327906035
03327907544
03327903435
03327905139
03327901272
03327909108
03327902632
03327907344
03327907782
03327902560
03327902771
03327902681
03327902131
03327909010
03327906640
03327907418
03327908845
03327909176
03327903784
03327902361
03327902776
03327909460
03327901414
03327907117
03327905727
03327901512
03327908294
03327909412
03327909449
03327904687
03327909089
03327903185
03327903654
03327907601
03327908405
03327906392
03327902215
03327905686
03327903762
03327906794
03327903456
03327903559
03327903410
03327905329
03327908513
03327904074
03327905634
03327908869
03327908221
03327901620
03327901016
03327902258
03327904331
03327901953
03327902056
03327905095
03327905660
03327905521
03327908985
03327908826
03327906384
03327907244
03327905728
03327903354
03327908932
03327907519
03327904538
03327906039
03327909357
03327901828
03327909580
03327901966
03327904252
03327905376
03327909957
03327904748
03327904841
03327901936
03327908758
03327904602
03327907934
03327907376
03327906502
03327902129
03327904725
03327905628
03327906701
03327901350
03327901372
03327906477
03327907523
03327902223
03327902595
03327901479
03327904742
03327903831
03327905941
03327904478
03327907645
03327902041
03327901007
03327904091
03327905583
03327901847
03327905645
03327906603
03327907358
03327906999
03327904527
03327908447
03327908861
03327905264
03327903156
03327905412
03327902433
03327901139
03327902246
03327903159
03327903866
03327904461
03327901121
03327907438
03327904647
03327905767
03327905726
03327909874
03327905224
03327903764
03327909740
03327903032
03327907630
03327908951
03327901322
03327901008
03327906628
03327902108
03327904853
03327908455
03327902784
03327901844
03327905126
03327907832
03327904609
03327904198
03327908393
03327907325
03327908188
03327901552
03327902066
03327902654
03327909685
03327909024
03327907300
03327907374
03327907423
03327904899
03327903140
03327904913
03327904207
03327905913
03327902858
03327909012
03327902584
03327904010
03327905967
03327903103
03327901347
03327905706
03327906077
03327906297
03327903933
03327906943
03327903084
03327902585
03327901154
03327905410
03327909339
03327907702
03327902932
03327901734
03327909990
03327903851
03327907801
03327908313
03327905604
03327905360
03327908055
03327901888
03327906748
03327902933
03327908833
03327903759
03327906301
03327904271
03327903972
03327909899
03327907909
03327901979
03327902719
03327905927
03327909999
03327908600
03327901426
03327902937
03327905002
03327905568
03327905976
03327901607
03327905301
03327907393
03327905322
03327906958
03327904409
03327907184
03327907205
03327909325
03327906284
03327909313
03327901138
03327905985
03327909796
03327902080
03327901871
03327905082
03327909671
03327905605
03327909455
03327903811
03327907930
03327909716
03327908190
03327904323
03327908650
03327906345
03327902941
03327903500
03327904795
03327905514
03327902780
03327906602
03327903714
03327907461
03327903246
03327906951
03327906043
03327904446
03327905772
03327903896
03327909735
03327901115
03327905008
03327909717
03327907502
03327903948
03327903373
03327909274
03327901134
03327905959
03327909080
03327902168
03327907808
03327901662
03327908326
03327906854
03327908580
03327907076
03327909567
03327905782
03327901890
03327904598
03327901994
03327907215
03327906859
03327901887
03327905270
03327902417
03327906428
03327908750
03327909315
03327908933
03327905439
03327909551
03327901421
03327906240
03327904387
03327907754
03327906643
03327905292
03327905734
03327906119
03327908918
03327902659
03327904224
03327907826
03327905795
03327905508
03327906513
03327908717
03327908582
03327903418
03327908551
03327902347
03327902375
03327905654
03327903326
03327902503
03327904135
03327907954
03327901777
03327901570
03327906153
03327909150
03327901112
03327907838
03327908098
03327905031
03327901107
03327909931
03327902817
03327904908
03327908854
03327901264
03327908223
03327908061
03327901874
03327906885
03327902942
03327904358
03327903744
03327907503
03327906286
03327907004
03327907324
03327908910
03327903690
03327904943
03327901232
03327905217
03327908418
03327902257
03327902219
03327901483
03327906210
03327904472
03327901239
03327903565
03327905912
03327909893
03327904827
03327908627
03327901795
03327905405
03327905995
03327903310
03327901179
03327902314
03327901124
03327907861
03327909964
03327907621
03327907291
03327901532
03327909805
03327906555
03327903365
03327904090
03327901525
03327906020
03327906258
03327902852
03327905344
03327907778
03327907946
03327903979
03327906316
03327909437
03327908567
03327909222
03327903592
03327909911
03327904545
03327901078
03327902851
03327909904
03327908349
03327906850
03327902032
03327902576
03327908272
03327907942
03327907704
03327903879
03327909974
03327904750
03327904574
03327907922
03327902828
03327904367
03327907145
03327907796
03327903648
03327908184
03327902309
03327907405
03327903155
03327909606
03327901238
03327905661
03327901726
03327905476
03327906533
03327905370
03327905707
03327908538
03327908373
03327901732
03327909247
03327908841
03327905336
03327907381
03327905536
03327907134
03327908666
03327909722
03327905171
03327906261
03327908370
03327908336
03327902259
03327904313
03327903024
03327901920
03327906294
03327902522
03327907967
03327908997
03327901438
03327909258
03327906452
03327903062
03327905387
03327905774
03327904362
03327906083
03327902448
03327908341
03327901308
03327903589
03327901776
03327909445
03327905266
03327902428
03327905817
03327906238
03327904702
03327901086
03327902721
03327905246
03327906538
03327901775
03327901294
03327901859
03327902213
03327901189
03327906660
03327902523
03327908440
03327906175
03327901864
03327901850
03327904585
03327904985
03327908799
03327905237
03327901606
03327908127
03327901553
03327905830
03327901640
03327902779
03327909879
03327906482
03327905120
03327909253
03327907095
03327908570
03327907573
03327906063
03327906825
03327906253
03327903070
03327903967
03327905481
03327906100
03327903789
03327909056
03327907739
03327902205
03327906621
03327901027
03327908533
03327907272
03327907907
03327902333
03327906630
03327904274
03327909464
03327906936
03327903422
03327901516
03327909174
03327904360
03327905353
03327905057
03327907586
03327908587
03327907851
03327903722
03327901805
03327907674
03327909860
03327904093
03327908395
03327909822
03327908380
03327909666
03327903729
03327901163
03327901879
03327901996
03327901234
03327901785
03327902120
03327906359
03327907447
03327904229
03327903476
03327903382
03327906924
03327909621
03327909319
03327904482
03327901938
03327904824
03327904296
03327904413
03327905371
03327904329
03327903608
03327908651
03327901881
03327901849
03327905444
03327903196
03327905729
03327905590
03327909140
03327907353
03327906066
03327901602
03327905769
03327906985
03327902413
03327907426
03327906307
03327904919
03327902898
03327904798
03327901578
03327907699
03327905279
03327906905
03327908176
03327903468
03327904154
03327901317
03327908839
03327902002
03327903470
03327908499
03327907783
03327909704
03327901965
03327908415
03327909055
03327907311
03327902000
03327907945
03327908021
03327908689
03327908983
03327906283
03327906197
03327903971
03327901599
03327902346
03327907889
03327908134
03327901615
03327908146
03327903955
03327905115
03327909054
03327908381
03327905743
03327905809
03327904793
03327907333
03327907336
03327905805
03327909498
03327908698
03327909901
03327905436
03327905066
03327902201
03327902555
03327909165
03327901589
03327903989
03327906639
03327903867
03327907228
03327903121
03327905365
03327905188
03327905789
03327907553
03327907304
03327901565
03327908402
03327908414
03327906444
03327904605
03327905922
03327907207
03327909678
03327903987
03327906865
03327906687
03327908303
03327903253
03327901222
03327903343
03327908670
03327905418
03327903079
03327901303
03327907805
03327904215
03327904416
03327902379
03327902398
03327907882
03327907762
03327909951
03327902123
03327904377
03327906984
03327909532
03327909973
03327908145
03327909432
03327904188
03327906255
03327908394
03327906884
03327902535
03327903960
03327902983
03327905335
03327905141
03327906594
03327904165
03327907860
03327903013
03327904809
03327906225
03327906914
03327908182
03327907309
03327908876
03327902867
03327906219
03327908696
03327907273
03327903647
03327907114
03327904564
03327905380
03327906022
03327905495
03327906118
03327903533
03327903802
03327907055
03327909139
03327908451
03327905853
03327904004
03327902819
03327909492
03327902113
03327904622
03327902393
03327907015
03327909341
03327905493
03327903659
03327905710
03327901688
03327908027
03327905808
03327908635
03327908784
03327904018
03327902364
03327902639
03327908690
03327908262
03327902423
03327909858
03327909043
03327904449
03327901456
03327904872
03327903399
03327906583
03327902140
03327907549
03327908618
03327908503
03327905920
03327906714
03327902706
03327905402
03327903652
03327902856
03327906763
03327907825
03327908196
03327903124
03327904034
03327905474
03327909748
03327902492
03327905932
03327904130
03327904592
03327909482
03327901044
03327908118
03327908787
03327904730
03327902663
03327903305
03327908259
03327903489
03327905984
03327902859
03327908770
03327905614
03327907685
03327903630
03327907982
03327909364
03327908844
03327906834
03327903092
03327902957
03327909135
03327909484
03327907927
03327907822
03327905241
03327904099
03327904520
03327909937
03327903107
03327901985
03327903304
03327909948
03327901270
03327905821
03327902218
03327903358
03327904488
03327902111
03327904322
03327903922
03327909571
03327902714
03327908642
03327902187
03327905756
03327903585
03327909110
03327906738
03327905610
03327903530
03327903144
03327909320
03327907135
03327906126
03327903313
03327905816
03327906078
03327904460
03327905936
03327904528
03327904635
03327904143
03327907980
03327904365
03327909083
03327905377
03327909447
03327909754
03327907250
03327906427
03327903394
03327908166
03327904226
03327901159
03327907877
03327909503
03327906880
03327909819
03327909057
03327907305
03327902103
03327902648
03327908878
03327908868
03327908778
03327902261
03327905933
03327901988
03327906354
03327906631
03327905551
03327907209
03327905094
03327908101
03327907999
03327902984
03327909332
03327906389
03327902202
03327904762
03327903420
03327908072
03327903268
03327906798
03327908287
03327901247
03327908382
03327906332
03327907648
03327905904
03327908293
03327909170
03327901523
03327901737
03327901328
03327909400
03327908895
03327905635
03327904648
03327908775
03327908120
03327903917
03327908034
03327907499
03327902513
03327905345
03327909862
03327907175
03327909832
03327907264
03327909462
03327908827
03327908761
03327905252
03327909706
03327903813
03327904651
03327905362
03327903329
03327901917
03327909759
03327909177
03327907633
03327902150
03327909804
03327902472
03327908212
03327905780
03327903825
03327905884
03327907530
03327904561
03327904064
03327901263
03327905963
03327903642
03327904942
03327904669
03327907597
03327901928
03327907161
03327902136
03327903427
03327905879
03327909542
03327907682
03327907460
03327906990
03327909981
03327906721
03327902158
03327903926
03327909988
03327902696
03327904407
03327902065
03327905953
03327905535
03327902562
03327905134
03327902277
03327904743
03327901802
03327906268
03327906596
03327906845
03327905019
03327905357
03327902947
03327901282
03327905414
03327903780
03327903512
03327907498
03327903189
03327903377
03327902979
03327906712
03327907473
03327906622
03327905150
03327908733
03327905889
03327907329
03327909590
03327902691
03327907562
03327903591
03327902476
03327902022
03327908058
03327901365
03327907609
03327909479
03327902923
03327908038
03327904882
03327908235
03327902548
03327909608
03327907022
03327903686
03327905090
03327904807
03327905626
03327909387
03327906334
03327903128
03327907330
03327901872
03327909932
03327904440
03327906095
03327907850
03327909309
03327907032
03327908709
03327904241
03327906614
03327902626
03327902504
03327909972
03327902431
03327903059
03327909435
03327907462
03327903145
03327905989
03327902235
03327908566
03327902405
03327908302
03327901873
03327905167
03327902765
03327906786
03327905835
03327908422
03327909758
03327901273
03327904219
03327909994
03327906002
03327904532
03327902450
03327901778
03327906510
03327909960
03327908244
03327901381
03327906659
03327901012
03327904705
03327907073
03327907301
03327906324
03327908111
03327903522
03327905938
03327906361
03327905764
03327901937
03327904474
03327902672
03327905326
03327905045
03327909987
03327907703
03327906115
03327906003
03327908819
03327908342
03327903629
03327906105
03327909690
03327909676
03327908424
03327902457
03327904948
03327902566
03327904056
03327908559
03327902767
03327905109
03327909570
03327905486
03327905571
03327909595
03327907901
03327909370
03327901185
03327909291
03327907627
03327907595
03327902732
03327901977
03327907743
03327904201
03327902260
03327906049
03327906836
03327902546
03327903307
03327909749
03327907556
03327903236
03327903709
03327906323
03327908057
03327904190
03327908203
03327905837
03327903990
03327901470
03327907053
03327904627
03327903274
03327903069
03327909005
03327908260
03327902940
03327904357
03327909436
03327901710
03327906352
03327907085
03327904674
03327907786
03327909539
03327908269
03327902141
03327906995
03327908942
03327902208
03327902916
03327909477
03327904301
03327901488
03327904080
03327903199
03327902729
03327904139
03327905947
03327903419
03327902700
03327906493
03327909573
03327905118
03327906111
03327906704
03327907643
03327907542
03327907693
03327901720
03327903401
03327905994
03327902237
03327905502
03327902441
03327909453
03327905356
03327901320
03327903045
03327908695
03327908950
03327906029
03327901299
03327904666
03327905223
03327907711
03327903088
03327909970
03327901015
03327907204
03327908637
03327907713
03327906285
03327907700
03327902702
03327909967
03327903067
03327906658
03327907214
03327903186
03327906250
03327906409
03327902356
03327904118
03327906551
03327902204
03327905883
03327904116
03327906518
03327902079
03327908438
03327907590
03327903224
03327903863
03327902805
03327907642
03327905689
03327905473
03327905882
03327909371
03327901855
03327904084
03327908972
03327901302
03327902688
03327907614
03327906896
03327906950
03327905509
03327901169
03327904129
03327908585
03327903448
03327908220
03327909322
03327903444
03327908766
03327908645
03327905010
03327901033
03327904812
03327902832
03327904404
03327904597
03327902814
03327903830
03327904465
03327901541
03327907266
03327901514
03327901215
03327904894
03327901010
03327902156
03327905527
03327902536
03327902629
03327908251
03327905313
03327904008
03327902138
03327901417
03327902676
03327908532
03327909618
03327906678
03327903578
03327905806
03327902409
03327902724
03327908544
03327902147
03327903794
03327908490
03327901681
03327902247
03327909069
03327901200
03327903518
03327903290
03327904174
03327904774
03327909302
03327902981
03327904380
03327909883
03327901682
03327906771
03327908371
03327904473
03327907432
03327904288
03327909746
03327902803
03327905903
03327904085
03327905517
03327902605
03327905642
03327909203
03327903004
03327903387
03327901624
03327901632
03327907635
03327907767
03327908285
03327902112
03327901719
03327907402
03327907208
03327901852
03327906647
03327902500
03327906266
03327904374
03327907115
03327904719
03327903208
03327908657
03327908462
03327903733
03327905176
03327901537
03327901219
03327901277
03327907242
03327905367
03327901085
03327909381
03327908727
03327908522
03327901796
03327909405
03327908240
03327907395
03327902556
03327905845
03327904196
03327901188
03327902974
03327905465
03327909762
03327902590
03327906747
03327906629
03327902034
03327906044
03327905647
03327903687
03327901411
03327901029
03327904860
03327905419
03327906338
03327902619
03327905692
03327907082
03327904619
03327909681
03327906646
03327905049
03327902104
03327907664
03327905456
03327905471
03327902711
03327908767
03327908114
03327902030
03327904342
03327904037
03327905490
03327909971
03327903869
03327905215
03327901424
03327904309
03327903742
03327905633
03327902516
03327901504
03327901330
03327909212
03327907011
03327904986
03327904054
03327909711
03327903227
03327902484
03327902139
03327901566
03327904615
03327901203
03327908469
03327903993
03327904643
03327903071
03327909927
03327904255
03327909838
03327909350
03327902404
03327906609
03327905129
03327905596
03327902467
03327903076
03327906964
03327902743
03327909126
03327901990
03327909656
03327902368
03327909916
03327904563
03327909798
03327904848
03327902414
03327903134
03327909734
03327906817
03327903916
03327903951
03327902962
03327908054
03327902572
03327909770
03327907170
03327902462
03327905445
03327902296
03327904492
03327905048
03327907787
03327905210
03327909995
03327909172
03327905935
03327901611
03327902294
03327907047
03327906779
03327903133
03327902975
03327906487
03327905253
03327906433
03327905992
03327906727
03327908903
03327909454
03327902815
03327903725
03327908347
03327902382
03327907218
03327904817
03327907998
03327907271
03327903348
03327902881
03327906081
03327902753
03327903643
03327902076
03327904218
03327904741
03327907790
03327901395
03327904230
03327907061
03327909718
03327909161
03327909280
03327904560
03327905190
03327902170
03327908857
03327904665
03327909560
03327908316
03327909216
03327901905
03327904516
03327903110
03327906149
03327902717
03327905299
03327907341
03327905258
03327905383
03327902988
03327907755
03327907802
03327907481
03327906556
03327908434
03327901446
03327903760
03327903892
03327902836
03327909189
03327903800
03327903584
03327909034
03327906774
03327909564
03327901842
03327906787
03327901656
03327906572
03327906696
03327907836
03327905328
03327906713
03327905629
03327905566
03327907600
03327901271
03327901539
03327901367
03327902701
03327909403
03327909245
03327901334
03327904504
03327901430
03327904542
03327909422
03327903795
03327907195
03327903895
03327904999
03327907087
03327902655
03327903829
03327905346
03327908281
03327904608
03327904240
03327907168
03327903717
03327907451
03327903332
03327903898
03327902171
03327908794
03327901770
03327909226
03327909148
03327906527
03327908340
03327906254
03327907547
03327907505
03327901636
03327905574
03327901496
03327904337
03327902160
03327906222
03327902823
03327904814
03327909555
03327907705
03327909744
03327904123
03327909963
03327906448
03327903576
03327905681
03327901754
03327908354
03327903314
03327906692
03327905973
03327901594
03327902220
03327903114
03327907610
03327907110
03327909347
03327901392
03327907510
03327902214
03327904616
03327908691
03327906509
03327905881
03327907541
03327906720
03327903597
03327907920
03327908655
03327902134
03327909443
03327907969
03327902862
03327901825
03327904869
03327902845
03327906512
03327906923
03327905567
03327905056
03327907524
03327901064
03327904521
03327901077
03327904300
03327904458
03327902643
03327906355
03327904932
03327909541
03327909352
03327902791
03327903436
03327902579
03327901596
03327901325
03327901152
03327903015
03327905462
03327904922
03327906892
03327902051
03327906582
03327905615
03327905510
03327902961
03327901913
03327908273
03327909100
03327902903
03327902925
03327901964
03327905352
03327904624
03327908039
03327906867
03327905154
03327904981
03327906209
03327907820
03327908634
03327907707
03327905488
03327908417
03327904550
03327909317
03327908296
03327902565
03327907515
03327906716
03327907017
03327905304
03327904732
03327905413
03327909806
03327905334
03327904706
03327904291
03327904257
03327904575
03327902611
03327903006
03327907665
03327901108
03327904735
03327903413
03327902403
03327904679
03327904636
03327904806
03327908610
03327909841
03327907253
03327901665
03327902915
03327902491
03327907382
03327904903
03327906340
03327903914
03327904225
03327907029
03327905394
03327903308
03327903349
03327901266
03327909272
03327902243
03327906868
03327905401
03327901337
03327901383
03327904649
03327905671
03327906469
03327909441
03327901505
03327904626
03327908041
03327906827
03327906539
03327908924
03327907096
03327907443
03327907098
03327908681
03327907458
03327904613
03327902418
03327903991
03327907730
03327904758
03327908379
03327909494
03327906279
03327904629
03327903857
03327905296
03327907835
03327903481
03327909760
03327904536
03327905901
03327905146
03327909425
03327905793
03327907191
03327906013
03327901468
03327904691
03327903601
03327901481
03327908934
03327909661
03327902645
03327909277
03327902866
03327905199
03327902014
03327908711
03327903966
03327902683
03327906456
03327906792
03327908615
03327902389
03327906004
03327901695
03327901343
03327905601
03327906239
03327903396
03327902679
03327905839
03327901899
03327907485
03327902927
03327905798
03327902756
03327908797
03327906979
03327907075
03327901196
03327907582
03327903855
03327904247
03327909000
03327902848
03327906739
03327904019
03327905678
03327901443
03327909658
03327909290
03327909633
03327908230
03327901789
03327909163
03327904642
03327901500
03327909903
03327906415
03327903646
03327906339
03327901184
03327907875
03327906725
03327904778
03327901301
03327908561
03327907417
03327901250
03327909896
03327901562
03327905119
03327908955
03327906278
03327902665
03327905617
03327901076
03327901035
03327903056
03327901540
03327905643
03327909349
03327902777
03327904075
03327906987
03327907034
03327901746
03327909327
03327908641
03327907793
03327903080
03327907459
03327901580
03327907467
03327906975
03327909160
03327908573
03327902678
03327907021
03327904173
03327905606
03327906810
03327909401
03327907714
03327907847
03327901981
03327908487
03327906976
03327907955
03327905784
03327904063
03327901018
03327902374
03327903617
03327903810
03327907572
03327903720
03327907366
03327906501
03327908392
03327902703
03327901280
03327901653
03327902671
03327902660
03327905572
03327902183
03327906031
03327908389
03327901543
03327901192
03327901120
03327909936
03327909839
03327905915
03327901968
03327909223
03327907088
03327904503
03327902410
03327903707
03327906960
03327901433
03327903981
03327909182
03327902176
03327906174
03327902299
03327908720
03327901684
03327902329
03327908218
03327904451
03327901709
03327907746
03327903886
03327909133
03327907413
03327906775
03327901126
03327909485
03327907986
03327907046
03327904946
03327905093
03327906061
03327907118
03327901262
03327901059
03327905537
03327905702
03327907419
03327903043
03327907929
03327908149
03327903767
03327907593
03327902199
03327906617
03327909505
03327906615
03327903963
03327909158
03327902738
03327908103
03327909599
03327901072
03327901113
03327901402
03327903205
03327906364
03327909509
03327904003
03327907126
03327908189
03327909910
03327909063
03327905723
03327908919
03327907914
03327903108
03327907121
03327904475
03327907193
03327901028
03327901931
03327908197
03327902653
03327908993
03327909289
03327908481
03327907107
03327902488
03327909488
03327905324
03327901246
03327903457
03327907919
03327908772
03327901759
03327908791
03327902316
03327906069
03327905195
03327901998
03327902910
03327901812
03327906926
03327905425
03327903619
03327905874
03327907280
03327901619
03327907897
03327901206
03327906419
03327904293
03327904142
03327909976
03327907915
03327909193
03327903878
03327904832
03327907773
03327904673
03327902341
03327905036
03327904049
03327903040
03327904717
03327904101
03327907159
03327905934
03327907514
03327909326
03327903706
03327904957
03327909731
03327905178
03327902998
03327905777
03327903223
03327903002
03327905823
03327908864
03327909755
03327903378
03327903865
03327909866
03327906988
03327907943
03327905286
03327909588
03327907318
03327908768
03327905347
03327903998
03327908477
03327909640
03327907383
03327907862
03327908940
03327908429
03327909202
03327902275
03327907265
03327902152
03327908608
03327909840
03327902307
03327905091
03327902742
03327904487
03327906188
03327909003
03327901043
03327905516
03327905847
03327904925
03327902936
03327906232
03327907831
03327903011
03327902322
03327905166
03327903141
03327904157
03327906170
03327902452
03327902292
03327901575
03327903374
03327906038
03327903000
03327903929
03327903181
03327902262
03327903653
03327902614
03327908254
03327905826
03327901137
03327904845
03327908053
03327903730
03327909188
03327903964
03327909467
03327905539
03327907732
03327902997
03327907587
03327905999
03327903902
03327902217
03327904057
03327903030
03327904347
03327906619
03327904073
03327908885
03327905745
03327901863
03327909217
03327904881
03327908454
03327909265
03327907368
03327902255
03327908062
03327906740
03327908123
03327903540
03327906458
03327904770
03327909930
03327906895
03327902234
03327903819
03327903703
03327909923
03327905060
03327908132
03327909250
03327906010
03327903126
03327904159
03327904332
03327903740
03327908472
03327901057
03327902758
03327908792
03327908523
03327905243
03327905133
03327908436
03327901870
03327909351
03327901679
03327902970
03327901630
03327906803
03327901171
03327901563
03327907045
03327909553
03327907165
03327903625
03327904112
03327903187
03327905012
03327904117
03327904427
03327901651
03327901256
03327904980
03327903750
03327907701
03327905022
03327904043
03327901127
03327905194
03327903090
03327907313
03327907636
03327907567
03327904059
03327906292
03327901408
03327909480
03327909728
03327905547
03327905330
03327903001
03327906037
03327907320
03327906671
03327904456
03327908748
03327904338
03327909756
03327901781
03327907917
03327906584
03327909984
03327905714
03327907063
03327904242
03327906172
03327905226
03327902224
03327902537
03327909691
03327909708
03327902766
03327907296
03327908315
03327905310
03327909328
03327901459
03327908390
03327906606
03327903609
03327908328
03327908800
03327905944
03327903739
03327903017
03327906318
03327902716
03327905294
03327909230
03327904426
03327906484
03327909602
03327902602
03327908672
03327901616
03327909026
03327901295
03327901160
03327903020
03327901202
03327908095
03327902744
03327906370
03327904581
03327902315
03327901585
03327907613
03327902628
03327909366
03327903602
03327904839
03327907377
03327903616
03327906581
03327905887
03327908684
03327908853
03327907721
03327907422
03327902951
03327903936
03327907221
03327908643
03327901912
03327907137
03327906158
03327908922
03327901836
03327904014
03327908241
03327908649
03327905061
03327903286
03327902456
03327906331
03327901003
03327907252
03327902227
03327908007
03327905102
03327909651
03327905778
03327909665
03327907618
03327908734
03327901114
03327901703
03327909729
03327907661
03327908579
03327909478
03327908804
03327909877
03327907662
03327904601
03327907605
03327906218
03327901390
03327905672
03327909283
03327907651
03327906808
03327901046
03327901370
03327908616
03327902574
03327902726
03327904361
03327904152
03327907512
03327906570
03327903309
03327907054
03327905282
03327901399
03327905442
03327903061
03327908674
03327905161
03327906290
03327909962
03327906478
03327908274
03327904857
03327902027
03327901519
03327902172
03327904484
03327909382
03327909630
03327902913
03327908504
03327909513
03327904052
03327909200
03327901560
03327908295
03327908031
03327905027
03327907513
03327905544
03327909845
03327909251
03327904189
03327904039
03327908400
03327903525
03327908816
03327907905
03327902514
03327903716
03327908825
03327908500
03327903132
03327906082
03327906189
03327902102
03327904586
03327906534
03327904582
03327905131
03327904094
03327909863
03327907537
03327907570
03327906391
03327907508
03327903235
03327902934
03327902100
03327908065
03327902512
03327904771
03327907044
03327908706
03327909336
03327901865
03327908085
03327907992
03327905518
03327908419
03327906506
03327901255
03327903338
03327903255
03327902946
03327904021
03327901641
03327902929
03327907989
03327906424
03327905092
03327905632
03327904069
03327902593
03327904941
03327907351
03327909945
03327908264
03327904935
03327905053
03327905997
03327904744
03327905800
03327907843
03327903757
03327903623
03327907667
03327906349
03327905622
03327904208
03327903347
03327903975
03327909928
03327905388
03327901348
03327908760
03327907119
03327908268
03327906080
03327902978
03327908970
03327906549
03327901001
03327907956
03327902680
03327905260
03327907437
03327902875
03327906430
03327901052
03327909093
03327907979
03327902279
03327901556
03327904900
03327908329
03327901535
03327901774
03327909496
03327901983
03327908493
03327903507
03327906201
03327908165
03327908231
03327903697
03327904994
03327905705
03327906000
03327905531
03327904351
03327905309
03327907124
03327909637
03327902318
03327901712
03327909969
03327904180
03327902127
03327909615
03327903327
03327903370
03327906045
03327907632
03327905072
03327901368
03327903675
03327905297
03327901216
03327908623
03327906588
03327901208
03327908906
03327905694
03327903796
03327902531
03327902695
03327909345
03327904623
03327904088
03327908678
03327905747
03327903677
03327901886
03327901363
03327907390
03327909825
03327901745
03327905409
03327909378
03327907066
03327904203
03327908216
03327906593
03327904535
03327907795
03327905293
03327907111
03327903115
03327902775
03327901311
03327906942
03327902388
03327908609
03327904066
03327903146
03327909474
03327904030
03327902931
03327909059
03327908330
03327907050
03327904097
03327908158
03327903339
03327903027
03327902029
03327901971
03327905406
03327908258
03327903044
03327903945
03327905930
03327908327
03327908247
03327907883
03327908782
03327908463
03327909233
03327909603
03327909213
03327906135
03327901489
03327909458
03327904630
03327902746
03327902737
03327901371
03327903075
03327909249
03327905408
03327902192
03327908803
03327906744
03327905602
03327901914
03327909775
03327902865
03327902044
03327904754
03327909643
03327908753
03327908510
03327904577
03327909276
03327907039
03327904926
03327908046
03327908515
03327909084
03327903265
03327903815
03327909114
03327902468
03327909159
03327907990
03327905038
03327905500
03327908332
03327904875
03327905725
03327901768
03327907712
03327903228
03327902954
03327904683
03327905487
03327906645
03327905484
03327906829
03327904113
03327901581
03327905766
03327901744
03327908036
03327902625
03327907237
03327905885
03327909800
03327905303
03327904199
03327902754
03327905196
03327907569
03327908083
03327909876
03327904144
03327902991
03327901453
03327901210
03327901930
03327906350
03327902651
03327909268
03327909408
03327909857
03327904659
03327904276
03327907028
03327909141
03327907166
03327901066
03327902529
03327906162
03327904593
03327901752
03327902249
03327905928
03327903425
03327908941
03327906762
03327907624
03327904552
03327903965
03327903161
03327907898
03327906519
03327906315
03327905616
03327901235
03327902699
03327909683
03327907388
03327905112
03327901214
03327902370
03327905858
03327908569
03327905144
03327901683
03327907737
03327904604
03327909107
03327905624
03327902061
03327909409
03327902668
03327907911
03327901649
03327902708
03327906553
03327907302
03327905043
03327902087
03327903497
03327905895
03327909261
03327907373
03327907828
03327905648
03327904345
03327905028
03327906300
03327908920
03327906274
03327903411
03327901804
03327907018
03327909865
03327904573
03327908692
03327906394
03327906993
03327906236
03327909853
03327902600
03327908725
03327905086
03327907830
03327909502
03327903342
03327909395
03327909036
03327901904
03327905174
03327904421
03327903962
03327908324
03327902455
03327906320
03327902035
03327905070
03327907380
03327909600
03327908707
03327909535
03327901445
03327903204
03327901861
03327907673
03327902400
03327909777
03327906267
03327903294
03327909379
03327906084
03327908376
03327909515
03327901758
03327905896
03327907189
03327905949
03327908556
03327909562
03327901156
03327907243
03327907749
03327903588
03327901469
03327906929
03327907227
03327905546
03327907971
03327904428
03327903751
03327904551
03327904410
03327901404
03327903828
03327902008
03327908676
03327907234
03327905576
03327903493
03327907725
03327906140
03327907092
03327906196
03327902426
03327901915
03327908403
03327903318
03327906653
03327904701
03327905956
03327902713
03327909461
03327903823
03327902436
03327906070
03327903433
03327901095
03327901530
03327909953
03327906766
03327901422
03327902438
03327903915
03327907557
03327901298
03327903956
03327906429
03327903269
03327903752
03327904970
03327909099
03327904680
03327901384
03327909307
03327903817
03327905876
03327904330
03327903523
03327903389
03327905314
03327908884
03327903883
03327907612
03327901261
03327904310
03327908391
03327901884
03327909803
03327906160
03327906068
03327908902
03327902290
03327909094
03327909303
03327903850
03327901895
03327904653
03327908769
03327902723
03327907506
03327908946
03327909921
03327901672
03327909934
03327906961
03327908593
03327902952
03327903528
03327905113
03327902421
03327905667
03327905228
03327904150
03327907213
03327906146
03327906124
03327906889
03327902419
03327906597
03327909980
03327909699
03327904496
03327906683
03327902658
03327904821
03327905842
03327902311
03327909463
03327903538
03327902200
03327901379
03327904600
03327903953
03327901705
03327902693
03327905824
03327903545
03327901396
03327905968
03327902422
03327904828
03327904777
03327904694
03327902006
03327907534
03327908849
03327901305
03327909609
03327902612
03327905417
03327909030
03327908001
03327909747
03327906303
03327904187
03327903495
03327908832
03327902553
03327905104
03327905234
03327902155
03327902019
03327906937
03327906059
03327901961
03327903875
03327905407
03327904660
03327903805
03327908494
03327902847
03327908614
03327905897
03327905448
03327904500
03327905532
03327909411
03327907834
03327908207
03327906557
03327908644
03327904641
03327907583
03327902276
03327902340
03327909627
03327901991
03327908009
03327902525
03327905754
03327905558
03327902490
03327908718
03327908911
03327901800
03327901170
03327901534
03327903129
03327901626
03327907864
03327904995
03327903256
03327904160
03327908812
03327907181
03327903352
03327908092
03327906109
03327909753
03327906915
03327906814
03327908138
03327904078
03327909394
03327906410
03327905840
03327907041
03327904888
03327901019
03327908051
03327909138
03327906613
03327904141
03327906242
03327902186
03327901621
03327906397
03327905343
03327901227
03327901373
03327905267
03327903136
03327903471
03327904134
03327908737
03327907465
03327901635
03327903766
03327906874
03327909958
03327901954
03327906722
03327909769
03327906382
03327906590
03327908173
03327907764
03327905981
03327901345
03327901428
03327909888
03327904172
03327905669
03327909343
03327905507
03327903130
03327902538
03327904963
03327904767
03327906709
03327906062
03327904303
03327903702
03327904937
03327903101
03327903877
03327907578
03327903529
03327906806
03327908074
03327907230
03327901533
03327902882
03327906372
03327904067
03327908032
03327906134
03327902265
03327905585
03327905015
03327904583
03327908193
03327902812
03327903583
03327907385
03327909198
03327906507
03327907220
03327908601
03327906471
03327906796
03327902569
03327901896
03327905570
03327901042
03327907108
03327902266
03327907672
03327907129
03327908987
03327909167
03327906983
03327909358
03327906931
03327904284
03327909547
03327904245
03327904319
03327902728
03327906657
03327907489
03327901885
03327909912
03327901837
03327908710
03327908358
03327907240
03327909365
03327903172
03327901951
03327903900
03327904248
03327905987
03327908163
03327906828
03327903983
03327907167
03327905404
03327902360
03327906494
03327905751
03327904370
03327903788
03327903454
03327906393
03327905479
03327906186
03327901749
03327902161
03327907854
03327901822
03327908824
03327909376
03327901617
03327901240
03327909537
03327905283
03327908564
03327901949
03327903319
03327906463
03327904722
03327906163
03327904001
03327903057
03327908875
03327907631
03327908965
03327901903
03327904352
03327906217
03327904280
03327909090
03327902907
03327902624
03327902166
03327901004
03327904236
03327902661
03327902198
03327906046
03327908243
03327908183
03327909966
03327905644
03327908126
03327904695
03327903498
03327908746
03327901094
03327901162
03327908820
03327906304
03327905055
03327902869
03327906257
03327904079
03327906461
03327906308
03327907003
03327902167
03327907650
03327905587
03327901104
03327904862
03327904883
03327909788
03327906778
03327909820
03327907947
03327904105
03327901081
03327908547
03327901013
03327906166
03327908152
03327909824
03327902760
03327902577
03327909406
03327904434
03327907555
03327901901
03327904290
03327901544
03327903215
03327904272
03327901462
03327909924
03327904062
03327909420
03327907051
03327905477
03327905685
03327902317
03327903361
03327902644
03327905385
03327909281
03327903388
03327905687
03327905489
03327905433
03327901755
03327907434
03327901728
03327909061
03327901297
03327902517
03327906006
03327909809
03327908605
03327908636
03327903934
03327904262
03327902396
03327908783
03327904797
03327907518
03327906110
03327902415
03327903721
03327908250
03327903778
03327906528
03327908169
03327902090
03327909483
03327908680
03327906439
03327903415
03327907777
03327905427
03327907493
03327906453
03327906142
03327907023
03327908811
03327903482
03327906406
03327906088
03327902821
03327901388
03327909300
03327902620
03327906228
03327901797
03327903381
03327905591
03327901204
03327903874
03327906541
03327906566
03327909889
03327901810
03327907071
03327902606
03327905321
03327903644
03327903769
03327908140
03327909859
03327908557
03327909439
03327906579
03327905089
03327905549
03327901637
03327903593
03327901685
03327905588
03327906295
03327909344
03327902028
03327907995
03327905722
03327906472
03327903580
03327906269
03327909795
03327908953
03327906881
03327905760
03327904541
03327901634
03327903894
03327906440
03327909826
03327907120
03327902007
03327907779
03327908909
03327909374
03327905003
03327909210
03327904455
03327908897
03327909864
03327902070
03327903719
03327909686
03327903231
03327901959
03327906788
03327906379
03327901349
03327904801
03327908838
03327903905
03327907229
03327904557
03327906702
03327902842
03327903147
03327902320
03327905227
03327904548
03327909021
03327903217
03327907634
03327902011
03327903567
03327907269
03327902581
03327904880
03327905068
03327907401
03327906851
03327906585
03327909346
03327907581
03327902965
03327904012
03327904287
03327903135
03327905573
03327908520
03327907307
03327907153
03327908546
03327908081
03327906492
03327906703
03327908991
03327908335
