03218401999
03218402999
03218403999
03218404999
03218405999
03218406999
03218407999
03218408999
03218409999
03218410999
03218411999
03218412999
03218413999
03218414999
03218415999
03218416999
03218417999
03218418999
03218419999
03218420999
03218421999
03218422999
03218423999
03218424999
03218425999
03218426999
03218427999
03218428999
03218429999
03218430999
03218431999
03218432999
03218433999
03218434999
03218435999
03218436999
03218437999
03218438999
03218439999
03218440999
03218441999
03218442999
03218443999
03218444999
03218445999
03218446999
03218447999
03218448999
03218449999
03218450999
03218451999
03218452999
03218453999
03218454999
03218455999
03218456999
03218457999
03218458999
03218459999
03218460999
03218461999
03218462999
03218463999
03218464999
03218465999
03218466999
03218467999
03218468999
03218469999
03218470999
03218471999
03218472999
03218473999
03218474999
03218475999
03218476999
03218477999
03218478999
03218479999
03218480999
03218481999
03218482999
03218483999
03218484999
03218485999
03218486999
03218487999
03218488999
03218489999
03218490999
03218491999
03218492999
03218493999
03218494999
03218495999
03218496999
03218497999
03218498999
03218499999
