03337795916
03337797050
03337798593
03337799029
03337798663
03337799289
03337796776
03337795523
03337797333
03337794575
03337798357
03337794553
03337799222
03337799378
03337792119
03337796862
03337798025
03337795744
03337795859
03337795279
03337796180
03337794004
03337793158
03337791735
03337796467
03337791983
03337799815
03337795086
03337797492
03337796553
03337794358
03337791252
03337792809
03337796438
03337799528
03337798424
03337799218
03337799523
03337796055
03337792094
03337797552
03337792917
03337797484
03337794827
03337798053
03337796899
03337796489
03337792819
03337791847
03337791583
03337793949
03337795327
03337794588
03337795870
03337796927
03337792822
03337794792
03337795708
03337792247
03337797082
03337797967
03337797999
03337794864
03337798126
03337799310
03337798497
03337792421
03337796526
03337795169
03337795756
03337794533
03337794085
03337796451
03337794251
03337791639
03337793930
03337792916
03337798596
03337794673
03337798542
03337794969
03337795925
03337791939
03337791849
03337793657
03337791496
03337796396
03337795898
03337793815
03337793808
03337795012
03337799585
03337794917
03337792619
03337796701
03337798743
03337796475
03337797991
03337795321
03337796414
03337798193
03337796784
03337798137
03337795630
03337792676
03337791182
03337792791
03337793650
03337792409
03337799424
03337793030
03337794456
03337792201
03337797370
03337798573
03337794840
03337799270
03337791941
03337799073
03337796865
03337795322
03337791631
03337794938
03337795186
03337796440
03337794274
03337793220
03337798554
03337792215
03337795131
03337795155
03337793712
03337798026
03337798820
03337795214
03337795035
03337791023
03337792603
03337791887
03337798163
03337794499
03337791372
03337797902
03337793150
03337799473
03337795191
03337797143
03337796251
03337797710
03337791271
03337791044
03337796243
03337795675
03337796350
03337793044
03337798134
03337796203
03337794475
03337792240
03337797070
03337794860
03337796814
03337792104
03337794915
03337794234
03337796470
03337796704
03337793434
03337793467
03337793813
03337798538
03337797454
03337794801
03337798029
03337791410
03337795963
03337795062
03337797444
03337792440
03337797719
03337797775
03337798970
03337799360
03337797114
03337794468
03337793957
03337797412
03337795923
03337797429
03337799157
03337793041
03337796336
03337797368
03337792909
03337795334
03337799503
03337791240
03337794566
03337796872
03337797577
03337795804
03337791862
03337797812
03337795589
03337793333
03337798174
03337793064
03337796276
03337792007
03337794771
03337792419
03337799094
03337794329
03337795944
03337794874
03337796244
03337793451
03337792001
03337792747
03337796022
03337797544
03337793009
03337794656
03337795496
03337791118
03337797432
03337797752
03337798501
03337795558
03337797873
03337793166
03337797497
03337796860
03337791524
03337791135
03337795782
03337794347
03337799646
03337795421
03337794386
03337797241
03337793039
03337794331
03337798034
03337799089
03337796051
03337799238
03337791819
03337792795
03337797206
03337792316
03337794471
03337795901
03337794562
03337795646
03337796448
03337798567
03337794545
03337798248
03337794131
03337792778
03337797377
03337799383
03337791927
03337796964
03337791674
03337797898
03337797587
03337793876
03337794392
03337793420
03337791540
03337799507
03337796965
03337796054
03337799995
03337794544
03337797052
03337795233
03337795361
03337799785
03337793999
03337798972
03337795819
03337796076
03337798992
03337798907
03337791553
03337799705
03337794124
03337798372
03337794855
03337799175
03337792134
03337795207
03337796936
03337797442
03337791508
03337797001
03337794095
03337794106
03337796941
03337791602
03337798491
03337798252
03337793966
03337792407
03337797085
03337794839
03337795633
03337791603
03337791889
03337793898
03337798615
03337794450
03337798797
03337794883
03337795485
03337791867
03337799810
03337791834
03337795382
03337798592
03337791198
03337798030
03337795164
03337793354
03337797102
03337796456
03337793724
03337798359
03337795690
03337799893
03337792030
03337794217
03337797584
03337794941
03337799146
03337793571
03337794866
03337799249
03337792739
03337793252
03337797286
03337798236
03337796591
03337792486
03337798644
03337795712
03337796023
03337795133
03337794284
03337792272
03337791559
03337797292
03337795935
03337797243
03337793731
03337797736
03337798418
03337791908
03337793243
03337796199
03337796584
03337791213
03337794143
03337792721
03337796238
03337796967
03337796133
03337795853
03337797946
03337793533
03337799794
03337798572
03337798458
03337797701
03337793226
03337791405
03337797621
03337791207
03337793307
03337799005
03337791903
03337799840
03337797129
03337791087
03337794231
03337792253
03337797430
03337791569
03337795479
03337792412
03337798046
03337795304
03337795425
03337797155
03337799346
03337796141
03337798670
03337792863
03337799278
03337797673
03337794206
03337794794
03337796383
03337796112
03337799024
03337791538
03337796398
03337799837
03337795301
03337795022
03337797938
03337792446
03337795562
03337798565
03337798614
03337791027
03337792222
03337793359
03337795046
03337794052
03337799408
03337793232
03337796977
03337797851
03337793157
03337796624
03337799991
03337796292
03337797847
03337793894
03337793228
03337796508
03337793940
03337791594
03337791647
03337795467
03337792133
03337791408
03337791451
03337794248
03337798251
03337798498
03337791984
03337799203
03337791434
03337794067
03337791066
03337794972
03337799976
03337791427
03337798675
03337797585
03337799420
03337791986
03337792144
03337798398
03337796153
03337797714
03337794670
03337795385
03337794518
03337798441
03337798282
03337791711
03337796849
03337794922
03337791918
03337799537
03337797956
03337792284
03337793126
03337792728
03337799599
03337794659
03337794639
03337794857
03337793780
03337792827
03337798255
03337796531
03337799306
03337795265
03337794008
03337792227
03337793480
03337797979
03337793735
03337793461
03337795297
03337792864
03337795434
03337798863
03337793732
03337793702
03337799984
03337799723
03337797218
03337796144
03337793054
03337793470
03337796390
03337794458
03337796691
03337792386
03337793758
03337797159
03337791295
03337793934
03337791843
03337797986
03337799135
03337793017
03337795210
03337799483
03337793368
03337796942
03337798183
03337796075
03337792658
03337797692
03337793865
03337795867
03337794603
03337795134
03337796562
03337796683
03337795201
03337796092
03337795836
03337798874
03337799549
03337795535
03337791094
03337796302
03337794001
03337798930
03337793591
03337791733
03337795745
03337794774
03337793849
03337799201
03337794871
03337794363
03337796969
03337796766
03337792826
03337796519
03337792880
03337792820
03337796356
03337796161
03337797371
03337795160
03337791928
03337791894
03337793299
03337794142
03337795660
03337793948
03337792274
03337796447
03337798206
03337799773
03337798657
03337794100
03337792132
03337793682
03337796028
03337794894
03337792712
03337797481
03337791728
03337795024
03337791904
03337792783
03337792708
03337794574
03337797614
03337797156
03337799945
03337797840
03337791558
03337798431
03337799805
03337793850
03337796542
03337799114
03337796290
03337791575
03337792754
03337796664
03337794590
03337792154
03337796479
03337792666
03337796397
03337799197
03337792568
03337791267
03337794658
03337797678
03337791598
03337798274
03337792237
03337792877
03337791239
03337797699
03337798833
03337791050
03337799827
03337798931
03337795669
03337792327
03337796270
03337796061
03337793709
03337796913
03337798603
03337791136
03337794727
03337793665
03337797138
03337792870
03337792014
03337798177
03337798416
03337794587
03337799617
03337796572
03337798207
03337793684
03337794305
03337796237
03337795051
03337793921
03337795614
03337794762
03337791337
03337797547
03337796996
03337798366
03337793136
03337798859
03337793414
03337792663
03337793522
03337792951
03337797932
03337793027
03337795403
03337796812
03337792760
03337799225
03337799521
03337796462
03337794244
03337792032
03337794120
03337792586
03337796715
03337799403
03337793552
03337797260
03337798051
03337792376
03337791533
03337797877
03337793120
03337793647
03337798050
03337795280
03337795728
03337793908
03337793377
03337797800
03337793942
03337797493
03337793476
03337795825
03337794354
03337793504
03337799151
03337794552
03337797093
03337795514
03337792079
03337794246
03337797540
03337796420
03337799455
03337792737
03337799111
03337796261
03337792145
03337799881
03337793870
03337798934
03337799639
03337795577
03337791470
03337795136
03337794007
03337798655
03337797116
03337793845
03337791929
03337792772
03337791910
03337797199
03337797726
03337792905
03337797301
03337798899
03337797824
03337794440
03337792363
03337791041
03337799401
03337796272
03337793465
03337794797
03337797115
03337795655
03337798559
03337793837
03337792883
03337798367
03337796757
03337796859
03337794963
03337795611
03337793648
03337795537
03337791385
03337793356
03337794844
03337799429
03337796571
03337798598
03337796176
03337794462
03337795538
03337791539
03337791460
03337793452
03337791923
03337792699
03337793351
03337793362
03337797478
03337798933
03337797279
03337797682
03337795503
03337796077
03337799000
03337794899
03337795211
03337798728
03337797927
03337793412
03337793759
03337799412
03337797178
03337791987
03337795238
03337794072
03337792090
03337793954
03337791219
03337795320
03337793502
03337796948
03337793687
03337794193
03337792175
03337793906
03337793334
03337795910
03337795548
03337791747
03337791068
03337792520
03337797175
03337796060
03337791065
03337795734
03337792613
03337792126
03337797779
03337794040
03337794745
03337792057
03337791363
03337798123
03337793405
03337798097
03337796842
03337796528
03337797275
03337792575
03337792051
03337791211
03337794263
03337794534
03337795751
03337799505
03337794900
03337798913
03337791630
03337798895
03337792718
03337796896
03337795862
03337791025
03337798220
03337797389
03337799093
03337797541
03337792852
03337792908
03337798942
03337798891
03337792829
03337795236
03337799067
03337793970
03337798272
03337795284
03337799944
03337795124
03337794849
03337796802
03337791199
03337792620
03337797354
03337795748
03337795126
03337793115
03337793161
03337795405
03337796509
03337792235
03337795817
03337798307
03337799885
03337797369
03337792641
03337799142
03337792269
03337795371
03337791705
03337791699
03337799004
03337795188
03337795833
03337794943
03337793357
03337793611
03337792773
03337791772
03337791013
03337794223
03337797021
03337796472
03337797103
03337797781
03337795827
03337795729
03337792385
03337798647
03337793991
03337793001
03337793250
03337795662
03337798386
03337797915
03337798244
03337795981
03337792579
03337791430
03337799493
03337795162
03337793616
03337792165
03337799915
03337799757
03337799550
03337792631
03337794737
03337791221
03337791286
03337799358
03337792454
03337791360
03337796441
03337799642
03337799319
03337793052
03337792187
03337792583
03337799280
03337794970
03337795696
03337791789
03337792551
03337795790
03337798433
03337792792
03337797527
03337795365
03337792856
03337798021
03337797188
03337797598
03337796069
03337796179
03337791976
03337796015
03337799254
03337791779
03337791655
03337794376
03337799028
03337797018
03337795789
03337797602
03337794620
03337796138
03337791788
03337792109
03337799978
03337797331
03337794787
03337793854
03337798619
03337798946
03337792788
03337798801
03337793993
03337798039
03337794433
03337795431
03337793762
03337793463
03337797343
03337797037
03337795758
03337794904
03337795941
03337798677
03337795999
03337794949
03337791170
03337792295
03337791004
03337797353
03337793255
03337794253
03337798043
03337799856
03337796696
03337791282
03337792324
03337798991
03337792853
03337798978
03337791356
03337792171
03337795765
03337798324
03337792830
03337795072
03337792844
03337799570
03337796403
03337795997
03337798845
03337795176
03337797776
03337797797
03337796404
03337793786
03337795574
03337797065
03337799090
03337791138
03337793987
03337791102
03337795451
03337791416
03337798074
03337794286
03337799698
03337794643
03337792777
03337796529
03337792679
03337794523
03337798472
03337793453
03337792436
03337797148
03337792531
03337795056
03337794213
03337794297
03337795192
03337794966
03337796597
03337793792
03337796675
03337797186
03337798842
03337793969
03337797393
03337798153
03337798329
03337797939
03337795478
03337797976
03337792353
03337797464
03337793963
03337795117
03337791880
03337792554
03337792377
03337797917
03337792121
03337796367
03337796653
03337793990
03337792920
03337796608
03337794506
03337799677
03337799853
03337795493
03337795680
03337794015
03337795123
03337798987
03337794497
03337791669
03337798450
03337795067
03337794535
03337799938
03337792332
03337791743
03337792814
03337797048
03337797425
03337793195
03337795592
03337793671
03337794473
03337795235
03337795311
03337791638
03337791330
03337798299
03337796172
03337794109
03337799623
03337796200
03337798340
03337798362
03337796997
03337797379
03337792156
03337792320
03337797852
03337798382
03337793078
03337797740
03337791691
03337792628
03337799831
03337792298
03337799541
03337795083
03337799811
03337797348
03337794461
03337792278
03337794122
03337796132
03337793403
03337794452
03337799450
03337797866
03337795101
03337791823
03337796620
03337796852
03337792233
03337796466
03337795670
03337794467
03337791850
03337794278
03337797325
03337797798
03337792514
03337798989
03337791623
03337796029
03337799569
03337793730
03337797957
03337792763
03337791607
03337791461
03337797239
03337793178
03337794226
03337799048
03337791965
03337791423
03337794986
03337798718
03337792921
03337798230
03337797578
03337793450
03337796700
03337798790
03337797811
03337792271
03337796147
03337792989
03337795604
03337795631
03337796935
03337798876
03337799251
03337799072
03337792254
03337792889
03337799469
03337792290
03337795004
03337792041
03337792492
03337792801
03337792313
03337791125
03337799080
03337795899
03337799608
03337796581
03337792288
03337791758
03337791458
03337791810
03337791587
03337795857
03337796242
03337793935
03337799034
03337793088
03337792172
03337795914
03337796463
03337799335
03337798108
03337791159
03337791696
03337799374
03337796297
03337797570
03337799470
03337793833
03337797088
03337798894
03337796523
03337799732
03337792651
03337793432
03337796587
03337799044
03337791833
03337791431
03337799695
03337799147
03337796250
03337796305
03337793767
03337799224
03337793729
03337792617
03337791499
03337794187
03337791988
03337792685
03337792693
03337799333
03337791875
03337793251
03337795601
03337796500
03337793127
03337794080
03337795967
03337798600
03337792249
03337798413
03337792549
03337798940
03337791265
03337795703
03337794609
03337793358
03337793683
03337793864
03337797702
03337799184
03337798010
03337795995
03337798213
03337796308
03337799442
03337799109
03337797009
03337798009
03337799813
03337798558
03337798165
03337792723
03337791130
03337796650
03337797266
03337793086
03337794965
03337791890
03337792922
03337796285
03337793366
03337799327
03337799010
03337795427
03337795888
03337794066
03337797591
03337794913
03337793189
03337799658
03337799158
03337793140
03337791403
03337792447
03337792735
03337797388
03337798211
03337797537
03337791886
03337792757
03337792552
03337797256
03337795002
03337796098
03337793045
03337797951
03337796322
03337799998
03337793386
03337795742
03337798998
03337794385
03337796770
03337792217
03337795687
03337797941
03337796991
03337799559
03337791682
03337792517
03337795307
03337794710
03337798747
03337791480
03337796569
03337796457
03337798171
03337791412
03337797968
03337798591
03337793190
03337796271
03337796000
03337797397
03337793721
03337793448
03337798350
03337799833
03337796963
03337799668
03337797069
03337794611
03337798488
03337795443
03337794416
03337792643
03337794814
03337796493
03337794409
03337794262
03337791112
03337792541
03337796213
03337795884
03337791018
03337799663
03337797096
03337794750
03337792108
03337792162
03337797961
03337799069
03337796957
03337792886
03337795486
03337791783
03337791811
03337799500
03337791846
03337797907
03337792923
03337795442
03337794017
03337799910
03337793777
03337796697
03337797595
03337791591
03337793135
03337792608
03337792136
03337794734
03337798205
03337799972
03337799860
03337799543
03337796380
03337793281
03337796454
03337795686
03337793139
03337793607
03337792625
03337792450
03337791611
03337798306
03337796211
03337797466
03337792011
03337799752
03337793319
03337793124
03337799027
03337795352
03337798162
03337794820
03337798152
03337797281
03337791806
03337791985
03337798363
03337792161
03337797097
03337792558
03337794224
03337793090
03337794406
03337798965
03337793830
03337794486
03337794292
03337798924
03337791807
03337796419
03337795863
03337794254
03337791101
03337793296
03337795455
03337795907
03337791776
03337792083
03337798710
03337799942
03337798280
03337799452
03337795528
03337792681
03337794962
03337791551
03337798342
03337794356
03337797950
03337796490
03337793859
03337791924
03337792875
03337791944
03337799262
03337798475
03337797635
03337798499
03337798912
03337791501
03337793887
03337794817
03337796012
03337799471
03337794724
03337793971
03337796845
03337794312
03337795911
03337796745
03337795346
03337799875
03337795672
03337791595
03337799364
03337799852
03337799208
03337798532
03337797998
03337794373
03337792169
03337797327
03337798301
03337791672
03337796173
03337792452
03337796828
03337798903
03337793332
03337794242
03337796366
03337791995
03337799250
03337793916
03337793482
03337792803
03337796039
03337799134
03337797336
03337799703
03337792969
03337795889
03337795639
03337795996
03337799282
03337799765
03337799517
03337797482
03337799949
03337797609
03337791301
03337798897
03337793748
03337793191
03337797399
03337792261
03337795200
03337793755
03337792623
03337798377
03337795122
03337798687
03337791402
03337791288
03337791083
03337797026
03337797351
03337795740
03337793479
03337791212
03337795844
03337792207
03337793170
03337794273
03337799138
03337793814
03337796760
03337796417
03337797948
03337795018
03337798803
03337795943
03337799936
03337798688
03337799398
03337797768
03337793204
03337797262
03337793867
03337798229
03337795561
03337795418
03337791560
03337798154
03337793014
03337794228
03337797987
03337791166
03337791386
03337796995
03337796206
03337797173
03337791254
03337797978
03337792598
03337798997
03337795140
03337797089
03337796341
03337795711
03337799079
03337792640
03337794945
03337799302
03337795585
03337793494
03337794127
03337792387
03337799600
03337792928
03337795707
03337798232
03337796381
03337795138
03337796998
03337793270
03337793700
03337791755
03337795763
03337799232
03337791258
03337795832
03337799220
03337799706
03337792481
03337795513
03337796595
03337794068
03337797581
03337795801
03337796633
03337792711
03337799863
03337794786
03337791653
03337798831
03337791949
03337798246
03337792211
03337791382
03337797962
03337798109
03337799329
03337795642
03337791675
03337798405
03337796353
03337799102
03337797662
03337792532
03337793167
03337799894
03337796665
03337795135
03337794155
03337799215
03337793119
03337797841
03337798504
03337793406
03337798914
03337797057
03337799047
03337793632
03337791110
03337798541
03337799871
03337794919
03337798111
03337793062
03337795377
03337799447
03337797530
03337795048
03337791619
03337791759
03337794091
03337792995
03337799742
03337794843
03337798748
03337795435
03337791355
03337798268
03337796687
03337798303
03337797461
03337795368
03337793212
03337798900
03337792056
03337799516
03337798124
03337795264
03337799235
03337791104
03337795976
03337792464
03337791133
03337799237
03337797294
03337794891
03337796999
03337796893
03337794707
03337798788
03337791628
03337793105
03337798515
03337797359
03337794178
03337794079
03337797475
03337791836
03337798430
03337799562
03337792242
03337794041
03337791549
03337794856
03337793765
03337797803
03337797615
03337792117
03337792193
03337799392
03337799960
03337792569
03337794199
03337798474
03337797887
03337796748
03337792584
03337799681
03337798617
03337794455
03337798286
03337797053
03337793498
03337797401
03337797644
03337797732
03337796100
03337795449
03337792037
03337794160
03337794002
03337794013
03337798643
03337794457
03337793032
03337795605
03337793471
03337798318
03337798348
03337794355
03337799022
03337792209
03337795147
03337794716
03337794548
03337791659
03337793860
03337791719
03337798749
03337796437
03337799843
03337797561
03337796109
03337793874
03337796374
03337798127
03337797650
03337791218
03337791447
03337799325
03337799384
03337791745
03337791827
03337791951
03337795794
03337797680
03337791681
03337799908
03337793539
03337791312
03337791228
03337799168
03337793627
03337795771
03337792647
03337794144
03337794558
03337793929
03337798908
03337791208
03337795222
03337792275
03337792114
03337799891
03337798100
03337796671
03337797892
03337791767
03337792438
03337794651
03337798694
03337798669
03337798218
03337797280
03337797679
03337797078
03337792279
03337796400
03337798297
03337799210
03337791264
03337799180
03337796198
03337795621
03337797392
03337791864
03337794336
03337796744
03337791033
03337794685
03337798095
03337791424
03337791421
03337792496
03337795735
03337799771
03337795522
03337793953
03337795780
03337797278
03337798798
03337794129
03337796834
03337792350
03337798106
03337791902
03337799902
03337797675
03337792337
03337796086
03337797636
03337799185
03337796255
03337793950
03337799783
03337794293
03337797344
03337793688
03337791205
03337795227
03337795964
03337797502
03337798682
03337796578
03337795030
03337791225
03337791446
03337794101
03337792095
03337793184
03337793972
03337792003
03337798144
03337792392
03337798092
03337797051
03337798056
03337799376
03337799644
03337795483
03337791485
03337791354
03337794288
03337791710
03337794153
03337798584
03337799740
03337798953
03337796954
03337794154
03337795681
03337792725
03337798336
03337795429
03337795248
03337797233
03337793223
03337792273
03337797303
03337792021
03337795618
03337795855
03337798005
03337798338
03337795654
03337795226
03337794850
03337799031
03337795388
03337792263
03337799190
03337795438
03337793938
03337794314
03337792131
03337797453
03337798714
03337797865
03337795512
03337798872
03337792410
03337792260
03337799211
03337794051
03337796148
03337798133
03337791401
03337798328
03337791137
03337798500
03337794752
03337792751
03337792985
03337794863
03337791472
03337791845
03337793082
03337791865
03337798083
03337791304
03337793723
03337799896
03337796781
03337798517
03337792966
03337796040
03337796487
03337791144
03337794529
03337792882
03337797254
03337794300
03337795437
03337799561
03337799380
03337797862
03337797487
03337797400
03337791300
03337796128
03337792186
03337797364
03337795596
03337791504
03337795567
03337796235
03337799784
03337792456
03337792203
03337799233
03337798589
03337794591
03337792220
03337797564
03337792646
03337794343
03337796083
03337792034
03337795273
03337799655
03337797952
03337791666
03337794399
03337796207
03337793779
03337792397
03337799357
03337795294
03337793717
03337793325
03337799596
03337798266
03337793770
03337798253
03337798811
03337795973
03337791201
03337794621
03337797633
03337797788
03337799512
03337791177
03337792339
03337798117
03337798057
03337797884
03337795454
03337797937
03337791303
03337796925
03337794096
03337798928
03337798417
03337794747
03337792998
03337798263
03337797019
03337799341
03337791979
03337798158
03337794608
03337797773
03337795722
03337799886
03337795000
03337792289
03337791378
03337795043
03337791478
03337799917
03337795886
03337792799
03337797507
03337792238
03337796982
03337798705
03337797203
03337793040
03337795440
03337792135
03337791206
03337793274
03337791770
03337796303
03337797652
03337797565
03337799115
03337799311
03337797296
03337793328
03337793530
03337798012
03337791925
03337797549
03337793374
03337793268
03337793080
03337794219
03337793061
03337793508
03337798707
03337799867
03337791567
03337793587
03337798679
03337791725
03337798739
03337793826
03337796387
03337796575
03337793977
03337799606
03337791156
03337793829
03337799772
03337799054
03337798829
03337798708
03337797647
03337794057
03337799443
03337791761
03337791197
03337794424
03337792174
03337791353
03337797940
03337794634
03337795802
03337798716
03337799083
03337798451
03337799989
03337798711
03337797125
03337791795
03337797011
03337794532
03337799850
03337792670
03337795581
03337792176
03337796178
03337792330
03337797131
03337799161
03337792780
03337799801
03337797431
03337793215
03337799194
03337791590
03337799625
03337791048
03337797249
03337799216
03337799965
03337794186
03337797529
03337795772
03337797040
03337792457
03337793263
03337791399
03337791884
03337799554
03337795713
03337793595
03337795495
03337797930
03337791465
03337795420
03337797756
03337796823
03337792331
03337798626
03337791274
03337791128
03337796725
03337799975
03337796399
03337797321
03337798594
03337799909
03337795107
03337791592
03337796174
03337796736
03337797066
03337796323
03337793321
03337795335
03337794282
03337792010
03337797793
03337798765
03337795500
03337795197
03337797145
03337795766
03337791329
03337794334
03337794674
03337791909
03337792270
03337793309
03337797709
03337795803
03337797859
03337796267
03337799320
03337791193
03337795230
03337792865
03337792466
03337791547
03337792302
03337795793
03337794646
03337794715
03337792182
03337791163
03337798659
03337798821
03337799828
03337797774
03337792129
03337794446
03337795407
03337792731
03337795516
03337792982
03337792086
03337791175
03337795612
03337799531
03337796423
03337796759
03337795915
03337793535
03337799269
03337793033
03337794842
03337797814
03337799688
03337799958
03337799726
03337791106
03337794488
03337797880
03337798028
03337794138
03337796586
03337795785
03337791668
03337799713
03337799882
03337799288
03337792340
03337796262
03337798222
03337798973
03337795422
03337798566
03337794720
03337796293
03337796573
03337798478
03337799603
03337792594
03337799872
03337793042
03337795557
03337798526
03337797731
03337791502
03337798170
03337797002
03337794306
03337792431
03337793821
03337799387
03337792652
03337793278
03337795554
03337795473
03337799273
03337791466
03337794304
03337792382
03337799767
03337791586
03337799524
03337791679
03337795659
03337796983
03337796318
03337795913
03337798625
03337794156
03337796626
03337794759
03337795249
03337794259
03337792472
03337799117
03337793920
03337794049
03337797120
03337791576
03337794571
03337798951
03337795121
03337797843
03337798758
03337791978
03337796491
03337798393
03337793806
03337799664
03337793132
03337794791
03337794514
03337791414
03337797611
03337797759
03337792933
03337799198
03337795314
03337797049
03337799584
03337794279
03337798463
03337792781
03337793560
03337791425
03337792060
03337797562
03337795866
03337798482
03337792807
03337796357
03337792067
03337799257
03337796254
03337796084
03337799897
03337797509
03337799719
03337791280
03337797030
03337791571
03337798732
03337795484
03337791484
03337796756
03337795084
03337798971
03337792401
03337797853
03337792191
03337796994
03337792256
03337798995
03337796307
03337797090
03337798391
03337793676
03337792944
03337799230
03337796887
03337798628
03337797778
03337792582
03337791433
03337791209
03337794828
03337795940
03337791803
03337796078
03337792787
03337791726
03337792726
03337791272
03337791237
03337796469
03337793852
03337794351
03337792308
03337798764
03337792903
03337797463
03337797522
03337791641
03337796579
03337798540
03337793848
03337799869
03337797306
03337798247
03337792064
03337793025
03337795190
03337797268
03337793580
03337792776
03337795393
03337797154
03337799091
03337794878
03337794579
03337799864
03337799309
03337795119
03337798438
03337793686
03337793186
03337798847
03337795223
03337798939
03337791857
03337791275
03337793965
03337799495
03337792990
03337794404
03337792884
03337793827
03337792513
03337797713
03337793490
03337797994
03337795015
03337796247
03337799373
03337799448
03337798969
03337795290
03337792432
03337792892
03337793625
03337796837
03337799839
03337797403
03337799966
03337796432
03337795411
03337792304
03337794163
03337792802
03337791051
03337795296
03337797350
03337797161
03337795818
03337793423
03337793567
03337796938
03337795850
03337798088
03337799970
03337796567
03337799687
03337796602
03337792626
03337796989
03337795109
03337797746
03337799604
03337794838
03337795934
03337795774
03337796570
03337793241
03337799993
03337794236
03337795270
03337797074
03337796001
03337796690
03337797897
03337792900
03337798495
03337794115
03337798343
03337798844
03337792616
03337797277
03337799295
03337792023
03337794061
03337795852
03337792241
03337799414
03337798760
03337799661
03337793818
03337798729
03337793005
03337796589
03337793133
03337794846
03337792052
03337796263
03337793861
03337795936
03337799092
03337796543
03337796613
03337793631
03337798713
03337796905
03337792221
03337798656
03337791054
03337791474
03337794547
03337793856
03337794140
03337798313
03337796340
03337796311
03337795362
03337794834
03337793497
03337798505
03337797165
03337791014
03337799766
03337797643
03337794968
03337795627
03337795783
03337792755
03337793058
03337796507
03337794349
03337795534
03337794733
03337795185
03337798196
03337793456
03337791215
03337797520
03337794192
03337797975
03337794201
03337791251
03337798796
03337795216
03337798399
03337798489
03337797642
03337791287
03337791035
03337793099
03337792017
03337798887
03337794831
03337798267
03337793585
03337793324
03337791453
03337793703
03337798312
03337798551
03337792918
03337799077
03337796986
03337794829
03337794568
03337796707
03337791633
03337797601
03337792947
03337796521
03337793659
03337798695
03337796904
03337798090
03337798652
03337791346
03337797035
03337792736
03337798116
03337792349
03337798120
03337795753
03337791991
03337793085
03337793437
03337798755
03337793834
03337793079
03337798467
03337795144
03337791000
03337795603
03337798982
03337793147
03337797107
03337799622
03337798291
03337797924
03337796264
03337799671
03337791510
03337792507
03337795788
03337791189
03337795096
03337799509
03337794705
03337792111
03337799824
03337792925
03337796416
03337794725
03337796763
03337797132
03337799457
03337799202
03337791012
03337796131
03337795163
03337792965
03337792839
03337795019
03337794326
03337793021
03337796094
03337794277
03337794275
03337796627
03337797282
03337792359
03337798064
03337796165
03337799174
03337799499
03337795378
03337792907
03337794377
03337793373
03337796330
03337791615
03337795716
03337799932
03337792455
03337793996
03337791739
03337799272
03337796622
03337795661
03337797905
03337793896
03337797433
03337793201
03337793742
03337791038
03337795182
03337792574
03337799434
03337796730
03337799347
03337793791
03337793339
03337791255
03337796348
03337792710
03337799634
03337794671
03337792097
03337792537
03337791620
03337798791
03337798731
03337792177
03337799165
03337798516
03337791148
03337799041
03337796445
03337796282
03337797128
03337795724
03337794648
03337795933
03337797263
03337794722
03337791609
03337793175
03337798941
03337792319
03337792110
03337794340
03337796214
03337791896
03337792089
03337797302
03337795199
03337793669
03337798389
03337794841
03337797448
03337799068
03337797900
03337797213
03337791527
03337791766
03337799316
03337794009
03337794250
03337795989
03337794398
03337796196
03337796471
03337794335
03337795640
03337799510
03337794032
03337796052
03337796065
03337799763
03337792317
03337799961
03337798014
03337791052
03337792967
03337797146
03337798334
03337791492
03337791111
03337794669
03337794896
03337792573
03337796897
03337796606
03337797646
03337797753
03337796099
03337792904
03337794232
03337797198
03337798854
03337792749
03337795331
03337793415
03337798536
03337793003
03337791566
03337793752
03337793316
03337792956
03337793421
03337797655
03337798465
03337791802
03337799438
03337796525
03337792612
03337797426
03337797990
03337796217
03337795527
03337795472
03337798076
03337797548
03337793581
03337793649
03337798605
03337798351
03337798443
03337794021
03337794375
03337795396
03337799415
03337796223
03337791459
03337794690
03337798678
03337794508
03337798224
03337794652
03337798977
03337791392
03337793776
03337799638
03337797058
03337791506
03337797391
03337796185
03337793994
03337792087
03337799064
03337793417
03337796384
03337791322
03337794546
03337793790
03337795170
03337792627
03337797246
03337792212
03337799576
03337794983
03337797450
03337796717
03337794157
03337798007
03337794933
03337794367
03337792741
03337798330
03337798886
03337795937
03337793983
03337791888
03337796755
03337794763
03337798332
03337796209
03337793947
03337796598
03337799487
03337795875
03337793880
03337797874
03337793902
03337795650
03337794743
03337796468
03337799422
03337792429
03337791860
03337791309
03337796686
03337792680
03337794954
03337791273
03337796920
03337799393
03337792312
03337791798
03337798185
03337799987
03337797769
03337793011
03337797697
03337796914
03337799125
03337795328
03337791246
03337795285
03337792766
03337794560
03337799459
03337794348
03337795439
03337794676
03337799912
03337796892
03337796807
03337793478
03337794601
03337793919
03337798481
03337791589
03337793851
03337796558
03337796480
03337799563
03337794400
03337798227
03337794162
03337792356
03337797654
03337798506
03337796102
03337797750
03337798927
03337795219
03337792746
03337797857
03337795972
03337793910
03337798409
03337793738
03337797394
03337798727
03337796286
03337798384
03337798865
03337794478
03337795372
03337793810
03337791139
03337793925
03337796168
03337799553
03337796370
03337796401
03337793812
03337791169
03337793796
03337793590
03337797982
03337799818
03337799962
03337796917
03337793915
03337794039
03337799451
03337796205
03337799365
03337792861
03337796354
03337797264
03337792991
03337795506
03337796734
03337798537
03337792607
03337792315
03337793060
03337796395
03337796827
03337791090
03337797367
03337795116
03337796306
03337798468
03337798082
03337793839
03337792960
03337795433
03337791333
03337792868
03337791687
03337799137
03337795544
03337798178
03337798290
03337796856
03337791377
03337795375
03337796902
03337792533
03337796548
03337796025
03337799899
03337794779
03337797307
03337794428
03337791411
03337797204
03337799739
03337791856
03337799370
03337797091
03337792707
03337791544
03337793320
03337799594
03337799605
03337798774
03337798287
03337791347
03337797820
03337795905
03337791912
03337792709
03337792096
03337791116
03337798147
03337798216
03337795445
03337794173
03337795636
03337799061
03337795530
03337795568
03337792508
03337791429
03337796654
03337799519
03337793805
03337792072
03337795762
03337793720
03337794833
03337792636
03337798916
03337792896
03337791670
03337794118
03337792485
03337794641
03337799760
03337798254
03337792604
03337794005
03337797071
03337792482
03337797790
03337794026
03337797918
03337798176
03337799577
03337796604
03337792099
03337796946
03337798375
03337798543
03337797749
03337792808
03337795256
03337797390
03337795504
03337794713
03337798390
03337798943
03337794555
03337798400
03337791374
03337796915
03337796444
03337793279
03337795930
03337791685
03337793059
03337795065
03337798197
03337793483
03337792018
03337792644
03337797694
03337791384
03337791972
03337791196
03337797661
03337795092
03337792285
03337799312
03337799527
03337795021
03337795668
03337791787
03337794912
03337793666
03337792445
03337795474
03337796857
03337795458
03337799748
03337791230
03337796371
03337796298
03337796427
03337791126
03337795247
03337798187
03337793644
03337791495
03337792157
03337798038
03337796150
03337799835
03337793285
03337792555
03337797804
03337794028
03337798938
03337796497
03337793389
03337799396
03337792767
03337794977
03337798081
03337793155
03337798160
03337795623
03337795359
03337794103
03337795679
03337797985
03337794170
03337798800
03337793979
03337794699
03337792400
03337792489
03337794022
03337798674
03337795565
03337798493
03337792832
03337799930
03337793799
03337799001
03337796368
03337798667
03337793413
03337799878
03337795731
03337796876
03337793634
03337798549
03337798690
03337799737
03337796937
03337799406
03337797590
03337794439
03337794517
03337798984
03337797801
03337795697
03337792276
03337791832
03337793547
03337793589
03337792744
03337794859
03337794283
03337799046
03337795667
03337792063
03337795141
03337797711
03337795684
03337794550
03337796008
03337794995
03337793836
03337798490
03337792992
03337791643
03337793520
03337797365
03337797608
03337794845
03337799580
03337793550
03337798016
03337797320
03337794521
03337797818
03337793345
03337799026
03337795460
03337796156
03337799533
03337796565
03337796103
03337793506
03337792458
03337792115
03337792044
03337797177
03337799207
03337793572
03337797583
03337798706
03337798128
03337799426
03337794020
03337795250
03337792587
03337791266
03337793573
03337791662
03337795034
03337792075
03337797720
03337793775
03337798292
03337795348
03337797622
03337791992
03337799819
03337793379
03337797347
03337795532
03337792459
03337791306
03337795492
03337796325
03337795593
03337795550
03337792148
03337791881
03337792116
03337795507
03337797640
03337796848
03337791134
03337791179
03337793944
03337792488
03337793918
03337796130
03337795784
03337795749
03337797092
03337794937
03337795519
03337798420
03337791741
03337794570
03337794111
03337797871
03337796362
03337795179
03337798683
03337791325
03337794379
03337799928
03337794413
03337794816
03337795225
03337791394
03337799307
03337796332
03337793893
03337792702
03337792713
03337796208
03337797068
03337791086
03337791336
03337797556
03337795575
03337797446
03337791249
03337795821
03337797757
03337794726
03337791369
03337798113
03337794167
03337792469
03337792476
03337798612
03337799193
03337792849
03337794139
03337799416
03337799303
03337791938
03337794927
03337799382
03337793936
03337793484
03337792580
03337794956
03337796843
03337792342
03337793029
03337791614
03337793222
03337793486
03337793098
03337794586
03337796815
03337797558
03337798337
03337798429
03337795253
03337798407
03337798260
03337792745
03337796442
03337794177
03337793654
03337793655
03337792524
03337796105
03337794216
03337792720
03337792715
03337794795
03337797121
03337797705
03337794243
03337794881
03337795262
03337798582
03337795220
03337791525
03337799045
03337799832
03337796101
03337793202
03337793772
03337798981
03337793534
03337794580
03337794654
03337797805
03337797738
03337793629
03337799323
03337794190
03337795540
03337797324
03337793726
03337795293
03337797055
03337795948
03337795652
03337791437
03337793578
03337795448
03337799536
03337794901
03337797060
03337796097
03337798114
03337798073
03337799181
03337798186
03337796026
03337794202
03337795938
03337792959
03337791493
03337796232
03337791989
03337793883
03337792335
03337791851
03337794664
03337791075
03337792357
03337798202
03337793315
03337792630
03337795263
03337793225
03337792867
03337795077
03337794589
03337796048
03337794872
03337799626
03337792926
03337797476
03337796835
03337796576
03337793407
03337794766
03337795071
03337792213
03337791967
03337795737
03337799062
03337795551
03337791390
03337797542
03337799983
03337798622
03337792074
03337791154
03337797834
03337797923
03337792151
03337798925
03337795521
03337791625
03337799907
03337797863
03337791011
03337791003
03337794055
03337796296
03337795482
03337799526
03337793198
03337794888
03337791562
03337794191
03337793517
03337794502
03337796458
03337793612
03337797671
03337794044
03337793586
03337794902
03337798746
03337791701
03337792963
03337795777
03337791627
03337799328
03337791008
03337797022
03337794431
03337797123
03337796632
03337793543
03337799063
03337794624
03337792347
03337796485
03337796530
03337795240
03337795370
03337792474
03337798725
03337794993
03337795050
03337793620
03337793036
03337792997
03337798539
03337798444
03337793828
03337797589
03337791234
03337799354
03337796225
03337795068
03337794719
03337792952
03337795143
03337792402
03337797003
03337791853
03337792843
03337796750
03337799786
03337799697
03337794818
03337791956
03337798455
03337792265
03337799050
03337791582
03337796974
03337798519
03337795295
03337794757
03337799014
03337797993
03337797402
03337792591
03337794981
03337791617
03337796869
03337796140
03337793211
03337797357
03337792836
03337794239
03337795978
03337794527
03337795234
03337791878
03337791454
03337792139
03337796824
03337798867
03337794554
03337795864
03337797283
03337793610
03337798881
03337796803
03337793262
03337793858
03337791839
03337796412
03337791622
03337792874
03337798346
03337794158
03337798283
03337798259
03337795415
03337797718
03337796922
03337798492
03337791078
03337798019
03337796959
03337797193
03337796352
03337795074
03337798843
03337792318
03337794023
03337797244
03337795151
03337799150
03337791115
03337798195
03337796832
03337799615
03337791899
03337792183
03337798824
03337796478
03337791994
03337795638
03337796108
03337797573
03337795720
03337794577
03337792899
03337791247
03337793835
03337792996
03337792433
03337798311
03337797815
03337795167
03337799456
03337792351
03337796746
03337791922
03337798239
03337795998
03337799513
03337793542
03337791775
03337797338
03337795329
03337791418
03337792785
03337792890
03337799255
03337793350
03337798167
03337798103
03337792055
03337796600
03337799071
03337799925
03337794754
03337792655
03337793400
03337797073
03337797550
03337799453
03337799838
03337798089
03337791664
03337793096
03337795242
03337794889
03337797894
03337799042
03337798911
03337799911
03337794848
03337797413
03337792281
03337792674
03337794341
03337799385
03337798571
03337797945
03337793399
03337798511
03337796829
03337798131
03337799770
03337797883
03337795505
03337791326
03337793956
03337791109
03337794982
03337797164
03337797152
03337796331
03337795847
03337791943
03337796708
03337792196
03337796898
03337798410
03337799711
03337799100
03337792768
03337794542
03337793053
03337793879
03337799040
03337792845
03337792962
03337791946
03337798618
03337795036
03337793468
03337794194
03337791358
03337797023
03337793804
03337797574
03337796252
03337799877
03337793179
03337793866
03337791034
03337793249
03337792621
03337792189
03337794098
03337792451
03337796806
03337794698
03337794276
03337798442
03337793615
03337794994
03337791997
03337794092
03337795360
03337796800
03337799162
03337794328
03337799665
03337799096
03337792794
03337799171
03337792005
03337799106
03337799781
03337797974
03337792236
03337795674
03337797954
03337791185
03337799632
03337797297
03337794046
03337797844
03337798776
03337794519
03337799337
03337792200
03337792825
03337791757
03337796188
03337794618
03337793559
03337797925
03337794195
03337793057
03337799322
03337795237
03337797414
03337799963
03337799900
03337798735
03337798000
03337791005
03337793418
03337795597
03337798279
03337795054
03337797858
03337791765
03337796422
03337794581
03337793737
03337796120
03337796361
03337795719
03337795196
03337794099
03337791186
03337792881
03337797914
03337796618
03337793757
03337791683
03337799645
03337796227
03337792473
03337793716
03337795760
03337797378
03337795648
03337791563
03337791290
03337793538
03337794718
03337798221
03337793888
03337791257
03337799943
03337792665
03337795775
03337796474
03337791543
03337796126
03337796720
03337793276
03337796248
03337793121
03337792734
03337792266
03337798471
03337793411
03337797795
03337792593
03337791475
03337798182
03337797809
03337797434
03337793685
03337797929
03337793404
03337794419
03337795326
03337797167
03337799759
03337796939
03337794749
03337791879
03337796666
03337791577
03337798276
03337796041
03337793182
03337793922
03337794121
03337791749
03337792149
03337798314
03337799285
03337793244
03337794378
03337792563
03337792671
03337796660
03337797846
03337793144
03337791317
03337791805
03337796726
03337792981
03337791146
03337791866
03337799758
03337795032
03337794703
03337794148
03337793107
03337792669
03337793177
03337797881
03337797543
03337795736
03337792561
03337792185
03337795678
03337794596
03337791049
03337795413
03337791376
03337791129
03337795049
03337793340
03337795447
03337799167
03337797418
03337793485
03337798990
03337799674
03337798414
03337794789
03337792653
03337791688
03337796452
03337797536
03337794261
03337797056
03337796511
03337794541
03337791140
03337797270
03337794602
03337793653
03337795929
03337795891
03337794233
03337797222
03337794010
03337796612
03337794058
03337796753
03337797352
03337794073
03337798799
03337794824
03337794388
03337796021
03337792484
03337799775
03337797455
03337796685
03337795956
03337792283
03337799733
03337794071
03337793788
03337794362
03337799349
03337792570
03337793331
03337798775
03337797576
03337795452
03337798880
03337797298
03337795127
03337796912
03337794911
03337795090
03337794271
03337795786
03337793570
03337795038
03337797237
03337795459
03337795717
03337791970
03337797953
03337799484
03337797634
03337796830
03337798909
03337793294
03337797443
03337795489
03337792948
03337795041
03337792938
03337791396
03337798347
03337794742
03337797318
03337794048
03337796639
03337796504
03337796605
03337793694
03337793162
03337798412
03337795023
03337795808
03337798151
03337798544
03337797456
03337797440
03337792987
03337796007
03337792510
03337792779
03337798250
03337798892
03337791990
03337793346
03337795215
03337796068
03337796839
03337792633
03337794393
03337793955
03337794466
03337794330
03337797406
03337792301
03337794128
03337797629
03337795946
03337797876
03337795173
03337794805
03337793109
03337796461
03337791661
03337792677
03337792035
03337796698
03337798339
03337794936
03337799669
03337799791
03337796304
03337795939
03337793134
03337796866
03337792696
03337792494
03337796819
03337796657
03337798637
03337793565
03337798962
03337797828
03337791284
03337793388
03337796840
03337795900
03337795988
03337794321
03337791652
03337796621
03337795594
03337793976
03337794381
03337791996
03337791009
03337797761
03337791178
03337795195
03337798868
03337799974
03337799595
03337794418
03337797488
03337795858
03337797041
03337794410
03337793072
03337792639
03337797101
03337795011
03337798096
03337793768
03337793802
03337798358
03337791936
03337796512
03337798112
03337797751
03337795647
03337793766
03337798963
03337798411
03337796821
03337797257
03337792522
03337792913
03337793992
03337797376
03337796928
03337798882
03337797317
03337791098
03337796164
03337799305
03337795792
03337795356
03337796981
03337798857
03337794679
03337796932
03337794578
03337793617
03337791650
03337796883
03337795010
03337796929
03337794910
03337795104
03337795878
03337791665
03337796159
03337793217
03337792322
03337798636
03337792403
03337799913
03337792738
03337796811
03337799787
03337792478
03337799281
03337797012
03337792375
03337797944
03337799478
03337791214
03337793152
03337797192
03337798520
03337793516
03337791361
03337799728
03337791920
03337793754
03337795494
03337794615
03337794526
03337795613
03337791318
03337794996
03337792365
03337796961
03337798954
03337799186
03337794134
03337792706
03337791158
03337792550
03337796669
03337793728
03337793012
03337799187
03337796033
03337792869
03337797849
03337791311
03337798204
03337792516
03337792259
03337798006
03337799112
03337792595
03337798825
03337795274
03337797445
03337796056
03337798305
03337794333
03337794063
03337799498
03337794926
03337793100
03337796550
03337794531
03337791238
03337796641
03337797592
03337793002
03337795778
03337794043
03337793416
03337798320
03337796978
03337797215
03337798507
03337795799
03337797528
03337795764
03337796032
03337792448
03337797284
03337794675
03337798285
03337792022
03337793348
03337796210
03337794260
03337791897
03337798724
03337791393
03337797888
03337793327
03337791107
03337799746
03337795373
03337798446
03337793645
03337797084
03337793841
03337794176
03337798456
03337794916
03337797111
03337796623
03337794741
03337799790
03337796289
03337797328
03337796649
03337791660
03337795524
03337792565
03337797494
03337794165
03337798814
03337797216
03337793197
03337792286
03337795003
03337796216
03337798476
03337793123
03337793519
03337795704
03337794572
03337798945
03337798602
03337796317
03337794441
03337794047
03337798850
03337797717
03337797981
03337795628
03337797832
03337793564
03337795106
03337793129
03337793901
03337796246
03337794024
03337793884
03337799689
03337794629
03337792848
03337798457
03337798068
03337791202
03337791210
03337799692
03337792730
03337794397
03337794663
03337799128
03337791061
03337798485
03337798085
03337796351
03337795958
03337798469
03337793000
03337792821
03337795037
03337795931
03337791278
03337795291
03337799477
03337798004
03337795286
03337793719
03337791482
03337791192
03337794264
03337797965
03337794146
03337792206
03337794858
03337793733
03337795831
03337793168
03337797269
03337798002
03337798262
03337796868
03337797207
03337792047
03337795993
03337798642
03337794435
03337798298
03337794420
03337797248
03337798448
03337799107
03337797017
03337799892
03337797387
03337792695
03337793023
03337792098
03337796053
03337791296
03337792689
03337799511
03337797189
03337797794
03337798326
03337792248
03337797822
03337799154
03337796410
03337796393
03337794299
03337798794
03337792130
03337794830
03337792893
03337793298
03337794515
03337795177
03337792321
03337791195
03337797151
03337793667
03337797295
03337792717
03337797505
03337793369
03337795367
03337796846
03337795705
03337791753
03337792501
03337798918
03337794442
03337797785
03337793148
03337798648
03337791858
03337793692
03337792683
03337797928
03337797228
03337797501
03337798023
03337799148
03337798331
03337797452
03337796971
03337796615
03337799441
03337794650
03337797366
03337798275
03337799720
03337799423
03337798717
03337798680
03337797677
03337794987
03337795272
03337798161
03337794180
03337799394
03337796833
03337794130
03337791676
03337795079
03337792168
03337793481
03337795416
03337793584
03337797580
03337796775
03337797936
03337793343
03337799087
03337798839
03337799377
03337799205
03337797806
03337798983
03337798404
03337793600
03337797004
03337794464
03337795232
03337792597
03337799043
03337796177
03337794921
03337799271
03337795865
03337797042
03337796194
03337791473
03337791605
03337792589
03337795873
03337791816
03337792311
03337797748
03337798893
03337791837
03337799680
03337799568
03337794125
03337798392
03337794415
03337796157
03337795070
03337796724
03337794681
03337797008
03337795217
03337799170
03337796867
03337791250
03337794730
03337791519
03337792924
03337799636
03337798423
03337791404
03337795267
03337791915
03337792325
03337793546
03337792368
03337793084
03337794477
03337797240
03337795877
03337794212
03337794463
03337798271
03337799807
03337794808
03337791091
03337793824
03337795991
03337794753
03337799803
03337796011
03337799476
03337792765
03337794683
03337791671
03337796095
03337798166
03337795876
03337796142
03337792062
03337797490
03337795641
03337791900
03337793089
03337791006
03337796486
03337798976
03337791511
03337797559
03337791409
03337797437
03337799865
03337793224
03337793594
03337792394
03337792761
03337798751
03337798001
03337797681
03337796363
03337796888
03337793746
03337791792
03337799525
03337799754
03337793172
03337799242
03337797572
03337795776
03337797015
03337792988
03337796582
03337792759
03337794776
03337792912
03337794289
03337794520
03337795645
03337796972
03337796072
03337794245
03337797171
03337791231
03337796358
03337791694
03337791010
03337796333
03337796536
03337793917
03337799504
03337794660
03337796723
03337794407
03337799304
03337799951
03337797691
03337792769
03337797063
03337799410
03337791528
03337795153
03337793509
03337793803
03337797130
03337796559
03337796844
03337793696
03337799009
03337794507
03337792953
03337796407
03337799008
03337791204
03337793273
03337798884
03337792495
03337794765
03337796703
03337791632
03337792173
03337797763
03337791131
03337795840
03337793760
03337795798
03337799795
03337798745
03337791188
03337798861
03337792624
03337794905
03337797707
03337796499
03337792246
03337797194
03337791321
03337791077
03337795094
03337799973
03337793675
03337791863
03337794813
03337793651
03337791338
03337791072
03337794677
03337792857
03337793604
03337798402
03337796035
03337794835
03337799298
03337793295
03337794775
03337792600
03337792112
03337797767
03337797209
03337795812
03337797422
03337793613
03337797586
03337793146
03337796712
03337791173
03337794018
03337796692
03337793410
03337796059
03337795883
03337799822
03337799857
03337794062
03337796648
03337796182
03337792422
03337792128
03337796583
03337793601
03337798094
03337796239
03337797276
03337792449
03337794711
03337797729
03337796349
03337796481
03337798812
03337799522
03337791316
03337798454
03337794958
03337793094
03337793380
03337793443
03337791515
03337796162
03337793931
03337799643
03337793477
03337796673
03337793028
03337798919
03337794692
03337796514
03337791629
03337792971
03337799355
03337796541
03337797474
03337791299
03337793081
03337792364
03337796295
03337796580
03337794174
03337794868
03337796672
03337797566
03337793643
03337796003
03337795477
03337791729
03337793681
03337797889
03337794211
03337792732
03337792775
03337792367
03337792167
03337798937
03337794036
03337791413
03337791859
03337799331
03337791521
03337798510
03337793789
03337794649
03337791724
03337797651
03337791276
03337795450
03337795408
03337795306
03337795432
03337795193
03337799614
03337797567
03337798650
03337791634
03337794257
03337792202
03337794221
03337791873
03337798721
03337795376
03337791791
03337796385
03337792118
03337792841
03337797473
03337797067
03337798394
03337794033
03337796071
03337797465
03337799212
03337793300
03337794175
03337797081
03337796016
03337799718
03337799672
03337793997
03337799160
03337798049
03337792994
03337793258
03337793188
03337792590
03337792546
03337796192
03337797600
03337792871
03337793698
03337798295
03337791028
03337797754
03337797395
03337791971
03337798003
03337791820
03337794873
03337797688
03337798630
03337796024
03337793727
03337798415
03337797686
03337799564
03337798378
03337799057
03337793862
03337795462
03337791778
03337792588
03337795444
03337799964
03337792727
03337794241
03337793435
03337795308
03337799425
03337796394
03337795409
03337791953
03337798225
03337793593
03337794218
03337795543
03337796042
03337794700
03337796477
03337796667
03337792294
03337795688
03337796855
03337792559
03337794942
03337794437
03337794372
03337798588
03337799051
03337794556
03337795366
03337793378
03337796740
03337798198
03337796560
03337799055
03337799708
03337796265
03337794112
03337798035
03337799845
03337796955
03337798864
03337793763
03337792371
03337793513
03337794361
03337793633
03337799722
03337791060
03337791977
03337798110
03337792973
03337796070
03337794971
03337796863
03337796890
03337796187
03337794637
03337793674
03337792443
03337797232
03337792015
03337797689
03337791105
03337795398
03337795081
03337799397
03337793501
03337795027
03337791236
03337797875
03337799789
03337792847
03337799534
03337792642
03337799858
03337794847
03337799070
03337792389
03337794496
03337794390
03337796019
03337798646
03337797684
03337799725
03337798208
03337796926
03337798315
03337792226
03337792614
03337794528
03337799955
03337795358
03337794447
03337797337
03337794164
03337796768
03337796280
03337798327
03337792417
03337798877
03337794342
03337797604
03337796455
03337797741
03337798150
03337795848
03337795278
03337798344
03337798980
03337799825
03337797538
03337797599
03337794184
03337792891
03337792855
03337797992
03337791771
03337792188
03337797696
03337793596
03337796050
03337792479
03337793599
03337795559
03337795526
03337791720
03337791487
03337797029
03337796418
03337797617
03337794604
03337795258
03337798052
03337799351
03337797285
03337798101
03337796792
03337798018
03337793496
03337793231
03337792299
03337792742
03337792268
03337797062
03337792838
03337792120
03337794426
03337796313
03337797458
03337796808
03337792388
03337799428
03337795257
03337799188
03337795820
03337793493
03337793200
03337794412
03337799814
03337794512
03337797253
03337791507
03337798304
03337794595
03337794501
03337792080
03337791464
03337798641
03337798570
03337795299
03337794861
03337794807
03337792462
03337793705
03337796891
03337799350
03337795343
03337795410
03337798604
03337793798
03337795545
03337797787
03337799999
03337794768
03337792328
03337797899
03337793221
03337792300
03337795547
03337799192
03337795969
03337799200
03337799113
03337791861
03337797332
03337795952
03337795691
03337794302
03337795960
03337791448
03337797693
03337797557
03337797087
03337796767
03337798425
03337798818
03337792961
03337794151
03337794884
03337796312
03337797135
03337795773
03337794653
03337791600
03337792846
03337799667
03337793083
03337798681
03337795869
03337798194
03337796301
03337797878
03337798917
03337799941
03337796259
03337796647
03337794909
03337793235
03337793900
03337798901
03337795806
03337798750
03337794280
03337793588
03337797910
03337798583
03337793031
03337794920
03337791289
03337794758
03337791497
03337792634
03337794294
03337796186
03337795797
03337798294
03337798214
03337794135
03337797723
03337797964
03337797230
03337798098
03337792414
03337797227
03337797083
03337798199
03337795607
03337795768
03337791693
03337796020
03337795276
03337791597
03337794082
03337798952
03337796415
03337798888
03337796728
03337797380
03337796030
03337793784
03337797124
03337793658
03337798597
03337795872
03337798961
03337791243
03337792026
03337796465
03337799670
03337797451
03337794594
03337796702
03337799744
03337798209
03337799277
03337793171
03337791763
03337793575
03337793985
03337793869
03337794712
03337799260
03337792160
03337798792
03337797326
03337795353
03337792068
03337798815
03337797313
03337799399
03337799616
03337792497
03337798072
03337799427
03337792596
03337794957
03337798902
03337795968
03337795075
03337791348
03337791331
03337792434
03337797137
03337799715
03337792662
03337796838
03337799141
03337795453
03337795053
03337796118
03337793897
03337799861
03337794731
03337798726
03337791262
03337795091
03337792442
03337796114
03337798631
03337792564
03337793739
03337793492
03337797181
03337792782
03337795842
03337791233
03337798838
03337791359
03337797955
03337797076
03337799361
03337796257
03337799417
03337798889
03337791022
03337793769
03337798335
03337792888
03337791313
03337793843
03337792046
03337799889
03337791926
03337792946
03337795383
03337791554
03337799926
03337799707
03337791905
03337797373
03337795436
03337792232
03337797627
03337796228
03337793427
03337798985
03337798426
03337793747
03337798955
03337791463
03337791387
03337793582
03337799241
03337793892
03337794672
03337793347
03337791613
03337792291
03337794298
03337793606
03337798974
03337796956
03337799274
03337797973
03337797639
03337798445
03337792724
03337796163
03337794870
03337797385
03337795045
03337792664
03337792943
03337799131
03337794307
03337798809
03337791601
03337799761
03337793010
03337799293
03337793518
03337794317
03337791548
03337794104
03337797912
03337798575
03337798530
03337791444
03337794974
03337798371
03337791966
03337795100
03337792141
03337797032
03337791651
03337794530
03337791505
03337795787
03337793365
03337795732
03337791721
03337794760
03337797624
03337799367
03337793254
03337796635
03337791323
03337795813
03337791621
03337793142
03337798956
03337793933
03337796706
03337799836
03337799258
03337799497
03337798968
03337794454
03337795289
03337796002
03337797690
03337796139
03337796875
03337794853
03337795391
03337798354
03337797016
03337791073
03337794081
03337793131
03337797848
03337791079
03337793605
03337795105
03337792408
03337791364
03337792170
03337798138
03337793118
03337791574
03337799854
03337794114
03337799166
03337797441
03337796611
03337792534
03337793736
03337799696
03337793981
03337793489
03337796183
03337794564
03337796273
03337791292
03337792329
03337792036
03337799950
03337799735
03337797545
03337796240
03337793218
03337799409
03337792800
03337794031
03337791167
03337796073
03337799647
03337793160
03337792444
03337791945
03337791062
03337798180
03337796735
03337796338
03337796155
03337796791
03337797095
03337799530
03337794934
03337797423
03337799736
03337791645
03337792523
03337798512
03337795761
03337799030
03337792491
03337797409
03337793308
03337797005
03337791440
03337793207
03337794600
03337799317
03337794255
03337798649
03337797864
03337791800
03337792955
03337796364
03337797825
03337793998
03337795769
