03008399946
03008399215
03008391042
03008395147
03008399162
03008395826
03008399945
03008395539
03008391319
03008399719
03008395048
03008394325
03008396651
03008395934
03008397922
03008392028
03008392591
03008393578
03008392198
03008396450
03008398513
03008395512
03008391854
03008396459
03008396484
03008394202
03008392819
03008396993
03008396220
03008399944
03008391627
03008395384
03008398227
03008394570
03008398598
03008394443
03008392381
03008394244
03008399972
03008398247
03008394907
03008394799
03008392050
03008399839
03008391189
03008396367
03008398357
03008392764
03008392528
03008399842
03008395108
03008393649
03008399052
03008399366
03008393461
03008391337
03008396899
03008398054
03008398105
03008396706
03008394306
03008392537
03008391831
03008391706
03008398020
03008394979
03008397754
03008394068
03008397863
03008396247
03008397265
03008396946
03008395482
03008391684
03008392152
03008391630
03008397179
03008399099
03008395542
03008393118
03008396672
03008395517
03008399232
03008391044
03008397344
03008391918
03008398200
03008396670
03008392261
03008398132
03008393168
03008391388
03008398696
03008394665
03008393594
03008395042
03008396384
03008392105
03008393883
03008391776
03008399184
03008399648
03008395268
03008397428
03008399527
03008395207
03008396995
03008398712
03008395034
03008392502
03008395746
03008396772
03008393024
03008397776
03008398902
03008398147
03008397123
03008398746
03008398812
03008399423
03008391933
03008392783
03008398462
03008399238
03008397260
03008398483
03008394433
03008391947
03008398076
03008393412
03008395349
03008399205
03008391859
03008392075
03008394490
03008399899
03008398673
03008391462
03008395266
03008391505
03008393097
03008395641
03008393829
03008395671
03008396888
03008394692
03008396895
03008399260
03008393359
03008395070
03008392352
03008397251
03008396864
03008396806
03008398190
03008392981
03008391043
03008395047
03008394746
03008399090
03008397566
03008391164
03008397338
03008396826
03008393657
03008397224
03008397350
03008394156
03008399685
03008397797
03008393596
03008393431
03008392811
03008397545
03008397255
03008391181
03008391027
03008396853
03008394608
03008393573
03008395269
03008396300
03008396917
03008397629
03008398351
03008391574
03008395243
03008396262
03008394506
03008399549
03008397865
03008393238
03008392036
03008393286
03008397720
03008398196
03008396823
03008397178
03008399008
03008394593
03008399550
03008398231
03008393228
03008397791
03008399455
03008393719
03008399038
03008396556
03008393765
03008391556
03008397356
03008392443
03008396661
03008393937
03008399558
03008391334
03008396222
03008398352
03008397168
03008398305
03008397995
03008399389
03008397942
03008398990
03008396765
03008392559
03008398656
03008397784
03008396395
03008396260
03008397366
03008399397
03008397460
03008392427
03008391413
03008394632
03008392536
03008395125
03008395549
03008397949
03008395784
03008396308
03008395881
03008391729
03008391058
03008394258
03008395843
03008392786
03008396240
03008392382
03008399926
03008395232
03008398401
03008391512
03008394728
03008392272
03008397558
03008392056
03008398772
03008397369
03008395296
03008395650
03008392939
03008393045
03008399200
03008391509
03008398144
03008396702
03008393685
03008393226
03008391619
03008392211
03008393081
03008392061
03008395922
03008391500
03008394398
03008393474
03008395466
03008394984
03008399471
03008392227
03008394025
03008399901
03008399903
03008397567
03008393492
03008399177
03008398414
03008391012
03008398790
03008391857
03008392748
03008399121
03008399141
03008399100
03008393013
03008399571
03008393021
03008395320
03008399450
03008397467
03008396350
03008396058
03008397658
03008398253
03008396818
03008391821
03008397955
03008393574
03008396973
03008397484
03008398242
03008396798
03008393421
03008395659
03008398126
03008391178
03008393797
03008392069
03008391830
03008398470
03008398124
03008399642
03008391649
03008391397
03008391409
03008394373
03008392452
03008394221
03008399900
03008399206
03008398705
03008392435
03008393914
03008391508
03008395833
03008391595
03008399190
03008394223
03008394884
03008395264
03008392342
03008395679
03008397354
03008392636
03008398392
03008399223
03008393251
03008397620
03008398997
03008398225
03008396416
03008396009
03008396855
03008395408
03008397448
03008397731
03008393734
03008393674
03008397766
03008398779
03008397792
03008394363
03008399506
03008394151
03008392292
03008392201
03008392878
03008391783
03008397635
03008393901
03008394757
03008399067
03008398694
03008395097
03008391584
03008391507
03008399982
03008395453
03008392829
03008393438
03008395688
03008395092
03008399824
03008396186
03008391742
03008392315
03008397100
03008397118
03008396485
03008393085
03008397979
03008396172
03008393203
03008398138
03008397022
03008395837
03008391361
03008394323
03008391658
03008399624
03008396335
03008396341
03008398753
03008392633
03008392150
03008392167
03008397783
03008393325
03008394962
03008393817
03008399058
03008392467
03008396014
03008391136
03008399468
03008393352
03008397639
03008397434
03008391087
03008392521
03008391894
03008391240
03008393368
03008392960
03008395080
03008396992
03008392076
03008391365
03008393433
03008397732
03008399845
03008392988
03008399681
03008394949
03008398381
03008399334
03008393159
03008398122
03008397054
03008392354
03008394144
03008397875
03008391952
03008391007
03008399236
03008396369
03008394018
03008399725
03008398901
03008395253
03008396232
03008398798
03008394823
03008398244
03008397969
03008398848
03008395624
03008392267
03008398453
03008396169
03008399786
03008395585
03008394971
03008398304
03008396739
03008399311
03008394033
03008397750
03008393364
03008391416
03008395844
03008391250
03008399415
03008398831
03008394591
03008396756
03008398942
03008394040
03008399583
03008394511
03008394915
03008398206
03008398519
03008395608
03008393498
03008394838
03008391088
03008396582
03008395239
03008395999
03008395714
03008392985
03008399589
03008391220
03008396064
03008397381
03008392870
03008392399
03008397346
03008397597
03008392058
03008396209
03008391792
03008399622
03008391577
03008391391
03008391545
03008395388
03008393793
03008391824
03008399158
03008399231
03008397756
03008397918
03008397113
03008394756
03008394041
03008396011
03008394395
03008393700
03008397489
03008399241
03008393370
03008395953
03008396495
03008391640
03008392515
03008392806
03008397843
03008392309
03008393815
03008393876
03008393261
03008399696
03008395737
03008393694
03008391920
03008391161
03008395393
03008395799
03008393757
03008399789
03008399463
03008395757
03008397643
03008393304
03008391586
03008397663
03008392508
03008394302
03008398207
03008394890
03008395050
03008393187
03008399308
03008396351
03008395218
03008392422
03008396921
03008393940
03008393852
03008395059
03008398303
03008392316
03008393784
03008391779
03008396327
03008398809
03008397976
03008394892
03008392196
03008392738
03008395883
03008394871
03008399502
03008399022
03008399800
03008399512
03008393495
03008395054
03008398996
03008398643
03008397423
03008399768
03008391853
03008394080
03008393376
03008396835
03008395848
03008395421
03008391904
03008392584
03008395000
03008399269
03008393878
03008397975
03008391571
03008395808
03008392694
03008398344
03008396268
03008394437
03008396848
03008396196
03008392242
03008397121
03008394427
03008396062
03008397457
03008393672
03008396361
03008392011
03008394474
03008394729
03008397800
03008391515
03008395361
03008397316
03008393978
03008392286
03008394501
03008399752
03008399071
03008391537
03008391924
03008393188
03008398152
03008396974
03008393500
03008397415
03008397231
03008393979
03008391133
03008399714
03008391421
03008394875
03008393106
03008396521
03008397543
03008395596
03008397517
03008398717
03008396842
03008392429
03008394292
03008397333
03008397487
03008393132
03008392289
03008392347
03008396443
03008395942
03008398049
03008392889
03008398621
03008393974
03008392874
03008399305
03008393373
03008399386
03008398510
03008397058
03008397497
03008393821
03008395646
03008399435
03008392441
03008395765
03008396958
03008394155
03008398783
03008398037
03008395082
03008392393
03008398896
03008392812
03008393842
03008391210
03008395265
03008397535
03008395191
03008391664
03008398532
03008396253
03008399132
03008393647
03008398237
03008392223
03008398131
03008396441
03008399344
03008398608
03008393909
03008391686
03008398051
03008391417
03008396385
03008392288
03008397158
03008397695
03008394852
03008393539
03008391580
03008398486
03008395543
03008397300
03008391793
03008392613
03008396285
03008395190
03008393982
03008396188
03008391739
03008392117
03008398720
03008391932
03008393785
03008394986
03008399131
03008394761
03008393152
03008399792
03008398880
03008399495
03008395247
03008398032
03008393969
03008393679
03008392713
03008397552
03008399668
03008399750
03008391662
03008392587
03008392906
03008394648
03008396731
03008392322
03008398719
03008397704
03008397147
03008394502
03008399678
03008394267
03008396668
03008396507
03008397548
03008393256
03008397801
03008397794
03008398992
03008399355
03008392391
03008397507
03008392912
03008393117
03008391037
03008397223
03008394187
03008392449
03008398969
03008398064
03008397240
03008399006
03008391463
03008396267
03008391427
03008397613
03008398649
03008394613
03008392827
03008394891
03008391525
03008396420
03008394911
03008399757
03008395863
03008395399
03008391736
03008393613
03008391284
03008391560
03008397691
03008399924
03008391028
03008395491
03008391818
03008397698
03008398442
03008396309
03008398795
03008396331
03008392724
03008397927
03008398186
03008393742
03008397392
03008398299
03008396146
03008395632
03008393592
03008396800
03008398562
03008394430
03008391772
03008398573
03008394406
03008397868
03008391840
03008395210
03008395392
03008394706
03008393735
03008397689
03008397621
03008394623
03008392795
03008395129
03008394804
03008393083
03008396112
03008394113
03008396116
03008393425
03008397951
03008397677
03008396453
03008398007
03008393436
03008393323
03008395138
03008395928
03008394098
03008393123
03008392466
03008391061
03008399124
03008395680
03008398468
03008391098
03008393402
03008396153
03008398018
03008394191
03008396121
03008392768
03008395504
03008395160
03008391341
03008392549
03008397480
03008392686
03008392445
03008391004
03008393820
03008396105
03008396729
03008391415
03008393832
03008391774
03008395040
03008398777
03008399636
03008394565
03008395155
03008393562
03008392749
03008396005
03008392509
03008393014
03008392714
03008397272
03008399932
03008398275
03008397180
03008395238
03008397932
03008398162
03008393378
03008396618
03008396224
03008393018
03008398951
03008399157
03008394635
03008399324
03008391332
03008391113
03008394555
03008395930
03008392754
03008399155
03008392216
03008399836
03008399672
03008399731
03008393731
03008393888
03008397829
03008399548
03008391083
03008398594
03008393841
03008393906
03008391242
03008394129
03008395134
03008393505
03008396525
03008392986
03008393351
03008393007
03008393689
03008391381
03008396159
03008393720
03008391249
03008396031
03008395178
03008399007
03008393338
03008396781
03008396325
03008392336
03008395188
03008399402
03008398074
03008396041
03008395483
03008397426
03008399870
03008391536
03008391801
03008395831
03008395700
03008396228
03008392043
03008396688
03008396828
03008395982
03008398349
03008397572
03008393196
03008394109
03008391717
03008392562
03008398663
03008394899
03008399662
03008392060
03008396236
03008394845
03008394189
03008397798
03008395277
03008396966
03008393955
03008396289
03008396849
03008392183
03008399447
03008393535
03008398949
03008392838
03008399536
03008396650
03008399952
03008394781
03008391939
03008398752
03008399139
03008391079
03008391103
03008396356
03008393479
03008396819
03008392526
03008391781
03008395300
03008398436
03008398520
03008392039
03008398370
03008391272
03008391410
03008399862
03008397775
03008394394
03008391282
03008396346
03008391925
03008398851
03008398182
03008392231
03008399713
03008395409
03008396283
03008398582
03008398427
03008395049
03008396719
03008399667
03008398920
03008393487
03008391387
03008391428
03008396081
03008395067
03008396883
03008391011
03008391811
03008396909
03008394467
03008398264
03008395240
03008397006
03008397544
03008397469
03008392793
03008399153
03008392252
03008398174
03008391248
03008397105
03008396372
03008399016
03008399854
03008398079
03008396990
03008391651
03008391605
03008392489
03008396375
03008396388
03008392966
03008395201
03008391278
03008395041
03008397840
03008392804
03008397593
03008391861
03008396193
03008391576
03008392256
03008397565
03008392238
03008394281
03008398695
03008397866
03008391156
03008394469
03008391718
03008399919
03008392816
03008396659
03008392750
03008393715
03008394578
03008392268
03008391514
03008394112
03008394411
03008392541
03008394301
03008392871
03008398221
03008396202
03008392823
03008398277
03008392718
03008399134
03008394733
03008394086
03008391743
03008394136
03008392107
03008392003
03008399201
03008392583
03008397174
03008396683
03008391162
03008398701
03008392884
03008394777
03008395202
03008397419
03008392478
03008398689
03008393452
03008393003
03008398204
03008399979
03008398090
03008397778
03008392492
03008395043
03008392879
03008391751
03008395185
03008398729
03008392469
03008391006
03008399578
03008392574
03008393066
03008398931
03008396937
03008397728
03008391378
03008392127
03008398094
03008397318
03008391935
03008393991
03008391186
03008392726
03008393912
03008391423
03008392131
03008393803
03008399411
03008396047
03008392733
03008396412
03008392899
03008392447
03008395622
03008396515
03008395274
03008396825
03008399283
03008399996
03008394759
03008393709
03008394698
03008395560
03008399816
03008392139
03008391194
03008398096
03008397466
03008396852
03008396383
03008398661
03008391642
03008398840
03008394806
03008393924
03008391967
03008396010
03008393718
03008392046
03008392370
03008397445
03008393727
03008394822
03008392180
03008394118
03008395911
03008396714
03008393442
03008393564
03008393916
03008396664
03008396380
03008397432
03008398243
03008399594
03008393977
03008396504
03008397950
03008391450
03008398946
03008399545
03008392970
03008391708
03008391350
03008394857
03008393272
03008394843
03008394473
03008391338
03008397252
03008396088
03008397317
03008399014
03008395370
03008393409
03008392818
03008394745
03008394978
03008392460
03008397373
03008395681
03008392373
03008392033
03008397214
03008394095
03008398835
03008393424
03008398806
03008394181
03008399210
03008392409
03008394561
03008391856
03008398721
03008395966
03008392190
03008397554
03008396660
03008393972
03008396079
03008398193
03008392638
03008393246
03008394800
03008399000
03008394335
03008395668
03008392484
03008391239
03008393853
03008395637
03008397914
03008395854
03008391883
03008391906
03008396474
03008399803
03008391569
03008398895
03008393239
03008394097
03008398778
03008392787
03008397417
03008397193
03008398127
03008398867
03008395373
03008399724
03008392756
03008395230
03008398759
03008395559
03008399381
03008391841
03008398699
03008398892
03008399372
03008398930
03008391091
03008392113
03008396553
03008397128
03008391599
03008397685
03008392402
03008399298
03008399398
03008399149
03008396022
03008396213
03008393092
03008397141
03008397541
03008393617
03008395866
03008397904
03008393730
03008392881
03008392683
03008397095
03008396323
03008392525
03008391104
03008391916
03008399523
03008394308
03008393005
03008396665
03008396234
03008392868
03008392456
03008397268
03008395187
03008392038
03008397486
03008395932
03008399360
03008396410
03008395628
03008395607
03008391351
03008395755
03008393064
03008398382
03008393671
03008394445
03008397229
03008399347
03008399073
03008395553
03008396581
03008398907
03008393353
03008399775
03008395089
03008396144
03008399356
03008399978
03008392802
03008394273
03008395085
03008396348
03008395865
03008395395
03008396750
03008397734
03008399912
03008399166
03008399003
03008395496
03008393767
03008391244
03008399817
03008398282
03008392563
03008395638
03008393108
03008398194
03008399634
03008395456
03008398813
03008394133
03008396157
03008394270
03008394002
03008396658
03008396265
03008399406
03008392385
03008397321
03008397694
03008399434
03008399906
03008396549
03008391085
03008396344
03008396007
03008393845
03008396326
03008391074
03008396957
03008398635
03008391977
03008398154
03008397196
03008391262
03008393463
03008399647
03008395164
03008392691
03008395903
03008394300
03008394360
03008398859
03008392495
03008395908
03008394287
03008398149
03008396142
03008393673
03008398287
03008393084
03008394371
03008392468
03008391345
03008393939
03008392927
03008398234
03008395846
03008398023
03008394288
03008391252
03008391340
03008396913
03008395177
03008397013
03008397102
03008399787
03008394742
03008393195
03008398393
03008398487
03008391646
03008394985
03008393831
03008395165
03008393127
03008398808
03008399866
03008397959
03008396037
03008394727
03008399916
03008393038
03008395708
03008392236
03008395118
03008396844
03008397880
03008397518
03008395582
03008397274
03008391047
03008393885
03008393544
03008399889
03008395977
03008392027
03008392858
03008398503
03008395440
03008397761
03008395107
03008397038
03008395530
03008395985
03008391386
03008393380
03008397096
03008392993
03008394079
03008392506
03008391549
03008392560
03008398475
03008398538
03008398248
03008394434
03008395852
03008397760
03008392380
03008394417
03008396321
03008398070
03008392700
03008391938
03008395600
03008399805
03008392350
03008394026
03008391722
03008394138
03008394387
03008399806
03008391038
03008391812
03008394428
03008399467
03008394383
03008399965
03008397973
03008391858
03008393326
03008399254
03008399278
03008393149
03008391567
03008395064
03008395310
03008397749
03008394722
03008398479
03008398065
03008394448
03008396815
03008393328
03008393542
03008394154
03008395674
03008395262
03008394611
03008395283
03008396257
03008395631
03008393233
03008392674
03008391972
03008393741
03008391147
03008392459
03008396657
03008398827
03008393890
03008392531
03008399665
03008391326
03008393006
03008393747
03008392684
03008399256
03008399934
03008393150
03008394644
03008398316
03008399172
03008393579
03008395905
03008397887
03008396956
03008399781
03008395184
03008394516
03008397363
03008395771
03008394738
03008396884
03008397308
03008391216
03008391009
03008391989
03008394500
03008399651
03008391622
03008395535
03008393708
03008393284
03008392276
03008392510
03008392946
03008393976
03008392740
03008398822
03008395424
03008391974
03008397176
03008394622
03008391313
03008395503
03008396875
03008398014
03008392775
03008396915
03008395951
03008396588
03008396438
03008391468
03008398246
03008397945
03008392991
03008398664
03008397549
03008398044
03008392197
03008394347
03008397504
03008396541
03008393927
03008399313
03008394909
03008396593
03008396486
03008393282
03008394725
03008393607
03008392759
03008396792
03008397588
03008396696
03008396155
03008396072
03008391477
03008395729
03008394794
03008395830
03008394835
03008396760
03008394424
03008392425
03008399370
03008393234
03008396466
03008397474
03008397275
03008391212
03008396305
03008398550
03008391458
03008399709
03008395418
03008397717
03008393942
03008395284
03008395404
03008396759
03008396975
03008391349
03008394810
03008399828
03008395955
03008392552
03008391000
03008394168
03008392730
03008394654
03008393911
03008391490
03008394479
03008396133
03008394607
03008399420
03008394943
03008399766
03008396602
03008393335
03008399417
03008399042
03008393847
03008397020
03008394856
03008398021
03008392765
03008395705
03008392664
03008398323
03008399204
03008395305
03008395819
03008396804
03008395797
03008397808
03008391601
03008394331
03008396406
03008394158
03008397631
03008396492
03008391975
03008396538
03008393510
03008397152
03008397148
03008392523
03008399797
03008395890
03008398725
03008398773
03008393469
03008398911
03008393222
03008394215
03008394460
03008395895
03008391359
03008396531
03008395489
03008395804
03008393170
03008395419
03008395875
03008397302
03008391614
03008392062
03008391547
03008395032
03008392917
03008392666
03008391211
03008398153
03008393558
03008393295
03008397007
03008399907
03008394464
03008394339
03008394393
03008392689
03008391108
03008392855
03008392191
03008396241
03008398262
03008396271
03008399961
03008391049
03008397706
03008397327
03008393981
03008396647
03008392494
03008394275
03008396663
03008397226
03008394452
03008395994
03008393486
03008393490
03008396307
03008392337
03008398063
03008399524
03008391339
03008398334
03008392729
03008394767
03008394447
03008395820
03008398761
03008391870
03008391265
03008391617
03008393397
03008394171
03008391828
03008394512
03008397238
03008399940
03008396695
03008399369
03008398700
03008395924
03008391235
03008398993
03008395204
03008398999
03008391880
03008398047
03008393941
03008399675
03008392582
03008398939
03008399981
03008392135
03008395011
03008394783
03008391748
03008394101
03008392430
03008398836
03008396034
03008394214
03008395077
03008395886
03008397360
03008391433
03008397138
03008394403
03008398967
03008394766
03008396464
03008397696
03008393296
03008397358
03008391966
03008391613
03008399387
03008395415
03008396791
03008396452
03008392266
03008396562
03008392965
03008397666
03008392969
03008394956
03008391148
03008394699
03008398084
03008392842
03008397679
03008396649
03008398547
03008394004
03008394051
03008394067
03008392601
03008395689
03008392114
03008398088
03008391944
03008393762
03008396008
03008393577
03008394872
03008397841
03008392600
03008399863
03008393494
03008392739
03008396715
03008397106
03008397266
03008393528
03008396545
03008392919
03008394629
03008397736
03008396877
03008391461
03008394889
03008398897
03008397279
03008392015
03008396868
03008394637
03008395359
03008395140
03008391122
03008396244
03008397970
03008397847
03008397815
03008395052
03008391312
03008394089
03008399095
03008396801
03008399072
03008399144
03008399195
03008393458
03008394208
03008393619
03008399130
03008391129
03008393410
03008397481
03008397710
03008396214
03008394634
03008395871
03008392077
03008391747
03008391069
03008397284
03008398574
03008395071
03008394061
03008399920
03008391825
03008393650
03008397372
03008391264
03008399621
03008392096
03008395991
03008398134
03008399992
03008394560
03008392857
03008397511
03008398837
03008392720
03008397347
03008394198
03008391788
03008394123
03008399396
03008393025
03008397305
03008393227
03008396038
03008396216
03008398089
03008398869
03008396044
03008398080
03008391814
03008392461
03008391648
03008395060
03008396151
03008394013
03008394705
03008391204
03008393070
03008393082
03008392987
03008392372
03008398209
03008395360
03008395422
03008391439
03008394203
03008397564
03008396141
03008398713
03008398703
03008396138
03008398521
03008394150
03008391466
03008392978
03008397339
03008399138
03008394505
03008393869
03008399418
03008398192
03008391217
03008399943
03008394318
03008393664
03008395018
03008392299
03008397430
03008398448
03008395507
03008391294
03008391780
03008395492
03008396436
03008395090
03008391615
03008392230
03008394997
03008396577
03008396284
03008396933
03008399277
03008394924
03008398770
03008394385
03008391119
03008397844
03008391850
03008392100
03008399625
03008397786
03008394530
03008394855
03008392781
03008392089
03008391064
03008398863
03008391755
03008396126
03008398328
03008392088
03008395722
03008396382
03008399508
03008392627
03008392524
03008391971
03008391905
03008397647
03008398704
03008394541
03008391988
03008393680
03008393502
03008394065
03008398797
03008392297
03008398092
03008392164
03008396128
03008395718
03008398117
03008393945
03008391902
03008394271
03008393519
03008391429
03008393416
03008396338
03008398517
03008399087
03008395536
03008395873
03008393263
03008399565
03008393428
03008391785
03008392082
03008399674
03008393812
03008399328
03008392575
03008398617
03008394489
03008393872
03008391254
03008399735
03008392692
03008394219
03008396526
03008396646
03008397212
03008394104
03008399574
03008392244
03008396627
03008392839
03008394179
03008394854
03008391168
03008393340
03008392485
03008391437
03008396591
03008397933
03008397583
03008398802
03008392465
03008398845
03008398782
03008398175
03008391653
03008396448
03008393174
03008394573
03008397978
03008397476
03008394238
03008397083
03008398855
03008391636
03008395777
03008399018
03008399218
03008395458
03008393385
03008395576
03008391555
03008397628
03008394714
03008398593
03008392670
03008391638
03008391955
03008396961
03008392763
03008392651
03008398405
03008398129
03008397342
03008397912
03008393659
03008392353
03008395017
03008399077
03008395947
03008396785
03008393447
03008399564
03008394830
03008396280
03008392599
03008398632
03008394024
03008391734
03008394072
03008394455
03008396340
03008394125
03008393445
03008395127
03008391893
03008398872
03008393126
03008391875
03008394034
03008395472
03008397895
03008395275
03008399515
03008396722
03008394819
03008393332
03008394592
03008391228
03008397124
03008394019
03008398501
03008396671
03008393684
03008396838
03008397351
03008393457
03008399534
03008397183
03008397074
03008399898
03008392835
03008396803
03008397688
03008398748
03008392037
03008394930
03008393781
03008399252
03008391123
03008398150
03008399533
03008392217
03008398002
03008398708
03008399106
03008398271
03008395037
03008396682
03008394999
03008398361
03008396368
03008392331
03008394921
03008395354
03008397788
03008396328
03008399874
03008399682
03008393283
03008394633
03008398754
03008393056
03008398098
03008392333
03008396689
03008391887
03008395971
03008398366
03008399717
03008398894
03008392650
03008398791
03008392375
03008392598
03008391744
03008398677
03008391674
03008399025
03008395823
03008399530
03008399307
03008399517
03008391981
03008398583
03008398359
03008397919
03008396359
03008391280
03008394614
03008396460
03008392214
03008391082
03008394200
03008397371
03008398922
03008398256
03008398012
03008399341
03008394968
03008399587
03008399110
03008394015
03008392702
03008394311
03008396239
03008392853
03008392176
03008392488
03008399460
03008394825
03008392159
03008396904
03008393362
03008393058
03008394816
03008399859
03008391666
03008397707
03008391725
03008399161
03008396872
03008396684
03008394749
03008396892
03008394668
03008398091
03008396069
03008393565
03008393365
03008399837
03008395767
03008394379
03008394515
03008398026
03008392682
03008395652
03008397610
03008399591
03008391036
03008396604
03008394514
03008391039
03008397748
03008399462
03008392247
03008392776
03008398283
03008397490
03008396988
03008391442
03008396955
03008397424
03008399109
03008396401
03008394190
03008394588
03008392610
03008395970
03008397000
03008395157
03008392979
03008393632
03008391487
03008395401
03008395156
03008395617
03008393520
03008392656
03008396095
03008394439
03008392029
03008392206
03008399569
03008399577
03008397167
03008393488
03008391930
03008391347
03008395272
03008397659
03008394957
03008394918
03008395044
03008393857
03008397325
03008398043
03008391832
03008398724
03008398785
03008398980
03008397080
03008395588
03008394038
03008391838
03008391667
03008395102
03008395861
03008391169
03008394812
03008399520
03008396985
03008396678
03008396543
03008394162
03008398788
03008399921
03008398762
03008395917
03008394850
03008394951
03008398480
03008399329
03008391641
03008399819
03008395486
03008399809
03008398128
03008394544
03008394953
03008397810
03008396437
03008393464
03008399186
03008393777
03008398218
03008393199
03008395768
03008393759
03008395666
03008394639
03008393230
03008391170
03008391163
03008395745
03008398787
03008396332
03008395343
03008396858
03008391056
03008394352
03008398623
03008398157
03008395376
03008393809
03008399721
03008399479
03008394755
03008396295
03008391174
03008399769
03008394721
03008393662
03008397002
03008396589
03008394316
03008397493
03008399001
03008392097
03008394369
03008396357
03008396940
03008393273
03008394752
03008392327
03008393865
03008394575
03008393157
03008395601
03008393508
03008398313
03008392836
03008398976
03008393525
03008394960
03008391610
03008396528
03008398340
03008396740
03008396859
03008396060
03008399439
03008393363
03008399374
03008393967
03008393193
03008395193
03008391372
03008399120
03008393372
03008393080
03008396003
03008394656
03008394876
03008391392
03008399604
03008395416
03008398494
03008396745
03008396411
03008395980
03008392929
03008399541
03008399306
03008391390
03008392395
03008393462
03008398524
03008392490
03008393155
03008397188
03008392202
03008396455
03008395566
03008398595
03008395317
03008397019
03008393591
03008391909
03008392473
03008396187
03008394782
03008392935
03008394893
03008396004
03008393589
03008394869
03008394803
03008394094
03008393086
03008393739
03008392794
03008398178
03008397078
03008397396
03008396615
03008399526
03008392911
03008399089
03008397385
03008394253
03008397129
03008391008
03008398431
03008395375
03008398082
03008393429
03008397039
03008397230
03008391384
03008394348
03008391987
03008398612
03008391175
03008393008
03008394463
03008392104
03008399105
03008394499
03008398114
03008393794
03008399975
03008395662
03008394712
03008397842
03008399910
03008399576
03008392760
03008399492
03008392177
03008396419
03008398763
03008395397
03008399496
03008392396
03008399054
03008395423
03008391714
03008391782
03008398929
03008396423
03008399116
03008397589
03008398685
03008398781
03008397259
03008396914
03008399136
03008394958
03008394887
03008396025
03008392611
03008396928
03008396673
03008395736
03008391460
03008397513
03008391398
03008396799
03008399237
03008392997
03008399610
03008396812
03008393153
03008391702
03008395171
03008393491
03008397637
03008391504
03008391464
03008391491
03008397789
03008396024
03008397804
03008398106
03008395620
03008393651
03008395109
03008395304
03008391602
03008396190
03008399137
03008398446
03008391982
03008394277
03008397303
03008392323
03008394980
03008394322
03008393177
03008399035
03008394231
03008393337
03008398536
03008396049
03008393131
03008393990
03008393161
03008394533
03008397849
03008395045
03008395655
03008393482
03008395279
03008396510
03008391066
03008394289
03008393481
03008399670
03008392442
03008396074
03008398962
03008396767
03008395552
03008398671
03008391206
03008393313
03008394165
03008392498
03008394864
03008399456
03008392880
03008398390
03008393379
03008393257
03008396908
03008395626
03008395220
03008394740
03008398824
03008396843
03008391081
03008394547
03008392697
03008394291
03008396374
03008396894
03008394459
03008391965
03008392344
03008395006
03008396201
03008399562
03008398213
03008398197
03008393509
03008398644
03008392886
03008399962
03008398636
03008391765
03008396215
03008399425
03008392803
03008399673
03008396758
03008398588
03008392016
03008391291
03008391052
03008392507
03008398691
03008391984
03008398645
03008397571
03008395902
03008399811
03008399727
03008398258
03008393764
03008398180
03008397600
03008399586
03008393455
03008399807
03008393763
03008393165
03008392218
03008391716
03008391833
03008399758
03008397455
03008398640
03008399159
03008395093
03008397378
03008399375
03008393771
03008396947
03008394676
03008395604
03008399203
03008395595
03008393164
03008398133
03008399288
03008394327
03008399104
03008391550
03008391010
03008391314
03008396249
03008395480
03008395353
03008394186
03008397977
03008394153
03008398956
03008398312
03008391134
03008395540
03008398267
03008398804
03008392368
03008395815
03008396297
03008394559
03008398765
03008398426
03008391126
03008398552
03008393128
03008397608
03008393778
03008399096
03008396814
03008393894
03008399878
03008399584
03008398970
03008398116
03008397282
03008393603
03008394492
03008392592
03008391020
03008395522
03008396111
03008393289
03008394713
03008397111
03008393723
03008394227
03008395634
03008393683
03008395828
03008397472
03008393526
03008396444
03008391453
03008394910
03008396230
03008397537
03008395774
03008397555
03008391482
03008394059
03008391107
03008399449
03008397605
03008394047
03008397551
03008392564
03008394057
03008396666
03008396840
03008395651
03008393950
03008396839
03008399810
03008399600
03008396148
03008399566
03008393622
03008397506
03008398938
03008399555
03008396002
03008393774
03008391575
03008394233
03008398222
03008396879
03008397590
03008391071
03008392124
03008398069
03008392280
03008392844
03008398934
03008396736
03008391672
03008394458
03008399883
03008395058
03008395119
03008398093
03008393327
03008394609
03008391876
03008391522
03008392606
03008392596
03008399115
03008391434
03008391374
03008397442
03008392542
03008396783
03008394778
03008394662
03008398024
03008394329
03008392346
03008397116
03008398211
03008394349
03008391229
03008396454
03008399427
03008392471
03008391114
03008392977
03008398796
03008393459
03008394961
03008399905
03008391321
03008394140
03008399993
03008399881
03008392440
03008394451
03008393641
03008395715
03008395115
03008398998
03008397125
03008399529
03008395258
03008393311
03008391366
03008393854
03008393211
03008399082
03008391822
03008393675
03008398678
03008399078
03008392545
03008394031
03008398330
03008396777
03008393712
03008396822
03008392907
03008399798
03008396334
03008395431
03008394646
03008398010
03008398071
03008392773
03008395091
03008392419
03008391030
03008392824
03008397780
03008395368
03008391819
03008397056
03008395613
03008395271
03008391226
03008396347
03008394589
03008396749
03008391606
03008393437
03008399192
03008398846
03008392747
03008396390
03008395329
03008395904
03008393986
03008391224
03008391323
03008398451
03008395916
03008391208
03008393346
03008391063
03008398255
03008393419
03008393029
03008391723
03008398184
03008394049
03008394572
03008394947
03008392620
03008395429
03008391726
03008395835
03008397004
03008395227
03008395853
03008394431
03008398232
03008393179
03008393879
03008399253
03008395690
03008392228
03008395500
03008398135
03008393880
03008397719
03008399937
03008396652
03008394719
03008391899
03008391961
03008393166
03008395563
03008392254
03008396724
03008391499
03008394912
03008398119
03008395225
03008392401
03008393399
03008395004
03008394000
03008395461
03008393732
03008397159
03008397293
03008399426
03008391954
03008397066
03008398575
03008391118
03008393953
03008398201
03008395066
03008394391
03008394485
03008391624
03008395609
03008392362
03008395733
03008393407
03008393701
03008392715
03008395937
03008395959
03008399257
03008398166
03008394659
03008397851
03008398269
03008398444
03008397298
03008399509
03008397845
03008399543
03008394106
03008395197
03008396129
03008398424
03008399514
03008399068
03008392932
03008398123
03008396430
03008398950
03008392066
03008394477
03008395725
03008391564
03008399274
03008392616
03008395786
03008391820
03008396540
03008393180
03008397483
03008391219
03008397837
03008397285
03008392102
03008396891
03008396324
03008398228
03008391698
03008391652
03008393374
03008396709
03008398042
03008391573
03008396561
03008396716
03008396927
03008392245
03008392661
03008391655
03008397077
03008393298
03008395888
03008397702
03008394228
03008392125
03008394274
03008392192
03008399599
03008397172
03008395742
03008395313
03008399695
03008395137
03008394624
03008394888
03008398029
03008393124
03008391002
03008398622
03008399404
03008392434
03008395849
03008396962
03008393062
03008392009
03008391202
03008396918
03008396342
03008394185
03008397382
03008393792
03008394045
03008399718
03008394225
03008396632
03008393318
03008392019
03008399650
03008395639
03008394710
03008399143
03008391582
03008392295
03008392271
03008397071
03008399287
03008393958
03008395791
03008399707
03008393396
03008397705
03008397122
03008399332
03008394576
03008398792
03008399230
03008398530
03008393918
03008396480
03008399795
03008394046
03008391328
03008395110
03008396720
03008393808
03008395760
03008396302
03008393611
03008391945
03008395427
03008395811
03008397204
03008392020
03008392249
03008396653
03008393503
03008392224
03008399076
03008395364
03008393601
03008396165
03008398789
03008393925
03008391897
03008398177
03008392010
03008393926
03008396944
03008396304
03008392433
03008392386
03008392101
03008394053
03008392298
03008395476
03008395020
03008399262
03008398062
03008394808
03008393889
03008399638
03008392728
03008391013
03008392432
03008397672
03008392078
03008393448
03008394293
03008398988
03008392106
03008397186
03008395621
03008395451
03008391827
03008396402
03008398666
03008399871
03008394315
03008395586
03008396019
03008395521
03008398008
03008398539
03008396329
03008395887
03008391198
03008399271
03008398984
03008393113
03008397395
03008398290
03008399167
03008398876
03008393640
03008392903
03008392856
03008397563
03008396491
03008398647
03008394886
03008392001
03008396092
03008396180
03008397602
03008391193
03008398310
03008392475
03008399998
03008394400
03008399079
03008397052
03008392984
03008398341
03008398706
03008398554
03008391707
03008397733
03008399320
03008396094
03008399643
03008394280
03008398620
03008399618
03008397444
03008393176
03008398266
03008392092
03008396621
03008393028
03008399093
03008395537
03008399568
03008397834
03008393418
03008394472
03008399868
03008398989
03008396771
03008393903
03008396381
03008397793
03008396084
03008395633
03008397960
03008397882
03008396462
03008398526
03008392428
03008399688
03008395438
03008397944
03008396446
03008395958
03008394590
03008398627
03008391978
03008396920
03008395710
03008399960
03008391692
03008391299
03008397831
03008396662
03008398755
03008391749
03008391639
03008395699
03008399503
03008391111
03008396560
03008396306
03008396741
03008398823
03008399002
03008396897
03008392185
03008395053
03008396258
03008398388
03008397607
03008391281
03008394696
03008399708
03008397070
03008399316
03008392673
03008397516
03008395417
03008393496
03008392820
03008399403
03008399745
03008398391
03008397531
03008398829
03008399765
03008396570
03008396585
03008396619
03008398541
03008396204
03008394261
03008395657
03008396691
03008394677
03008394987
03008395518
03008397032
03008398563
03008398688
03008391557
03008396259
03008399999
03008395379
03008391307
03008391476
03008392118
03008397015
03008396685
03008394802
03008394366
03008394416
03008394883
03008391901
03008398954
03008395028
03008398542
03008398882
03008394350
03008399974
03008395215
03008398465
03008394923
03008394630
03008397207
03008397983
03008399963
03008396754
03008391892
03008396931
03008391152
03008393389
03008399635
03008395973
03008392847
03008398095
03008393280
03008393575
03008392665
03008396710
03008396964
03008394691
03008393122
03008394177
03008395761
03008394009
03008395935
03008393493
03008393917
03008398991
03008398273
03008398466
03008394827
03008397925
03008397729
03008399977
03008397390
03008395814
03008391643
03008397814
03008399820
03008398458
03008394542
03008391273
03008397201
03008392753
03008395391
03008399379
03008393099
03008395122
03008399821
03008394813
03008398083
03008391704
03008396732
03008394652
03008396786
03008398195
03008395183
03008396054
03008392644
03008392538
03008395172
03008392338
03008391581
03008392798
03008394917
03008398461
03008391261
03008395992
03008396829
03008399065
03008391737
03008392837
03008391563
03008392548
03008391184
03008397420
03008399833
03008393846
03008396568
03008393548
03008396104
03008399367
03008399734
03008398325
03008394132
03008397463
03008396613
03008393446
03008398103
03008398716
03008392340
03008398100
03008392964
03008395702
03008392175
03008393281
03008394550
03008398825
03008393725
03008392814
03008397640
03008398981
03008392305
03008396386
03008392892
03008395593
03008394831
03008394940
03008393706
03008394667
03008391266
03008393386
03008396150
03008394621
03008398239
03008394377
03008393553
03008391301
03008393843
03008392810
03008393993
03008391158
03008398449
03008392989
03008398928
03008396426
03008398744
03008393804
03008399942
03008393639
03008392141
03008397289
03008393973
03008396808
03008397872
03008392156
03008396389
03008395731
03008392451
03008391980
03008395250
03008395319
03008397848
03008392649
03008393710
03008395720
03008398548
03008392284
03008399521
03008394678
03008397861
03008399333
03008396086
03008396292
03008392263
03008398921
03008398485
03008398966
03008397292
03008399928
03008397242
03008398329
03008395103
03008391996
03008399150
03008399715
03008391968
03008398055
03008396210
03008396524
03008399123
03008397084
03008399113
03008393992
03008393960
03008394936
03008392255
03008392995
03008391703
03008393317
03008396043
03008395614
03008396349
03008393130
03008391531
03008392098
03008398711
03008397365
03008398031
03008399872
03008399812
03008395739
03008398830
03008391400
03008398073
03008398737
03008392840
03008393392
03008394737
03008394222
03008396456
03008395929
03008396809
03008395244
03008395186
03008394726
03008392956
03008391356
03008398362
03008392555
03008399043
03008397101
03008393293
03008398624
03008397446
03008392281
03008392438
03008394626
03008392958
03008391035
03008399493
03008396061
03008396028
03008392597
03008393805
03008397846
03008396273
03008392635
03008396440
03008399611
03008393067
03008396907
03008395315
03008396530
03008392905
03008398161
03008391633
03008394981
03008394627
03008396730
03008397636
03008399597
03008397139
03008393800
03008393620
03008399045
03008395114
03008393343
03008394848
03008397714
03008398476
03008396998
03008391677
03008394715
03008391888
03008395015
03008395954
03008396050
03008395719
03008397104
03008392962
03008393156
03008391628
03008392168
03008396637
03008395867
03008393361
03008393791
03008396939
03008399133
03008393877
03008395990
03008394021
03008392586
03008398815
03008399955
03008394058
03008393546
03008399405
03008391992
03008399702
03008396705
03008394353
03008394684
03008392544
03008395879
03008399024
03008393636
03008393367
03008394257
03008393746
03008394146
03008398727
03008393931
03008395926
03008393898
03008394152
03008393383
03008399733
03008394702
03008394650
03008399098
03008397998
03008394471
03008393998
03008397144
03008392872
03008395267
03008399026
03008394462
03008399744
03008391353
03008391102
03008397411
03008394386
03008392690
03008399289
03008396690
03008398060
03008394829
03008397881
03008393538
03008395026
03008399684
03008398983
03008392577
03008397028
03008391540
03008399169
03008397041
03008395412
03008396108
03008398160
03008394196
03008394792
03008395693
03008393965
03008391190
03008399848
03008391693
03008395968
03008393637
03008393366
03008393928
03008395909
03008399300
03008395285
03008396574
03008395219
03008392862
03008391506
03008396192
03008392864
03008394209
03008393063
03008395036
03008393798
03008397192
03008396046
03008398425
03008399563
03008398883
03008393484
03008396393
03008398679
03008399929
03008391445
03008396398
03008394042
03008394993
03008397502
03008392618
03008391758
03008395170
03008393253
03008397993
03008392273
03008397644
03008398634
03008399914
03008393475
03008397195
03008396629
03008395307
03008394384
03008395106
03008396533
03008395224
03008391109
03008392004
03008394597
03008397836
03008394216
03008392008
03008391809
03008394764
03008393140
03008397656
03008393801
03008399939
03008396846
03008399949
03008392195
03008391310
03008394343
03008394172
03008395583
03008397611
03008393047
03008399258
03008391072
03008394030
03008393802
03008394615
03008394675
03008393698
03008397450
03008392732
03008392349
03008399301
03008399603
03008398654
03008396225
03008397153
03008391891
03008394992
03008398868
03008398345
03008394610
03008396168
03008399267
03008397088
03008393860
03008396391
03008397962
03008393344
03008399486
03008396764
03008395829
03008399988
03008396863
03008397461
03008392784
03008398581
03008396143
03008393010
03008395546
03008396181
03008398918
03008393705
03008396837
03008397650
03008397859
03008398263
03008397334
03008391647
03008399382
03008395235
03008391424
03008396482
03008395278
03008394413
03008392915
03008394272
03008393751
03008397163
03008396428
03008399488
03008393536
03008392815
03008396984
03008399199
03008391868
03008394229
03008393676
03008399513
03008396876
03008393682
03008394811
03008397958
03008391559
03008393237
03008394944
03008392047
03008394484
03008398814
03008393169
03008392712
03008395152
03008399293
03008392420
03008392415
03008391034
03008399497
03008391324
03008399711
03008396885
03008394658
03008391529
03008391976
03008399101
03008395697
03008397065
03008392573
03008398698
03008392770
03008394935
03008395342
03008399864
03008394355
03008396633
03008392588
03008397809
03008394197
03008391928
03008398511
03008397297
03008397763
03008396242
03008395117
03008396718
03008398750
03008399220
03008395213
03008393713
03008395623
03008394896
03008396496
03008398408
03008398826
03008394598
03008397127
03008398376
03008398456
03008398985
03008393146
03008399808
03008399794
03008396847
03008396802
03008397213
03008392595
03008393716
03008394358
03008392867
03008399860
03008397416
03008394429
03008393609
03008397433
03008397236
03008396026
03008395933
03008398614
03008397577
03008393381
03008391829
03008391561
03008394531
03008397892
03008396471
03008397534
03008394305
03008394657
03008392361
03008397508
03008393189
03008399984
03008398187
03008392068
03008394601
03008391985
03008392902
03008392481
03008395084
03008398492
03008397143
03008397764
03008392111
03008399504
03008394159
03008398371
03008392830
03008395642
03008398118
03008395327
03008394402
03008393240
03008398314
03008392233
03008398452
03008399458
03008395027
03008397465
03008391492
03008392099
03008396636
03008399060
03008399956
03008392436
03008391771
03008398589
03008395544
03008393390
03008391691
03008399756
03008394786
03008395857
03008392151
03008392940
03008396694
03008392369
03008394239
03008392639
03008397412
03008396266
03008391269
03008396982
03008398893
03008393048
03008392908
03008396068
03008397709
03008393218
03008394254
03008392631
03008392421
03008393267
03008391872
03008392296
03008397402
03008394945
03008392904
03008397538
03008398338
03008393517
03008393755
03008399483
03008396830
03008391141
03008396932
03008396217
03008394991
03008394367
03008394686
03008399518
03008396109
03008394218
03008394879
03008394266
03008398445
03008392937
03008393247
03008399464
03008395802
03008392897
03008397870
03008393971
03008393414
03008399500
03008399964
03008399499
03008399896
03008395344
03008391441
03008392852
03008391950
03008391562
03008392053
03008392308
03008394028
03008399498
03008391021
03008399103
03008397926
03008398215
03008398944
03008392973
03008399377
03008397496
03008394520
03008395386
03008398545
03008397253
03008394361
03008397617
03008396776
03008398933
03008399385
03008398125
03008391970
03008398874
03008399351
03008392922
03008391342
03008396550
03008392187
03008391209
03008392617
03008391414
03008396598
03008394111
03008395944
03008393404
03008392306
03008391279
03008395169
03008396513
03008391994
03008394365
03008399853
03008395664
03008396254
03008396563
03008397641
03008399915
03008391231
03008395470
03008396752
03008397151
03008391171
03008395309
03008397986
03008394495
03008391799
03008398077
03008391579
03008397974
03008398994
03008391800
03008395445
03008393638
03008399771
03008396936
03008393151
03008398417
03008399361
03008399770
03008398580
03008396378
03008394522
03008391775
03008399335
03008393772
03008394461
03008394381
03008391668
03008397495
03008396276
03008393011
03008396997
03008391031
03008394741
03008395200
03008395961
03008399659
03008395241
03008393026
03008391060
03008395390
03008398697
03008399264
03008398915
03008392499
03008393837
03008391813
03008393206
03008395807
03008399030
03008391376
03008396468
03008394043
03008399959
03008392313
03008395591
03008397299
03008394669
03008395168
03008394313
03008392116
03008393198
03008391362
03008396199
03008395161
03008392034
03008393995
03008399683
03008398799
03008391612
03008394939
03008399304
03008399380
03008398537
03008396537
03008395425
03008391117
03008393342
03008397499
03008395473
03008393691
03008394304
03008392913
03008395105
03008394442
03008399477
03008395531
03008393555
03008398428
03008395514
03008395346
03008394660
03008393881
03008394070
03008394517
03008399490
03008397806
03008397661
03008399691
03008396365
03008393769
03008393768
03008398841
03008399359
03008397165
03008397306
03008399893
03008397045
03008398958
03008397115
03008396639
03008397271
03008396529
03008395605
03008396154
03008397494
03008393552
03008392109
03008395850
03008398597
03008398019
03008399516
03008398111
03008395340
03008396479
03008392448
03008396635
03008392569
03008395128
03008397048
03008399645
03008394362
03008392520
03008397458
03008392022
03008392963
03008396727
03008396318
03008391438
03008392215
03008395124
03008391940
03008394174
03008399187
03008393053
03008394863
03008399160
03008393115
03008399125
03008399519
03008395381
03008394039
03008396980
03008398801
03008397954
03008394235
03008392057
03008397769
03008397353
03008396687
03008391510
03008396873
03008397211
03008399281
03008391247
03008393394
03008392503
03008395782
03008395744
03008399338
03008392637
03008397169
03008392480
03008391806
03008396427
03008394085
03008396906
03008398009
03008398169
03008394758
03008397601
03008394905
03008392002
03008392533
03008393621
03008391738
03008394596
03008391986
03008395347
03008392403
03008398940
03008394340
03008392122
03008396251
03008394319
03008394494
03008395475
03008391960
03008398142
03008394432
03008398758
03008399700
03008394717
03008393644
03008395484
03008391682
03008397965
03008393668
03008391140
03008391554
03008397682
03008393135
03008398168
03008398326
03008396511
03008398674
03008392800
03008395251
03008391767
03008394640
03008394450
03008398586
03008394765
03008393825
03008395753
03008394389
03008397626
03008395446
03008395648
03008392952
03008397064
03008392497
03008399028
03008394017
03008393856
03008391285
03008398833
03008397947
03008396686
03008399276
03008392193
03008399350
03008399602
03008397900
03008399363
03008393511
03008399843
03008395009
03008397711
03008391797
03008397645
03008391631
03008398240
03008399623
03008397716
03008394184
03008396676
03008391099
03008395297
03008392279
03008392182
03008398974
03008395216
03008397479
03008394075
03008399703
03008397971
03008396319
03008394108
03008394851
03008399612
03008391533
03008396644
03008391862
03008393016
03008396612
03008394440
03008396500
03008397359
03008399613
03008391124
03008393347
03008395533
03008393561
03008394498
03008393997
03008391379
03008396903
03008391188
03008398604
03008398972
03008395976
03008392207
03008394636
03008391053
03008393264
03008397035
03008392646
03008392791
03008393001
03008395311
03008391837
03008392534
03008391199
03008391600
03008396896
03008395584
03008396882
03008396066
03008396743
03008396544
03008394468
03008394595
03008396432
03008391937
03008395214
03008395667
03008395263
03008394694
03008391325
03008398284
03008392064
03008392454
03008393515
03008395750
03008397206
03008396118
03008394037
03008398489
03008397368
03008396101
03008393891
03008397310
03008394119
03008391843
03008397852
03008396176
03008391632
03008399327
03008391371
03008396512
03008398599
03008392628
03008396184
03008392530
03008398422
03008396053
03008397237
03008393087
03008396887
03008398639
03008397894
03008392623
03008392693
03008397205
03008397994
03008397503
03008392379
03008397276
03008393669
03008395603
03008397838
03008392894
03008394955
03008395430
03008392704
03008397069
03008397050
03008393737
03008392203
03008397873
03008393819
03008394083
03008399743
03008394536
03008393069
03008393119
03008396296
03008397767
03008392687
03008396174
03008391485
03008392200
03008391067
03008399033
03008394768
03008394735
03008391593
03008397027
03008398543
03008394204
03008395773
03008391227
03008399248
03008397135
03008397377
03008398447
03008393660
03008397108
03008397210
03008395952
03008393653
03008399031
03008395610
03008398495
03008396023
03008391929
03008399432
03008399739
03008393182
03008399094
03008393975
03008394867
03008397633
03008394243
03008397357
03008397828
03008395616
03008391696
03008393477
03008392796
03008397003
03008396878
03008391731
03008397675
03008398212
03008392086
03008399704
03008398786
03008391367
03008391768
03008394081
03008398087
03008392035
03008395752
03008391594
03008395762
03008395509
03008391018
03008395676
03008392163
03008396725
03008394836
03008395407
03008398676
03008396170
03008399671
03008392371
03008391764
03008394249
03008393728
03008399041
03008399776
03008392389
03008391106
03008391494
03008395859
03008393859
03008397024
03008397540
03008396509
03008399640
03008393057
03008399410
03008391882
03008398041
03008391923
03008396634
03008392387
03008399547
03008392132
03008396293
03008399146
03008397739
03008395983
03008397893
03008395868
03008391145
03008396605
03008396700
03008391016
03008397725
03008399443
03008398619
03008394868
03008397277
03008395589
03008392260
03008399551
03008391062
03008397825
03008397459
03008394493
03008399987
03008392941
03008391197
03008392942
03008395432
03008391999
03008396793
03008399581
03008398296
03008395132
03008392304
03008394415
03008395455
03008398416
03008398576
03008397737
03008395314
03008391844
03008398052
03008395057
03008395175
03008392147
03008397574
03008393529
03008396156
03008395541
03008392189
03008398525
03008399531
03008398217
03008393341
03008392590
03008396354
03008398715
03008399357
03008392031
03008393308
03008398155
03008399777
03008391230
03008398469
03008393098
03008397855
03008394679
03008392049
03008399835
03008397581
03008398805
03008398450
03008394256
03008399802
03008398682
03008393473
03008399034
03008399168
03008394540
03008391142
03008396408
03008391005
03008393339
03008396986
03008395795
03008398888
03008392547
03008394995
03008393930
03008392294
03008392924
03008396713
03008399882
03008397399
03008397684
03008398817
03008397391
03008395135
03008392269
03008398739
03008398768
03008395561
03008395964
03008393766
03008391192
03008397807
03008397773
03008391203
03008395629
03008398675
03008396178
03008391551
03008398660
03008397131
03008396766
03008397580
03008399202
03008394183
03008397624
03008399841
03008395498
03008396925
03008397361
03008391065
03008393109
03008392165
03008391949
03008393078
03008399193
03008397827
03008395538
03008398569
03008398553
03008391040
03008398432
03008397539
03008396547
03008395550
03008394600
03008399609
03008392234
03008391871
03008392680
03008394762
03008393121
03008398252
03008396135
03008397570
03008392317
03008393612
03008397981
03008397322
03008391895
03008397340
03008399606
03008392605
03008391354
03008396394
03008397657
03008397835
03008399822
03008399286
03008397980
03008399448
03008399588
03008395780
03008393485
03008392160
03008395789
03008395749
03008392417
03008392968
03008399178
03008398159
03008393322
03008394120
03008391626
03008398188
03008396442
03008395434
03008392054
03008396337
03008393626
03008395984
03008394817
03008399265
03008391166
03008396125
03008398167
03008393096
03008396617
03008393551
03008395636
03008397561
03008395974
03008394404
03008393604
03008394821
03008396592
03008394148
03008395995
03008398423
03008396286
03008396681
03008394780
03008391135
03008395229
03008395713
03008395377
03008392479
03008399044
03008395095
03008391475
03008396140
03008398165
03008397107
03008392477
03008395181
03008391116
03008397454
03008394295
03008398534
03008398565
03008394528
03008397907
03008391676
03008394509
03008392048
03008394449
03008397595
03008395010
03008395316
03008398460
03008393077
03008398794
03008399446
03008398657
03008397774
03008398369
03008393677
03008398743
03008391481
03008393568
03008393518
03008392138
03008392173
03008396821
03008396235
03008396559
03008399249
03008397380
03008394748
03008397309
03008394837
03008392400
03008394833
03008394250
03008391380
03008392833
03008396641
03008397389
03008392311
03008396102
03008392914
03008393729
03008394625
03008396924
03008395206
03008398669
03008392041
03008399958
03008391834
03008394401
03008395298
03008398086
03008397889
03008396960
03008398066
03008392063
03008392157
03008397772
03008397473
03008395556
03008396173
03008393277
03008398101
03008392277
03008392841
03008395557
03008397089
03008396717
03008398434
03008392174
03008392014
03008394901
03008399788
03008391847
03008396817
03008397929
03008391941
03008396096
03008394050
03008392072
03008395856
03008398838
03008396237
03008399666
03008396294
03008398389
03008391535
03008391296
03008394169
03008397422
03008391191
03008399764
03008399117
03008392026
03008398749
03008391302
03008391154
03008391511
03008396579
03008395513
03008398570
03008399326
03008397826
03008397803
03008396889
03008395294
03008395282
03008393786
03008396336
03008398011
03008399669
03008392178
03008394211
03008395299
03008398473
03008394265
03008394720
03008394234
03008396738
03008394795
03008393276
03008394839
03008392990
03008395796
03008398311
03008391869
03008397219
03008394532
03008394814
03008394638
03008399088
03008399151
03008392070
03008397438
03008394874
03008396203
03008392023
03008391315
03008397046
03008397671
03008397440
03008394124
03008395847
03008392647
03008398301
03008398611
03008393923
03008398360
03008398146
03008392493
03008395024
03008391503
03008392170
03008394793
03008397968
03008397034
03008395468
03008398202
03008392108
03008394701
03008391274
03008396194
03008399251
03008393516
03008396288
03008395913
03008395896
03008394724
03008396065
03008392825
03008391881
03008396131
03008391796
03008399649
03008397245
03008395437
03008392367
03008393214
03008393356
03008394412
03008398488
03008391138
03008392642
03008395564
03008393779
03008395242
03008399601
03008396270
03008393920
03008395969
03008397524
03008394421
03008395573
03008392851
03008392418
03008399615
03008397468
03008399873
03008397822
03008395291
03008398710
03008396770
03008394670
03008397501
03008397085
03008394568
03008396643
03008395351
03008394772
03008395763
03008391090
03008392652
03008392169
03008394195
03008391815
03008395672
03008398072
03008393524
03008394906
03008394538
03008393571
03008395332
03008391995
03008394438
03008399585
03008399895
03008395572
03008396728
03008396106
03008396841
03008396654
03008397492
03008393072
03008396573
03008397813
03008391898
03008395810
03008395406
03008397819
03008391112
03008398943
03008395921
03008392357
03008396396
03008396465
03008399226
03008398690
03008392696
03008399378
03008393497
03008398793
03008393602
03008393415
03008399021
03008397401
03008391570
03008396606
03008399303
03008398587
03008396269
03008395372
03008399039
03008396027
03008391956
03008394807
03008397730
03008394504
03008395618
03008396110
03008393049
03008391024
03008394805
03008392705
03008392772
03008399250
03008391526
03008393844
03008393388
03008396161
03008394127
03008394700
03008394672
03008394441
03008392980
03008397059
03008392378
03008398807
03008393255
03008397258
03008394341
03008398343
03008393000
03008398652
03008394093
03008394354
03008392325
03008392397
03008399441
03008393789
03008396099
03008391917
03008394554
03008392110
03008391969
03008391358
03008396207
03008397680
03008399365
03008392243
03008396045
03008392514
03008396999
03008392437
03008397114
03008398000
03008391357
03008397187
03008399892
03008394688
03008396942
03008392551
03008399911
03008394842
03008398926
03008399185
03008394326
03008394332
03008399066
03008393054
03008393091
03008397547
03008395380
03008392126
03008392921
03008398320
03008399437
03008395532
03008392828
03008391322
03008397269
03008396122
03008398726
03008399388
03008397294
03008391260
03008394707
03008391422
03008396576
03008399614
03008396470
03008393141
03008393023
03008392291
03008393687
03008399147
03008396227
03008392951
03008392737
03008396451
03008396272
03008398176
03008397651
03008393541
03008398527
03008398945
03008394982
03008394088
03008392801
03008397990
03008393707
03008391187
03008399801
03008398905
03008394846
03008398732
03008396191
03008398348
03008394397
03008398506
03008394175
03008393275
03008398281
03008396063
03008391839
03008395832
03008397177
03008395574
03008398293
03008391470
03008394137
03008392953
03008392615
03008396103
03008391741
03008394934
03008396763
03008399855
03008398968
03008398854
03008396414
03008393236
03008391542
03008396189
03008397036
03008398163
