03216381401
03216387488
03216381974
03216382055
03216386941
03216382686
03216383917
03216381414
03216383989
03216382035
03216387262
03216383587
03216387311
03216383101
03216384520
03216386972
03216382225
03216382056
03216387181
03216388768
03216385355
03216385901
03216381578
03216383983
03216386667
03216386679
03216389829
03216381334
03216387709
03216382942
03216384355
03216382080
03216388131
03216385111
03216386299
03216383413
03216385458
03216382303
03216385504
03216387028
03216383709
03216384160
03216389095
03216386479
03216387993
03216388772
03216386401
03216389047
03216384219
03216388720
03216386619
03216386154
03216389293
03216386416
03216386833
03216382643
03216387250
03216384735
03216384159
03216389553
03216382955
03216381021
03216386389
03216381861
03216385925
03216386789
03216386597
03216384878
03216383264
03216388326
03216382191
03216387418
03216381429
03216383047
03216383563
03216388673
03216387906
03216383428
03216385034
03216388661
03216388722
03216385635
03216385461
03216381976
03216385818
03216389883
03216386579
03216382814
03216385053
03216382868
03216383008
03216384606
03216388451
03216387979
03216381604
03216386911
03216389509
03216382449
03216389341
03216385455
03216388292
03216383963
03216381874
03216384986
03216383785
03216389080
03216388576
03216386828
03216385666
03216381921
03216387320
03216385559
03216384412
03216386042
03216383783
03216389824
03216382494
03216385457
03216389182
03216382811
03216382978
03216385067
03216388104
03216387069
03216382953
03216385525
03216386211
03216389381
03216387168
03216388013
03216383944
03216384896
03216382794
03216383734
03216386476
03216383941
03216382138
03216387341
03216383714
03216386529
03216389898
03216387191
03216384432
03216389299
03216388666
03216389516
03216382961
03216382834
03216384780
03216389062
03216382008
03216388717
03216381507
03216385832
03216387777
03216384680
03216382540
03216387140
03216388390
03216386399
03216382098
03216381145
03216387415
03216383347
03216388553
03216383319
03216381841
03216389097
03216386448
03216384408
03216388206
03216389877
03216388520
03216386225
03216387544
03216389864
03216387218
03216384334
03216383232
03216384881
03216382888
03216384076
03216382758
03216384969
03216388108
03216384360
03216387200
03216389033
03216383519
03216388769
03216383286
03216381884
03216388617
03216386168
03216384407
03216389514
03216382939
03216389965
03216384309
03216382769
03216381629
03216385705
03216389256
03216383915
03216387136
03216382675
03216389922
03216384056
03216383166
03216387217
03216388257
03216383339
03216387290
03216388378
03216388959
03216384640
03216382459
03216386699
03216389084
03216381357
03216385233
03216384341
03216388926
03216383695
03216382810
03216384819
03216384915
03216387328
03216389766
03216389989
03216382403
03216385104
03216383284
03216381897
03216381313
03216383596
03216387450
03216387625
03216381552
03216385029
03216388544
03216381327
03216387790
03216383962
03216388298
03216389902
03216383100
03216383420
03216386069
03216382545
03216384347
03216384022
03216389574
03216388209
03216388980
03216387111
03216389236
03216382873
03216382301
03216383572
03216387301
03216385038
03216388041
03216383854
03216381356
03216388165
03216381146
03216387292
03216389248
03216381459
03216389804
03216385796
03216387599
03216385905
03216388848
03216384263
03216381994
03216385013
03216384228
03216386346
03216383919
03216388055
03216381081
03216383710
03216383688
03216382333
03216386485
03216388213
03216384752
03216389250
03216384099
03216384971
03216384026
03216382752
03216385921
03216386700
03216386942
03216381736
03216381953
03216386127
03216386820
03216381086
03216384542
03216383818
03216383777
03216383074
03216388262
03216384972
03216387288
03216386701
03216387226
03216383381
03216384243
03216389985
03216382773
03216387645
03216384477
03216388813
03216381034
03216386706
03216386105
03216383152
03216382927
03216387563
03216385051
03216383276
03216382274
03216387099
03216389708
03216383512
03216387263
03216389933
03216383077
03216389258
03216388222
03216383240
03216383873
03216381962
03216387398
03216387745
03216388509
03216385935
03216383927
03216389297
03216387259
03216383140
03216385321
03216385785
03216384379
03216383988
03216387713
03216382952
03216387037
03216389921
03216385335
03216387409
03216385827
03216384011
03216384426
03216387007
03216386282
03216384534
03216386472
03216385510
03216387712
03216381399
03216389555
03216382583
03216387793
03216382832
03216388591
03216388706
03216383079
03216384643
03216386991
03216383636
03216385754
03216386016
03216389134
03216384897
03216385329
03216389523
03216389550
03216386980
03216386039
03216389336
03216382887
03216385831
03216388046
03216387951
03216382971
03216384362
03216383974
03216389462
03216388416
03216381584
03216385860
03216383585
03216382737
03216387991
03216381546
03216385397
03216389006
03216389873
03216384110
03216385278
03216388344
03216383773
03216387994
03216385292
03216382110
03216384968
03216389204
03216386949
03216385960
03216385359
03216389696
03216384786
03216385734
03216382341
03216388564
03216387528
03216385219
03216384170
03216385549
03216382159
03216383321
03216384125
03216387107
03216381929
03216384058
03216382057
03216387974
03216389956
03216387679
03216388627
03216389394
03216384769
03216382513
03216382455
03216383366
03216383040
03216386028
03216386760
03216384758
03216383271
03216387532
03216385545
03216384608
03216388554
03216385902
03216387838
03216389743
03216389950
03216381646
03216385421
03216382823
03216385417
03216383624
03216383430
03216386160
03216385153
03216389905
03216386812
03216383713
03216389170
03216385899
03216385015
03216382763
03216383317
03216389656
03216382182
03216389118
03216387293
03216387022
03216389367
03216387271
03216389575
03216386384
03216389449
03216383727
03216383503
03216382072
03216382118
03216387936
03216388677
03216387748
03216389347
03216389690
03216387038
03216387227
03216387070
03216387205
03216387887
03216386123
03216389948
03216384074
03216385216
03216386375
03216388709
03216385800
03216385790
03216382584
03216388182
03216387560
03216384353
03216388398
03216383455
03216388145
03216384049
03216387045
03216386711
03216381426
03216386402
03216384739
03216388565
03216385036
03216381422
03216386551
03216385324
03216385725
03216386089
03216382586
03216384977
03216381231
03216381169
03216387074
03216385293
03216385756
03216387927
03216389487
03216383936
03216387845
03216383394
03216386235
03216388893
03216383178
03216386460
03216389721
03216385208
03216385509
03216385097
03216388782
03216384953
03216382157
03216386494
03216385595
03216382582
03216389599
03216383183
03216381324
03216388161
03216386090
03216388293
03216387036
03216385970
03216383499
03216388689
03216385252
03216384629
03216389742
03216387190
03216388027
03216385602
03216389089
03216386831
03216382911
03216382561
03216384482
03216384771
03216381448
03216381866
03216389784
03216386957
03216386973
03216385056
03216388582
03216387451
03216387647
03216382992
03216388340
03216388245
03216389624
03216388073
03216382803
03216384885
03216382987
03216384523
03216381032
03216389955
03216385354
03216381592
03216386925
03216386554
03216381386
03216383233
03216383583
03216383033
03216388100
03216384828
03216381735
03216389457
03216388377
03216389132
03216381319
03216381980
03216387388
03216386048
03216381041
03216382259
03216386289
03216381949
03216388945
03216387816
03216385977
03216381015
03216384028
03216388025
03216389958
03216381809
03216381911
03216388904
03216381603
03216385381
03216388130
03216382027
03216386064
03216384414
03216389408
03216385306
03216389693
03216383416
03216388475
03216383671
03216383565
03216381007
03216387135
03216386913
03216389990
03216387695
03216384590
03216383404
03216382647
03216389109
03216385557
03216383459
03216388141
03216383018
03216387545
03216389472
03216385938
03216383850
03216385360
03216389983
03216386627
03216382850
03216382256
03216385528
03216385810
03216381318
03216384460
03216388566
03216384215
03216384314
03216388198
03216382734
03216389021
03216381451
03216385693
03216385209
03216383851
03216381846
03216381551
03216387155
03216382621
03216386142
03216387627
03216387157
03216381775
03216386929
03216383362
03216384844
03216383607
03216381148
03216387118
03216389767
03216384766
03216389052
03216388847
03216381097
03216384892
03216385317
03216388122
03216383330
03216385158
03216389330
03216383204
03216384829
03216383909
03216384290
03216381418
03216388999
03216389136
03216385130
03216382186
03216383188
03216381095
03216386832
03216381409
03216381048
03216387967
03216387063
03216389371
03216387050
03216385615
03216389253
03216386684
03216386641
03216386361
03216382754
03216386953
03216386234
03216382275
03216386261
03216389291
03216385065
03216384423
03216382327
03216387865
03216382639
03216381944
03216385845
03216384470
03216381988
03216387581
03216387957
03216384632
03216384264
03216383482
03216384269
03216383830
03216383959
03216384451
03216382279
03216387589
03216385575
03216387224
03216387649
03216386245
03216382183
03216382855
03216385924
03216383896
03216386030
03216387402
03216382409
03216389081
03216383182
03216385327
03216385119
03216383526
03216386236
03216386606
03216383627
03216381671
03216385106
03216388683
03216381729
03216388489
03216383470
03216381964
03216382120
03216382430
03216385332
03216384532
03216386752
03216384990
03216386887
03216382287
03216385973
03216389133
03216381656
03216387681
03216381927
03216387229
03216381854
03216384400
03216381087
03216384826
03216388711
03216388215
03216385673
03216383904
03216388965
03216383326
03216387756
03216388712
03216382505
03216383494
03216385416
03216382870
03216382329
03216382541
03216388231
03216383926
03216383949
03216384493
03216387424
03216386756
03216384500
03216386635
03216389069
03216387294
03216383718
03216384899
03216382398
03216388858
03216382871
03216382847
03216388522
03216386025
03216383560
03216381843
03216383574
03216383467
03216388162
03216389117
03216386510
03216384358
03216386278
03216382071
03216388546
03216384489
03216386506
03216384266
03216385040
03216389468
03216383889
03216384694
03216382208
03216388826
03216381120
03216389642
03216381628
03216383439
03216389775
03216383664
03216382704
03216389482
03216384019
03216384312
03216384670
03216382083
03216387164
03216386095
03216381852
03216388306
03216386998
03216382330
03216382805
03216383238
03216388393
03216388132
03216383817
03216383403
03216388958
03216383827
03216384734
03216383932
03216381839
03216384959
03216388386
03216385453
03216383492
03216382589
03216384527
03216385809
03216383891
03216387876
03216383373
03216382037
03216386387
03216381961
03216388684
03216382644
03216386537
03216385271
03216389300
03216389936
03216381360
03216386442
03216385325
03216381135
03216383465
03216382853
03216386753
03216389794
03216386782
03216384409
03216387803
03216382628
03216387428
03216383970
03216384240
03216385941
03216386920
03216387440
03216381855
03216386049
03216381288
03216384324
03216381848
03216388606
03216384273
03216382065
03216384335
03216389681
03216385873
03216383062
03216387449
03216382550
03216382237
03216388571
03216383533
03216388890
03216383982
03216388234
03216381493
03216388006
03216381301
03216384251
03216389269
03216383603
03216382751
03216388639
03216383886
03216381402
03216382784
03216386811
03216381617
03216382672
03216388146
03216389640
03216382508
03216382344
03216383468
03216382947
03216381555
03216386790
03216383391
03216388349
03216383906
03216386647
03216387159
03216385976
03216383053
03216381047
03216386318
03216382739
03216388880
03216387961
03216385003
03216388461
03216381986
03216381659
03216382296
03216389765
03216385425
03216387061
03216389249
03216381473
03216385889
03216385058
03216387554
03216381476
03216385253
03216388845
03216381992
03216386727
03216385426
03216382100
03216381737
03216388878
03216383791
03216383739
03216387504
03216383882
03216381905
03216389568
03216384494
03216383626
03216382367
03216381395
03216383044
03216389586
03216387909
03216384502
03216387163
03216383021
03216381259
03216385185
03216388487
03216384106
03216385041
03216383527
03216383208
03216382738
03216389049
03216385259
03216386232
03216388028
03216384932
03216388075
03216386875
03216383968
03216382007
03216386141
03216383153
03216387985
03216389360
03216387234
03216389108
03216383858
03216382406
03216388817
03216384936
03216388715
03216389233
03216383692
03216385304
03216386078
03216388697
03216383977
03216389145
03216382856
03216384308
03216383015
03216384298
03216385597
03216387435
03216385974
03216382710
03216385156
03216386880
03216388105
03216387199
03216387342
03216384745
03216387806
03216384418
03216389350
03216386938
03216386642
03216386441
03216385308
03216389313
03216385699
03216384382
03216381765
03216389991
03216381332
03216386996
03216383676
03216388129
03216385062
03216381636
03216381673
03216389826
03216389695
03216386419
03216389779
03216381835
03216381127
03216386493
03216387962
03216381333
03216389558
03216382206
03216386213
03216387867
03216387706
03216389039
03216386284
03216388936
03216384208
03216381913
03216385585
03216383823
03216387808
03216383522
03216389212
03216389683
03216386170
03216382745
03216388811
03216387112
03216386946
03216384918
03216385479
03216387477
03216384571
03216387889
03216383803
03216389463
03216385922
03216384789
03216384083
03216386023
03216385352
03216381601
03216385617
03216387782
03216389848
03216385955
03216381951
03216383318
03216382970
03216388750
03216381649
03216384720
03216382512
03216385094
03216389266
03216387844
03216382788
03216383559
03216388806
03216382450
03216389663
03216383815
03216385093
03216383725
03216388788
03216383660
03216382808
03216387209
03216381495
03216389164
03216389188
03216385069
03216385526
03216381252
03216385052
03216387814
03216381201
03216383620
03216387495
03216384816
03216387964
03216387635
03216382463
03216386545
03216382772
03216385211
03216381170
03216389739
03216382140
03216386857
03216389593
03216385257
03216389961
03216387988
03216383903
03216384003
03216385302
03216383599
03216388656
03216387718
03216384035
03216383280
03216385911
03216386128
03216384635
03216388462
03216386488
03216386319
03216385398
03216388908
03216389748
03216381153
03216381197
03216384271
03216386655
03216386283
03216383832
03216388018
03216385330
03216387383
03216388668
03216381658
03216389661
03216385091
03216389825
03216387297
03216389616
03216382192
03216384714
03216389308
03216389916
03216388428
03216383265
03216386860
03216384425
03216389858
03216382707
03216383250
03216385820
03216381458
03216385508
03216388807
03216386791
03216389631
03216383967
03216388646
03216387315
03216386269
03216382387
03216386652
03216384611
03216384252
03216386466
03216384809
03216381164
03216386872
03216384127
03216389303
03216384193
03216381237
03216382768
03216381005
03216383175
03216382230
03216386425
03216383136
03216385310
03216381562
03216384153
03216383034
03216387666
03216385649
03216383545
03216388780
03216388445
03216388670
03216387529
03216388654
03216382608
03216387958
03216389596
03216385886
03216381543
03216386377
03216381693
03216382155
03216386491
03216385068
03216387570
03216388625
03216383133
03216385089
03216387401
03216383279
03216382313
03216383978
03216383498
03216381222
03216385748
03216381769
03216383707
03216382351
03216387249
03216383767
03216385702
03216389869
03216384481
03216389085
03216389011
03216389040
03216384858
03216387129
03216385311
03216383342
03216387222
03216386686
03216389328
03216385645
03216385618
03216384111
03216388044
03216385155
03216381111
03216381632
03216383298
03216383862
03216383029
03216386273
03216382145
03216384061
03216385883
03216381560
03216384603
03216382347
03216388797
03216383227
03216385265
03216384457
03216386363
03216383452
03216382633
03216388427
03216384306
03216381099
03216381239
03216381209
03216383137
03216385722
03216388758
03216383421
03216383738
03216385787
03216384849
03216385982
03216382766
03216384983
03216389428
03216381782
03216382618
03216381467
03216382418
03216381348
03216388791
03216387658
03216384871
03216387377
03216388723
03216385174
03216388984
03216382851
03216382746
03216385838
03216385059
03216386780
03216381691
03216381728
03216388468
03216388805
03216381008
03216386644
03216383866
03216382839
03216382195
03216386207
03216381789
03216382135
03216381755
03216381100
03216384422
03216383431
03216387472
03216387592
03216385651
03216381464
03216386681
03216385943
03216388562
03216385006
03216389977
03216385470
03216384567
03216381895
03216387062
03216389189
03216389298
03216388226
03216383510
03216385884
03216388275
03216387312
03216383703
03216382300
03216384504
03216386524
03216382943
03216389521
03216386077
03216387004
03216387829
03216384326
03216387832
03216382217
03216385237
03216381229
03216387221
03216384693
03216381910
03216384132
03216382689
03216383961
03216381375
03216384613
03216387375
03216384151
03216388981
03216382240
03216389646
03216385472
03216383842
03216388453
03216386993
03216385046
03216387796
03216382185
03216382363
03216387525
03216388205
03216388051
03216383038
03216386083
03216381074
03216383464
03216387607
03216383450
03216383835
03216389485
03216388702
03216382852
03216388601
03216388460
03216389043
03216388186
03216386744
03216382776
03216382175
03216382442
03216383708
03216389724
03216381865
03216389161
03216385163
03216383323
03216383852
03216384336
03216388068
03216381990
03216388776
03216386195
03216385196
03216384617
03216388011
03216386900
03216388310
03216382282
03216389332
03216383514
03216386370
03216389065
03216389162
03216389865
03216384016
03216381643
03216383307
03216387147
03216381559
03216383899
03216388410
03216388334
03216388671
03216383225
03216384822
03216385633
03216384365
03216384783
03216386610
03216381547
03216385048
03216388158
03216385915
03216385275
03216384131
03216381425
03216388350
03216382790
03216386098
03216386593
03216383458
03216389835
03216382693
03216384761
03216387754
03216384755
03216382470
03216386786
03216385946
03216384785
03216382078
03216382677
03216387916
03216384549
03216382572
03216389759
03216388774
03216387874
03216382468
03216386594
03216385148
03216386889
03216382473
03216383333
03216385543
03216382573
03216386631
03216381363
03216385797
03216381672
03216386179
03216381928
03216389520
03216382212
03216381129
03216383196
03216381454
03216383508
03216385843
03216385778
03216383031
03216386716
03216387819
03216385583
03216387367
03216386099
03216389612
03216389527
03216384147
03216382281
03216386726
03216383372
03216388153
03216386879
03216386244
03216382389
03216383580
03216387452
03216388354
03216389557
03216382936
03216383087
03216385435
03216387490
03216384281
03216385857
03216388812
03216385780
03216388430
03216385573
03216382032
03216381063
03216383352
03216388035
03216384569
03216388839
03216382975
03216382482
03216384575
03216381315
03216383388
03216389451
03216389263
03216384679
03216389660
03216386541
03216386675
03216389425
03216381060
03216385429
03216383315
03216382444
03216387515
03216384934
03216388448
03216384117
03216381733
03216381548
03216386388
03216389788
03216387970
03216389671
03216384988
03216384097
03216387126
03216381701
03216386174
03216383061
03216384133
03216388550
03216388770
03216389031
03216383733
03216385634
03216388736
03216385591
03216383634
03216387548
03216386126
03216386591
03216387198
03216381655
03216387903
03216382875
03216384890
03216381553
03216382578
03216382299
03216381613
03216386894
03216386383
03216389678
03216381640
03216389751
03216389234
03216384080
03216383491
03216383056
03216384733
03216385109
03216388976
03216389237
03216385157
03216389242
03216389292
03216388781
03216387478
03216381154
03216388930
03216381064
03216388422
03216384039
03216388426
03216384951
03216386813
03216381150
03216387326
03216385138
03216385908
03216381178
03216389805
03216387399
03216386503
03216386496
03216387203
03216385965
03216387090
03216384162
03216389229
03216381573
03216389689
03216381329
03216385969
03216382656
03216382370
03216381891
03216388285
03216382162
03216388086
03216387831
03216381597
03216384103
03216389268
03216382872
03216381349
03216383116
03216381918
03216386767
03216381726
03216383198
03216382460
03216384073
03216385550
03216387584
03216389577
03216387266
03216383809
03216384054
03216385868
03216383742
03216385507
03216381550
03216386345
03216384226
03216383905
03216385605
03216387822
03216387862
03216387880
03216386943
03216389410
03216389201
03216388314
03216386673
03216389171
03216382605
03216387817
03216389369
03216384577
03216389167
03216385214
03216387003
03216383913
03216386380
03216387609
03216385572
03216382433
03216387499
03216382077
03216386251
03216382926
03216389704
03216388125
03216383969
03216384398
03216384852
03216388263
03216381136
03216387689
03216388815
03216386976
03216389756
03216385716
03216383340
03216386438
03216381567
03216383966
03216385071
03216389334
03216383837
03216386768
03216384596
03216382006
03216381566
03216384873
03216385198
03216385895
03216385929
03216385650
03216385243
03216389920
03216388596
03216383643
03216386504
03216382842
03216385737
03216383054
03216385187
03216388084
03216386739
03216387251
03216389130
03216383606
03216384883
03216383098
03216381240
03216385671
03216382246
03216381571
03216384155
03216388316
03216389827
03216389413
03216387918
03216385241
03216384091
03216389032
03216387923
03216388704
03216383600
03216389135
03216387329
03216382277
03216386113
03216383797
03216387256
03216388062
03216386450
03216385638
03216389914
03216383359
03216381396
03216384933
03216388686
03216387421
03216381574
03216387268
03216385319
03216383992
03216387707
03216381391
03216386260
03216388200
03216384902
03216386933
03216388002
03216383844
03216389968
03216388860
03216385477
03216385616
03216387178
03216386297
03216389615
03216386526
03216383771
03216384913
03216381713
03216384102
03216387678
03216382741
03216388284
03216387285
03216382705
03216382354
03216382045
03216388447
03216381793
03216383023
03216381428
03216386072
03216388071
03216389513
03216385958
03216386607
03216385125
03216385749
03216386539
03216381131
03216382019
03216384034
03216383900
03216386166
03216381684
03216383857
03216388191
03216386645
03216383755
03216388307
03216384134
03216381825
03216385098
03216387698
03216381705
03216383642
03216384588
03216381720
03216386134
03216389878
03216386115
03216386955
03216383419
03216383923
03216381223
03216389110
03216388010
03216384546
03216385627
03216382703
03216389744
03216382214
03216385016
03216385758
03216388299
03216382092
03216383443
03216383924
03216386575
03216383432
03216389311
03216384445
03216382352
03216381094
03216383979
03216382075
03216386096
03216387083
03216386240
03216389588
03216382800
03216383887
03216385483
03216386688
03216382215
03216388830
03216385782
03216387835
03216389782
03216387145
03216388888
03216387347
03216388796
03216387618
03216385234
03216381181
03216384258
03216388649
03216388235
03216382940
03216385422
03216389841
03216381216
03216385154
03216387202
03216389941
03216382295
03216386060
03216381221
03216387948
03216383625
03216388176
03216388663
03216384517
03216385090
03216388701
03216386658
03216386865
03216388749
03216388622
03216381619
03216389629
03216386704
03216387248
03216383747
03216383408
03216385940
03216386618
03216384627
03216389942
03216387486
03216387410
03216386125
03216389842
03216385170
03216389441
03216384753
03216382517
03216384699
03216383145
03216384238
03216385078
03216388556
03216381092
03216381923
03216387012
03216388580
03216387047
03216388322
03216388512
03216386431
03216384516
03216387697
03216387073
03216382723
03216387898
03216384006
03216387603
03216385269
03216389454
03216382623
03216389450
03216389180
03216389600
03216389101
03216382005
03216389508
03216385400
03216384851
03216384847
03216384695
03216387615
03216381361
03216385110
03216382223
03216381609
03216389141
03216385291
03216381744
03216385428
03216385541
03216388969
03216389155
03216388469
03216382472
03216384040
03216389399
03216387446
03216389220
03216388054
03216382396
03216382511
03216382297
03216382221
03216387875
03216383203
03216386420
03216382645
03216383699
03216381014
03216387680
03216387436
03216381920
03216389306
03216385028
03216382474
03216381312
03216388561
03216386378
03216384168
03216382544
03216384921
03216389447
03216381919
03216385139
03216388047
03216388376
03216385456
03216387454
03216382163
03216386360
03216381963
03216383026
03216381199
03216389831
03216386052
03216381497
03216382845
03216384172
03216384268
03216389531
03216389893
03216381916
03216387764
03216387989
03216386462
03216387387
03216387334
03216381727
03216385123
03216388923
03216387213
03216389998
03216387466
03216385975
03216381142
03216388660
03216384508
03216388985
03216381245
03216382294
03216387364
03216384203
03216385538
03216383602
03216383973
03216389063
03216382527
03216382587
03216387934
03216387849
03216385264
03216385631
03216388388
03216381232
03216384018
03216383255
03216387668
03216384595
03216387476
03216386965
03216381558
03216387185
03216384863
03216384389
03216383385
03216385661
03216383611
03216386024
03216388402
03216383447
03216389963
03216386659
03216386985
03216387636
03216387848
03216386662
03216386680
03216387497
03216386248
03216387536
03216389500
03216381519
03216385933
03216389378
03216381586
03216385561
03216387547
03216381867
03216386959
03216385258
03216382020
03216384659
03216388303
03216384845
03216387468
03216385160
03216384055
03216386596
03216386464
03216389840
03216389219
03216388484
03216387327
03216384889
03216384518
03216387677
03216386646
03216386815
03216387886
03216388525
03216387928
03216384791
03216386067
03216387729
03216388659
03216384641
03216389193
03216384340
03216387463
03216385250
03216382914
03216381746
03216386444
03216387431
03216389168
03216382815
03216383382
03216389981
03216383073
03216382070
03216387322
03216384342
03216381487
03216385212
03216381805
03216384615
03216388734
03216389163
03216386164
03216383736
03216389534
03216387260
03216384402
03216389972
03216382427
03216383732
03216381441
03216384825
03216389356
03216385112
03216381408
03216386085
03216384656
03216381337
03216384328
03216384007
03216387705
03216384442
03216384855
03216387704
03216381336
03216382740
03216384179
03216385987
03216381266
03216385432
03216385813
03216381521
03216382920
03216381915
03216386418
03216385518
03216387278
03216388530
03216384078
03216389119
03216383437
03216383191
03216381585
03216382404
03216382844
03216383065
03216387231
03216381792
03216389552
03216382485
03216385454
03216383558
03216389495
03216387317
03216388843
03216387084
03216388417
03216383561
03216388383
03216389726
03216381287
03216388924
03216384468
03216382104
03216382026
03216386867
03216389430
03216382425
03216389854
03216383535
03216384728
03216383354
03216383078
03216382892
03216383472
03216388273
03216386167
03216382744
03216384887
03216389688
03216388587
03216384812
03216388406
03216388563
03216388260
03216384997
03216387354
03216388861
03216387639
03216387071
03216388801
03216389265
03216384866
03216381156
03216386940
03216388960
03216385471
03216386259
03216387109
03216388647
03216385277
03216383473
03216381475
03216382700
03216384449
03216388266
03216382609
03216389799
03216382139
03216388247
03216386793
03216388467
03216387305
03216385346
03216383942
03216385621
03216384584
03216381904
03216382422
03216388109
03216382147
03216381453
03216381379
03216387826
03216389719
03216383881
03216387385
03216384938
03216384352
03216386602
03216383488
03216384025
03216382909
03216381882
03216383025
03216381568
03216389053
03216389730
03216386436
03216386340
03216381514
03216389836
03216382918
03216388966
03216388747
03216385358
03216389701
03216389590
03216384623
03216383872
03216389517
03216388396
03216384841
03216389211
03216381234
03216388287
03216388353
03216389026
03216382312
03216388332
03216389209
03216385337
03216385088
03216385230
03216386041
03216381180
03216381745
03216389816
03216381211
03216383575
03216381176
03216389669
03216381595
03216388724
03216382319
03216382302
03216385047
03216388514
03216386750
03216381587
03216381579
03216389286
03216388784
03216384286
03216387846
03216385870
03216383141
03216384711
03216389951
03216381781
03216387850
03216389160
03216387676
03216385539
03216387613
03216389287
03216383017
03216382785
03216388885
03216387527
03216382024
03216389666
03216381996
03216389115
03216385305
03216385599
03216382854
03216389178
03216381661
03216387686
03216389318
03216381870
03216383911
03216384610
03216382878
03216382291
03216386268
03216385999
03216384114
03216383579
03216383845
03216389691
03216386873
03216382715
03216384480
03216382076
03216389888
03216389679
03216386433
03216383839
03216387731
03216383256
03216388964
03216386463
03216385055
03216387841
03216382846
03216382787
03216381485
03216389159
03216389008
03216389486
03216388180
03216384767
03216382357
03216387728
03216384837
03216381834
03216384722
03216383199
03216385858
03216382429
03216388268
03216383993
03216382816
03216383691
03216381462
03216383010
03216388173
03216387509
03216389551
03216385341
03216384867
03216381235
03216389243
03216382126
03216384628
03216384642
03216383846
03216388793
03216384609
03216381631
03216381538
03216385656
03216387770
03216381960
03216382736
03216381243
03216388433
03216388077
03216388716
03216388651
03216386868
03216386291
03216386891
03216384447
03216381704
03216385781
03216389379
03216382900
03216382107
03216388695
03216383972
03216386324
03216381496
03216384265
03216386507
03216385900
03216383384
03216385412
03216382340
03216384316
03216387740
03216385340
03216384646
03216383952
03216384600
03216382796
03216382169
03216383356
03216383324
03216381280
03216384088
03216386326
03216386935
03216387827
03216382895
03216386249
03216384795
03216382626
03216387940
03216385803
03216383576
03216383751
03216385159
03216381909
03216383756
03216389139
03216384742
03216389792
03216386223
03216389327
03216382750
03216383150
03216382576
03216381443
03216382678
03216382959
03216387381
03216382314
03216382930
03216388149
03216389592
03216381024
03216384021
03216389044
03216385687
03216384119
03216381139
03216384949
03216384638
03216387143
03216382997
03216382721
03216385467
03216389876
03216382132
03216387374
03216384666
03216382271
03216388446
03216386922
03216383211
03216387120
03216385876
03216384483
03216382388
03216389030
03216384410
03216382732
03216383995
03216388320
03216381847
03216389083
03216385077
03216382143
03216388140
03216384922
03216388891
03216384378
03216384667
03216387240
03216387197
03216387851
03216389267
03216387828
03216386405
03216388238
03216382812
03216388816
03216387559
03216381828
03216389645
03216383950
03216388208
03216386212
03216388466
03216381020
03216388133
03216384976
03216386306
03216389230
03216387721
03216389822
03216381833
03216386559
03216382375
03216389900
03216387212
03216383294
03216384304
03216384726
03216381997
03216382381
03216381741
03216387001
03216389384
03216388246
03216389795
03216386616
03216386373
03216386043
03216387890
03216382989
03216383925
03216384093
03216389453
03216383457
03216383675
03216384914
03216381907
03216386135
03216385646
03216387784
03216385565
03216389158
03216382229
03216386397
03216387175
03216382580
03216387048
03216383901
03216384205
03216386836
03216382711
03216386639
03216388456
03216383849
03216387041
03216389077
03216385644
03216383659
03216388831
03216386885
03216382199
03216383076
03216385081
03216388874
03216382696
03216382861
03216389773
03216387663
03216387701
03216386903
03216387464
03216389496
03216389305
03216381716
03216381510
03216381634
03216386148
03216389962
03216381771
03216381530
03216388920
03216389843
03216383093
03216383350
03216381174
03216384141
03216385380
03216388767
03216388773
03216384560
03216386454
03216388741
03216387899
03216389502
03216389092
03216385375
03216385587
03216388391
03216381305
03216383550
03216387952
03216387298
03216384351
03216385728
03216385164
03216383948
03216382948
03216388759
03216382694
03216382789
03216386540
03216381943
03216382262
03216384001
03216384989
03216384130
03216385387
03216388615
03216387046
03216382782
03216381707
03216386292
03216389156
03216387024
03216383012
03216384118
03216382951
03216382735
03216385554
03216386143
03216382638
03216386827
03216385697
03216385307
03216383194
03216388832
03216382308
03216385242
03216381317
03216386548
03216385689
03216388116
03216382466
03216382105
03216381062
03216383370
03216389776
03216381806
03216389207
03216386708
03216387857
03216388559
03216384196
03216383164
03216384455
03216389587
03216387460
03216387910
03216386847
03216386803
03216387769
03216381633
03216386187
03216385680
03216388412
03216386948
03216381572
03216383591
03216384245
03216387539
03216381387
03216381702
03216382123
03216384820
03216384411
03216385033
03216387121
03216386709
03216383828
03216388529
03216384195
03216384214
03216386566
03216389404
03216383020
03216381027
03216389445
03216385403
03216388636
03216384198
03216385624
03216389098
03216388199
03216385336
03216383089
03216382392
03216384512
03216382946
03216388971
03216385135
03216383119
03216381674
03216383666
03216389354
03216389396
03216388978
03216383358
03216381215
03216388681
03216384553
03216388341
03216386516
03216384177
03216381084
03216384730
03216388810
03216381106
03216387323
03216384174
03216389270
03216388927
03216385659
03216382283
03216383930
03216384970
03216381207
03216384652
03216384492
03216385739
03216386984
03216382338
03216386339
03216387996
03216388389
03216381345
03216389684
03216388290
03216386798
03216389707
03216384431
03216385555
03216388607
03216381066
03216382269
03216384874
03216383497
03216385145
03216385313
03216388991
03216383344
03216383392
03216384985
03216382931
03216384169
03216388979
03216383894
03216382585
03216382917
03216386325
03216387854
03216384784
03216381307
03216385201
03216384912
03216388638
03216382687
03216383623
03216381455
03216389398
03216388001
03216386458
03216384256
03216384898
03216386210
03216386776
03216387891
03216387302
03216384869
03216382086
03216388374
03216382289
03216381311
03216388337
03216382391
03216388819
03216388577
03216387683
03216381914
03216386589
03216386745
03216384916
03216387682
03216382714
03216388962
03216384496
03216384583
03216383656
03216388019
03216388603
03216388008
03216383667
03216383538
03216381694
03216386423
03216384803
03216382877
03216389488
03216381714
03216386086
03216384029
03216388757
03216389620
03216383124
03216383878
03216387655
03216387434
03216384372
03216386934
03216382519
03216384015
03216382085
03216389894
03216382184
03216383222
03216385451
03216387853
03216384681
03216389474
03216382781
03216388496
03216383787
03216386874
03216389866
03216385798
03216387307
03216389251
03216384181
03216384884
03216381436
03216385945
03216382866
03216385923
03216384587
03216386968
03216387783
03216385968
03216389582
03216388884
03216384339
03216388233
03216386741
03216383649
03216381096
03216389208
03216383868
03216384506
03216384417
03216389626
03216383268
03216389833
03216387752
03216387201
03216381718
03216385406
03216386734
03216388472
03216388291
03216383892
03216385082
03216386003
03216383897
03216386216
03216382549
03216382390
03216388142
03216387786
03216386719
03216382306
03216381417
03216386317
03216389957
03216382416
03216385220
03216384176
03216382150
03216385866
03216389475
03216388450
03216381144
03216386013
03216388421
03216387864
03216388201
03216381203
03216388356
03216387284
03216385362
03216389058
03216382962
03216386395
03216382680
03216387340
03216388121
03216387575
03216382039
03216386272
03216389045
03216385903
03216382915
03216389692
03216384212
03216384487
03216381968
03216385113
03216385343
03216384594
03216381523
03216386555
03216382257
03216385490
03216384923
03216389470
03216383965
03216382134
03216388795
03216382443
03216381930
03216386161
03216384931
03216389310
03216381380
03216382447
03216389365
03216388429
03216386320
03216386139
03216388192
03216386532
03216386152
03216382462
03216383462
03216386636
03216383768
03216386549
03216381937
03216389364
03216386580
03216384303
03216385807
03216386032
03216389199
03216385937
03216387510
03216388783
03216387287
03216385773
03216385601
03216384175
03216388875
03216382158
03216388545
03216383726
03216389611
03216383582
03216389735
03216389443
03216381665
03216381849
03216382016
03216386068
03216381200
03216387654
03216382280
03216387429
03216384087
03216381739
03216385642
03216382564
03216385179
03216385188
03216385427
03216389752
03216382137
03216383223
03216383367
03216386599
03216386296
03216382156
03216386276
03216383921
03216381442
03216386138
03216384572
03216387947
03216383829
03216386107
03216381446
03216384721
03216386805
03216388083
03216381017
03216387448
03216383278
03216386486
03216384813
03216383657
03216386588
03216386315
03216387189
03216387935
03216384149
03216385681
03216381132
03216389583
03216389366
03216386560
03216387597
03216386426
03216385413
03216381358
03216382084
03216383981
03216385030
03216384868
03216386417
03216385181
03216388338
03216385623
03216385581
03216386477
03216382619
03216387333
03216385126
03216385629
03216383661
03216389680
03216383662
03216384591
03216381686
03216389255
03216383454
03216382606
03216381285
03216385639
03216385947
03216388526
03216382284
03216381202
03216389610
03216386747
03216389227
03216384956
03216383570
03216381678
03216383668
03216381205
03216389195
03216389870
03216384740
03216383888
03216381046
03216383841
03216388912
03216388029
03216385839
03216384051
03216384982
03216381969
03216389240
03216383794
03216386729
03216385684
03216381776
03216389913
03216388938
03216383295
03216384434
03216381576
03216386290
03216385878
03216386410
03216384870
03216388352
03216385701
03216388629
03216386816
03216387153
03216384213
03216387194
03216389055
03216382112
03216385788
03216385556
03216387335
03216387590
03216381635
03216385274
03216381214
03216382557
03216389181
03216386629
03216381875
03216382988
03216389490
03216385655
03216381250
03216387280
03216387363
03216381797
03216385447
03216383735
03216384965
03216388348
03216385815
03216384568
03216389480
03216383484
03216384221
03216383081
03216387972
03216387583
03216388225
03216385890
03216384206
03216389228
03216382552
03216382489
03216389400
03216385793
03216386188
03216381539
03216381079
03216383365
03216381700
03216386027
03216383792
03216387738
03216382170
03216386000
03216388423
03216389307
03216383571
03216386586
03216385378
03216382015
03216386222
03216386974
03216389507
03216387690
03216388033
03216383711
03216385488
03216381641
03216387193
03216389862
03216386475
03216386467
03216381004
03216383622
03216384860
03216388967
03216381589
03216386778
03216385010
03216387572
03216382288
03216387640
03216386781
03216384701
03216389694
03216386992
03216381241
03216382944
03216382963
03216387924
03216389314
03216385468
03216385640
03216389231
03216381845
03216386840
03216381366
03216385703
03216385755
03216386050
03216386451
03216387543
03216384194
03216387606
03216386936
03216381078
03216389432
03216383814
03216381760
03216385854
03216382757
03216381188
03216386648
03216388408
03216382883
03216389637
03216385626
03216389949
03216387945
03216381472
03216386407
03216383511
03216384465
03216384561
03216388883
03216381147
03216384012
03216385080
03216384202
03216382945
03216386743
03216389879
03216388042
03216383916
03216387393
03216384967
03216385452
03216388255
03216386901
03216386546
03216389446
03216389018
03216389525
03216382860
03216382713
03216381662
03216382592
03216383129
03216383206
03216387033
03216382021
03216383429
03216381747
03216389594
03216387166
03216387587
03216381143
03216384792
03216389832
03216388026
03216388174
03216388517
03216382924
03216384533
03216384490
03216381863
03216383790
03216389868
03216384524
03216386858
03216387699
03216384296
03216383389
03216384539
03216382976
03216385620
03216381569
03216388665
03216383297
03216388859
03216388184
03216384911
03216388823
03216388886
03216381812
03216385486
03216385318
03216381856
03216387766
03216381310
03216387243
03216387056
03216385776
03216381254
03216384856
03216384636
03216385087
03216389506
03216381183
03216382201
03216383552
03216381827
03216381009
03216381946
03216385409
03216384962
03216387657
03216383595
03216381076
03216384310
03216388505
03216384950
03216382399
03216385812
03216388441
03216385224
03216384743
03216383798
03216383027
03216387093
03216385979
03216383117
03216388304
03216385939
03216386233
03216385988
03216386733
03216384397
03216383202
03216383003
03216387969
03216387106
03216383386
03216389017
03216381611
03216387869
03216385118
03216384540
03216385137
03216382272
03216384672
03216386411
03216385442
03216385446
03216387015
03216388547
03216384120
03216382749
03216389123
03216388873
03216386558
03216389657
03216381260
03216385887
03216384048
03216388755
03216382562
03216389279
03216388662
03216382117
03216389126
03216384838
03216386746
03216384958
03216387724
03216388589
03216388746
03216383050
03216388560
03216387810
03216384439
03216381823
03216383411
03216381394
03216386690
03216384452
03216386523
03216388196
03216386341
03216385825
03216388178
03216384440
03216383036
03216385489
03216387479
03216381758
03216381049
03216385280
03216386182
03216389885
03216384673
03216388315
03216387746
03216383412
03216389439
03216389528
03216388519
03216382248
03216384872
03216382022
03216381528
03216386333
03216382361
03216383245
03216384605
03216387146
03216388592
03216384100
03216388007
03216383717
03216381535
03216388362
03216385165
03216386924
03216388634
03216387917
03216386886
03216386598
03216388829
03216382837
03216387809
03216387727
03216387700
03216385070
03216384834
03216382382
03216389926
03216388147
03216381779
03216386979
03216386864
03216381730
03216385473
03216386603
03216385775
03216386189
03216388183
03216388710
03216383103
03216382733
03216383808
03216384327
03216389493
03216382090
03216383209
03216389769
03216383377
03216388342
03216389226
03216384348
03216385592
03216384082
03216384380
03216389120
03216388355
03216389059
03216386192
03216381743
03216383068
03216383876
03216386666
03216387669
03216386678
03216381067
03216381703
03216384762
03216387474
03216383393
03216388837
03216384472
03216388032
03216387432
03216386962
03216383246
03216383118
03216384687
03216382795
03216384507
03216381138
03216383030
03216381465
03216389501
03216383355
03216381663
03216388159
03216386608
03216382673
03216389820
03216381626
03216385718
03216383487
03216389317
03216381991
03216388271
03216387196
03216385002
03216383826
03216382181
03216386975
03216385768
03216388803
03216389455
03216386394
03216385708
03216387365
03216384403
03216389401
03216384686
03216381404
03216382969
03216382804
03216389672
03216389887
03216385448
03216389677
03216389192
03216386457
03216381212
03216382664
03216389041
03216389323
03216387662
03216387778
03216381044
03216388870
03216382509
03216382809
03216383597
03216383994
03216384171
03216388915
03216384663
03216387946
03216388188
03216386807
03216389999
03216385547
03216384677
03216381759
03216387257
03216381016
03216385263
03216382938
03216384396
03216386080
03216381922
03216381371
03216388669
03216389761
03216384377
03216382579
03216383644
03216389641
03216382720
03216388050
03216386184
03216384566
03216385759
03216382411
03216387708
03216388207
03216388137
03216383167
03216389481
03216381590
03216382097
03216386487
03216381029
03216383613
03216382543
03216382270
03216387356
03216382910
03216386262
03216381893
03216385437
03216383617
03216383865
03216384582
03216387500
03216383327
03216382264
03216385480
03216389272
03216381381
03216389426
03216387564
03216389100
03216385227
03216386904
03216382003
03216385279
03216384573
03216381220
03216384690
03216388825
03216386469
03216387960
03216388258
03216385764
03216389127
03216384381
03216383142
03216383637
03216384880
03216384180
03216386047
03216388119
03216382793
03216389875
03216381732
03216389355
03216381323
03216382227
03216382013
03216382743
03216388896
03216386157
03216382160
03216383549
03216384285
03216385856
03216389232
03216386453
03216386587
03216387411
03216384814
03216386275
03216385877
03216383213
03216388604
03216384173
03216383536
03216387113
03216382625
03216386801
03216389222
03216383665
03216381952
03216389571
03216385789
03216387371
03216386371
03216384453
03216385167
03216385450
03216387097
03216385372
03216382620
03216387186
03216382533
03216387151
03216384420
03216384279
03216387230
03216382922
03216386703
03216387127
03216383207
03216389563
03216387165
03216384332
03216384227
03216387458
03216384830
03216382565
03216387072
03216386871
03216388602
03216385232
03216381950
03216388502
03216387223
03216382245
03216385662
03216381192
03216384201
03216382355
03216387206
03216388300
03216387412
03216382178
03216388821
03216389343
03216385215
03216385829
03216385679
03216383704
03216384805
03216386246
03216381947
03216384497
03216381295
03216388922
03216386194
03216384999
03216381460
03216384998
03216388988
03216387516
03216382629
03216382091
03216382539
03216388369
03216382574
03216383618
03216384846
03216388081
03216382260
03216385625
03216382034
03216385402
03216389603
03216385816
03216388730
03216389855
03216381957
03216385144
03216385823
03216384317
03216389845
03216384993
03216382064
03216385120
03216389970
03216385256
03216385607
03216388336
03216388953
03216389444
03216384261
03216385744
03216389975
03216387984
03216385954
03216383190
03216383378
03216385393
03216388573
03216385846
03216387601
03216386897
03216385364
03216381165
03216386129
03216387805
03216384346
03216386447
03216386352
03216387733
03216382180
03216385287
03216388728
03216385707
03216382261
03216385553
03216388598
03216384894
03216389424
03216381689
03216381290
03216382049
03216386478
03216381605
03216385608
03216383226
03216385414
03216383139
03216387420
03216386693
03216389530
03216384843
03216387794
03216386484
03216381068
03216382566
03216388975
03216388381
03216382657
03216383532
03216389874
03216388765
03216388954
03216388850
03216383314
03216382567
03216382099
03216385567
03216384144
03216385865
03216389046
03216384333
03216384255
03216389994
03216384807
03216388442
03216383869
03216386439
03216382263
03216383161
03216388364
03216383125
03216388501
03216388761
03216382207
03216383109
03216389335
03216381088
03216385842
03216389198
03216384565
03216389880
03216385175
03216384981
03216386562
03216381283
03216382405
03216385314
03216381995
03216388652
03216388363
03216385503
03216383329
03216386421
03216381424
03216386569
03216385218
03216388143
03216389407
03216387605
03216382827
03216383446
03216389653
03216384790
03216384376
03216381162
03216385600
03216385382
03216389907
03216382690
03216383414
03216383218
03216383433
03216389750
03216388045
03216388956
03216383083
03216388600
03216381450
03216386146
03216383128
03216381352
03216384108
03216386073
03216389617
03216389823
03216384823
03216384024
03216384060
03216384385
03216384275
03216381607
03216381878
03216388078
03216388854
03216381869
03216389235
03216383537
03216389215
03216383980
03216387818
03216389402
03216387144
03216389927
03216383221
03216388998
03216389358
03216382360
03216381958
03216384749
03216383442
03216387776
03216385161
03216381249
03216388731
03216382029
03216385226
03216382954
03216389071
03216386456
03216384030
03216382958
03216383434
03216381006
03216388385
03216386947
03216384510
03216383080
03216382637
03216387119
03216387489
03216383631
03216386203
03216384063
03216389087
03216387373
03216388187
03216382966
03216383051
03216384700
03216387586
03216389613
03216381253
03216383289
03216385502
03216387715
03216386769
03216386775
03216384302
03216384220
03216388948
03216383463
03216383885
03216384270
03216385835
03216387299
03216383541
03216388864
03216385007
03216387369
03216389924
03216388117
03216386804
03216386923
03216389106
03216389667
03216389774
03216386685
03216385765
03216389433
03216384709
03216389760
03216388424
03216384724
03216382111
03216386604
03216388281
03216381873
03216386954
03216388658
03216384356
03216381065
03216384107
03216385247
03216382503
03216381499
03216381118
03216383685
03216386227
03216386650
03216389002
03216387901
03216386140
03216388970
03216386051
03216387569
03216387641
03216384234
03216386657
03216388265
03216384059
03216381965
03216388023
03216381069
03216389223
03216381322
03216386404
03216385136
03216382984
03216386676
03216387538
03216385420
03216388645
03216385738
03216381889
03216386112
03216383686
03216382702
03216388727
03216386499
03216388418
03216386038
03216384136
03216385331
03216381722
03216389778
03216384253
03216387914
03216382477
03216388286
03216382434
03216387025
03216388434
03216385440
03216387332
03216381182
03216385723
03216389844
03216388288
03216383943
03216384318
03216383971
03216381526
03216383836
03216381168
03216386695
03216388790
03216387319
03216386323
03216383215
03216383224
03216384393
03216383102
03216386728
03216388295
03216388729
03216381397
03216381938
03216389607
03216381877
03216381490
03216382413
03216385333
03216388463
03216385499
03216387265
03216388744
03216389736
03216382499
03216389847
03216386046
03216387214
03216385589
03216383156
03216381898
03216381561
03216384817
03216382777
03216384905
03216386725
03216382353
03216387881
03216385063
03216385930
03216385373
03216384995
03216386830
03216381191
03216382202
03216387108
03216386165
03216386304
03216386367
03216389984
03216386881
03216382149
03216385888
03216382343
03216388521
03216385704
03216389608
03216383480
03216387582
03216383469
03216381238
03216385326
03216381382
03216389644
03216383415
03216386611
03216388465
03216388538
03216386740
03216382913
03216385260
03216386851
03216384057
03216385238
03216387711
03216385989
03216385694
03216384563
03216385643
03216386823
03216384505
03216382698
03216383528
03216381549
03216386907
03216387873
03216383875
03216382321
03216383821
03216385172
03216386495
03216389349
03216389090
03216387426
03216382843
03216382177
03216388380
03216388228
03216385536
03216388040
03216383546
03216381710
03216383598
03216385193
03216384098
03216383490
03216388373
03216386400
03216389147
03216388240
03216389476
03216383084
03216389165
03216381400
03216384562
03216388836
03216386408
03216388339
03216385795
03216388089
03216381625
03216386521
03216382896
03216382699
03216389460
03216383743
03216388549
03216385879
03216382197
03216386409
03216385262
03216387081
03216386640
03216386250
03216388134
03216389148
03216388058
03216387736
03216388482
03216387245
03216382209
03216381163
03216383976
03216386902
03216389277
03216381651
03216386854
03216385956
03216386702
03216384891
03216383398
03216384991
03216382830
03216382998
03216386567
03216388534
03216385320
03216381314
03216389368
03216384139
03216385590
03216382144
03216387281
03216386396
03216385551
03216387949
03216381844
03216382293
03216387219
03216388126
03216383149
03216387732
03216385560
03216382278
03216386888
03216389849
03216388151
03216387132
03216382323
03216386474
03216389559
03216381321
03216386059
03216385049
03216389020
03216382148
03216388169
03216384017
03216386177
03216389548
03216389326
03216381246
03216389714
03216389797
03216383111
03216386040
03216387660
03216386785
03216382103
03216383542
03216388542
03216388370
03216382530
03216383115
03216385369
03216388219
03216385712
03216381367
03216385251
03216383577
03216384129
03216384488
03216386012
03216389094
03216386978
03216387551
03216389995
03216381816
03216388139
03216386987
03216382168
03216385769
03216381030
03216383126
03216386517
03216387830
03216382919
03216383254
03216384361
03216381141
03216386826
03216384148
03216383072
03216384235
03216388274
03216387872
03216384330
03216383338
03216386926
03216381642
03216384183
03216387821
03216385672
03216383157
03216383807
03216389302
03216385727
03216385045
03216387016
03216387195
03216384900
03216388889
03216383274
03216382865
03216387430
03216386414
03216382890
03216387772
03216386751
03216389632
03216386988
03216387296
03216383813
03216389573
03216383451
03216384668
03216389945
03216389288
03216381685
03216384284
03216383762
03216388508
03216388017
03216382328
03216387771
03216381982
03216386094
03216381151
03216389895
03216386561
03216384806
03216383701
03216386698
03216384543
03216383764
03216382500
03216382324
03216387717
03216387623
03216385347
03216383460
03216384499
03216381754
03216386511
03216387104
03216381594
03216388483
03216388480
03216387397
03216386556
03216385124
03216388157
03216386434
03216387659
03216385580
03216386917
03216387182
03216386239
03216383052
03216389264
03216382949
03216385281
03216383151
03216384926
03216381161
03216389940
03216384764
03216381932
03216381058
03216385949
03216381853
03216381300
03216382101
03216387357
03216382348
03216387795
03216388892
03216388691
03216388972
03216387142
03216384419
03216386819
03216386944
03216381993
03216383895
03216381055
03216387096
03216389713
03216382916
03216388499
03216381912
03216386787
03216385020
03216388713
03216382152
03216384297
03216381481
03216381885
03216386765
03216385824
03216385223
03216385920
03216381114
03216389791
03216389959
03216383075
03216388481
03216389976
03216386774
03216387930
03216389405
03216382342
03216389218
03216389839
03216385967
03216384405
03216383799
03216382981
03216386762
03216382210
03216389564
03216384935
03216386995
03216385060
03216389718
03216381505
03216387060
03216383578
03216383831
03216381275
03216385203
03216389740
03216389452
03216387765
03216389538
03216382995
03216387102
03216383786
03216389114
03216389499
03216384461
03216385057
03216385044
03216386563
03216384593
03216385733
03216387116
03216387100
03216383489
03216389809
03216383672
03216385726
03216384065
03216389316
03216388382
03216381934
03216386183
03216385893
03216388942
03216389512
03216385926
03216381262
03216382889
03216382428
03216387148
03216383793
03216382036
03216385837
03216383243
03216387246
03216386835
03216389549
03216381712
03216386092
03216385928
03216388578
03216386110
03216382779
03216385012
03216384946
03216386217
03216388992
03216387622
03216381598
03216387986
03216384528
03216384777
03216387549
03216387932
03216385520
03216383313
03216381734
03216382653
03216386267
03216389093
03216381198
03216384631
03216387710
03216386288
03216389137
03216386103
03216389554
03216382624
03216388425
03216382676
03216385096
03216387439
03216384146
03216381293
03216388857
03216385276
03216382043
03216384579
03216387355
03216385821
03216389556
03216386045
03216386542
03216382594
03216381600
03216387750
03216385206
03216385485
03216389179
03216386097
03216388283
03216385282
03216381975
03216384053
03216388409
03216385079
03216382869
03216383127
03216381070
03216388144
03216385540
03216388115
03216387336
03216383651
03216385200
03216388584
03216385611
03216386520
03216381494
03216389601
03216388862
03216382654
03216382241
03216386717
03216387258
03216382681
03216381998
03216388894
03216386307
03216383677
03216383172
03216381217
03216388778
03216389699
03216388204
03216382239
03216382193
03216381564
03216388785
03216385980
03216386893
03216389397
03216388569
03216388824
03216386347
03216381511
03216382615
03216389897
03216387558
03216389758
03216383134
03216385952
03216383146
03216384832
03216382174
03216381721
03216389953
03216385011
03216386692
03216388725
03216382454
03216383520
03216384277
03216385374
03216383996
03216384920
03216389737
03216387571
03216383212
03216381698
03216387674
03216387562
03216385963
03216389429
03216383513
03216382304
03216385357
03216382546
03216381033
03216387885
03216385436
03216388822
03216389762
03216389150
03216387254
03216381983
03216383187
03216383219
03216387207
03216381973
03216383337
03216388510
03216387518
03216389075
03216384661
03216388754
03216386215
03216389655
03216381525
03216381035
03216387585
03216387241
03216384142
03216385411
03216384589
03216384178
03216385363
03216384027
03216383681
03216386501
03216388833
03216383306
03216386301
03216385475
03216382901
03216384942
03216387861
03216385691
03216382679
03216382012
03216384696
03216384010
03216388963
03216386592
03216382000
03216384435
03216382431
03216388551
03216385564
03216383300
03216388106
03216387992
03216389290
03216387540
03216382893
03216386228
03216387487
03216381256
03216388470
03216388179
03216386651
03216381303
03216384320
03216384541
03216388252
03216388253
03216387521
03216389595
03216383406
03216388114
03216387232
03216387789
03216387591
03216387459
03216383004
03216383310
03216386622
03216387156
03216388218
03216381650
03216382742
03216388217
03216389418
03216383658
03216384305
03216388259
03216385459
03216389442
03216386981
03216385315
03216389151
03216388309
03216389281
03216388881
03216381819
03216381177
03216381924
03216385584
03216384848
03216386311
03216383801
03216389819
03216386624
03216387470
03216389909
03216387225
03216382368
03216383722
03216388267
03216382242
03216383534
03216382133
03216382840
03216389461
03216385141
03216383032
03216387884
03216381125
03216386577
03216389770
03216386691
03216389536
03216385266
03216384630
03216382595
03216382907
03216385535
03216384597
03216387494
03216383696
03216386630
03216385050
03216387716
03216388343
03216382622
03216382770
03216388635
03216383092
03216385108
03216389057
03216382373
03216381484
03216385288
03216385173
03216382497
03216388012
03216387321
03216383088
03216382066
03216382941
03216389813
03216386921
03216381504
03216389421
03216387722
03216389781
03216381159
03216382996
03216381226
03216382581
03216384770
03216386175
03216386990
03216389431
03216385530
03216389649
03216386481
03216383234
03216388871
03216388064
03216389070
03216382495
03216385042
03216383960
03216381228
03216385610
03216381933
03216387787
03216383540
03216383016
03216385683
03216384570
03216384919
03216389793
03216386100
03216381536
03216387304
03216389585
03216386006
03216385715
03216387920
03216389382
03216388407
03216388492
03216382440
03216384530
03216384547
03216381524
03216382701
03216383505
03216386656
03216385205
03216385221
03216388372
03216389257
03216385151
03216388360
03216387361
03216389351
03216386723
03216384754
03216389469
03216381264
03216387508
03216388264
03216386927
03216387825
03216381225
03216382542
03216385717
03216387416
03216386590
03216385792
03216381749
03216385482
03216388471
03216385971
03216385379
03216382799
03216384359
03216388473
03216386329
03216387975
03216382417
03216387125
03216389511
03216383108
03216382106
03216381879
03216384325
03216385875
03216384191
03216383456
03216383877
03216384145
03216385140
03216389186
03216387501
03216382464
03216386313
03216387049
03216385826
03216387843
03216382004
03216385322
03216387905
03216389138
03216382604
03216385086
03216389651
03216383986
03216387621
03216383861
03216386824
03216387643
03216384023
03216389857
03216385613
03216388335
03216382316
03216385698
03216386001
03216387968
03216381284
03216381820
03216386277
03216387735
03216383856
03216382315
03216381939
03216383628
03216383130
03216389706
03216384808
03216386379
03216384038
03216385389
03216381445
03216384824
03216381612
03216387653
03216388974
03216386358
03216382902
03216385197
03216385997
03216382121
03216383121
03216381756
03216383855
03216382069
03216383594
03216381725
03216386295
03216383159
03216387720
03216383810
03216385894
03216387348
03216384831
03216382662
03216386205
03216381320
03216385822
03216384509
03216383258
03216389484
03216382755
03216385917
03216389345
03216385316
03216384192
03216382729
03216384241
03216385786
03216387483
03216384875
03216381434
03216381193
03216387389
03216388120
03216381786
03216384462
03216386732
03216382596
03216385501
03216387751
03216381328
03216389422
03216384979
03216383864
03216388528
03216383530
03216383635
03216389131
03216384886
03216389584
03216385025
03216385996
03216386348
03216388968
03216388152
03216383063
03216383019
03216386190
03216382011
03216387309
03216384067
03216381971
03216388735
03216387405
03216389787
03216383441
03216389591
03216387925
03216388982
03216388846
03216387753
03216384272
03216381001
03216382167
03216384710
03216388311
03216381887
03216384450
03216384757
03216387915
03216385622
03216387608
03216383395
03216388384
03216387811
03216383042
03216386994
03216382548
03216385961
03216388932
03216385463
03216386108
03216386104
03216382798
03216386155
03216381447
03216386795
03216388135
03216385146
03216389997
03216389440
03216381810
03216384249
03216389912
03216382187
