03457338054
03457338282
03457336322
03457333675
03457331930
03457332484
03457331309
03457337673
03457335972
03457337189
03457333262
03457331773
03457331605
03457334566
03457337745
03457339948
03457338952
03457337607
03457339708
03457331655
03457334596
03457335408
03457335525
03457332091
03457332739
03457338359
03457338859
03457337480
03457335242
03457331817
03457339995
03457332685
03457339793
03457338394
03457331361
03457333209
03457335891
03457335221
03457339142
03457339897
03457337670
03457339529
03457331739
03457333925
03457336608
03457333884
03457339301
03457339618
03457331291
03457338962
03457333458
03457332873
03457331583
03457339190
03457334125
03457338813
03457338492
03457331946
03457331445
03457339087
03457331812
03457336172
03457337525
03457338587
03457335742
03457331716
03457334486
03457332513
03457334698
03457337738
03457335995
03457331750
03457336818
03457339558
03457337055
03457334781
03457332198
03457338703
03457333723
03457336335
03457335520
03457339423
03457339777
03457334018
03457331766
03457334615
03457331405
03457335723
03457338084
03457331406
03457334837
03457334796
03457337712
03457331775
03457331836
03457334718
03457337902
03457336805
03457336448
03457338759
03457335135
03457334801
03457331230
03457332374
03457333788
03457339255
03457331436
03457337165
03457339246
03457331628
03457335364
03457335476
03457338102
03457338810
03457331723
03457339949
03457339871
03457332184
03457333293
03457332014
03457337911
03457338945
03457333976
03457336954
03457339105
03457337782
03457335218
03457334296
03457331898
03457337274
03457337575
03457334621
03457338546
03457333641
03457339392
03457331073
03457339968
03457338558
03457338837
03457339778
03457339472
03457339319
03457337060
03457333673
03457333026
03457332995
03457337952
03457336934
03457334264
03457335466
03457333120
03457336889
03457332285
03457336400
03457335419
03457334682
03457331472
03457336217
03457337102
03457334949
03457339729
03457338090
03457337901
03457333480
03457338081
03457339043
03457331111
03457333324
03457333455
03457339073
03457339166
03457334503
03457337635
03457332044
03457334108
03457332192
03457337067
03457336344
03457334964
03457333009
03457332109
03457337264
03457337732
03457336261
03457337240
03457333972
03457336144
03457339600
03457333751
03457331456
03457333887
03457331382
03457331417
03457336794
03457332763
03457334913
03457337395
03457337890
03457333153
03457332141
03457339664
03457337816
03457333118
03457331897
03457337784
03457332637
03457337363
03457334025
03457338605
03457334764
03457335080
03457335792
03457333001
03457335748
03457334001
03457336584
03457332898
03457331510
03457339573
03457331999
03457335185
03457339117
03457335250
03457333915
03457339428
03457332153
03457338948
03457337074
03457339856
03457337600
03457339916
03457333143
03457335343
03457336188
03457333507
03457332236
03457339726
03457331420
03457335282
03457335284
03457336302
03457335625
03457333793
03457334444
03457338761
03457334073
03457334991
03457331642
03457332567
03457337665
03457332630
03457334000
03457338776
03457331566
03457337387
03457333448
03457337882
03457339656
03457337690
03457335223
03457335823
03457335401
03457335832
03457335497
03457339391
03457339273
03457339847
03457339903
03457333833
03457339470
03457338079
03457338138
03457332083
03457338214
03457337400
03457339934
03457337285
03457336566
03457336120
03457338788
03457335129
03457333538
03457335626
03457337593
03457331078
03457339801
03457338392
03457338612
03457338576
03457335599
03457332368
03457332720
03457337086
03457332726
03457331958
03457335930
03457333977
03457333929
03457339802
03457331518
03457335607
03457337009
03457338423
03457331715
03457338930
03457335775
03457333271
03457334717
03457337040
03457334277
03457336239
03457335739
03457333064
03457332764
03457339503
03457337724
03457336483
03457335845
03457334680
03457332848
03457334558
03457338975
03457334608
03457333646
03457334811
03457331200
03457333735
03457334107
03457331986
03457334069
03457331378
03457332925
03457336186
03457339645
03457334638
03457332328
03457331883
03457338002
03457338449
03457333927
03457336218
03457332865
03457333119
03457331164
03457339124
03457331163
03457333742
03457332617
03457333987
03457332740
03457334321
03457332129
03457333081
03457335673
03457333516
03457333305
03457334253
03457331670
03457339411
03457336577
03457339858
03457333085
03457334154
03457333961
03457336677
03457332803
03457336109
03457335048
03457338390
03457333460
03457337324
03457331691
03457333436
03457332861
03457332905
03457336078
03457333446
03457335323
03457332509
03457339247
03457336210
03457336739
03457338280
03457339673
03457334547
03457332327
03457334586
03457334970
03457337202
03457337065
03457339814
03457337878
03457337691
03457335931
03457338668
03457335757
03457333982
03457339868
03457339855
03457331391
03457338764
03457339830
03457334712
03457333131
03457334534
03457334906
03457337751
03457332190
03457336063
03457337829
03457335374
03457333842
03457332686
03457334597
03457339363
03457335449
03457332996
03457339605
03457337891
03457335703
03457338200
03457335755
03457333840
03457333490
03457332227
03457331005
03457336871
03457338424
03457335782
03457338998
03457332896
03457337614
03457331455
03457335906
03457339451
03457334874
03457333750
03457332317
03457332088
03457335981
03457331160
03457334618
03457338031
03457336872
03457333500
03457333061
03457331205
03457339337
03457336512
03457337375
03457335142
03457336735
03457331416
03457335523
03457331185
03457339191
03457339404
03457337092
03457338060
03457333687
03457331701
03457331748
03457333993
03457337090
03457339473
03457337827
03457336251
03457335695
03457336742
03457338151
03457333438
03457337303
03457337859
03457332330
03457337609
03457332974
03457339999
03457338174
03457337793
03457333558
03457331102
03457334079
03457333397
03457338647
03457333689
03457334559
03457335224
03457334028
03457332294
03457339459
03457332869
03457334037
03457339781
03457335672
03457336810
03457335509
03457332594
03457338361
03457333937
03457337838
03457338876
03457339085
03457337913
03457338210
03457339192
03457332310
03457335339
03457335894
03457338142
03457339913
03457336326
03457336075
03457339179
03457332323
03457332005
03457332183
03457337507
03457338213
03457333274
03457335564
03457332871
03457334739
03457338936
03457337397
03457339109
03457335910
03457332283
03457332741
03457334521
03457339562
03457336013
03457335478
03457335366
03457339413
03457332914
03457338689
03457331316
03457332223
03457334123
03457334700
03457336492
03457333504
03457335724
03457334564
03457333311
03457336214
03457333174
03457339274
03457333832
03457333201
03457333610
03457337178
03457337905
03457339772
03457333401
03457331554
03457339617
03457336309
03457336527
03457336816
03457338093
03457335299
03457334584
03457339164
03457332516
03457334813
03457336761
03457332696
03457332616
03457331424
03457338779
03457331887
03457334417
03457338360
03457331210
03457333347
03457332839
03457336204
03457336391
03457335580
03457339712
03457339261
03457332789
03457334138
03457334317
03457334351
03457333146
03457336874
03457338176
03457336976
03457333594
03457332759
03457339979
03457334146
03457334659
03457334460
03457332213
03457331135
03457338003
03457334830
03457336625
03457336017
03457335354
03457335040
03457336270
03457333470
03457332512
03457335586
03457336375
03457337416
03457338198
03457336707
03457339550
03457333248
03457331803
03457336958
03457339127
03457333991
03457338381
03457337063
03457338687
03457332181
03457331743
03457334178
03457339128
03457331257
03457337959
03457337512
03457338299
03457338996
03457335014
03457332801
03457334705
03457336653
03457333168
03457334838
03457334655
03457337771
03457337243
03457332459
03457333999
03457335506
03457331585
03457334842
03457334755
03457333027
03457339667
03457336890
03457331363
03457336658
03457333281
03457337582
03457331288
03457338579
03457336247
03457338068
03457336457
03457334065
03457338415
03457339898
03457331465
03457331693
03457336749
03457335137
03457338542
03457335149
03457333789
03457338880
03457339153
03457333726
03457339292
03457331444
03457339722
03457337744
03457338672
03457332859
03457334286
03457336502
03457334931
03457337845
03457331409
03457337633
03457338355
03457339520
03457333021
03457333417
03457338073
03457336921
03457332178
03457339355
03457337340
03457332560
03457332533
03457333812
03457334835
03457339704
03457336212
03457337877
03457335877
03457338009
03457332209
03457332932
03457333988
03457336138
03457335208
03457332171
03457337563
03457333484
03457332057
03457338489
03457333831
03457333337
03457337229
03457332116
03457335125
03457337075
03457336867
03457336701
03457333136
03457339937
03457334103
03457337161
03457335210
03457334859
03457338024
03457334582
03457337053
03457331967
03457333399
03457335423
03457335422
03457335531
03457336883
03457331851
03457337238
03457339346
03457336970
03457336209
03457335870
03457334071
03457338702
03457337606
03457337588
03457331086
03457339010
03457331308
03457331437
03457339796
03457334051
03457332034
03457334404
03457335624
03457332716
03457337184
03457337589
03457337273
03457336430
03457335089
03457338408
03457337915
03457331697
03457335232
03457339836
03457337521
03457339730
03457334562
03457334066
03457338821
03457333090
03457336508
03457334384
03457336993
03457339203
03457332957
03457333985
03457331480
03457334849
03457337446
03457331613
03457336630
03457339786
03457338620
03457335753
03457339440
03457335192
03457338982
03457335908
03457332355
03457337812
03457331488
03457331577
03457336875
03457339685
03457339984
03457333213
03457331313
03457339116
03457338331
03457336766
03457338069
03457337131
03457332998
03457334422
03457332288
03457335827
03457338223
03457339944
03457335942
03457334357
03457334626
03457333628
03457331824
03457334509
03457335285
03457331468
03457337110
03457335940
03457331496
03457331636
03457336133
03457332496
03457338298
03457333019
03457337683
03457338061
03457335983
03457335871
03457335690
03457331972
03457331984
03457332742
03457331632
03457335328
03457335358
03457339584
03457337205
03457332902
03457336507
03457332256
03457335957
03457334893
03457335662
03457337312
03457336347
03457338721
03457338747
03457339694
03457335726
03457332592
03457336924
03457337917
03457336673
03457335365
03457335567
03457338124
03457331552
03457338819
03457332665
03457339407
03457332543
03457338881
03457336176
03457332051
03457338927
03457339593
03457331790
03457332067
03457331006
03457334367
03457332398
03457333499
03457333924
03457336969
03457333225
03457332289
03457337015
03457338005
03457334707
03457333015
03457338655
03457339992
03457334017
03457339080
03457334955
03457333437
03457333291
03457337270
03457332349
03457334792
03457333602
03457335734
03457332583
03457336695
03457336132
03457336161
03457335849
03457335667
03457333169
03457334624
03457331783
03457337627
03457331849
03457339439
03457337117
03457335527
03457332864
03457334173
03457333160
03457331956
03457336145
03457338033
03457339846
03457337033
03457336835
03457337326
03457338775
03457332018
03457337605
03457337423
03457338189
03457334386
03457336529
03457331522
03457337204
03457337166
03457332988
03457338995
03457334456
03457337327
03457331587
03457333851
03457336821
03457331927
03457339429
03457337974
03457333777
03457336437
03457338662
03457339098
03457333965
03457338835
03457331931
03457338979
03457335563
03457334727
03457334360
03457339438
03457337463
03457332910
03457335594
03457334644
03457335660
03457335627
03457335994
03457338968
03457337150
03457335390
03457336257
03457339508
03457335738
03457334923
03457333582
03457335196
03457335678
03457339448
03457334411
03457337948
03457337867
03457331784
03457333238
03457339710
03457331056
03457339728
03457336415
03457337889
03457332177
03457336266
03457333801
03457331980
03457334809
03457339287
03457331477
03457335529
03457332841
03457334457
03457333096
03457332150
03457338349
03457333783
03457339884
03457334259
03457334912
03457335026
03457339515
03457335042
03457332421
03457335916
03457335902
03457337912
03457337134
03457331899
03457339842
03457331618
03457331614
03457339022
03457333018
03457336666
03457337468
03457339602
03457338660
03457336390
03457335073
03457338943
03457338780
03457336613
03457337941
03457332706
03457336232
03457335468
03457331502
03457332862
03457335898
03457339567
03457339318
03457333844
03457337884
03457336077
03457336897
03457332152
03457339578
03457339866
03457332999
03457332838
03457331482
03457338167
03457339326
03457337444
03457335424
03457338652
03457339917
03457339302
03457337960
03457335205
03457336497
03457338339
03457338756
03457337006
03457338083
03457339455
03457333700
03457338781
03457331390
03457332705
03457336811
03457335207
03457335944
03457335941
03457335131
03457339774
03457333380
03457334928
03457337874
03457334057
03457337437
03457333753
03457337245
03457339650
03457335402
03457338581
03457338116
03457331250
03457333080
03457339672
03457334082
03457334475
03457334905
03457338812
03457336053
03457332719
03457334346
03457331840
03457334710
03457337971
03457337699
03457334171
03457338186
03457331825
03457335433
03457331568
03457332319
03457334281
03457331318
03457333252
03457339804
03457335363
03457333273
03457331013
03457335257
03457333731
03457335534
03457331285
03457331859
03457339689
03457333508
03457338404
03457339062
03457338004
03457339406
03457335405
03457334940
03457337430
03457332503
03457334410
03457339930
03457335816
03457331511
03457337353
03457331222
03457338765
03457339541
03457332779
03457331705
03457339089
03457338109
03457339175
03457336686
03457335840
03457333515
03457338496
03457338316
03457337029
03457331545
03457333256
03457336277
03457336599
03457333846
03457335432
03457334864
03457335788
03457333343
03457331146
03457332220
03457338181
03457339095
03457339433
03457333441
03457339639
03457333013
03457337296
03457335765
03457336663
03457331433
03457331550
03457338787
03457339966
03457334097
03457334099
03457336163
03457337376
03457333814
03457335202
03457337898
03457336681
03457332823
03457339436
03457339649
03457335888
03457335778
03457336745
03457334081
03457337390
03457331062
03457332806
03457331053
03457333586
03457333529
03457338136
03457339099
03457336196
03457331910
03457339596
03457332254
03457334084
03457336808
03457332931
03457336628
03457338239
03457331741
03457333800
03457337626
03457335787
03457332454
03457331407
03457334771
03457334966
03457339918
03457336813
03457333379
03457336676
03457331397
03457338903
03457333045
03457332577
03457336103
03457337775
03457337930
03457338997
03457333634
03457336909
03457338970
03457333813
03457332024
03457331425
03457336634
03457335649
03457337262
03457335179
03457335265
03457331132
03457336728
03457334327
03457335155
03457336278
03457338531
03457332920
03457333351
03457332793
03457333762
03457332136
03457333315
03457339696
03457338262
03457331491
03457331669
03457337773
03457337862
03457335996
03457336104
03457334789
03457331953
03457331641
03457336111
03457337780
03457338949
03457332620
03457334206
03457339850
03457338993
03457338042
03457339741
03457334116
03457334498
03457331683
03457333946
03457335482
03457337003
03457339641
03457331193
03457338955
03457336465
03457339158
03457333290
03457336578
03457332878
03457331710
03457338909
03457337227
03457332000
03457331345
03457339268
03457331928
03457337490
03457333745
03457332645
03457335542
03457334064
03457337695
03457339790
03457339994
03457335309
03457333461
03457334031
03457336560
03457332415
03457335164
03457336234
03457338572
03457337434
03457339226
03457334549
03457336586
03457338474
03457334137
03457334836
03457335636
03457337734
03457336193
03457339265
03457331464
03457338370
03457337528
03457332314
03457335100
03457337335
03457339442
03457334014
03457336052
03457335204
03457337106
03457337436
03457332006
03457335052
03457335077
03457333286
03457336853
03457338284
03457335693
03457338917
03457336311
03457331562
03457338096
03457334389
03457333002
03457332858
03457334992
03457333042
03457335609
03457338530
03457332589
03457335090
03457336503
03457334245
03457337314
03457337828
03457336791
03457334557
03457331381
03457334021
03457337442
03457339149
03457336468
03457339084
03457339758
03457332350
03457337909
03457333571
03457332546
03457336408
03457336807
03457339431
03457337925
03457332097
03457335716
03457331155
03457331060
03457332162
03457336912
03457333476
03457332462
03457338574
03457339040
03457339538
03457338902
03457334929
03457337541
03457335239
03457336534
03457332320
03457331272
03457333100
03457332641
03457332160
03457337700
03457336953
03457336180
03457338283
03457337071
03457336319
03457335217
03457331074
03457331858
03457335945
03457332237
03457332992
03457336622
03457339660
03457331183
03457333310
03457331343
03457337453
03457334669
03457331478
03457338777
03457333609
03457338055
03457338418
03457333796
03457339958
03457337492
03457336281
03457338557
03457334607
03457335682
03457334708
03457333541
03457335698
03457331611
03457331917
03457339331
03457332284
03457337797
03457334702
03457339017
03457338294
03457333633
03457339653
03457338289
03457336629
03457335346
03457331903
03457331857
03457332149
03457332278
03457335500
03457335151
03457339681
03457337022
03457338895
03457336841
03457337228
03457333583
03457334068
03457339684
03457332021
03457337910
03457332833
03457336137
03457339086
03457339184
03457333549
03457337674
03457331579
03457335492
03457333208
03457334667
03457331198
03457335611
03457332704
03457333825
03457332559
03457338041
03457335357
03457336460
03457332235
03457338742
03457333795
03457331351
03457335443
03457337830
03457335434
03457334226
03457333949
03457337632
03457339208
03457332816
03457332672
03457338599
03457334604
03457335805
03457339659
03457336473
03457338627
03457335642
03457331617
03457334166
03457339757
03457331508
03457338961
03457333979
03457332552
03457336373
03457333902
03457335389
03457332197
03457332231
03457339125
03457333748
03457337035
03457339889
03457337401
03457336402
03457339888
03457331153
03457333960
03457336118
03457336596
03457336801
03457335762
03457337239
03457331440
03457332723
03457339800
03457333664
03457335677
03457332717
03457334988
03457333652
03457337825
03457335306
03457332471
03457337283
03457332372
03457336679
03457335012
03457339601
03457336365
03457335319
03457338737
03457338241
03457335214
03457338604
03457337548
03457332842
03457335956
03457339572
03457338139
03457333105
03457332430
03457334380
03457336264
03457333382
03457332064
03457339978
03457331095
03457333869
03457337558
03457335556
03457331584
03457337199
03457338271
03457333986
03457331559
03457333737
03457339386
03457337073
03457335169
03457332146
03457331908
03457331869
03457337851
03457337167
03457339366
03457333334
03457336928
03457339942
03457336506
03457331226
03457336216
03457331936
03457338263
03457334119
03457336860
03457334734
03457339990
03457339096
03457334371
03457339867
03457332230
03457335487
03457336435
03457337307
03457331474
03457332126
03457333928
03457338050
03457333803
03457339050
03457336655
03457331978
03457337045
03457334657
03457334183
03457337313
03457333296
03457332525
03457332338
03457333050
03457335722
03457337497
03457335479
03457337300
03457337135
03457335505
03457339070
03457334231
03457336478
03457336136
03457334199
03457339360
03457335292
03457337716
03457332821
03457337573
03457333645
03457336817
03457338171
03457334968
03457334952
03457335751
03457336647
03457336627
03457335029
03457339189
03457334733
03457338980
03457332424
03457336914
03457336443
03457333720
03457337159
03457339427
03457333715
03457335818
03457337757
03457338586
03457335085
03457334478
03457331860
03457333266
03457331494
03457336060
03457332945
03457334214
03457333261
03457334711
03457333781
03457339488
03457333563
03457337896
03457339170
03457338155
03457335291
03457336328
03457335907
03457331129
03457339924
03457337339
03457337389
03457334455
03457336829
03457337194
03457337164
03457332915
03457335922
03457335727
03457336364
03457331119
03457332699
03457333182
03457339009
03457337052
03457337671
03457335864
03457335819
03457335647
03457337198
03457334489
03457338570
03457338433
03457331935
03457335927
03457331079
03457335862
03457331604
03457336115
03457334117
03457336066
03457337546
03457331413
03457336544
03457336000
03457334248
03457337320
03457332427
03457335209
03457337946
03457332744
03457331525
03457338636
03457337861
03457334449
03457336732
03457338425
03457332805
03457333579
03457332918
03457331234
03457332158
03457339864
03457334760
03457335004
03457337115
03457331462
03457339745
03457334450
03457332967
03457331399
03457339878
03457335562
03457333547
03457335362
03457331019
03457335640
03457338335
03457334337
03457338253
03457339668
03457336071
03457332440
03457335120
03457337834
03457333626
03457334766
03457334252
03457335161
03457332562
03457334167
03457339453
03457334100
03457339361
03457338728
03457332863
03457339258
03457338217
03457332431
03457334355
03457333823
03457331792
03457336750
03457338913
03457331044
03457334625
03457336616
03457335648
03457337146
03457334716
03457335441
03457331395
03457333342
03457339655
03457331540
03457335336
03457333605
03457333360
03457336617
03457335953
03457332085
03457339576
03457335861
03457331194
03457334552
03457331338
03457337034
03457333454
03457335713
03457339787
03457338804
03457338372
03457333713
03457336692
03457335903
03457337481
03457332776
03457338648
03457332814
03457338486
03457338265
03457338187
03457333390
03457332295
03457338562
03457334168
03457336999
03457334453
03457333648
03457337249
03457333378
03457338407
03457339020
03457335021
03457332761
03457331186
03457336964
03457336804
03457339892
03457336667
03457338799
03457338108
03457339945
03457332135
03457337082
03457332851
03457338769
03457334186
03457334696
03457336185
03457339608
03457339259
03457333044
03457338654
03457332023
03457334879
03457332447
03457336027
03457332460
03457332908
03457335887
03457331461
03457336723
03457331581
03457334538
03457339763
03457338818
03457336035
03457339637
03457334833
03457339824
03457335171
03457332519
03457335000
03457337355
03457333345
03457333622
03457332060
03457338528
03457333919
03457333917
03457339675
03457335510
03457335453
03457331328
03457337308
03457335892
03457333341
03457338593
03457333224
03457338488
03457337613
03457336203
03457337736
03457333368
03457338115
03457337661
03457339521
03457336009
03457335844
03457334901
03457335189
03457337727
03457339197
03457332329
03457338941
03457339767
03457335013
03457332040
03457334876
03457336565
03457334751
03457337409
03457338322
03457333572
03457337031
03457338677
03457338046
03457337713
03457336648
03457338826
03457338230
03457332315
03457334148
03457334634
03457339724
03457333404
03457337571
03457333775
03457332299
03457332912
03457339720
03457331088
03457331327
03457331751
03457337601
03457333363
03457334777
03457335949
03457338977
03457332352
03457337187
03457336370
03457332750
03457335886
03457332036
03457336242
03457337452
03457337406
03457331347
03457334709
03457334732
03457335764
03457339374
03457337993
03457337731
03457335050
03457335321
03457339559
03457335829
03457337978
03457335463
03457336366
03457335170
03457337467
03457337371
03457338700
03457339776
03457337961
03457333478
03457333635
03457333920
03457332016
03457334026
03457336152
03457331402
03457332978
03457339194
03457338638
03457335758
03457338811
03457332476
03457337306
03457332731
03457339938
03457337779
03457331977
03457334312
03457334258
03457331907
03457334469
03457335987
03457331412
03457334514
03457334095
03457333191
03457331400
03457332635
03457332436
03457336065
03457334393
03457339505
03457338395
03457332249
03457339077
03457337786
03457332469
03457335229
03457332549
03457336165
03457333981
03457338820
03457334946
03457337703
03457339775
03457335414
03457331565
03457334679
03457334543
03457334508
03457338336
03457339840
03457333494
03457339341
03457334768
03457333873
03457333385
03457335917
03457332510
03457333524
03457332829
03457336683
03457333518
03457336183
03457331815
03457337026
03457337418
03457331654
03457337688
03457336108
03457331653
03457335968
03457331150
03457332828
03457334825
03457337740
03457336377
03457334934
03457333357
03457331677
03457332475
03457331786
03457336243
03457331415
03457333092
03457331895
03457335382
03457332997
03457337482
03457336938
03457332151
03457337385
03457338642
03457337672
03457334904
03457333617
03457333221
03457337645
03457332065
03457334770
03457337147
03457338736
03457334542
03457331248
03457338458
03457335629
03457337310
03457336220
03457335213
03457334322
03457335426
03457338058
03457338755
03457331961
03457334059
03457335794
03457331590
03457336292
03457335685
03457336772
03457336886
03457334829
03457333501
03457339327
03457334133
03457334405
03457333128
03457331852
03457339628
03457333062
03457335260
03457332245
03457335559
03457334466
03457333110
03457335683
03457331211
03457334511
03457337708
03457338029
03457332942
03457332952
03457334956
03457332772
03457337849
03457334602
03457339880
03457336329
03457335225
03457333702
03457333313
03457337556
03457337725
03457338405
03457339810
03457333598
03457338856
03457338527
03457331032
03457333439
03457336420
03457332420
03457331765
03457339145
03457338509
03457338989
03457331387
03457331297
03457334400
03457339176
03457331633
03457334002
03457339204
03457336554
03457338460
03457335379
03457335126
03457331856
03457339797
03457338127
03457333485
03457336105
03457334430
03457334086
03457334425
03457339333
03457336675
03457331237
03457336092
03457334941
03457337001
03457334136
03457335923
03457337693
03457334402
03457334481
03457332301
03457335652
03457337523
03457331294
03457331968
03457331018
03457335023
03457332883
03457333489
03457339975
03457335251
03457338373
03457331201
03457339539
03457335316
03457332367
03457334488
03457331199
03457339566
03457336062
03457335661
03457332204
03457331703
03457337292
03457334358
03457338272
03457331810
03457335381
03457335266
03457331069
03457338007
03457331452
03457337059
03457334963
03457338884
03457333623
03457334336
03457336029
03457334942
03457336985
03457336548
03457336306
03457338814
03457339230
03457331180
03457336918
03457335616
03457336979
03457337975
03457333106
03457332553
03457331929
03457335096
03457336481
03457339522
03457334139
03457334603
03457339036
03457336776
03457338580
03457337888
03457335006
03457334798
03457336659
03457337107
03457335261
03457335286
03457331303
03457331839
03457336826
03457335255
03457339420
03457331905
03457333133
03457336360
03457332923
03457336850
03457331888
03457336401
03457337025
03457335955
03457334256
03457339530
03457335507
03457338307
03457331911
03457338957
03457335227
03457332689
03457338637
03457333691
03457339458
03457339654
03457334266
03457333997
03457335182
03457334871
03457335447
03457331038
03457331993
03457332909
03457332425
03457338235
03457339330
03457338276
03457331097
03457331772
03457331172
03457336947
03457338676
03457332451
03457332033
03457333671
03457339651
03457332387
03457338197
03457336942
03457335027
03457331010
03457334786
03457332677
03457332757
03457337269
03457338699
03457336992
03457333358
03457336101
03457338853
03457335393
03457337319
03457335766
03457336505
03457335175
03457332837
03457338463
03457339606
03457337372
03457337265
03457334468
03457337112
03457336385
03457338561
03457339677
03457338313
03457333752
03457333533
03457331548
03457336691
03457335439
03457336191
03457334504
03457331453
03457331822
03457331252
03457334293
03457335882
03457333122
03457335383
03457331515
03457335985
03457333094
03457334005
03457337641
03457335663
03457331423
03457338251
03457331112
03457337837
03457336073
03457339033
03457331767
03457331181
03457335290
03457339140
03457334267
03457333794
03457337720
03457338369
03457334536
03457339397
03457331916
03457331791
03457339544
03457337543
03457336916
03457337798
03457338739
03457338841
03457333570
03457339755
03457338045
03457334237
03457334088
03457333616
03457339344
03457334804
03457338617
03457336450
03457339449
03457337942
03457333053
03457333714
03457336784
03457333707
03457335921
03457339489
03457334223
03457332238
03457332441
03457332984
03457331719
03457338522
03457334512
03457335749
03457333766
03457333631
03457334753
03457337919
03457339523
03457333298
03457335341
03457332551
03457333951
03457339289
03457333387
03457333355
03457336047
03457332123
03457339955
03457334599
03457335555
03457339240
03457332362
03457336413
03457335633
03457334731
03457338470
03457333874
03457334311
03457338300
03457338521
03457339310
03457337261
03457333210
03457332623
03457338940
03457336937
03457332379
03457338286
03457333152
03457336008
03457331863
03457336639
03457338465
03457333810
03457339032
03457335360
03457338678
03457337160
03457334083
03457339799
03457335855
03457336587
03457338675
03457331334
03457334077
03457336094
03457332836
03457339500
03457331015
03457338842
03457333176
03457339209
03457333392
03457339624
03457332867
03457333335
03457337234
03457332529
03457334470
03457331873
03457335278
03457332939
03457334958
03457338330
03457332856
03457331964
03457339546
03457336433
03457337332
03457331057
03457335628
03457334126
03457332795
03457331371
03457336518
03457337951
03457338040
03457337742
03457332565
03457337885
03457331385
03457331732
03457335735
03457332450
03457333445
03457333709
03457334541
03457332684
03457334805
03457338092
03457339662
03457332292
03457332339
03457332277
03457336688
03457336901
03457333907
03457336421
03457332423
03457332907
03457332148
03457338437
03457336917
03457332110
03457338184
03457334078
03457331045
03457337814
03457335124
03457331596
03457338078
03457337612
03457334551
03457331919
03457338426
03457335249
03457339202
03457338288
03457335403
03457338469
03457335876
03457331041
03457332654
03457339314
03457333845
03457335272
03457337623
03457332694
03457339907
03457337132
03457337476
03457331848
03457331834
03457334260
03457334664
03457332137
03457334981
03457338967
03457337341
03457337995
03457337174
03457333705
03457333860
03457331169
03457335184
03457332307
03457335159
03457337722
03457332282
03457338051
03457331960
03457338013
03457333871
03457338518
03457331725
03457336439
03457331142
03457333804
03457333739
03457336002
03457332852
03457336833
03457336454
03457339053
03457337599
03457334038
03457337472
03457336689
03457334111
03457338412
03457336208
03457337590
03457331431
03457338334
03457333469
03457339476
03457339058
03457331979
03457337421
03457332808
03457336116
03457334041
03457338568
03457339723
03457337662
03457335199
03457336080
03457331100
03457334817
03457339750
03457334933
03457337667
03457331481
03457332732
03457336590
03457331842
03457334853
03457332563
03457337758
03457332870
03457339217
03457339031
03457336946
03457337748
03457335216
03457336449
03457337449
03457331009
03457337349
03457332253
03457339854
03457338556
03457334980
03457335022
03457339107
03457336260
03457339424
03457338740
03457331071
03457339121
03457335387
03457338157
03457335168
03457338229
03457335600
03457336504
03457334533
03457331337
03457338864
03457331597
03457335413
03457338188
03457337938
03457333285
03457337126
03457334892
03457332736
03457332770
03457339507
03457336476
03457335377
03457338328
03457333931
03457331624
03457333051
03457336668
03457337848
03457333137
03457333685
03457335183
03457334757
03457334663
03457334010
03457335835
03457332593
03457338261
03457333265
03457334308
03457339610
03457336996
03457338056
03457335959
03457336902
03457339044
03457331253
03457334886
03457331754
03457338107
03457333510
03457339454
03457332244
03457332492
03457339286
03457338344
03457333815
03457337157
03457333046
03457337550
03457338238
03457334225
03457335081
03457337854
03457335618
03457332528
03457339988
03457338246
03457339218
03457331629
03457332357
03457336535
03457333734
03457339168
03457336099
03457337542
03457337441
03457337311
03457333202
03457336249
03457334096
03457339066
03457332725
03457331325
03457337718
03457332983
03457332488
03457339466
03457336007
03457335380
03457331809
03457331270
03457333878
03457336539
03457332139
03457337639
03457334652
03457339390
03457336406
03457332584
03457338168
03457335117
03457338076
03457331434
03457339717
03457331981
03457336168
03457332825
03457337962
03457332526
03457334994
03457337315
03457334169
03457336626
03457331591
03457335495
03457337591
03457336477
03457332937
03457337496
03457333102
03457337692
03457338017
03457338607
03457336205
03457334292
03457333879
03457338063
03457337570
03457337686
03457338443
03457338317
03457335686
03457335804
03457337894
03457333525
03457335938
03457331976
03457335454
03457331195
03457334728
03457336386
03457333023
03457335536
03457332747
03457333528
03457338156
03457337809
03457339147
03457335494
03457338159
03457334977
03457337133
03457338704
03457335007
03457339102
03457339838
03457336121
03457333496
03457332165
03457333980
03457331598
03457334834
03457338898
03457333117
03457339299
03457332975
03457338348
03457331448
03457339148
03457339997
03457334193
03457338128
03457337294
03457336023
03457338387
03457332561
03457336387
03457333938
03457339257
03457332377
03457333405
03457334157
03457337654
03457337520
03457336972
03457332138
03457339187
03457337498
03457338869
03457335234
03457337342
03457337743
03457334729
03457334686
03457334013
03457335061
03457338379
03457331235
03457339803
03457334935
03457338281
03457332004
03457334104
03457333889
03457337753
03457332189
03457337004
03457332965
03457331414
03457336567
03457338064
03457332660
03457337517
03457338559
03457332882
03457334022
03457332504
03457333230
03457337647
03457338718
03457333743
03457339819
03457339141
03457335737
03457333696
03457337128
03457333856
03457337182
03457333393
03457334979
03457334839
03457335121
03457334376
03457334832
03457333314
03457338119
03457331106
03457339991
03457332344
03457335528
03457336920
03457335777
03457338774
03457334032
03457334009
03457332370
03457338534
03457333768
03457334487
03457339266
03457332537
03457339817
03457337761
03457335793
03457338397
03457334333
03457337475
03457332941
03457335049
03457339321
03457339490
03457336215
03457336936
03457339809
03457339695
03457334004
03457331063
03457337636
03457335248
03457333424
03457337857
03457336262
03457335005
03457336429
03457335119
03457337650
03457334571
03457338631
03457334894
03457335592
03457334447
03457336187
03457334719
03457332728
03457332913
03457338657
03457335010
03457336097
03457337334
03457336696
03457335350
03457335230
03457337618
03457331096
03457338032
03457335237
03457332174
03457337856
03457334102
03457338680
03457331449
03457339154
03457335451
03457334936
03457331778
03457333932
03457333185
03457334147
03457339021
03457333527
03457333041
03457339221
03457333400
03457339929
03457335275
03457338912
03457335279
03457331225
03457333126
03457338476
03457338059
03457337516
03457337491
03457337154
03457331995
03457335442
03457335247
03457336195
03457339779
03457335392
03457337840
03457337766
03457335289
03457332074
03457336900
03457334990
03457336016
03457332580
03457335391
03457338323
03457331828
03457336876
03457333732
03457332446
03457332324
03457333025
03457333620
03457334537
03457337435
03457331189
03457337836
03457331158
03457333055
03457338130
03457336779
03457334573
03457335326
03457336923
03457335517
03457338516
03457336331
03457332980
03457335271
03457338816
03457332666
03457339206
03457332990
03457335153
03457336436
03457335144
03457339024
03457334201
03457335717
03457338285
03457333237
03457332419
03457336044
03457336997
03457333255
03457335669
03457336021
03457333328
03457339833
03457334532
03457333600
03457336499
03457332342
03457338924
03457338484
03457337781
03457336151
03457331124
03457339845
03457332798
03457333429
03457339669
03457334058
03457334827
03457332771
03457335668
03457335950
03457339484
03457331816
03457331356
03457337921
03457337143
03457333780
03457333374
03457334826
03457332894
03457332439
03457335873
03457337998
03457333222
03457334862
03457336494
03457331672
03457339571
03457334720
03457332973
03457339927
03457338590
03457334795
03457338515
03457332701
03457333890
03457333141
03457338685
03457333434
03457339138
03457331067
03457332879
03457339795
03457339131
03457337820
03457331485
03457337193
03457337403
03457334106
03457332673
03457332108
03457335568
03457336345
03457333849
03457335097
03457335348
03457338303
03457334960
03457333797
03457336757
03457333060
03457331392
03457333402
03457339284
03457334925
03457333841
03457335180
03457335841
03457332733
03457336418
03457331125
03457331782
03457335621
03457332298
03457333017
03457337089
03457336171
03457335689
03457338538
03457334446
03457332860
03457333396
03457334303
03457336474
03457335997
03457339270
03457337111
03457332545
03457336644
03457339682
03457332662
03457336796
03457337177
03457332326
03457338175
03457337002
03457335971
03457338464
03457335372
03457335128
03457338958
03457338510
03457336930
03457339753
03457336372
03457335937
03457335875
03457335515
03457333650
03457337929
03457335220
03457335974
03457335074
03457331557
03457332078
03457338202
03457339532
03457334325
03457339146
03457335779
03457332049
03457339665
03457331049
03457334869
03457337923
03457334962
03457339362
03457334390
03457333413
03457334561
03457332353
03457334352
03457339200
03457336880
03457332047
03457334544
03457336861
03457336015
03457331957
03457331600
03457333756
03457331682
03457338843
03457335688
03457339852
03457337208
03457335201
03457339935
03457338626
03457336780
03457334585
03457332397
03457337696
03457334972
03457336488
03457339357
03457335488
03457338582
03457334841
03457334243
03457334844
03457334773
03457333005
03457337762
03457331731
03457338560
03457339348
03457339671
03457331564
03457332112
03457335918
03457338259
03457332275
03457338695
03457333903
03457338783
03457335194
03457336197
03457338231
03457331623
03457337247
03457332434
03457332195
03457332407
03457336895
03457338219
03457333744
03457331466
03457339106
03457339328
03457333923
03457336469
03457338923
03457332568
03457334309
03457333858
03457331850
03457336536
03457332363
03457332609
03457339307
03457333249
03457333761
03457335614
03457334340
03457337236
03457331658
03457339369
03457337644
03457332811
03457339023
03457334291
03457339068
03457333158
03457338378
03457336868
03457333790
03457331923
03457331263
03457339860
03457338548
03457337450
03457335856
03457332159
03457335857
03457334891
03457339220
03457331284
03457339579
03457334554
03457333132
03457333658
03457339900
03457335943
03457334219
03457338691
03457338158
03457331837
03457331900
03457331875
03457331798
03457331483
03457338664
03457334072
03457335152
03457339848
03457331874
03457338798
03457339198
03457339754
03457337714
03457338402
03457334519
03457333619
03457333759
03457338758
03457332200
03457332834
03457333699
03457336399
03457339383
03457335872
03457333070
03457334036
03457331760
03457336641
03457336768
03457335785
03457339114
03457336296
03457338545
03457333498
03457337356
03457336157
03457337863
03457335335
03457336601
03457336463
03457333821
03457332099
03457332491
03457331094
03457333325
03457333677
03457333559
03457337750
03457334505
03457331942
03457332840
03457334288
03457332953
03457337072
03457335837
03457335884
03457339715
03457335206
03457331696
03457334772
03457332080
03457336395
03457339961
03457332970
03457331862
03457339026
03457335472
03457331738
03457336301
03457336517
03457339756
03457337419
03457334961
03457338860
03457336607
03457331476
03457335620
03457339680
03457331354
03457337489
03457338857
03457337616
03457334574
03457332426
03457335885
03457339580
03457334211
03457334145
03457337036
03457331148
03457338182
03457331808
03457338789
03457338154
03457337717
03457337518
03457332090
03457337354
03457333011
03457339851
03457338252
03457335868
03457337659
03457337042
03457339049
03457338661
03457331534
03457334648
03457332461
03457333101
03457334867
03457337438
03457337872
03457332378
03457339335
03457338037
03457339899
03457337056
03457331734
03457332041
03457332226
03457333215
03457335979
03457334523
03457339993
03457333963
03457333408
03457333506
03457335256
03457337510
03457339163
03457339297
03457338144
03457332413
03457334185
03457336533
03457339621
03457331992
03457336927
03457335803
03457333154
03457333447
03457337519
03457336981
03457338269
03457333107
03457332767
03457337918
03457333908
03457334937
03457333905
03457335828
03457334643
03457339545
03457332570
03457334497
03457337972
03457333056
03457338099
03457336615
03457339446
03457334902
03457332850
03457339702
03457334882
03457332182
03457331027
03457335376
03457334494
03457338978
03457333625
03457332499
03457334517
03457333241
03457332470
03457336649
03457334202
03457333367
03457332661
03457335325
03457333651
03457335769
03457339760
03457339554
03457334177
03457337679
03457333604
03457337625
03457335679
03457331353
03457338741
03457331276
03457337660
03457336461
03457335071
03457339666
03457332411
03457335533
03457332715
03457339169
03457334527
03457335701
03457335327
03457331404
03457332892
03457333969
03457339770
03457332711
03457336561
03457334845
03457335295
03457335461
03457339906
03457335001
03457332107
03457338773
03457338611
03457337348
03457334854
03457335809
03457334435
03457333098
03457336026
03457333806
03457337611
03457334767
03457334265
03457333301
03457336690
03457336716
03457336955
03457337047
03457337566
03457333862
03457337443
03457335569
03457332079
03457336747
03457338832
03457339115
03457339067
03457332418
03457337747
03457331747
03457335246
03457339269
03457332219
03457332824
03457338805
03457332082
03457331563
03457339782
03457336604
03457334617
03457333828
03457334954
03457337250
03457339278
03457334974
03457337077
03457332341
03457335150
03457334233
03457332729
03457334297
03457339207
03457334920
03457338616
03457333349
03457333614
03457334884
03457335608
03457335821
03457335238
03457337464
03457332196
03457335141
03457339353
03457337565
03457339940
03457336642
03457333962
03457337988
03457333649
03457339769
03457338205
03457334394
03457335847
03457336612
03457336520
03457339008
03457338710
03457334750
03457336419
03457338208
03457338613
03457339589
03457339042
03457335491
03457337318
03457339744
03457334587
03457331645
03457337833
03457336830
03457331197
03457336670
03457335596
03457339294
03457337021
03457335576
03457331229
03457331493
03457339212
03457338933
03457338682
03457337653
03457331519
03457338020
03457332713
03457335545
03457331260
03457334967
03457338686
03457331797
03457335635
03457337983
03457338479
03457332428
03457338914
03457338218
03457333466
03457335146
03457338514
03457332433
03457336265
03457338148
03457333543
03457331277
03457338494
03457337218
03457333779
03457333246
03457338467
03457339139
03457337293
03457331216
03457332502
03457336959
03457338166
03457332534
03457331627
03457333531
03457334029
03457334759
03457331151
03457336858
03457331871
03457336657
03457339686
03457331489
03457335268
03457337125
03457337048
03457338380
03457338585
03457338191
03457331430
03457333710
03457335960
03457335590
03457333004
03457335810
03457333708
03457339345
03457338887
03457336427
03457334868
03457338999
03457331762
03457338085
03457331050
03457338849
03457337440
03457333057
03457335270
03457338485
03457339137
03457337702
03457339493
03457338573
03457336562
03457333123
03457337051
03457331781
03457337391
03457333764
03457331954
03457336960
03457334546
03457331608
03457336288
03457335148
03457331157
03457337866
03457335429
03457332304
03457338311
03457336158
03457336155
03457335853
03457336563
03457334316
03457339794
03457336005
03457339231
03457336905
03457335674
03457336531
03457332497
03457338589
03457338839
03457331619
03457331001
03457335378
03457338517
03457334747
03457334093
03457339079
03457338809
03457334984
03457332334
03457336100
03457333612
03457336231
03457331813
03457339806
03457337569
03457331458
03457337365
03457334535
03457338937
03457331258
03457335138
03457332228
03457331131
03457332976
03457331377
03457331239
03457333089
03457334578
03457337979
03457339359
03457338603
03457339065
03457331373
03457333552
03457337577
03457333973
03457332168
03457335211
03457334432
03457331558
03457335543
03457334255
03457336951
03457336741
03457336316
03457332884
03457333071
03457334220
03457335740
03457335063
03457336489
03457332106
03457331141
03457332312
03457338478
03457336028
03457331384
03457339034
03457336014
03457332707
03457339104
03457337153
03457339926
03457338232
03457333882
03457337943
03457334127
03457332086
03457337010
03457334969
03457331943
03457336338
03457338953
03457335101
03457331687
03457337980
03457338615
03457339725
03457339398
03457338852
03457336551
03457331806
03457336317
03457333459
03457335879
03457337256
03457334153
03457334279
03457331779
03457338036
03457333754
03457334878
03457338724
03457334306
03457339173
03457331310
03457338507
03457335427
03457333234
03457333072
03457333163
03457338193
03457331516
03457334556
03457338346
03457334431
03457333827
03457338681
03457332783
03457334658
03457335643
03457332011
03457336126
03457335276
03457335465
03457331207
03457337881
03457336153
03457331126
03457338431
03457338827
03457339875
03457335345
03457334227
03457336974
03457339826
03457332844
03457336267
03457338592
03457333016
03457335228
03457331904
03457336524
03457333129
03457334815
03457339183
03457334254
03457337358
03457339152
03457331714
03457332382
03457334939
03457337799
03457332539
03457333235
03457336848
03457338442
03457334395
03457335680
03457333660
03457335826
03457331479
03457339249
03457336237
03457331301
03457336487
03457339557
03457332388
03457334142
03457333000
03457334090
03457336556
03457332935
03457331635
03457339859
03457334164
03457335307
03457332688
03457338834
03457337760
03457331500
03457338722
03457337140
03457336715
03457333560
03457335655
03457336025
03457335815
03457338065
03457334195
03457339123
03457336084
03457335967
03457333147
03457337652
03457331535
03457339244
03457333030
03457335946
03457334656
03457336455
03457336095
03457336662
03457334903
03457335415
03457331042
03457339734
03457334392
03457339679
03457338526
03457334948
03457339161
03457338140
03457336411
03457334998
03457332785
03457333892
03457338413
03457332658
03457333497
03457331279
03457331951
03457334633
03457335554
03457335471
03457334377
03457334438
03457333200
03457337267
03457335851
03457337955
03457333240
03457331664
03457338301
03457335460
03457332629
03457335059
03457331087
03457338400
03457336575
03457334428
03457335966
03457338825
03457336740
03457333763
03457339976
03457336910
03457333022
03457339002
03457336806
03457338039
03457337252
03457336603
03457339276
03457339962
03457331396
03457332305
03457339110
03457333603
03457334191
03457331486
03457331688
03457336733
03457334900
03457338550
03457332102
03457334419
03457334754
03457334280
03457333643
03457335352
03457335644
03457331573
03457332015
03457332477
03457335302
03457338057
03457334765
03457335795
03457331350
03457336553
03457338598
03457331115
03457338053
03457338243
03457337329
03457332899
03457337752
03457337505
03457335747
03457338973
03457332176
03457331674
03457331149
03457339771
03457333808
03457332360
03457334528
03457335099
03457334685
03457339577
03457334806
03457331538
03457337928
03457336687
03457338247
03457339174
03457337544
03457338547
03457338471
03457335344
03457331287
03457338942
03457337333
03457339904
03457332951
03457336712
03457331020
03457335160
03457337968
03457331843
03457335297
03457332313
03457336122
03457333537
03457334052
03457331190
03457337841
03457331215
03457333300
03457337226
03457331832
03457338112
03457339122
03457338885
03457339471
03457337432
03457339501
03457333352
03457338532
03457338149
03457331004
03457335991
03457331996
03457333332
03457331939
03457335440
03457331788
03457332960
03457339293
03457332442
03457334581
03457332810
03457333066
03457332605
03457336879
03457338480
03457331841
03457336971
03457339051
03457335999
03457332515
03457333443
03457335651
03457339281
03457335236
03457334061
03457336064
03457331410
03457339718
03457333910
03457339609
03457331179
03457331374
03457331242
03457331138
03457337158
03457331127
03457338701
03457338543
03457338320
03457338087
03457333309
03457334677
03457332987
03457338791
03457335008
03457332089
03457336222
03457335553
03457335371
03457338101
03457333578
03457337883
03457338772
03457337259
03457339461
03457336788
03457334932
03457338670
03457335715
03457331776
03457338137
03457338583
03457335243
03457332714
03457336453
03457331243
03457339499
03457331728
03457338519
03457337689
03457335311
03457334907
03457336669
03457336106
03457338461
03457332675
03457335028
03457334605
03457335565
03457338875
03457334454
03457339256
03457338011
03457337868
03457333407
03457332417
03457339635
03457338048
03457337950
03457339658
03457337604
03457338602
03457331702
03457333084
03457336576
03457338666
03457336178
03457337176
03457337965
03457336440
03457332143
03457336471
03457332103
03457334724
03457337735
03457331737
03457331280
03457335158
03457338926
03457335591
03457333058
03457331612
03457336043
03457333218
03457338172
03457334480
03457334463
03457334328
03457337272
03457337386
03457333412
03457333943
03457332625
03457333749
03457338062
03457335964
03457337532
03457334802
03457337768
03457334217
03457332506
03457338726
03457339731
03457339615
03457331740
03457333503
03457334848
03457331620
03457335978
03457334522
03457331375
03457332687
03457331729
03457338129
03457337149
03457335356
03457339324
03457334485
03457334418
03457338503
03457336516
03457339003
03457339761
03457332202
03457336225
03457332891
03457337843
03457334343
03457333318
03457338823
03457333259
03457338966
03457336038
03457337068
03457333361
03457333655
03457337321
03457337895
03457336987
03457331177
03457335019
03457333966
03457334761
03457339526
03457335109
03457338649
03457331167
03457336202
03457334331
03457336396
03457339565
03457339839
03457334880
03457338329
03457333553
03457335538
03457332855
03457334437
03457338990
03457332602
03457338498
03457334030
03457331247
03457336511
03457334803
03457331673
03457335860
03457338215
03457333135
03457332655
03457336472
03457335796
03457334898
03457332893
03457332113
03457339823
03457338153
03457338588
03457334645
03457333573
03457338625
03457333457
03457332680
03457339316
03457339811
03457331684
03457335878
03457337058
03457333369
03457331865
03457332105
03457331601
03457333047
03457334629
03457331092
03457333389
03457332354
03457333014
03457333116
03457334695
03457333577
03457332302
03457333219
03457331245
03457334044
03457337754
03457334298
03457337210
03457339619
03457331886
03457334785
03457335631
03457334985
03457338250
03457336051
03457333942
03457331827
03457334640
03457334493
03457331368
03457336240
03457337770
03457331819
03457338946
03457337795
03457336840
03457337494
03457332926
03457335721
03457332682
03457331332
03457337936
03457337214
03457334484
03457335300
03457337624
03457339657
03457338719
03457331203
03457332527
03457332134
03457333124
03457331640
03457331891
03457336585
03457336557
03457336246
03457339563
03457333964
03457337992
03457336775
03457334207
03457337728
03457332008
03457331799
03457336057
03457338388
03457332239
03457333787
03457334440
03457334565
03457338327
03457338873
03457334723
03457332964
03457336549
03457333165
03457339072
03457333627
03457333911
03457339882
03457331058
03457334865
03457334758
03457337817
03457334110
03457333319
03457339400
03457336600
03457339627
03457332071
03457339182
03457339245
03457332013
03457339575
03457334239
03457331012
03457332383
03457332597
03457338495
03457335130
03457335098
03457338744
03457335801
03457332127
03457334269
03457333172
03457331359
03457336273
03457338304
03457337560
03457333306
03457333517
03457331265
03457335913
03457339524
03457332875
03457333220
03457335011
03457339349
03457338386
03457331023
03457336323
03457336982
03457332070
03457338240
03457339815
03457334736
03457331906
03457333912
03457336175
03457334769
03457334323
03457331794
03457332266
03457338211
03457332791
03457339315
03457334300
03457336759
03457339119
03457334635
03457334399
03457334197
03457335437
03457332211
03457331594
03457335963
03457339432
03457333336
03457332633
03457333376
03457331501
03457337024
03457336538
03457339263
03457337970
03457339713
03457332669
03457331240
03457337316
03457338190
03457335444
03457339416
03457334681
03457336371
03457332773
03457339883
03457333308
03457337291
03457333383
03457334590
03457335951
03457334161
03457337860
03457331826
03457335896
03457337466
03457338925
03457334722
03457333769
03457333217
03457331521
03457338694
03457337255
03457336444
03457337069
03457339380
03457334661
03457332422
03457339285
03457336650
03457331364
03457333585
03457331282
03457336746
03457338082
03457337767
03457338569
03457336856
03457334689
03457337350
03457334756
03457331520
03457338578
03457333386
03457337864
03457338072
03457334774
03457334653
03457331948
03457338362
03457337431
03457339527
03457331175
03457334570
03457336652
03457333565
03457335226
03457339426
03457332611
03457332501
03457338006
03457332122
03457338384
03457335508
03457339354
03457337325
03457339908
03457338234
03457333423
03457335043
03457331292
03457332794
03457339548
03457331262
03457332042
03457331966
03457335866
03457332250
03457335666
03457335657
03457334373
03457334210
03457335317
03457336285
03457337079
03457335417
03457334216
03457331446
03457332738
03457331802
03457331459
03457331021
03457336363
03457339157
03457337286
03457334230
03457335418
03457336119
03457335773
03457337790
03457336832
03457331450
03457338438
03457337858
03457334701
03457334877
03457335212
03457336181
03457334048
03457332465
03457336140
03457336815
03457332632
03457331945
03457339054
03457335058
03457334382
03457337215
03457336383
03457339688
03457333555
03457336588
03457335587
03457334224
03457338420
03457332028
03457331218
03457339038
03457336819
03457337777
03457336392
03457334055
03457336006
03457338318
03457332241
03457334101
03457331987
03457335114
03457332486
03457331264
03457335329
03457336451
03457333260
03457333078
03457337903
03457331144
03457333430
03457336787
03457335812
03457333179
03457336559
03457338537
03457333346
03457337156
03457332586
03457335697
03457331435
03457339873
03457332911
03457332576
03457336700
03457332037
03457339151
03457333502
03457338411
03457332721
03457332554
03457337892
03457331442
03457331560
03457332012
03457339953
03457335658
03457333738
03457333370
03457332752
03457336303
03457333212
03457333698
03457332924
03457331949
03457338097
03457337456
03457334144
03457337297
03457331299
03457334567
03457333995
03457337383
03457331854
03457337278
03457332667
03457338563
03457332291
03457333670
03457333292
03457335253
03457333834
03457337428
03457331735
03457337394
03457338352
03457332651
03457334500
03457334344
03457338601
03457331757
03457333865
03457336703
03457333712
03457334613
03457333926
03457333444
03457332734
03457336018
03457334782
03457331676
03457337538
03457334445
03457337603
03457338828
03457337587
03457334855
03457338038
03457333149
03457331970
03457335786
03457335867
03457332293
03457331022
03457339082
03457337290
03457331024
03457335252
03457332737
03457336743
03457331769
03457334510
03457333333
03457339581
03457331736
03457333850
03457338505
03457339943
03457332257
03457337871
03457331569
03457334427
03457335233
03457339612
03457334434
03457336042
03457336824
03457335521
03457337940
03457339707
03457339272
03457338080
03457339582
03457337220
03457332252
03457338872
03457339007
03457339969
03457336486
03457332100
03457337807
03457335558
03457336166
03457333227
03457338533
03457332002
03457338554
03457337284
03457337211
03457339556
03457332977
03457338597
03457331275
03457333465
03457338890
03457334024
03457336089
03457336289
03457337495
03457333697
03457331495
03457336299
03457339253
03457335665
03457334885
03457336941
03457332700
03457338553
03457338883
03457331232
03457332493
03457336887
03457332579
03457334745
03457338067
03457334919
03457331877
03457336851
03457334957
03457334130
03457331011
03457334951
03457332889
03457331093
03457334819
03457334883
03457336528
03457337976
03457335789
03457334775
03457332612
03457339412
03457339006
03457334176
03457332022
03457338028
03457339711
03457331699
03457333596
03457331708
03457335993
03457335107
03457336050
03457336769
03457336957
03457331745
03457335060
03457332566
03457336854
03457339167
03457339419
03457333203
03457336618
03457336308
03457335914
03457334156
03457332955
03457334540
03457333695
03457333864
03457337966
03457337287
03457331652
03457339960
03457333243
03457333569
03457333006
03457339234
03457332389
03457338120
03457337621
03457335756
03457337070
03457338802
03457335741
03457338729
03457338306
03457333065
03457338850
03457331879
03457334162
03457331768
03457333048
03457334887
03457331622
03457334983
03457333721
03457331306
03457333108
03457333288
03457336167
03457334114
03457331531
03457332849
03457332369
03457337628
03457334840
03457334699
03457332229
03457335186
03457338226
03457337949
03457337119
03457338871
03457334572
03457338963
03457334134
03457333819
03457331892
03457335197
03457339097
03457338591
03457336898
03457334735
03457331014
03457334916
03457334348
03457339537
03457332753
03457334496
03457333079
03457333540
03457338123
03457337396
03457339029
03457333530
03457337417
03457336198
03457333638
03457338733
03457333032
03457336382
03457335911
03457339785
03457331066
03457338555
03457337666
03457335557
03457335304
03457338840
03457332544
03457333339
03457332212
03457336376
03457337963
03457339709
03457337180
03457333073
03457339462
03457332619
03457333170
03457338371
03457337145
03457336327
03457331366
03457333366
03457335573
03457338475
03457338399
03457338255
03457333207
03457335340
03457336680
03457331224
03457339444
03457331625
03457339980
03457335800
03457338845
03457333996
03457336012
03457331166
03457336315
03457331549
03457334915
03457339222
03457335982
03457337855
03457336863
03457339239
03457331922
03457339409
03457339178
03457339332
03457331028
03457334847
03457333138
03457331801
03457333934
03457337629
03457332038
03457333618
03457338500
03457336803
03457337188
03457333403
03457334978
03457333493
03457335312
03457335522
03457338446
03457338044
03457338192
03457333204
03457339502
03457336605
03457338256
03457333876
03457334442
03457336978
03457339692
03457335235
03457336130
03457338047
03457338524
03457331333
03457339057
03457334205
03457336878
03457337608
03457338707
03457331026
03457339633
03457338754
03457337266
03457336389
03457338753
03457333040
03457338351
03457331829
03457338106
03457335156
03457333930
03457335571
03457336967
03457339250
03457339199
03457332325
03457332084
03457336253
03457332259
03457335601
03457336514
03457333188
03457335893
03457335687
03457339071
03457334150
03457339721
03457339048
03457339504
03457332758
03457338066
03457334513
03457331649
03457332647
03457336228
03457333381
03457332618
03457333719
03457332639
03457332604
03457334501
03457339613
03457339788
03457334122
03457331174
03457337422
03457333492
03457333184
03457331592
03457337924
03457334011
03457338021
03457338790
03457339874
03457336580
03457338364
03457331727
03457335852
03457335193
03457333546
03457339111
03457339295
03457336040
03457339738
03457332948
03457331105
03457335287
03457333881
03457337579
03457337108
03457338665
03457331914
03457336346
03457336184
03457336256
03457337997
03457336809
03457335746
03457337346
03457336899
03457339528
03457333970
03457339492
03457338000
03457339165
03457331492
03457335883
03457339877
03457339642
03457336079
03457334241
03457334560
03457335104
03457339549
03457332052
03457333724
03457339447
03457337367
03457339841
03457336523
03457333375
03457337643
03457332032
03457334140
03457336087
03457333740
03457335264
03457331267
03457333899
03457334424
03457331311
03457333663
03457339394
03457337908
03457332045
03457339144
03457334675
03457338815
03457337460
03457335965
03457336357
03457337508
03457334229
03457335548
03457335416
03457339902
03457338264
03457336081
03457337253
03457338207
03457339986
03457333704
03457334482
03457332743
03457333033
03457336963
03457335653
03457337698
03457333036
03457333183
03457332881
03457332170
03457334619
03457339242
03457336885
03457338393
03457332653
03457335412
03457331123
03457338453
03457334249
03457331274
03457332897
03457332933
03457336036
03457336305
03457336147
03457335990
03457336756
03457339304
03457338831
03457336304
03457335834
03457339452
03457333568
