03009668378
03009663321
03009662700
03009662003
03009665346
03009667977
03009668873
03009663476
03009666104
03009662181
03009662263
03009664667
03009666900
03009667828
03009661524
03009669040
03009669395
03009661508
03009664576
03009667722
03009665211
03009661553
03009668977
03009663896
03009666021
03009666434
03009669056
03009663914
03009663943
03009665209
03009666081
03009664078
03009668816
03009663084
03009666067
03009667626
03009661463
03009666054
03009663106
03009663003
03009667265
03009664563
03009665412
03009666867
03009666870
03009668745
03009669425
03009664977
03009666792
03009663793
03009668999
03009668847
03009666396
03009664070
03009663037
03009669670
03009663124
03009661558
03009666638
03009661691
03009661746
03009667445
03009668324
03009668423
03009668509
03009663226
03009666258
03009669156
03009668446
03009665974
03009662759
03009669332
03009665752
03009665027
03009669566
03009668527
03009663834
03009665169
03009664518
03009669289
03009661716
03009669968
03009666687
03009661996
03009664589
03009661793
03009662929
03009661547
03009662249
03009662872
03009668523
03009667966
03009668542
03009669948
03009668447
03009666198
03009668719
03009667635
03009663025
03009666088
03009667064
03009668318
03009668010
03009664597
03009667724
03009665583
03009662119
03009661459
03009662457
03009667159
03009666608
03009661735
03009666512
03009668637
03009664465
03009666227
03009666899
03009663724
03009662132
03009666460
03009667228
03009667060
03009661023
03009668578
03009665387
03009664932
03009668320
03009661512
03009661653
03009664939
03009668690
03009663880
03009669623
03009663678
03009666578
03009661690
03009668332
03009663823
03009666665
03009668507
03009661412
03009666065
03009661934
03009669337
03009666711
03009667560
03009664253
03009661408
03009669301
03009663955
03009661089
03009669079
03009666018
03009662337
03009663799
03009669947
03009662220
03009667917
03009666730
03009662112
03009662834
03009662058
03009662775
03009667894
03009663075
03009667058
03009663625
03009665047
03009661162
03009666252
03009669089
03009669241
03009668675
03009661208
03009667258
03009666492
03009669388
03009669924
03009669019
03009662588
03009665628
03009662610
03009662314
03009661485
03009666014
03009664708
03009661464
03009665262
03009668587
03009664016
03009662607
03009664599
03009665502
03009661478
03009663513
03009665371
03009662243
03009665556
03009669926
03009664697
03009669990
03009666777
03009663662
03009669442
03009663039
03009662689
03009665727
03009668529
03009666806
03009663092
03009666430
03009665580
03009661590
03009661043
03009668916
03009663583
03009665900
03009667665
03009665072
03009666634
03009664075
03009665257
03009665779
03009666731
03009661121
03009667145
03009669594
03009663462
03009662662
03009662620
03009665537
03009667823
03009666572
03009661668
03009668775
03009664703
03009662859
03009665487
03009665800
03009661506
03009669072
03009661314
03009667932
03009663780
03009661200
03009661413
03009661973
03009664025
03009667031
03009664917
03009669586
03009669123
03009667782
03009666909
03009663826
03009664606
03009661383
03009667212
03009669630
03009667582
03009665498
03009667543
03009663766
03009664471
03009667248
03009664807
03009661197
03009664806
03009669584
03009662568
03009669674
03009666185
03009668799
03009667340
03009665945
03009668180
03009661488
03009668636
03009663899
03009667702
03009665394
03009668237
03009667448
03009663886
03009661865
03009668252
03009664103
03009668588
03009661876
03009663062
03009663573
03009663770
03009667889
03009666728
03009664165
03009667166
03009662828
03009662225
03009665333
03009669309
03009667017
03009669449
03009661596
03009662443
03009667266
03009665438
03009669031
03009668142
03009668945
03009661599
03009669841
03009664649
03009665529
03009667023
03009663361
03009662941
03009666553
03009665480
03009662244
03009666612
03009662611
03009667325
03009669216
03009664015
03009664322
03009665808
03009661674
03009662368
03009666084
03009661220
03009667998
03009662289
03009669422
03009665849
03009668665
03009669557
03009663733
03009664116
03009661974
03009663929
03009663239
03009664485
03009669705
03009664224
03009662507
03009665671
03009669853
03009667065
03009666324
03009662837
03009668984
03009661748
03009664117
03009669941
03009666222
03009665016
03009663819
03009663136
03009667472
03009668565
03009664309
03009669024
03009661071
03009663519
03009665567
03009666815
03009662687
03009666959
03009662495
03009666766
03009667670
03009662840
03009669511
03009663210
03009663301
03009666002
03009662515
03009669018
03009664895
03009665160
03009663305
03009667673
03009661731
03009661044
03009662442
03009664540
03009669914
03009662049
03009666456
03009664674
03009669732
03009668036
03009663038
03009664377
03009669365
03009668347
03009664982
03009666446
03009667101
03009661805
03009663721
03009669835
03009663921
03009664956
03009669546
03009669413
03009663864
03009667766
03009665845
03009662739
03009664523
03009664372
03009668146
03009667044
03009661516
03009662995
03009662663
03009668830
03009663478
03009669393
03009665265
03009665899
03009669477
03009664641
03009665530
03009664818
03009664957
03009662691
03009665284
03009665731
03009662735
03009666193
03009661143
03009668127
03009661500
03009665128
03009666816
03009661966
03009664858
03009665296
03009668666
03009666231
03009662320
03009668825
03009669759
03009664673
03009663451
03009664437
03009667880
03009668327
03009664327
03009664570
03009668022
03009665479
03009664905
03009663883
03009669045
03009662808
03009663154
03009667455
03009668640
03009665411
03009668809
03009667867
03009661900
03009662014
03009664534
03009668409
03009663209
03009665992
03009665198
03009668018
03009661833
03009669505
03009667851
03009664408
03009666020
03009666879
03009667770
03009669157
03009661703
03009667840
03009665000
03009661469
03009668453
03009669299
03009665863
03009662536
03009665866
03009666814
03009669793
03009664601
03009667703
03009664668
03009666495
03009663053
03009667609
03009665136
03009665621
03009661074
03009661003
03009668986
03009663800
03009662788
03009667643
03009665020
03009664244
03009662354
03009662830
03009662128
03009665318
03009667589
03009661740
03009667539
03009662154
03009666249
03009666968
03009661984
03009667593
03009662072
03009661970
03009662401
03009661352
03009663728
03009666206
03009664716
03009666567
03009662218
03009663925
03009669236
03009669816
03009662483
03009664652
03009668944
03009667939
03009667516
03009661622
03009664460
03009666962
03009662473
03009662384
03009663882
03009668905
03009668933
03009665513
03009661710
03009662982
03009669372
03009664105
03009668804
03009663410
03009666913
03009661829
03009667953
03009661436
03009663915
03009668814
03009669527
03009666263
03009669909
03009661393
03009661549
03009667773
03009669257
03009662886
03009666954
03009668309
03009669452
03009663132
03009665109
03009669496
03009667470
03009664822
03009667272
03009669203
03009669837
03009663585
03009662846
03009669820
03009666406
03009665569
03009662822
03009661639
03009664023
03009668701
03009662095
03009663653
03009662564
03009662332
03009661132
03009669676
03009662626
03009664755
03009663903
03009661062
03009668442
03009661804
03009667936
03009663966
03009669093
03009661541
03009662678
03009667062
03009661573
03009661117
03009661366
03009663687
03009665963
03009667439
03009664286
03009668267
03009669479
03009664410
03009666932
03009669025
03009665137
03009663689
03009667596
03009666576
03009665081
03009669681
03009661784
03009665167
03009661989
03009666129
03009663765
03009663054
03009664930
03009667160
03009661771
03009662683
03009668020
03009665501
03009669418
03009661215
03009669765
03009665988
03009662562
03009668792
03009666463
03009666776
03009663901
03009667393
03009665400
03009668911
03009668829
03009665403
03009663944
03009663747
03009665888
03009662996
03009665278
03009669128
03009665237
03009669922
03009669573
03009662908
03009669766
03009669355
03009663590
03009666795
03009666389
03009661431
03009669606
03009663924
03009661608
03009664013
03009666289
03009663218
03009665008
03009661265
03009661814
03009665331
03009666371
03009665090
03009664143
03009668844
03009669526
03009663215
03009668023
03009665024
03009663012
03009662086
03009664527
03009662989
03009665883
03009666696
03009667420
03009664002
03009663968
03009669304
03009664907
03009661479
03009662336
03009669734
03009669599
03009669777
03009665140
03009667313
03009669906
03009663551
03009664483
03009668765
03009669828
03009668472
03009669999
03009661365
03009666594
03009661834
03009669396
03009665542
03009661024
03009666522
03009667588
03009668136
03009661328
03009665368
03009664838
03009663936
03009668047
03009668289
03009667196
03009665247
03009669953
03009667871
03009664773
03009664621
03009662514
03009668505
03009667118
03009665773
03009667591
03009669936
03009665206
03009669638
03009662760
03009662710
03009663072
03009662082
03009666793
03009668710
03009669193
03009663255
03009662681
03009664186
03009669177
03009668577
03009668183
03009663362
03009663926
03009666985
03009661781
03009669495
03009662803
03009666118
03009661255
03009668722
03009667061
03009664775
03009663028
03009662519
03009663286
03009669996
03009661017
03009665729
03009668361
03009662127
03009665965
03009664085
03009669579
03009668002
03009661991
03009667271
03009663684
03009665596
03009666043
03009664330
03009665142
03009663191
03009668788
03009665810
03009665023
03009661199
03009663520
03009661504
03009663987
03009666010
03009667307
03009666190
03009665907
03009662685
03009663169
03009666247
03009661252
03009662453
03009665001
03009661798
03009666121
03009665816
03009665410
03009664800
03009664126
03009663984
03009665038
03009668731
03009668697
03009667376
03009661960
03009667906
03009666126
03009662209
03009666856
03009668140
03009664853
03009668657
03009663388
03009669484
03009664586
03009669348
03009664791
03009661877
03009662667
03009669994
03009665030
03009664419
03009666399
03009667520
03009668949
03009664545
03009668575
03009665067
03009665812
03009668498
03009662592
03009668341
03009665126
03009668144
03009663658
03009661267
03009667158
03009667215
03009662704
03009669397
03009662116
03009663940
03009666820
03009667234
03009669293
03009664192
03009665546
03009663486
03009669726
03009662815
03009669335
03009669190
03009665253
03009664573
03009666283
03009668937
03009666087
03009667922
03009661006
03009669665
03009661632
03009661997
03009667734
03009661399
03009662835
03009669939
03009667203
03009663695
03009664752
03009668122
03009664426
03009662429
03009664635
03009668246
03009661579
03009667110
03009661253
03009664306
03009667045
03009664855
03009665399
03009667429
03009668808
03009664467
03009667076
03009662641
03009666420
03009665704
03009663310
03009666600
03009661109
03009664275
03009665187
03009667893
03009661356
03009665607
03009666282
03009666031
03009668063
03009661213
03009664764
03009667878
03009665446
03009667006
03009662994
03009669172
03009667683
03009661780
03009666151
03009664265
03009664203
03009663188
03009663266
03009665758
03009664562
03009667274
03009669047
03009664811
03009667826
03009661320
03009663058
03009666341
03009666143
03009663360
03009662950
03009661438
03009668572
03009669368
03009669366
03009667595
03009669703
03009663080
03009661629
03009669647
03009661530
03009665723
03009664958
03009667700
03009667452
03009665597
03009665504
03009661720
03009668756
03009669015
03009666401
03009666938
03009666558
03009665087
03009663947
03009666652
03009664323
03009669438
03009667578
03009664896
03009664837
03009665593
03009663562
03009667359
03009664128
03009664914
03009661026
03009663281
03009662102
03009666362
03009662074
03009664292
03009668443
03009667352
03009665933
03009666852
03009661193
03009662765
03009666542
03009668883
03009664219
03009663697
03009666284
03009667379
03009665113
03009666147
03009666455
03009664137
03009668232
03009668730
03009667989
03009663119
03009664835
03009664737
03009661873
03009662360
03009664585
03009668415
03009661477
03009663504
03009664284
03009664486
03009664399
03009667586
03009668388
03009661919
03009665806
03009667328
03009665818
03009668982
03009665236
03009665926
03009667836
03009664305
03009665814
03009667701
03009661881
03009662361
03009668074
03009667929
03009666326
03009667009
03009669633
03009665282
03009661223
03009662779
03009666653
03009661660
03009662056
03009663340
03009669255
03009669843
03009664886
03009662923
03009662538
03009669017
03009669501
03009665947
03009662600
03009665594
03009665803
03009662403
03009662125
03009666325
03009662867
03009664511
03009665781
03009661379
03009661284
03009666173
03009662046
03009669358
03009662328
03009664266
03009665780
03009666559
03009662000
03009667857
03009665159
03009668957
03009661701
03009665535
03009668912
03009665112
03009662303
03009666111
03009669353
03009666976
03009668424
03009669535
03009664744
03009668101
03009668464
03009663602
03009666750
03009668613
03009663180
03009665979
03009668885
03009665093
03009661680
03009668743
03009669314
03009666041
03009663593
03009667946
03009665519
03009663445
03009669399
03009665172
03009663729
03009666061
03009666354
03009665983
03009664730
03009661815
03009669392
03009661556
03009662207
03009663087
03009662932
03009667209
03009669381
03009667368
03009666640
03009662035
03009669030
03009664979
03009669110
03009664941
03009666516
03009665344
03009664623
03009668147
03009668430
03009669929
03009669248
03009669451
03009669917
03009662530
03009666950
03009668693
03009668821
03009664225
03009669694
03009668553
03009663963
03009661237
03009667336
03009668434
03009661022
03009663171
03009666268
03009667803
03009666782
03009662724
03009661693
03009665620
03009665107
03009663976
03009666470
03009669276
03009661245
03009663126
03009662278
03009663839
03009662903
03009663015
03009663696
03009668099
03009662431
03009668674
03009661216
03009662414
03009662341
03009666491
03009663741
03009661774
03009666506
03009665494
03009662173
03009668354
03009663147
03009666523
03009667758
03009662885
03009666630
03009668106
03009661329
03009663586
03009664845
03009667755
03009667308
03009668959
03009663496
03009665531
03009668007
03009669475
03009668169
03009668504
03009665565
03009669351
03009666554
03009669408
03009667261
03009663845
03009668601
03009668482
03009664297
03009664033
03009662499
03009669130
03009667316
03009665144
03009667066
03009669992
03009661101
03009665088
03009664659
03009661923
03009663168
03009665654
03009664782
03009668277
03009667486
03009662697
03009668707
03009661498
03009667581
03009666213
03009668406
03009666331
03009667222
03009667483
03009664984
03009663457
03009663274
03009668337
03009666180
03009667877
03009662409
03009668177
03009667402
03009664039
03009669194
03009665649
03009667428
03009663385
03009663753
03009662479
03009665568
03009665325
03009661001
03009661102
03009666738
03009663798
03009669147
03009663617
03009661202
03009662426
03009669893
03009664953
03009662097
03009669608
03009662007
03009661305
03009667458
03009668386
03009662945
03009663468
03009668365
03009661915
03009667358
03009665367
03009661857
03009668759
03009667949
03009668279
03009665077
03009663648
03009664079
03009662565
03009669029
03009663784
03009663935
03009669186
03009664447
03009663491
03009666436
03009667525
03009663470
03009667038
03009661386
03009661311
03009668728
03009664019
03009663542
03009663163
03009665760
03009666375
03009662745
03009669344
03009663667
03009661944
03009669980
03009666674
03009667019
03009666939
03009667723
03009662977
03009663522
03009669199
03009666116
03009665976
03009669453
03009668445
03009663980
03009665115
03009664538
03009667887
03009666189
03009668247
03009661190
03009665103
03009661334
03009666450
03009665857
03009663588
03009665750
03009666499
03009664422
03009669784
03009661400
03009669942
03009663256
03009662424
03009668797
03009663635
03009668014
03009666186
03009662481
03009669052
03009661533
03009665437
03009662331
03009664654
03009661012
03009667905
03009669988
03009661994
03009666958
03009664280
03009667430
03009663772
03009661152
03009668103
03009661825
03009666845
03009668305
03009668766
03009663884
03009666305
03009667698
03009663533
03009669292
03009663969
03009661046
03009663553
03009662054
03009661020
03009661061
03009667688
03009669308
03009663494
03009668769
03009661262
03009662202
03009661838
03009662365
03009664688
03009666424
03009666611
03009663565
03009664706
03009666942
03009668025
03009669175
03009664568
03009664903
03009663259
03009666368
03009661843
03009666705
03009662960
03009668331
03009668075
03009668352
03009667563
03009666563
03009661345
03009664466
03009668343
03009662949
03009667855
03009668886
03009661603
03009663076
03009667366
03009664596
03009664450
03009664123
03009668538
03009668703
03009668199
03009669122
03009663237
03009663026
03009667969
03009666935
03009666096
03009664215
03009666329
03009668562
03009665660
03009667988
03009662146
03009668071
03009669048
03009667001
03009669424
03009668599
03009661423
03009662449
03009661809
03009666421
03009669078
03009661492
03009667536
03009668662
03009661918
03009668001
03009664760
03009669209
03009669611
03009669095
03009664325
03009663537
03009663376
03009667531
03009662246
03009668734
03009661525
03009665943
03009662109
03009666524
03009665401
03009667121
03009669114
03009668463
03009667447
03009663948
03009666476
03009669398
03009667433
03009662296
03009664369
03009667658
03009663227
03009662937
03009667000
03009668976
03009664722
03009663464
03009666047
03009662708
03009666353
03009662138
03009666517
03009664839
03009664190
03009669538
03009661510
03009663597
03009661647
03009667509
03009669589
03009668133
03009664813
03009666437
03009667156
03009668284
03009668882
03009667992
03009667548
03009663657
03009663066
03009665755
03009663246
03009665009
03009665089
03009665961
03009666337
03009666979
03009665913
03009662615
03009665295
03009669529
03009661066
03009668120
03009668066
03009661426
03009663403
03009663874
03009664574
03009661539
03009666251
03009663768
03009666418
03009662194
03009668086
03009662570
03009665837
03009661182
03009661124
03009663782
03009661914
03009666500
03009665686
03009661172
03009662609
03009665517
03009669518
03009664001
03009666565
03009663466
03009669782
03009663918
03009661181
03009661707
03009668758
03009661321
03009669543
03009668893
03009663343
03009664337
03009666152
03009664926
03009661642
03009666040
03009661264
03009668161
03009662021
03009665592
03009666141
03009662417
03009662029
03009667270
03009666004
03009662679
03009664370
03009662371
03009667205
03009662601
03009667741
03009667185
03009666142
03009667029
03009663716
03009667642
03009665930
03009668813
03009669278
03009664059
03009665826
03009664663
03009665453
03009667426
03009668517
03009665756
03009662124
03009669686
03009663166
03009665180
03009667126
03009662113
03009661623
03009667338
03009666907
03009666334
03009667569
03009666948
03009662736
03009661736
03009667184
03009667711
03009665499
03009669011
03009663125
03009663207
03009664874
03009666862
03009668358
03009666203
03009662606
03009664365
03009667225
03009665793
03009664944
03009662882
03009661448
03009664575
03009662005
03009669016
03009664915
03009662093
03009669023
03009662478
03009663148
03009662330
03009661323
03009664090
03009668718
03009664454
03009667742
03009663077
03009665238
03009668998
03009666478
03009668292
03009668317
03009668768
03009665910
03009662973
03009662624
03009664065
03009661287
03009661258
03009665425
03009665706
03009666482
03009664095
03009665454
03009664102
03009661726
03009664531
03009667034
03009663887
03009669911
03009669483
03009662715
03009666529
03009661913
03009666210
03009664041
03009669005
03009667331
03009669341
03009661937
03009668265
03009662831
03009663293
03009661844
03009662036
03009664319
03009665514
03009665749
03009663785
03009661733
03009663797
03009665129
03009663061
03009667825
03009666095
03009662152
03009665076
03009669779
03009662018
03009666234
03009662377
03009662883
03009664761
03009661203
03009666266
03009666999
03009669281
03009666120
03009666398
03009661187
03009666584
03009669716
03009669901
03009668515
03009665208
03009667948
03009664269
03009669143
03009664111
03009664427
03009666112
03009664959
03009663052
03009661909
03009669229
03009663137
03009662140
03009666957
03009665362
03009667518
03009664733
03009664516
03009664994
03009662750
03009661704
03009663885
03009665754
03009663889
03009663195
03009663091
03009666609
03009667718
03009669882
03009664429
03009668614
03009665618
03009664680
03009666775
03009662039
03009666228
03009668684
03009662549
03009662979
03009663260
03009669046
03009664354
03009662383
03009663781
03009663413
03009669274
03009666392
03009662406
03009661069
03009669856
03009668818
03009668907
03009667900
03009662642
03009669347
03009668708
03009663525
03009664515
03009662276
03009667364
03009662693
03009668287
03009665850
03009662445
03009665320
03009665944
03009662493
03009664842
03009666745
03009661756
03009662255
03009669733
03009661015
03009669340
03009669225
03009662274
03009666233
03009669796
03009666372
03009669865
03009663641
03009663117
03009663631
03009664552
03009665521
03009669058
03009665766
03009665018
03009661087
03009662404
03009666828
03009661072
03009666461
03009669635
03009667864
03009666226
03009663111
03009666651
03009668167
03009668705
03009667692
03009664185
03009665290
03009667568
03009661723
03009665984
03009665790
03009662826
03009667941
03009669321
03009664810
03009666489
03009664714
03009662849
03009666785
03009663452
03009662511
03009668152
03009666598
03009661931
03009664743
03009666989
03009661362
03009664412
03009663474
03009666860
03009661335
03009666644
03009663412
03009667450
03009669364
03009661578
03009668024
03009663634
03009669923
03009666905
03009668301
03009664364
03009665855
03009663372
03009664239
03009667138
03009664189
03009665637
03009668654
03009663181
03009664428
03009668413
03009661081
03009667986
03009668166
03009667264
03009663485
03009666295
03009662869
03009662177
03009664237
03009662008
03009667838
03009668438
03009666826
03009667909
03009668556
03009669660
03009664866
03009667656
03009661813
03009661835
03009668397
03009665221
03009668560
03009668842
03009668918
03009667085
03009666187
03009662370
03009667077
03009662366
03009667187
03009664268
03009662012
03009661519
03009663628
03009669141
03009664742
03009664987
03009666519
03009669857
03009663698
03009668460
03009668325
03009668660
03009665421
03009665451
03009661100
03009664459
03009663475
03009668276
03009662015
03009666956
03009665676
03009668919
03009664824
03009667715
03009669741
03009661721
03009663024
03009662854
03009666137
03009668184
03009663243
03009663655
03009661222
03009664334
03009665364
03009664861
03009661473
03009661947
03009661664
03009661269
03009662617
03009668890
03009662252
03009665055
03009665842
03009668870
03009667026
03009665245
03009664797
03009663670
03009668206
03009665852
03009663422
03009665920
03009669284
03009667267
03009666319
03009667054
03009667681
03009661592
03009662784
03009668326
03009663351
03009665767
03009668077
03009664916
03009661364
03009662985
03009667798
03009667721
03009663022
03009669270
03009666628
03009669537
03009664187
03009662175
03009664741
03009668051
03009666026
03009662380
03009663469
03009666298
03009669069
03009664571
03009665028
03009667677
03009661894
03009661259
03009667168
03009663812
03009668754
03009666842
03009662290
03009668989
03009669545
03009667049
03009661077
03009668143
03009669899
03009666627
03009665300
03009669740
03009665697
03009667515
03009661503
03009664107
03009662294
03009661705
03009668414
03009664335
03009665266
03009661127
03009663750
03009665369
03009665724
03009662938
03009665332
03009662451
03009667613
03009667904
03009663390
03009663923
03009669249
03009665877
03009666427
03009663563
03009668400
03009667068
03009661518
03009661470
03009666296
03009667250
03009666160
03009664548
03009662023
03009663786
03009663723
03009663707
03009663298
03009667822
03009662269
03009662418
03009666960
03009665276
03009661134
03009667686
03009661836
03009662306
03009663592
03009662926
03009666416
03009661986
03009666865
03009662975
03009662818
03009663531
03009663851
03009667337
03009669428
03009665687
03009661866
03009665590
03009664118
03009669667
03009664869
03009665950
03009668055
03009668510
03009664009
03009666602
03009665692
03009661791
03009667175
03009662532
03009669682
03009669164
03009664324
03009661302
03009668131
03009669659
03009663013
03009666857
03009666526
03009663971
03009664931
03009662990
03009661272
03009664950
03009664491
03009669267
03009667717
03009662639
03009669169
03009668056
03009668360
03009664169
03009661173
03009661183
03009665643
03009668173
03009666723
03009661363
03009662653
03009662206
03009665553
03009661104
03009662809
03009667895
03009666184
03009664083
03009663578
03009661018
03009665330
03009667300
03009667907
03009661964
03009663534
03009666267
03009662394
03009669770
03009667244
03009662059
03009665684
03009665343
03009668767
03009669802
03009666758
03009668494
03009669830
03009661274
03009664076
03009662723
03009664277
03009668835
03009668839
03009667736
03009662204
03009661649
03009663189
03009665095
03009664061
03009664962
03009662259
03009667124
03009662552
03009667416
03009664281
03009662247
03009665462
03009663895
03009665351
03009666693
03009662260
03009662191
03009665493
03009668408
03009665100
03009661460
03009668205
03009667598
03009664433
03009668956
03009662098
03009663047
03009664352
03009662706
03009668721
03009665341
03009665307
03009669995
03009663417
03009668420
03009666889
03009666666
03009664955
03009662904
03009664390
03009667388
03009668393
03009662254
03009661870
03009661092
03009661224
03009669210
03009666683
03009661711
03009661675
03009667813
03009666505
03009668747
03009663538
03009666850
03009664363
03009665497
03009666393
03009662894
03009666587
03009667069
03009662148
03009661908
03009661567
03009665544
03009664653
03009667629
03009666097
03009663312
03009662810
03009668141
03009665819
03009665853
03009667390
03009661890
03009665666
03009664801
03009668053
03009667671
03009665937
03009661557
03009668699
03009667771
03009664938
03009663202
03009668900
03009663151
03009665909
03009662733
03009668266
03009662184
03009666089
03009662363
03009663777
03009666699
03009665719
03009664892
03009664758
03009665854
03009665384
03009669154
03009666431
03009666034
03009669576
03009663511
03009668425
03009667375
03009668746
03009661004
03009664110
03009662598
03009669625
03009666952
03009667815
03009661481
03009663320
03009661761
03009669706
03009664071
03009663135
03009661888
03009666928
03009668126
03009661951
03009661045
03009664768
03009662844
03009665261
03009667818
03009667039
03009662468
03009667117
03009666333
03009669222
03009669840
03009664809
03009667342
03009661358
03009669666
03009664100
03009664147
03009666093
03009661370
03009663276
03009662534
03009668254
03009669970
03009661313
03009664543
03009667933
03009662647
03009666474
03009666330
03009666235
03009661266
03009661714
03009667120
03009662586
03009664484
03009665148
03009664097
03009661920
03009661776
03009662222
03009664000
03009662781
03009661491
03009665291
03009667925
03009669184
03009663685
03009663838
03009663366
03009668479
03009665123
03009662433
03009663507
03009663454
03009668128
03009668437
03009665073
03009664584
03009664241
03009662321
03009663932
03009669866
03009664796
03009663223
03009665374
03009666423
03009661565
03009661514
03009661462
03009666417
03009663821
03009662350
03009669651
03009661872
03009663167
03009666778
03009665604
03009665251
03009669041
03009665255
03009667443
03009663916
03009666009
03009669803
03009661941
03009666895
03009667780
03009668656
03009668823
03009668499
03009664627
03009663572
03009665044
03009661381
03009669084
03009668694
03009664787
03009666262
03009661217
03009666274
03009666378
03009664338
03009662755
03009663694
03009661560
03009663096
03009667105
03009664301
03009664414
03009661682
03009668997
03009668359
03009661743
03009661108
03009667154
03009665941
03009661976
03009667494
03009662120
03009668364
03009665179
03009664261
03009663871
03009664685
03009665389
03009664645
03009665598
03009663849
03009663341
03009666803
03009661319
03009669618
03009667277
03009668019
03009669082
03009664535
03009663254
03009668278
03009667672
03009666734
03009664066
03009664439
03009667697
03009669121
03009666626
03009666677
03009664312
03009662969
03009665157
03009665510
03009662091
03009665682
03009668015
03009669038
03009664035
03009664101
03009665003
03009664602
03009667012
03009663374
03009661158
03009667719
03009668865
03009662503
03009666650
03009664692
03009668612
03009662940
03009662965
03009665049
03009664125
03009669378
03009663746
03009661697
03009665584
03009661990
03009662753
03009666050
03009663841
03009668416
03009668478
03009665149
03009666863
03009661084
03009667299
03009664315
03009661582
03009664577
03009664351
03009663505
03009665964
03009669402
03009661070
03009665155
03009661256
03009662905
03009669279
03009665022
03009662075
03009664528
03009663877
03009667982
03009664087
03009665741
03009661501
03009662668
03009661856
03009665665
03009662543
03009667858
03009661496
03009666789
03009666648
03009662770
03009661830
03009667213
03009663892
03009669117
03009667584
03009661075
03009662277
03009662239
03009668595
03009669960
03009665243
03009666102
03009665720
03009662004
03009663295
03009667653
03009664240
03009665405
03009662612
03009661861
03009665046
03009667783
03009664613
03009664494
03009669002
03009663832
03009666451
03009661107
03009668528
03009664164
03009667898
03009661068
03009663493
03009668994
03009665064
03009667365
03009663512
03009662030
03009669800
03009667128
03009662168
03009662143
03009668853
03009669091
03009665275
03009667192
03009664394
03009669744
03009663488
03009663459
03009662016
03009669823
03009661030
03009667148
03009661531
03009665321
03009669687
03009661387
03009667779
03009665579
03009669480
03009665606
03009664453
03009662583
03009664017
03009667614
03009663748
03009665506
03009661604
03009665349
03009663688
03009669617
03009669037
03009666922
03009668269
03009661140
03009668094
03009665303
03009666790
03009663283
03009665111
03009666452
03009669412
03009668815
03009669124
03009669139
03009666410
03009664566
03009666577
03009668102
03009664371
03009661303
03009662073
03009666589
03009663379
03009669783
03009668392
03009668950
03009668742
03009664611
03009662557
03009666094
03009663179
03009667511
03009669954
03009667662
03009663933
03009668922
03009668201
03009663484
03009666381
03009662465
03009668938
03009669908
03009668561
03009668819
03009663898
03009669836
03009664043
03009669904
03009666719
03009667501
03009664532
03009667706
03009663029
03009665960
03009668899
03009668914
03009664505
03009662381
03009663872
03009663401
03009663104
03009666997
03009667317
03009667522
03009668833
03009666049
03009663737
03009662196
03009663342
03009661490
03009667461
03009667530
03009663654
03009665778
03009664510
03009664055
03009664650
03009662149
03009667096
03009662906
03009661837
03009668153
03009667409
03009661452
03009667577
03009666955
03009667990
03009669746
03009667326
03009663646
03009665317
03009663397
03009668752
03009669087
03009661961
03009665887
03009665268
03009663273
03009665534
03009667381
03009665693
03009665500
03009662518
03009662630
03009665809
03009662673
03009667695
03009669464
03009665807
03009669769
03009669259
03009662842
03009667852
03009662355
03009663612
03009666159
03009664881
03009668871
03009668068
03009663432
03009661086
03009664304
03009667008
03009664921
03009664245
03009661128
03009666925
03009669508
03009669105
03009665515
03009661392
03009666422
03009667229
03009662094
03009663178
03009662376
03009661586
03009662174
03009664857
03009668854
03009664251
03009665917
03009662847
03009662888
03009663978
03009663489
03009666689
03009669059
03009666713
03009663873
03009664913
03009666840
03009668038
03009664904
03009668589
03009667482
03009669768
03009667131
03009669137
03009663400
03009667323
03009667567
03009668372
03009666344
03009669098
03009664514
03009668630
03009663439
03009666848
03009663317
03009661095
03009668990
03009663114
03009662013
03009667122
03009661745
03009665662
03009666148
03009668849
03009665716
03009667302
03009662783
03009662740
03009666162
03009661337
03009664146
03009667615
03009661411
03009669407
03009666207
03009665150
03009662919
03009662192
03009663814
03009668042
03009665040
03009664209
03009665554
03009661250
03009668449
03009664615
03009667130
03009668052
03009661395
03009667590
03009664108
03009663865
03009661979
03009666949
03009661375
03009668942
03009661884
03009661702
03009666053
03009667714
03009665538
03009663228
03009666656
03009661902
03009665708
03009666168
03009662261
03009665156
03009664911
03009665361
03009669165
03009666796
03009661355
03009664812
03009662935
03009668811
03009663034
03009666098
03009662506
03009669500
03009663536
03009665518
03009662712
03009661422
03009669133
03009662802
03009668954
03009666618
03009664906
03009667224
03009666359
03009666017
03009664417
03009668329
03009663133
03009664805
03009662650
03009667684
03009661374
03009664923
03009665856
03009666195
03009667407
03009669471
03009665678
03009661889
03009665215
03009667607
03009668149
03009662877
03009667600
03009667177
03009669711
03009664151
03009661138
03009667188
03009662645
03009668750
03009662970
03009667997
03009669237
03009667579
03009661695
03009663974
03009666888
03009666686
03009662527
03009664851
03009662308
03009668012
03009661927
03009665050
03009665408
03009664197
03009669144
03009669700
03009669007
03009662707
03009662651
03009667417
03009666058
03009668902
03009662459
03009669825
03009664452
03009668192
03009668231
03009667793
03009669798
03009666442
03009666069
03009664732
03009663829
03009663381
03009666483
03009661670
03009664967
03009669383
03009666167
03009662340
03009665968
03009669875
03009667163
03009661331
03009669590
03009661954
03009668272
03009662948
03009663909
03009669318
03009665248
03009666945
03009663645
03009664278
03009667749
03009667624
03009665985
03009668822
03009668411
03009667037
03009669103
03009667394
03009664120
03009662323
03009668484
03009668316
03009666462
03009663587
03009663044
03009669472
03009665934
03009664191
03009665737
03009664590
03009663007
03009669982
03009661053
03009668751
03009664294
03009665071
03009662851
03009669704
03009669788
03009668225
03009666764
03009668628
03009667183
03009664746
03009664579
03009669524
03009668939
03009661360
03009661656
03009664830
03009662231
03009667732
03009668501
03009667262
03009662317
03009666988
03009661176
03009669684
03009667709
03009661601
03009669658
03009661380
03009668554
03009661198
03009668427
03009663112
03009669811
03009668573
03009663710
03009663757
03009669220
03009667557
03009663938
03009668262
03009667389
03009665014
03009663606
03009664594
03009663941
03009663392
03009663043
03009667712
03009665259
03009663102
03009667011
03009661032
03009668043
03009664150
03009662505
03009666302
03009667217
03009667094
03009663539
03009664211
03009667804
03009666347
03009669799
03009666045
03009667862
03009662603
03009664884
03009666038
03009665191
03009667370
03009668200
03009666012
03009666175
03009665380
03009668164
03009669562
03009662800
03009662009
03009662640
03009661526
03009661949
03009662884
03009662797
03009668440
03009665602
03009661482
03009661175
03009662798
03009662210
03009669020
03009667048
03009661792
03009665885
03009663427
03009663623
03009661700
03009666556
03009665061
03009669963
03009666861
03009664572
03009665486
03009667334
03009661561
03009663897
03009669131
03009664898
03009665954
03009662060
03009663779
03009665591
03009662589
03009661917
03009668521
03009662734
03009661096
03009662001
03009664605
03009663378
03009662482
03009663386
03009667080
03009669195
03009661602
03009661901
03009662061
03009662569
03009663448
03009669965
03009664495
03009661282
03009664159
03009668064
03009666103
03009664413
03009661307
03009669572
03009665851
03009668642
03009666911
03009666680
03009661420
03009663275
03009666620
03009663492
03009668526
03009668552
03009664640
03009669191
03009662096
03009667190
03009665891
03009667140
03009663604
03009663344
03009667956
03009665921
03009661935
03009663285
03009667975
03009666208
03009665117
03009669441
03009663090
03009664949
03009667298
03009666239
03009666546
03009663510
03009666632
03009661451
03009661819
03009662087
03009669925
03009669671
03009663051
03009662832
03009668342
03009668872
03009662605
03009666616
03009666044
03009662304
03009661260
03009667067
03009661517
03009664050
03009666046
03009669185
03009663501
03009667952
03009668518
03009666157
03009665651
03009666315
03009661466
03009664290
03009661211
03009669778
03009662088
03009662635
03009664217
03009662343
03009668338
03009667465
03009669008
03009669170
03009664751
03009665874
03009667004
03009667245
03009669528
03009664157
03009669824
03009662714
03009669889
03009665127
03009664832
03009667380
03009664432
03009662044
03009669833
03009666310
03009665365
03009665162
03009666643
03009666714
03009667919
03009662559
03009665430
03009669648
03009661502
03009663211
03009665075
03009662632
03009666947
03009669266
03009669328
03009668524
03009662943
03009664366
03009664148
03009666718
03009665633
03009667027
03009663156
03009663174
03009665174
03009664638
03009669461
03009668670
03009666613
03009662396
03009668330
03009664985
03009669306
03009664933
03009667853
03009667242
03009666807
03009667816
03009666395
03009662374
03009665488
03009666279
03009668193
03009668303
03009668711
03009664475
03009665078
03009667223
03009661820
03009668502
03009667994
03009663222
03009661938
03009661317
03009666128
03009667710
03009666654
03009663637
03009669214
03009668391
03009663503
03009665339
03009662813
03009669149
03009669081
03009669086
03009668381
03009663855
03009667762
03009663449
03009665032
03009669858
03009669755
03009665824
03009665878
03009665951
03009669845
03009665623
03009663868
03009661575
03009661883
03009665041
03009665688
03009667100
03009668845
03009667747
03009667942
03009668892
03009668965
03009664181
03009669006
03009668635
03009664781
03009669918
03009667047
03009663556
03009663130
03009669997
03009662757
03009669987
03009664267
03009662444
03009667760
03009667931
03009661013
03009665450
03009664310
03009668783
03009664052
03009663760
03009666813
03009666987
03009662421
03009668641
03009668963
03009668383
03009662160
03009664989
03009663675
03009663706
03009661205
03009666250
03009663185
03009666435
03009667647
03009669028
03009667329
03009662823
03009663330
03009665827
03009669605
03009665770
03009663456
03009669119
03009668967
03009669613
03009664701
03009665927
03009666622
03009663471
03009665608
03009663801
03009668615
03009665986
03009669612
03009661634
03009665053
03009666332
03009667764
03009669219
03009662967
03009661064
03009664603
03009662085
03009667282
03009668379
03009664176
03009665999
03009663599
03009665104
03009667236
03009666432
03009666759
03009661968
03009662285
03009667469
03009669506
03009667333
03009661899
03009662407
03009662496
03009663809
03009661489
03009669723
03009663613
03009664115
03009662821
03009666113
03009664216
03009667251
03009662579
03009666479
03009661708
03009664221
03009662189
03009664578
03009665746
03009666697
03009665057
03009662291
03009668213
03009666077
03009667746
03009661893
03009665892
03009663954
03009663056
03009664177
03009661076
03009663289
03009666074
03009667987
03009663608
03009661789
03009665868
03009661424
03009664827
03009669536
03009665879
03009662070
03009669416
03009666273
03009661924
03009662898
03009664341
03009663860
03009668696
03009667754
03009665630
03009663128
03009665449
03009663041
03009667812
03009664288
03009661261
03009664802
03009666355
03009665958
03009661732
03009664255
03009667565
03009669291
03009669786
03009661744
03009663088
03009661698
03009665002
03009665011
03009663661
03009667620
03009667558
03009664655
03009668610
03009662463
03009662219
03009662599
03009669679
03009669628
03009665283
03009669672
03009669134
03009661499
03009665013
03009668026
03009668789
03009663063
03009661099
03009668399
03009666164
03009668535
03009669269
03009663754
03009664965
03009668841
03009666174
03009669390
03009665876
03009662167
03009662162
03009666629
03009666066
03009663674
03009661621
03009663545
03009663036
03009664184
03009665817
03009668310
03009661273
03009668852
03009669463
03009666171
03009666082
03009663677
03009666230
03009662553
03009665629
03009667186
03009662198
03009668936
03009666127
03009668028
03009665595
03009668490
03009661929
03009661636
03009669558
03009669294
03009661079
03009664847
03009668761
03009666011
03009661468
03009662699
03009665476
03009669984
03009665391
03009662864
03009669430
03009662182
03009663244
03009666383
03009664270
03009668566
03009661454
03009662971
03009663805
03009664383
03009666237
03009669692
03009668669
03009662484
03009666740
03009667498
03009669064
03009661832
03009669060
03009668897
03009661741
03009662902
03009666179
03009665612
03009665938
03009668255
03009662333
03009669010
03009662490
03009665835
03009668671
03009664473
03009661325
03009661139
03009665322
03009666253
03009664489
03009669433
03009667827
03009667791
03009664983
03009669985
03009664213
03009665352
03009669498
03009668934
03009663069
03009668251
03009666199
03009667427
03009669403
03009667181
03009665650
03009664506
03009664500
03009664699
03009668685
03009669260
03009666980
03009661640
03009668757
03009666388
03009669846
03009669076
03009666364
03009666749
03009667601
03009666902
03009669695
03009662512
03009667032
03009667475
03009665134
03009664991
03009663517
03009662608
03009669951
03009665751
03009668991
03009668306
03009663010
03009664141
03009668105
03009666166
03009664207
03009662456
03009667757
03009668241
03009668723
03009669622
03009662228
03009669504
03009663986
03009666400
03009666649
03009665239
03009668138
03009665858
03009669533
03009661980
03009668382
03009662057
03009667321
03009666256
03009668370
03009668927
03009661309
03009667372
03009663595
03009669431
03009665393
03009666763
03009669714
03009666361
03009666003
03009666633
03009669080
03009663197
03009664435
03009663196
03009664442
03009668195
03009663059
03009665804
03009669414
03009669894
03009662262
03009668059
03009668667
03009667738
03009662367
03009664675
03009661846
03009664302
03009663544
03009665094
03009661033
03009665757
03009668495
03009664920
03009666946
03009665442
03009666531
03009663888
03009661673
03009662237
03009663584
03009667524
03009665685
03009666349
03009661229
03009669563
03009667042
03009661414
03009664014
03009665407
03009665443
03009661871
03009663996
03009664671
03009666841
03009667999
03009669235
03009669781
03009663878
03009669565
03009664972
03009669497
03009669135
03009664524
03009668222
03009668176
03009662081
03009665375
03009663514
03009667162
03009661828
03009664477
03009669872
03009669719
03009663143
03009669148
03009662178
03009666006
03009665625
03009661564
03009665481
03009662726
03009667347
03009669993
03009662590
03009661475
03009666916
03009666532
03009669401
03009662790
03009667970
03009661627
03009662634
03009662215
03009662550
03009661982
03009662719
03009664522
03009662619
03009664098
03009663005
03009661667
03009663284
03009662397
03009662163
03009663115
03009665611
03009662690
03009666647
03009661971
03009663557
03009661445
03009664096
03009662731
03009665744
03009666321
03009666530
03009662270
03009668692
03009662649
03009668851
03009661727
03009667053
03009664878
03009664264
03009667202
03009666032
03009665763
03009667875
03009661750
03009669071
03009661559
03009667571
03009668350
03009664155
03009665335
03009668840
03009661141
03009669710
03009663998
03009669790
03009662322
03009667235
03009663120
03009669140
03009666503
03009666566
03009663722
03009669831
03009665528
03009669712
03009661298
03009662284
03009667111
03009668151
03009663405
03009666754
03009661591
03009665058
03009667572
03009664901
03009668459
03009662980
03009666660
03009663203
03009666241
03009661457
03009665552
03009667010
03009664036
03009664993
03009667739
03009669789
03009668264
03009664037
03009668856
03009661204
03009665846
03009666384
03009666709
03009668062
03009662221
03009668290
03009662829
03009666851
03009662325
03009662893
03009665274
03009664879
03009668412
03009666264
03009661802
03009667820
03009664880
03009665677
03009661775
03009663778
03009667357
03009664747
03009663977
03009661042
03009669728
03009666068
03009667888
03009665939
03009664196
03009667499
03009663581
03009663734
03009667972
03009666552
03009663840
03009661268
03009661357
03009669585
03009665092
03009662909
03009663908
03009665151
03009668368
03009662158
03009667967
03009668041
03009665775
03009665626
03009663431
03009662604
03009664214
03009665811
03009669104
03009669673
03009666614
03009667306
03009664690
03009661617
03009662346
03009661728
03009666382
03009666780
03009662034
03009663712
03009662316
03009669883
03009667562
03009665730
03009661625
03009661353
03009662924
03009665006
03009667599
03009662295
03009663680
03009667564
03009664865
03009668777
03009667419
03009668313
03009663291
03009668227
03009663482
03009666070
03009669688
03009666536
03009666108
03009665777
03009667127
03009664418
03009665025
03009667078
03009666737
03009664470
03009666091
03009663100
03009667964
03009664469
03009666729
03009668334
03009667252
03009666853
03009661993
03009668898
03009661821
03009661764
03009664846
03009662539
03009664551
03009664062
03009664507
03009662136
03009662305
03009665218
03009667689
03009666691
03009665084
03009661094
03009669221
03009665572
03009666961
03009664326
03009666547
03009667255
03009661930
03009668732
03009663702
03009665108
03009667674
03009669975
03009669826
03009666328
03009662773
03009669488
03009668673
03009666908
03009665848
03009667463
03009665428
03009669466
03009662968
03009662353
03009665069
03009667545
03009667809
03009663332
03009663288
03009663444
03009661507
03009667199
03009663824
03009667778
03009668686
03009665397
03009665840
03009669394
03009669243
03009664188
03009667874
03009666781
03009663304
03009664236
03009666280
03009667935
03009667460
03009664637
03009661965
03009664821
03009665338
03009668469
03009663083
03009662983
03009661315
03009665653
03009666742
03009664068
03009662959
03009665825
03009663357
03009668548
03009664702
03009667206
03009666662
03009664336
03009665059
03009669842
03009661225
03009663011
03009663922
03009669404
03009667263
03009663098
03009665466
03009661975
03009666562
03009665012
03009669934
03009664759
03009669720
03009665445
03009668346
03009665516
03009663309
03009663253
03009661402
03009667438
03009661195
03009664168
03009662523
03009665125
03009663479
03009666286
03009667344
03009666858
03009661758
03009662413
03009667678
03009661297
03009661159
03009669767
03009664995
03009662410
03009664328
03009662737
03009665585
03009663201
03009664138
03009667923
03009663324
03009664339
03009667309
03009668288
03009662546
03009664766
03009664438
03009661290
03009664934
03009664263
03009664757
03009668770
03009663962
03009661535
03009665478
03009667844
03009664374
03009665959
03009669455
03009668155
03009664449
03009663303
03009661943
03009662169
03009663983
03009664154
03009665675
03009664047
03009666770
03009668567
03009662540
03009662934
03009666404
03009666527
03009665219
03009661135
03009665698
03009662319
03009663804
03009667551
03009663644
03009667189
03009666269
03009661911
03009662684
03009664032
03009662165
03009661275
03009665306
03009663981
03009661572
03009662349
03009668348
03009666936
03009664762
03009668968
03009666133
03009664492
03009668228
03009665420
03009668091
03009661666
03009667667
03009666834
03009665713
03009662637
03009666238
03009663919
03009665747
03009663618
03009669940
03009666919
03009666428
03009669662
03009669450
03009663633
03009669476
03009662375
03009666323
03009666394
03009665035
03009664258
03009666682
03009666320
03009667559
03009662134
03009669275
03009668188
03009662213
03009663713
03009668609
03009661663
03009668217
03009668491
03009663200
03009663337
03009666917
03009666314
03009669844
03009666453
03009669132
03009669661
03009661484
03009667644
03009662974
03009667928
03009668546
03009668661
03009661207
03009669554
03009662595
03009664679
03009661051
03009666472
03009665418
03009669055
03009662551
03009669653
03009664073
03009665242
03009663173
03009663157
03009661594
03009666898
03009667457
03009662200
03009665426
03009669602
03009661706
03009664536
03009668868
03009661427
03009661644
03009663774
03009667829
03009669083
03009663314
03009667153
03009668503
03009661598
03009665484
03009661850
03009661808
03009668525
03009669933
03009666178
03009666717
03009661562
03009662911
03009667098
03009663248
03009663123
03009669627
03009661098
03009669542
03009663384
03009664630
03009665691
03009669043
03009661404
03009666300
03009666847
03009661738
03009662190
03009662053
03009664715
03009665079
03009669361
03009661773
03009667983
03009663630
03009662300
03009667467
03009665527
03009665616
03009662709
03009666736
03009661155
03009662432
03009663241
03009665388
03009665304
03009665882
03009662389
03009662577
03009666447
03009665473
03009662516
03009663997
03009665190
03009668034
03009662019
03009666951
03009664382
03009664547
03009664271
03009665231
03009668033
03009667978
03009665385
03009669261
03009663934
03009668088
03009662063
03009666201
03009663742
03009662870
03009667574
03009662419
03009664717
03009666440
03009662743
03009668049
03009663261
03009664662
03009664686
03009667947
03009668468
03009664736
03009665672
03009669946
03009664887
03009668181
03009661458
03009664833
03009661906
03009669179
03009663204
03009665267
03009663426
03009667377
03009668253
03009662763
03009667383
03009669900
03009665203
03009667198
03009668824
03009664404
03009665370
03009669868
03009662110
03009669176
03009669852
03009661799
03009665154
03009663524
03009663483
03009669927
03009662890
03009662287
03009667634
03009663081
03009661568
03009664786
03009661343
03009661093
03009666426
03009667107
03009662212
03009661388
03009661679
03009665953
03009663549
03009666464
03009666100
03009666285
03009662217
03009666352
03009662180
03009666934
03009667056
03009662510
03009664952
03009663700
03009669962
03009664883
03009668974
03009666855
03009669252
03009665869
03009665823
03009661160
03009661685
03009661652
03009663355
03009668285
03009667910
03009669632
03009662226
03009661039
03009668834
03009661147
03009666551
03009669313
03009666023
03009665264
03009666835
03009667459
03009664677
03009668461
03009663311
03009666469
03009663267
03009661713
03009662047
03009669548
03009669454
03009668631
03009663736
03009665993
03009661528
03009665194
03009664816
03009662172
03009665683
03009662364
03009667879
03009663359
03009664504
03009669764
03009665765
03009664006
03009663605
03009661185
03009667776
03009662448
03009665966
03009667155
03009666846
03009667230
03009668263
03009665815
03009668395
03009665409
03009668763
03009665799
03009666229
03009667521
03009666194
03009667216
03009665235
03009667115
03009667040
03009665224
03009665017
03009666998
03009669287
03009664840
03009661088
03009667273
03009662492
03009663437
03009667454
03009662789
03009661059
03009667200
03009662454
03009661611
03009667720
03009667625
03009661396
03009666072
03009667675
03009664823
03009668740
03009667659
03009664544
03009663176
03009667523
03009667028
03009669421
03009667083
03009665048
03009664462
03009667745
03009666236
03009667024
03009668717
03009663506
03009665931
03009667135
03009662896
03009667914
03009665689
03009661442
03009668688
03009666303
03009668367
03009661052
03009666177
03009668190
03009668946
03009668021
03009665263
03009669446
03009669785
03009663528
03009664230
03009664541
03009668879
03009669090
03009665139
03009665319
03009668113
03009668857
03009666520
03009661999
03009661025
03009665483
03009662625
03009665145
03009663424
03009668581
03009665383
03009669457
03009666511
03009663574
03009662107
03009669615
03009662966
03009669444
03009665797
03009668691
03009669280
03009662702
03009662925
03009669406
03009667926
03009663515
03009662111
03009668586
03009669849
03009666254
03009665173
03009666603
03009662233
03009666557
03009664282
03009665861
03009666746
03009666904
03009669032
03009665227
03009663002
03009669898
03009667018
03009663931
03009669174
03009663854
03009668682
03009666458
03009666493
03009664998
03009664789
03009665690
03009666154
03009664384
03009668606
03009664461
03009663543
03009661239
03009668175
03009666033
03009662461
03009664707
03009665772
03009662099
03009663408
03009667819
03009668156
03009665669
03009668283
03009665175
03009667113
03009662892
03009662253
03009665726
03009665474
03009663250
03009668385
03009663709
03009669068
03009663346
03009667095
03009662385
03009666513
03009667830
03009666425
03009661806
03009665431
03009668314
03009667150
03009666625
03009666115
03009661188
03009666822
03009663425
03009663920
03009663387
03009665356
03009669699
03009668054
03009664960
03009663640
03009668966
03009661444
03009663300
03009669945
03009662807
03009666245
03009665033
03009666125
03009663763
03009666415
03009669271
03009662804
03009666535
03009662342
03009666591
03009669021
03009661243
03009663230
03009666290
03009669879
03009667208
03009667157
03009662147
03009664817
03009666181
03009661633
03009665838
03009666974
03009666158
03009668079
03009669587
03009665898
03009668985
03009666438
03009662362
03009668846
03009669207
03009666921
03009667310
03009661367
03009664246
03009661845
03009661597
03009664885
03009664779
03009669316
03009665070
03009667555
03009662661
03009668291
03009669258
03009662522
03009664973
03009666132
03009661280
03009668917
03009664860
03009665031
03009664790
03009663833
03009664124
03009667139
03009661377
03009663961
03009661279
03009669426
03009667603
03009662494
03009667866
03009669192
03009667897
03009665859
03009668067
03009668016
03009666800
03009668928
03009668574
03009665862
03009664455
03009662764
03009668828
03009668467
03009664619
03009669339
03009664951
03009663326
03009663057
03009663465
03009666642
03009666224
03009664320
03009667628
03009665416
03009664971
03009664734
03009662887
03009669730
03009666541
03009669921
03009663065
03009665458
03009666601
03009662476
03009668229
03009663396
03009662695
03009669862
03009666891
03009669534
03009668124
03009665465
03009663907
03009667059
03009669943
03009661120
03009661410
03009666721
03009662441
03009662751
03009664496
03009668634
03009668773
03009661950
03009661338
03009664046
03009665163
03009662703
03009665417
03009662682
03009665733
03009661684
03009668046
03009669063
03009668444
03009669760
03009664127
03009666880
03009664018
03009665774
03009663409
03009666216
03009664402
03009667646
03009665642
03009665645
03009665176
03009664259
03009668926
03009667256
03009663190
03009661164
03009664385
03009664803
03009663331
03009662656
03009667091
03009661040
03009661037
03009669552
03009663958
03009665994
03009666056
03009669758
03009662578
03009664610
03009668969
03009662428
03009666124
03009664725
03009664607
03009662157
03009667597
03009661471
03009667544
03009666588
03009664924
03009669256
03009663099
03009662897
03009666710
03009663347
03009668429
03009663967
03009669870
03009667456
03009665226
03009664106
03009669345
03009668714
03009669850
03009667504
03009668555
03009669109
03009663844
03009665225
03009667542
03009665182
03009662123
03009669745
03009664778
03009668579
03009664030
03009668993
03009662309
03009664457
03009663339
03009661327
03009663647
03009664346
03009664243
03009663906
03009667221
03009664893
03009667435
03009661271
03009664027
03009664031
03009665386
03009666799
03009669387
03009661886
03009666783
03009668895
03009669809
03009669570
03009665632
03009665177
03009666996
03009663891
03009664996
03009666836
03009662814
03009664729
03009664378
03009666802
03009667356
03009662026
03009667423
03009664687
03009666244
03009669362
03009661786
03009668741
03009661083
03009669957
03009666663
03009669522
03009664020
03009667821
03009666265
03009668060
03009662379
03009669521
03009667535
03009669690
03009661391
03009661538
03009665423
03009666272
03009661148
03009666708
03009666978
03009667794
03009665118
03009669916
03009668006
03009666866
03009662450
03009663726
03009666669
03009664642
03009663957
03009663487
03009665054
03009666829
03009661548
03009668568
03009662824
03009668107
03009669855
03009668881
03009661858
03009669603
03009665870
03009666712
03009663837
03009668492
03009669915
03009662951
03009666411
03009662644
03009663752
03009669268
03009668500
03009667441
03009668519
03009663632
03009661119
03009669814
03009664970
03009661945
03009663004
03009663686
03009661441
03009665459
03009663771
03009667507
03009666439
03009667800
03009662594
03009663828
03009667237
03009665419
03009665216
03009669973
03009668796
03009664660
03009663371
03009661605
03009667395
03009668275
03009664347
03009662310
03009663808
03009666882
03009661428
03009662079
03009663318
03009667220
03009668116
03009664825
03009668470
03009665098
03009668645
03009669111
03009664135
03009663217
03009663639
03009662416
03009665673
03009663428
03009662585
03009663172
03009668333
03009668013
03009665477
03009665916
03009669049
03009665026
03009667957
03009664021
03009668924
03009665701
03009665168
03009668862
03009662913
03009662901
03009665789
03009668093
03009669202
03009667971
03009661186
03009669509
03009668880
03009665427
03009665260
03009661480
03009661142
03009666715
03009669698
03009662563
03009662799
03009666052
03009663629
03009665277
03009669609
03009667413
03009667729
03009664007
03009665659
03009663302
03009669553
03009666918
03009665547
03009661433
03009669074
03009663263
03009669575
03009668622
03009662827
03009661797
03009662692
03009666619
03009661007
03009666617
03009661130
03009665310
03009668516
03009665119
03009669213
03009669456
03009669166
03009666615
03009664091
03009663619
03009665120
03009668029
03009665700
03009664788
03009667870
03009664121
03009665043
03009667492
03009662501
03009665881
03009667517
03009663280
03009664889
03009663626
03009662988
03009666872
03009662526
03009663835
03009666508
03009669578
03009663610
03009665783
03009664114
03009666574
03009663651
03009669487
03009663082
03009663720
03009667305
03009662027
03009662010
03009668404
03009663460
03009667640
03009662833
03009664193
03009661227
03009667843
03009663145
03009665889
03009668618
03009665952
03009669931
03009668157
03009663739
03009666358
03009661928
03009666496
03009661615
03009663755
03009664740
03009665709
03009668078
03009666366
03009664819
03009661978
03009667129
03009663788
03009668271
03009664868
03009667623
03009668259
03009662467
03009664088
03009668405
03009667873
03009669014
03009667965
03009663214
03009667169
03009667403
03009665873
03009667134
03009663294
03009664331
03009668545
03009665512
03009664774
03009669050
03009665056
03009665735
03009664348
03009664530
03009668009
03009663101
03009667763
03009663093
03009661932
03009665158
03009668623
03009665461
03009668592
03009669036
03009661154
03009668608
03009662460
03009669053
03009665539
03009669897
03009664316
03009666704
03009662801
03009661699
03009661787
03009664501
03009663876
03009666774
03009667848
03009664344
03009661672
03009664416
03009665406
03009669818
03009662786
03009662272
03009668826
03009667621
03009668223
03009667916
03009661513
03009662279
03009667690
03009669971
03009666906
03009662108
03009661350
03009661788
03009669588
03009661035
03009669153
03009666760
03009664162
03009667883
03009668238
03009667007
03009666509
03009662614
03009667490
03009666877
03009668304
03009662052
03009661719
03009662746
03009661760
03009669636
03009665196
03009661925
03009663621
03009661456
03009662964
03009665981
03009668604
03009668514
03009666969
03009666477
03009667371
03009662696
03009667418
03009665294
03009667979
03009666379
03009662352
03009668593
03009664829
03009661238
03009665890
03009669920
03009667769
03009665982
03009663609
03009665301
03009664081
03009663960
03009664978
03009666232
03009667650
03009668298
03009665798
03009666788
03009669263
03009662623
03009662868
03009667488
03009665192
03009667790
03009667810
03009666048
03009666037
03009667759
03009666357
03009662972
03009667434
03009661875
03009668744
03009667508
03009664094
03009669654
03009663105
03009667527
