03005686439
03005683677
03005685146
03005683222
03005681990
03005688674
03005687611
03005684424
03005689952
03005681402
03005685920
03005685736
03005688983
03005683408
03005681307
03005686655
03005681707
03005681234
03005686498
03005682970
03005684214
03005681808
03005688670
03005683204
03005683537
03005687159
03005684037
03005687998
03005681883
03005684601
03005688927
03005686922
03005689879
03005687313
03005684298
03005687087
03005687339
03005689385
03005688210
03005683297
03005688769
03005686401
03005688153
03005684817
03005681129
03005688303
03005683701
03005683469
03005689463
03005683338
03005684552
03005688785
03005685137
03005683508
03005685914
03005683404
03005681135
03005688516
03005684481
03005684384
03005686775
03005683470
03005687408
03005689855
03005684147
03005689158
03005682880
03005684829
03005683597
03005685373
03005684435
03005687135
03005689006
03005686097
03005683262
03005686868
03005683579
03005685674
03005686765
03005685458
03005687459
03005686541
03005682761
03005685513
03005685443
03005686635
03005683830
03005684175
03005685980
03005684173
03005682162
03005681920
03005683768
03005688042
03005687304
03005683721
03005688448
03005684779
03005684542
03005684633
03005689740
03005689178
03005684350
03005688002
03005681444
03005687411
03005682652
03005686536
03005685460
03005681750
03005689022
03005686925
03005681894
03005684411
03005687512
03005685327
03005688705
03005688848
03005689424
03005683210
03005684182
03005685215
03005685237
03005688054
03005685957
03005683146
03005685131
03005682223
03005684870
03005682825
03005686800
03005683582
03005681163
03005687441
03005685191
03005686419
03005681523
03005689444
03005683715
03005686701
03005688502
03005682897
03005686843
03005687808
03005686595
03005681826
03005684036
03005687267
03005689215
03005685785
03005685967
03005682786
03005686206
03005689356
03005686694
03005683389
03005685326
03005684565
03005689527
03005684152
03005684099
03005683434
03005687126
03005686970
03005682320
03005688907
03005687181
03005689403
03005685709
03005686509
03005685680
03005682317
03005688394
03005689361
03005681319
03005681095
03005683627
03005683008
03005682986
03005687040
03005686483
03005687614
03005684654
03005688984
03005687063
03005684828
03005686054
03005688388
03005682135
03005688975
03005688744
03005682744
03005684374
03005689469
03005687065
03005684946
03005684701
03005686381
03005684606
03005689458
03005684486
03005687812
03005689109
03005687333
03005682070
03005684230
03005686519
03005681166
03005687059
03005686950
03005689512
03005689735
03005682315
03005683336
03005681844
03005682352
03005683349
03005687320
03005684373
03005686705
03005683572
03005685650
03005685872
03005689892
03005684029
03005688681
03005682700
03005688284
03005681877
03005688155
03005684185
03005681172
03005687953
03005687495
03005683984
03005684158
03005681197
03005682456
03005687578
03005685685
03005687424
03005689956
03005681359
03005684749
03005681609
03005688462
03005682349
03005683032
03005687286
03005685084
03005687781
03005686896
03005683237
03005687440
03005681845
03005682255
03005683818
03005682881
03005686400
03005685072
03005681356
03005683226
03005688130
03005682164
03005683891
03005684857
03005689364
03005683162
03005683175
03005684248
03005685993
03005689964
03005688447
03005689935
03005688865
03005689279
03005687072
03005684238
03005685935
03005687626
03005684590
03005683071
03005688727
03005687288
03005689009
03005684715
03005682139
03005683956
03005688941
03005688637
03005684697
03005689284
03005682351
03005688599
03005688132
03005686618
03005689445
03005684571
03005687492
03005683667
03005684123
03005681908
03005683532
03005682197
03005684789
03005687504
03005682980
03005685183
03005689580
03005686946
03005688774
03005688285
03005684499
03005683154
03005689175
03005684802
03005687225
03005689205
03005684234
03005685611
03005681296
03005686096
03005681336
03005682661
03005687627
03005689666
03005688443
03005683958
03005681162
03005685194
03005686385
03005686812
03005689925
03005682550
03005683035
03005683758
03005689057
03005687751
03005681869
03005683632
03005685776
03005686290
03005685396
03005682689
03005686442
03005684918
03005687674
03005687921
03005689606
03005681517
03005688693
03005686168
03005682246
03005688260
03005687556
03005689913
03005684815
03005687123
03005689304
03005684457
03005686341
03005689249
03005682252
03005688066
03005686169
03005686553
03005683545
03005684226
03005681022
03005687100
03005686884
03005684270
03005685753
03005687515
03005685549
03005683487
03005687272
03005686778
03005685295
03005681232
03005686911
03005684775
03005686201
03005689144
03005689248
03005685695
03005681854
03005683190
03005684327
03005681318
03005689948
03005686146
03005688375
03005688748
03005687198
03005681368
03005686061
03005681347
03005684466
03005681375
03005686220
03005685642
03005682749
03005687299
03005684465
03005683635
03005682032
03005687678
03005681046
03005688017
03005685870
03005681154
03005681394
03005684274
03005684296
03005684474
03005682371
03005687831
03005682772
03005685566
03005681387
03005688124
03005685315
03005689140
03005686289
03005685904
03005683947
03005686766
03005681765
03005683400
03005689981
03005683501
03005688395
03005687389
03005689554
03005682295
03005683639
03005688902
03005688129
03005684566
03005687221
03005687353
03005682923
03005683959
03005681764
03005686873
03005682094
03005687314
03005682374
03005685808
03005684832
03005687518
03005687434
03005688159
03005687664
03005687346
03005686127
03005686962
03005687098
03005681251
03005684635
03005689389
03005687994
03005684293
03005683906
03005687798
03005686078
03005684982
03005688277
03005681926
03005682485
03005689995
03005681919
03005689447
03005683365
03005681944
03005688952
03005687074
03005684671
03005683920
03005689391
03005687591
03005685149
03005685983
03005689064
03005689724
03005682208
03005686677
03005681804
03005686878
03005689931
03005689359
03005688630
03005683966
03005687111
03005689037
03005681897
03005683882
03005682346
03005687523
03005686685
03005686240
03005688217
03005683981
03005684183
03005688010
03005686579
03005689998
03005687923
03005688733
03005685843
03005685257
03005686068
03005684308
03005685249
03005683116
03005684087
03005684734
03005681891
03005684985
03005686279
03005687559
03005684882
03005687493
03005683709
03005682802
03005688460
03005682378
03005683995
03005681507
03005688226
03005681985
03005688667
03005681780
03005687833
03005688956
03005689485
03005682129
03005685232
03005684951
03005681853
03005682968
03005687589
03005688632
03005681666
03005684406
03005685868
03005682153
03005689246
03005682291
03005683024
03005683744
03005689019
03005685832
03005682504
03005686693
03005686342
03005689462
03005686355
03005681847
03005683750
03005687842
03005682323
03005686581
03005688900
03005682818
03005681601
03005686253
03005681131
03005685248
03005689762
03005689752
03005681327
03005685705
03005681913
03005689903
03005685076
03005684054
03005686510
03005681841
03005683378
03005688980
03005689693
03005688035
03005681278
03005683382
03005685328
03005682262
03005683143
03005682666
03005688877
03005683103
03005688103
03005685126
03005685266
03005682051
03005682765
03005681587
03005684266
03005685899
03005686997
03005683997
03005682528
03005683272
03005682417
03005683314
03005683918
03005682600
03005681617
03005685206
03005685408
03005689845
03005688861
03005682629
03005681539
03005688219
03005688869
03005682105
03005687095
03005688223
03005687602
03005686787
03005684637
03005683025
03005688370
03005682466
03005682243
03005685942
03005686380
03005687165
03005682370
03005685618
03005687964
03005682727
03005687937
03005687258
03005689032
03005683097
03005687731
03005686264
03005682637
03005681112
03005681899
03005686047
03005684974
03005688128
03005681892
03005685433
03005682397
03005684193
03005685712
03005687131
03005687963
03005688592
03005686835
03005682942
03005687601
03005684063
03005683991
03005683879
03005685463
03005688568
03005685247
03005683575
03005688755
03005688197
03005684168
03005689837
03005685125
03005689870
03005682000
03005681912
03005686470
03005682418
03005686196
03005688252
03005683090
03005681731
03005689972
03005681424
03005682332
03005684764
03005682053
03005681101
03005684316
03005681431
03005689034
03005683739
03005682385
03005687173
03005682543
03005686652
03005686473
03005687292
03005686777
03005689904
03005687723
03005685595
03005689067
03005685841
03005686608
03005685962
03005686679
03005681405
03005683095
03005685739
03005683732
03005688595
03005683822
03005681322
03005686422
03005683432
03005686170
03005683066
03005685521
03005686091
03005686131
03005688136
03005684827
03005689368
03005689818
03005685945
03005688903
03005684190
03005688347
03005685366
03005686135
03005689416
03005682357
03005686411
03005685723
03005688801
03005683792
03005685938
03005688000
03005681597
03005683441
03005683948
03005682829
03005685150
03005683345
03005683733
03005684657
03005682976
03005689710
03005688472
03005687310
03005684578
03005682501
03005688905
03005687391
03005685421
03005687596
03005681465
03005684911
03005684630
03005682330
03005681728
03005686539
03005681386
03005685420
03005686988
03005688033
03005684613
03005689271
03005689381
03005686700
03005687251
03005687666
03005688062
03005689213
03005687524
03005687032
03005686175
03005685845
03005684769
03005681364
03005688714
03005682936
03005682326
03005688345
03005689760
03005682822
03005681579
03005681932
03005689749
03005681890
03005683558
03005683784
03005684467
03005688060
03005682777
03005684712
03005681535
03005689906
03005682084
03005688211
03005683447
03005686963
03005682734
03005682140
03005682515
03005682860
03005683120
03005687522
03005685541
03005685624
03005687862
03005682130
03005681677
03005688382
03005687715
03005689511
03005686558
03005685121
03005685319
03005687917
03005686172
03005686631
03005685429
03005683056
03005688971
03005687830
03005681462
03005684310
03005684862
03005682027
03005686723
03005685830
03005686900
03005689701
03005684057
03005681567
03005684208
03005681239
03005687934
03005683227
03005686605
03005685930
03005681100
03005686329
03005683819
03005685526
03005683089
03005689046
03005686562
03005685509
03005687086
03005689803
03005684149
03005689691
03005688901
03005681231
03005685788
03005686344
03005688529
03005681139
03005681475
03005688196
03005681884
03005682611
03005686856
03005681064
03005683751
03005684932
03005688697
03005682201
03005686451
03005683041
03005686730
03005685133
03005683753
03005688937
03005688594
03005682704
03005684676
03005687096
03005685552
03005684365
03005685451
03005681589
03005684698
03005685465
03005685550
03005689624
03005681935
03005687784
03005688669
03005682025
03005684377
03005685337
03005681629
03005686811
03005684884
03005683352
03005681107
03005682961
03005681320
03005682590
03005689591
03005682545
03005687675
03005687836
03005683520
03005683140
03005685515
03005681303
03005686699
03005681084
03005689481
03005687107
03005687503
03005687491
03005687105
03005687000
03005688554
03005686683
03005685083
03005686912
03005684217
03005687366
03005682009
03005687865
03005683859
03005683743
03005684445
03005681403
03005688897
03005682235
03005684130
03005688998
03005685106
03005682920
03005687874
03005681788
03005684612
03005688794
03005682268
03005683292
03005684604
03005682148
03005689703
03005687380
03005682366
03005683616
03005685856
03005686767
03005682186
03005687507
03005682679
03005688327
03005685826
03005685654
03005689281
03005681771
03005686857
03005682187
03005688496
03005685350
03005688109
03005688065
03005689616
03005685317
03005682388
03005684414
03005687717
03005681585
03005682762
03005689861
03005688161
03005686478
03005681376
03005685546
03005689493
03005681491
03005682426
03005684592
03005687566
03005685961
03005688957
03005689513
03005681105
03005686108
03005686798
03005681594
03005684983
03005684301
03005684000
03005684379
03005682425
03005689789
03005681094
03005687403
03005687546
03005685965
03005686028
03005689748
03005688446
03005686617
03005689971
03005683472
03005682050
03005689355
03005683430
03005683917
03005687208
03005681555
03005689819
03005686653
03005683063
03005686566
03005681495
03005687075
03005686829
03005685007
03005687750
03005687624
03005689270
03005681701
03005681332
03005687189
03005689996
03005681464
03005686710
03005684479
03005681048
03005687661
03005684976
03005685011
03005681949
03005681184
03005682178
03005686305
03005682581
03005689538
03005687584
03005682902
03005681306
03005683320
03005689199
03005684741
03005682306
03005686586
03005684916
03005688639
03005686283
03005682030
03005689358
03005681966
03005683536
03005683815
03005682729
03005681273
03005688770
03005688991
03005682121
03005686484
03005686246
03005684879
03005683823
03005686801
03005685445
03005682964
03005689120
03005681793
03005689604
03005689126
03005687094
03005685404
03005686781
03005685279
03005685539
03005688742
03005686839
03005684354
03005686372
03005684544
03005689919
03005681825
03005688982
03005688642
03005682490
03005689851
03005688265
03005688813
03005681901
03005689336
03005684822
03005687073
03005684320
03005685504
03005685376
03005683622
03005685795
03005686846
03005682903
03005682264
03005681427
03005688131
03005687034
03005687449
03005685733
03005682151
03005687766
03005681529
03005684959
03005681997
03005687818
03005686803
03005689268
03005683528
03005686313
03005681201
03005689707
03005684621
03005681463
03005684264
03005689526
03005687015
03005689560
03005687554
03005685456
03005682402
03005682531
03005683013
03005687807
03005684710
03005685372
03005689360
03005688920
03005687685
03005688572
03005683148
03005686527
03005683318
03005685888
03005685678
03005685950
03005687549
03005687326
03005686489
03005686791
03005687264
03005683835
03005687943
03005682436
03005686293
03005685017
03005686865
03005682005
03005687475
03005683300
03005683394
03005685871
03005684335
03005681598
03005685700
03005685551
03005682890
03005687583
03005687737
03005686208
03005681977
03005681337
03005683610
03005687328
03005682960
03005685912
03005681418
03005681994
03005689060
03005685978
03005684124
03005681536
03005681417
03005687421
03005682279
03005689661
03005682321
03005688203
03005682650
03005686831
03005682991
03005684891
03005685411
03005689451
03005681858
03005686606
03005688826
03005682935
03005683332
03005686887
03005689577
03005688414
03005687321
03005682851
03005681747
03005682798
03005689216
03005688075
03005683886
03005688094
03005683133
03005681282
03005685138
03005681021
03005686007
03005681262
03005681016
03005689746
03005689677
03005684810
03005687657
03005688946
03005681244
03005688708
03005682743
03005683871
03005689788
03005685329
03005683980
03005689930
03005686195
03005683109
03005687187
03005689999
03005681451
03005683764
03005687867
03005682438
03005681748
03005689932
03005683570
03005689257
03005687152
03005681835
03005682001
03005685370
03005681559
03005683643
03005681664
03005688207
03005689367
03005681143
03005684223
03005685629
03005686516
03005681352
03005684945
03005686310
03005689811
03005687644
03005684074
03005689565
03005689255
03005685913
03005682047
03005689495
03005688775
03005689172
03005684614
03005682636
03005684535
03005682145
03005687928
03005687071
03005689339
03005684636
03005689466
03005685523
03005681791
03005682083
03005689347
03005689541
03005682237
03005685922
03005686802
03005683621
03005683759
03005681612
03005683077
03005682270
03005682745
03005687207
03005684033
03005681769
03005681595
03005684767
03005688712
03005681970
03005689608
03005684370
03005683423
03005686971
03005685175
03005688178
03005688551
03005684735
03005687481
03005689907
03005681209
03005687551
03005686125
03005686198
03005682692
03005685154
03005685413
03005683001
03005689558
03005689874
03005685182
03005689864
03005685306
03005682866
03005687870
03005683079
03005687377
03005689418
03005681551
03005687274
03005688928
03005686650
03005688583
03005683433
03005684525
03005689530
03005684788
03005682838
03005682823
03005685470
03005688569
03005686020
03005685437
03005686556
03005686607
03005681150
03005684496
03005688240
03005682308
03005687796
03005681656
03005685990
03005682530
03005686440
03005686408
03005684573
03005688924
03005683763
03005688504
03005689568
03005685032
03005685086
03005682344
03005689029
03005682483
03005688649
03005682399
03005687058
03005683325
03005688268
03005687055
03005689033
03005686275
03005683125
03005686729
03005688798
03005684394
03005681031
03005687809
03005689644
03005682256
03005686933
03005689726
03005687038
03005686117
03005689410
03005685895
03005689181
03005683658
03005687908
03005685609
03005684597
03005681709
03005683115
03005683522
03005686089
03005687517
03005689890
03005682844
03005683518
03005682864
03005686287
03005682036
03005681502
03005682541
03005684801
03005689121
03005681093
03005686286
03005687645
03005683137
03005681938
03005685804
03005682616
03005685217
03005681119
03005683276
03005688862
03005688598
03005681279
03005687509
03005681719
03005683379
03005689754
03005689412
03005683414
03005687814
03005687222
03005683122
03005684345
03005687730
03005686405
03005683068
03005689795
03005681371
03005685857
03005689872
03005686752
03005687714
03005681224
03005687183
03005689587
03005683437
03005683355
03005683942
03005688122
03005685389
03005685706
03005681921
03005685689
03005684337
03005683009
03005684523
03005689278
03005687592
03005688073
03005689797
03005688811
03005688051
03005683481
03005688047
03005687983
03005684449
03005686137
03005685861
03005683506
03005688505
03005689372
03005687635
03005685697
03005683787
03005683698
03005688282
03005684405
03005685108
03005681140
03005682848
03005685349
03005687474
03005689640
03005688140
03005682412
03005689131
03005686106
03005689376
03005685454
03005688906
03005687804
03005683258
03005684615
03005689785
03005686316
03005683706
03005688825
03005688856
03005686602
03005684285
03005686099
03005687769
03005689075
03005682939
03005689289
03005683309
03005689103
03005688157
03005685190
03005686059
03005683094
03005686960
03005681499
03005686320
03005684967
03005683666
03005687521
03005685101
03005688006
03005684823
03005683327
03005686523
03005688618
03005686711
03005685354
03005682040
03005681362
03005687030
03005686437
03005686164
03005685596
03005688701
03005686458
03005684258
03005681693
03005683946
03005687593
03005682207
03005683844
03005682505
03005683888
03005684519
03005688302
03005685659
03005686862
03005687273
03005681554
03005687837
03005688486
03005685775
03005685538
03005681633
03005686908
03005688479
03005681053
03005684498
03005689883
03005688802
03005686487
03005687281
03005686237
03005685827
03005681155
03005685466
03005681120
03005683630
03005684018
03005684729
03005682192
03005687051
03005685021
03005684089
03005685476
03005687109
03005682925
03005684706
03005684824
03005687350
03005683214
03005683241
03005684279
03005689345
03005682621
03005688031
03005689653
03005681035
03005685727
03005686682
03005683019
03005684655
03005682179
03005683653
03005684672
03005681283
03005689377
03005684355
03005685487
03005682383
03005688887
03005682612
03005687913
03005683873
03005681187
03005689049
03005684284
03005681396
03005689643
03005684160
03005686030
03005685367
03005683053
03005681917
03005684012
03005684090
03005688270
03005687210
03005685170
03005686927
03005689588
03005681867
03005686023
03005681338
03005681165
03005688653
03005686665
03005689978
03005687270
03005682147
03005683114
03005688768
03005686995
03005681832
03005685605
03005686217
03005682535
03005682125
03005687622
03005683756
03005684688
03005682993
03005689273
03005689366
03005689908
03005685287
03005686085
03005682688
03005685173
03005683716
03005685684
03005688325
03005683026
03005683960
03005688477
03005685506
03005689365
03005688096
03005686634
03005687016
03005682257
03005682665
03005685174
03005682635
03005681965
03005688111
03005689535
03005683029
03005681050
03005681971
03005681257
03005683366
03005687289
03005682097
03005688431
03005687430
03005684989
03005684868
03005682578
03005683663
03005686159
03005684058
03005688257
03005682819
03005686591
03005682087
03005682638
03005686218
03005682891
03005683419
03005687514
03005684180
03005681081
03005686359
03005683894
03005687428
03005682910
03005688086
03005687219
03005683647
03005685999
03005682475
03005689204
03005682026
03005687388
03005681510
03005684833
03005688576
03005688183
03005683708
03005685291
03005682943
03005688411
03005688366
03005687160
03005689775
03005687916
03005687349
03005686547
03005684083
03005688072
03005686838
03005684478
03005689471
03005689612
03005683513
03005685641
03005686003
03005682699
03005688603
03005684484
03005689054
03005682333
03005688853
03005681624
03005688083
03005682656
03005688620
03005689947
03005687505
03005686760
03005681737
03005683705
03005684236
03005686119
03005681330
03005682240
03005687501
03005684695
03005683827
03005683771
03005684844
03005683848
03005681433
03005682492
03005682956
03005683527
03005686254
03005687985
03005682673
03005687846
03005685300
03005682508
03005684892
03005689933
03005685693
03005685246
03005682587
03005688994
03005682133
03005689521
03005681351
03005687108
03005689515
03005688808
03005688439
03005686991
03005683977
03005684502
03005683752
03005686389
03005689842
03005684199
03005687348
03005687568
03005689002
03005688524
03005685981
03005684077
03005684854
03005683018
03005686732
03005685646
03005686633
03005685564
03005685199
03005684205
03005681969
03005687704
03005681493
03005681849
03005681565
03005687014
03005687962
03005682024
03005681663
03005682290
03005685322
03005683783
03005688106
03005689796
03005681575
03005683534
03005686203
03005683954
03005684169
03005688430
03005688173
03005685374
03005687118
03005686339
03005685619
03005686848
03005682230
03005686074
03005686151
03005687780
03005684415
03005687062
03005686891
03005688344
03005688532
03005684924
03005681409
03005682850
03005687458
03005683623
03005689459
03005688001
03005688015
03005683535
03005683062
03005682533
03005683675
03005682974
03005686190
03005689895
03005682496
03005686043
03005685441
03005688241
03005683092
03005683099
03005687708
03005687806
03005683645
03005683795
03005689118
03005689141
03005683174
03005683249
03005686360
03005682472
03005684268
03005688008
03005681996
03005683011
03005687767
03005684805
03005688224
03005687166
03005684395
03005685309
03005682301
03005688317
03005689802
03005685141
03005689652
03005689828
03005688860
03005682977
03005684897
03005686614
03005683718
03005685627
03005684488
03005689598
03005684047
03005688052
03005683604
03005684696
03005681169
03005688989
03005681974
03005682667
03005687864
03005682669
03005689127
03005688355
03005689477
03005682168
03005687048
03005685748
03005682869
03005682048
03005688191
03005684505
03005685711
03005688253
03005685038
03005683078
03005689439
03005682811
03005689613
03005685438
03005689446
03005686885
03005682495
03005685192
03005683860
03005688571
03005681049
03005686499
03005686132
03005681879
03005681004
03005687828
03005685615
03005681242
03005684662
03005687169
03005686388
03005682760
03005689531
03005689506
03005689857
03005688682
03005684038
03005681329
03005688890
03005684977
03005683252
03005684842
03005682516
03005688187
03005689620
03005683456
03005685039
03005683774
03005685589
03005686373
03005683824
03005681568
03005685782
03005682443
03005686317
03005683057
03005686449
03005685524
03005685660
03005689968
03005681191
03005687817
03005686082
03005683402
03005687990
03005684653
03005681178
03005682932
03005685395
03005688986
03005686563
03005683158
03005685473
03005688237
03005684778
03005688289
03005682899
03005686299
03005687721
03005681290
03005682440
03005689452
03005681670
03005689651
03005686384
03005685823
03005686312
03005683186
03005683578
03005685963
03005687789
03005685383
03005686538
03005683778
03005682502
03005685189
03005684917
03005681089
03005688361
03005689259
03005688858
03005686496
03005681185
03005685079
03005682983
03005683119
03005681526
03005682601
03005687057
03005687334
03005684841
03005681925
03005681592
03005686936
03005688510
03005682338
03005682428
03005684419
03005682914
03005689132
03005686678
03005686296
03005684462
03005689362
03005682305
03005681145
03005681772
03005689815
03005688498
03005685324
03005682263
03005689456
03005683936
03005686720
03005685168
03005683596
03005687980
03005682579
03005686830
03005684438
03005685109
03005688271
03005685947
03005686686
03005681305
03005687306
03005685911
03005682110
03005689592
03005686211
03005681611
03005683704
03005685094
03005684962
03005688506
03005688977
03005682411
03005685765
03005685468
03005681170
03005684324
03005682715
03005689732
03005684705
03005683729
03005681365
03005688119
03005688151
03005687012
03005686630
03005684397
03005687462
03005688099
03005684004
03005681979
03005686368
03005688874
03005685948
03005681736
03005689476
03005686603
03005689293
03005682449
03005681972
03005686197
03005681543
03005681038
03005685734
03005687404
03005685862
03005683661
03005685585
03005685252
03005682347
03005681602
03005687113
03005687368
03005689190
03005687955
03005683841
03005689173
03005687995
03005687858
03005688101
03005684436
03005689014
03005688915
03005684073
03005688016
03005683358
03005688141
03005688318
03005686121
03005683289
03005686913
03005682664
03005681934
03005685335
03005682617
03005684603
03005689335
03005683587
03005681616
03005683042
03005687876
03005689303
03005681426
03005684646
03005681331
03005688387
03005688795
03005686025
03005681583
03005683754
03005686575
03005686673
03005688720
03005681834
03005685193
03005687490
03005687080
03005683580
03005684580
03005688246
03005684737
03005681880
03005681291
03005688402
03005683851
03005681391
03005686715
03005683672
03005684790
03005684901
03005688293
03005683869
03005689084
03005686638
03005681581
03005686042
03005687929
03005681753
03005683138
03005681960
03005682683
03005686311
03005683935
03005683807
03005684155
03005686011
03005681723
03005684144
03005689015
03005683180
03005683438
03005682723
03005685282
03005687200
03005687043
03005681324
03005681998
03005688537
03005684122
03005685263
03005681168
03005682779
03005686105
03005687039
03005684138
03005682146
03005684940
03005687623
03005687170
03005688143
03005683319
03005682647
03005688610
03005682871
03005684545
03005682955
03005687042
03005682404
03005683084
03005685752
03005685270
03005683838
03005681889
03005684722
03005684017
03005687920
03005685082
03005689225
03005684556
03005686045
03005684765
03005688966
03005683228
03005689559
03005683855
03005687669
03005685512
03005684128
03005685416
03005686549
03005681312
03005689809
03005682675
03005689695
03005685268
03005681287
03005685824
03005688262
03005687423
03005689702
03005689252
03005683060
03005682445
03005689384
03005681777
03005689989
03005686909
03005682277
03005682180
03005689856
03005681277
03005681896
03005686376
03005688600
03005685608
03005683769
03005681746
03005687526
03005685825
03005688716
03005688732
03005685746
03005686502
03005681754
03005683525
03005683453
03005685223
03005686560
03005685399
03005689035
03005687628
03005689236
03005689838
03005689390
03005685771
03005681886
03005686828
03005688331
03005683644
03005689290
03005689854
03005685951
03005685989
03005681256
03005685774
03005686330
03005686598
03005688242
03005687889
03005684811
03005684117
03005688290
03005689326
03005684616
03005684925
03005685719
03005686662
03005681504
03005683435
03005686273
03005686399
03005684721
03005685303
03005683261
03005687202
03005683507
03005683020
03005683184
03005681637
03005688586
03005684433
03005683519
03005685900
03005686628
03005684116
03005686663
03005688295
03005689547
03005681157
03005685500
03005689675
03005681136
03005689596
03005683974
03005681843
03005683168
03005689507
03005685973
03005681472
03005686915
03005684448
03005686184
03005688814
03005681037
03005683788
03005682979
03005681286
03005681674
03005686947
03005687535
03005683676
03005686111
03005682283
03005688057
03005687007
03005682103
03005684165
03005688711
03005688692
03005686009
03005687662
03005686743
03005681265
03005684011
03005685302
03005685625
03005684507
03005681115
03005688177
03005689160
03005688389
03005689461
03005681082
03005682649
03005686964
03005687863
03005685110
03005682499
03005681284
03005685213
03005683813
03005682345
03005687778
03005685764
03005683863
03005686980
03005682432
03005682500
03005683573
03005683926
03005682909
03005687629
03005685578
03005689799
03005686154
03005681511
03005686178
03005683770
03005685198
03005683280
03005686728
03005685226
03005689563
03005688368
03005681799
03005687076
03005685469
03005685729
03005682678
03005687710
03005685442
03005682672
03005684506
03005682474
03005686302
03005687396
03005685518
03005682413
03005683866
03005686150
03005689586
03005684780
03005681781
03005689151
03005688346
03005681065
03005687407
03005681110
03005682311
03005687257
03005683306
03005684070
03005683476
03005681512
03005688467
03005688273
03005681098
03005687390
03005689260
03005682724
03005686978
03005689332
03005687342
03005687149
03005685648
03005685730
03005684227
03005689363
03005684376
03005689694
03005687099
03005689794
03005689044
03005681447
03005687810
03005684638
03005681875
03005683681
03005682708
03005682172
03005683723
03005685828
03005682904
03005685461
03005686580
03005681010
03005683806
03005687285
03005683896
03005681404
03005682561
03005685243
03005685894
03005684112
03005681009
03005684611
03005686762
03005688613
03005683662
03005681740
03005681354
03005687788
03005685933
03005684195
03005684332
03005683581
03005681137
03005684003
03005682015
03005687978
03005683242
03005686495
03005681196
03005686488
03005688791
03005684451
03005681857
03005682065
03005689496
03005683170
03005687538
03005686095
03005688979
03005688753
03005684756
03005683671
03005683656
03005682596
03005688783
03005686336
03005681744
03005685245
03005687116
03005686592
03005687218
03005682824
03005685403
03005689880
03005688566
03005685385
03005681878
03005687856
03005688844
03005684736
03005684739
03005685822
03005688108
03005689031
03005689961
03005683072
03005681152
03005685120
03005689373
03005683074
03005686060
03005688832
03005681450
03005686820
03005681477
03005685253
03005687367
03005688942
03005681482
03005683367
03005682878
03005683397
03005681824
03005685800
03005685921
03005689699
03005687729
03005687560
03005686225
03005689085
03005682239
03005685492
03005684620
03005685117
03005682892
03005684318
03005685130
03005682855
03005687786
03005686593
03005687754
03005683296
03005684993
03005685621
03005689027
03005684463
03005689090
03005685344
03005688694
03005683934
03005686167
03005685128
03005683449
03005686861
03005686814
03005682450
03005688279
03005681454
03005689728
03005687018
03005686844
03005687582
03005688470
03005686986
03005684091
03005686465
03005688676
03005686027
03005689280
03005684198
03005686687
03005685019
03005684336
03005689779
03005687743
03005689475
03005684762
03005689298
03005687445
03005682118
03005684906
03005681508
03005688487
03005685333
03005688030
03005685464
03005683422
03005682075
03005686984
03005686704
03005683773
03005682174
03005686660
03005686374
03005686069
03005682562
03005689323
03005681815
03005688995
03005685145
03005687167
03005682711
03005681524
03005684518
03005684272
03005682548
03005685179
03005681299
03005686508
03005687352
03005683982
03005683969
03005682901
03005688102
03005683224
03005681071
03005686048
03005688945
03005686010
03005687146
03005686468
03005688276
03005682128
03005689816
03005683993
03005681646
03005687733
03005681382
03005686969
03005683526
03005681194
03005684770
03005685545
03005685340
03005684275
03005687845
03005685479
03005687045
03005683943
03005681640
03005685475
03005689021
03005685573
03005683257
03005683022
03005689852
03005689489
03005685931
03005687609
03005689697
03005689876
03005689203
03005689308
03005682870
03005682797
03005685873
03005682353
03005682159
03005688707
03005681471
03005682482
03005689313
03005687194
03005681114
03005686143
03005684245
03005681763
03005684197
03005689817
03005682682
03005681812
03005684015
03005687400
03005686949
03005681661
03005687636
03005688792
03005682984
03005687329
03005687472
03005687223
03005686138
03005689429
03005687394
03005689529
03005686140
03005686689
03005685929
03005683556
03005687565
03005685602
03005683968
03005686759
03005681628
03005689549
03005688456
03005685662
03005681716
03005684954
03005689721
03005683890
03005684816
03005684369
03005684667
03005685332
03005682272
03005682594
03005684247
03005681603
03005687046
03005681820
03005687851
03005687436
03005684212
03005687605
03005686671
03005685881
03005686754
03005687486
03005683484
03005684216
03005688843
03005686863
03005686901
03005689062
03005681684
03005683700
03005689073
03005687102
03005681798
03005687782
03005689186
03005683843
03005686661
03005683198
03005688556
03005687575
03005684145
03005688740
03005683353
03005683220
03005684334
03005684367
03005683707
03005688093
03005686764
03005682063
03005688248
03005688373
03005686937
03005687597
03005684082
03005687567
03005682969
03005684288
03005684927
03005683096
03005684176
03005683165
03005682717
03005688160
03005688876
03005688463
03005689841
03005684184
03005688090
03005681092
03005687079
03005685555
03005684949
03005688590
03005689977
03005683789
03005684658
03005681058
03005685867
03005688872
03005689440
03005683088
03005684928
03005689346
03005682945
03005684065
03005682858
03005687621
03005685991
03005681778
03005686475
03005685890
03005687399
03005685088
03005684743
03005686445
03005683502
03005688212
03005689793
03005685312
03005684693
03005683293
03005687480
03005687429
03005686948
03005684032
03005682610
03005685576
03005687437
03005685073
03005687119
03005688666
03005684361
03005682648
03005686104
03005686642
03005681986
03005683475
03005689443
03005685853
03005687302
03005688164
03005684328
03005688511
03005684349
03005682477
03005683762
03005689980
03005685811
03005687869
03005682759
03005684835
03005688538
03005683850
03005687144
03005681528
03005683987
03005688596
03005684178
03005683614
03005683166
03005684022
03005684452
03005688672
03005685235
03005688954
03005681839
03005684930
03005689080
03005685419
03005686944
03005686124
03005683939
03005687658
03005684607
03005683016
03005682615
03005682002
03005688309
03005684177
03005685731
03005687136
03005683562
03005689311
03005682853
03005682478
03005682634
03005684681
03005683607
03005681288
03005681206
03005685250
03005689955
03005689533
03005685955
03005688559
03005681005
03005681836
03005686670
03005684777
03005682948
03005689950
03005689528
03005681995
03005687204
03005684536
03005688352
03005686739
03005689409
03005682294
03005688088
03005687134
03005684524
03005681885
03005686071
03005683797
03005688734
03005685708
03005685803
03005688340
03005688480
03005688333
03005688578
03005688633
03005681596
03005688837
03005687642
03005681132
03005687761
03005686877
03005681243
03005689048
03005681927
03005685090
03005687295
03005687854
03005682003
03005689759
03005684581
03005682117
03005687137
03005681538
03005688423
03005686871
03005684464
03005682602
03005686982
03005683150
03005682555
03005682804
03005688621
03005684426
03005688009
03005686919
03005689681
03005685757
03005684255
03005689125
03005683012
03005688640
03005689393
03005688700
03005682691
03005681358
03005685927
03005684703
03005689448
03005681138
03005682710
03005687896
03005689498
03005688721
03005682078
03005681452
03005681614
03005681930
03005683902
03005689227
03005688587
03005682639
03005681735
03005685998
03005687384
03005685561
03005689025
03005688485
03005686308
03005683857
03005687379
03005685111
03005689202
03005686882
03005683970
03005689905
03005685891
03005684564
03005689581
03005681910
03005689106
03005686985
03005686144
03005682364
03005687382
03005687092
03005687595
03005681414
03005682810
03005682896
03005687648
03005687764
03005686554
03005686968
03005685655
03005681075
03005688528
03005684460
03005688789
03005683910
03005681205
03005685151
03005687646
03005688967
03005683177
03005689206
03005688184
03005688730
03005684517
03005681557
03005682062
03005683323
03005682310
03005684477
03005684453
03005684708
03005684262
03005689320
03005683348
03005689176
03005684866
03005686012
03005683461
03005683471
03005685886
03005682203
03005683767
03005687069
03005689632
03005683690
03005689464
03005681240
03005686207
03005684491
03005686530
03005684050
03005684081
03005686021
03005686943
03005685831
03005689790
03005688481
03005681056
03005687933
03005689866
03005682340
03005687383
03005685543
03005685075
03005684798
03005688665
03005682108
03005687002
03005685939
03005685532
03005686941
03005686005
03005687450
03005686612
03005687279
03005689330
03005684459
03005687745
03005686741
03005685208
03005686145
03005685901
03005683478
03005683340
03005682622
03005681822
03005682815
03005687433
03005685949
03005682503
03005686712
03005688392
03005688493
03005683254
03005685061
03005681379
03005682924
03005688652
03005688729
03005689324
03005683462
03005687356
03005686797
03005683642
03005686763
03005689881
03005684760
03005687713
03005689129
03005681961
03005689698
03005682481
03005682831
03005683493
03005688704
03005684933
03005682487
03005685028
03005683330
03005686063
03005681696
03005683808
03005689482
03005685135
03005684311
03005687541
03005688070
03005685009
03005689504
03005685161
03005688847
03005685278
03005681610
03005683238
03005683683
03005684874
03005689863
03005682796
03005683304
03005683192
03005681156
03005688553
03005688304
03005686636
03005687894
03005689247
03005686017
03005686415
03005688531
03005682479
03005684562
03005688170
03005683130
03005688483
03005685728
03005681353
03005683409
03005689516
03005689646
03005681188
03005687993
03005687023
03005683978
03005685758
03005689237
03005681434
03005686395
03005686822
03005685593
03005682343
03005683033
03005688036
03005684820
03005686075
03005687844
03005683335
03005685230
03005689055
03005689097
03005688247
03005684031
03005686532
03005687625
03005685616
03005686189
03005683892
03005685323
03005681267
03005683034
03005682427
03005681066
03005684483
03005681260
03005684679
03005683571
03005684723
03005689179
03005682954
03005688208
03005687298
03005683362
03005684948
03005682791
03005689497
03005687968
03005684292
03005682839
03005682733
03005686576
03005687500
03005682160
03005682614
03005687722
03005685029
03005682770
03005681852
03005684053
03005682328
03005683235
03005683710
03005686319
03005689761
03005681221
03005689639
03005681987
03005688421
03005682653
03005689696
03005683027
03005683554
03005684683
03005685640
03005683914
03005682408
03005689593
03005687738
03005685406
03005681929
03005684838
03005684348
03005688857
03005689070
03005688180
03005685846
03005681724
03005686032
03005689858
03005689292
03005682895
03005681042
03005685288
03005688147
03005681708
03005685081
03005685672
03005685761
03005688779
03005685417
03005683550
03005688973
03005682471
03005684497
03005686942
03005685876
03005685056
03005681509
03005681743
03005687988
03005685669
03005683568
03005682008
03005684952
03005688397
03005686414
03005684547
03005682419
03005687519
03005683007
03005684441
03005684232
03005685057
03005682707
03005682755
03005683396
03005683650
03005683912
03005684766
03005688025
03005684251
03005681397
03005685036
03005689747
03005689982
03005685570
03005686056
03005682538
03005685290
03005686745
03005686977
03005687259
03005681657
03005685261
03005688895
03005688357
03005681039
03005683631
03005683931
03005688167
03005681548
03005687971
03005684249
03005683354
03005684281
03005685617
03005686651
03005687465
03005682514
03005685202
03005685878
03005685118
03005684645
03005689810
03005688607
03005684531
03005689245
03005689886
03005681103
03005686740
03005688573
03005681383
03005687376
03005682947
03005681683
03005684386
03005682800
03005688053
03005685572
03005684439
03005684746
03005689808
03005686702
03005682627
03005685569
03005684867
03005686629
03005684494
03005685218
03005685474
03005682035
03005682058
03005686923
03005683880
03005683305
03005684314
03005687841
03005686664
03005686692
03005684133
03005689835
03005686244
03005689959
03005688849
03005686113
03005683444
03005687932
03005681460
03005684172
03005689491
03005687989
03005688150
03005687823
03005689605
03005689099
03005688313
03005682339
03005687728
03005684277
03005689161
03005685638
03005683310
03005682098
03005689944
03005688703
03005685982
03005688021
03005688385
03005689166
03005688964
03005688533
03005682211
03005686181
03005687013
03005689155
03005685852
03005684352
03005687103
03005686513
03005689571
03005682603
03005682424
03005687533
03005685169
03005684046
03005681198
03005689626
03005682593
03005685906
03005682812
03005685271
03005685116
03005681310
03005681148
03005684845
03005685807
03005687293
03005682331
03005685462
03005681691
03005684244
03005689780
03005684589
03005683986
03005685122
03005689007
03005689500
03005681241
03005687245
03005684454
03005681292
03005689371
03005688760
03005688007
03005683695
03005681662
03005687374
03005685491
03005689745
03005683800
03005687161
03005689722
03005684139
03005685132
03005685954
03005688736
03005685801
03005688539
03005681181
03005689900
03005688749
03005689427
03005688688
03005685750
03005682209
03005688044
03005681829
03005689519
03005682805
03005684181
03005689058
03005688581
03005681622
03005683123
03005685095
03005689583
03005685051
03005684027
03005682879
03005688992
03005686921
03005687262
03005688116
03005685459
03005689375
03005687145
03005687756
03005689633
03005683259
03005685797
03005685943
03005689773
03005685874
03005687066
03005684714
03005685176
03005681440
03005684863
03005688182
03005685164
03005683898
03005686123
03005684689
03005688604
03005685244
03005688471
03005683865
03005683489
03005683949
03005683785
03005689465
03005689107
03005683106
03005681547
03005683118
03005685123
03005684859
03005681223
03005684019
03005689164
03005684704
03005681928
03005682592
03005683233
03005686462
03005689673
03005688123
03005681254
03005681171
03005688162
03005685031
03005689885
03005683201
03005683341
03005685397
03005683333
03005682173
03005681264
03005682060
03005689680
03005686079
03005686543
03005687577
03005688601
03005684111
03005681342
03005687852
03005683904
03005684943
03005685238
03005682484
03005682177
03005687882
03005686528
03005682258
03005683766
03005681370
03005688821
03005683738
03005686324
03005687687
03005688409
03005686062
03005689967
03005684550
03005682676
03005682554
03005684055
03005685480
03005687115
03005685656
03005684421
03005688780
03005685065
03005681063
03005682312
03005685837
03005683839
03005682276
03005689798
03005685702
03005687885
03005689291
03005684372
03005687936
03005685067
03005688530
03005683142
03005689704
03005689711
03005689618
03005683418
03005688081
03005681903
03005684151
03005689628
03005685936
03005689807
03005682462
03005686851
03005687594
03005689911
03005682742
03005684490
03005682127
03005685533
03005684539
03005687716
03005685647
03005686073
03005684283
03005687028
03005684864
03005683236
03005685698
03005688542
03005683878
03005688722
03005686318
03005682852
03005683590
03005685418
03005683176
03005689636
03005683867
03005682089
03005684557
03005684492
03005686557
03005687878
03005685251
03005683584
03005681856
03005684853
03005688221
03005681651
03005686645
03005682166
03005683285
03005686749
03005682950
03005689896
03005688831
03005688536
03005688589
03005681760
03005682336
03005684632
03005687925
03005683916
03005684878
03005686746
03005685348
03005687969
03005685239
03005682086
03005682205
03005681207
03005683817
03005683606
03005687981
03005688229
03005684724
03005685048
03005686263
03005686461
03005682788
03005683923
03005683847
03005689829
03005684656
03005688406
03005687401
03005688092
03005683591
03005682789
03005689869
03005683911
03005689544
03005684107
03005681505
03005688868
03005681237
03005689285
03005682559
03005681316
03005686365
03005683374
03005687540
03005685489
03005686204
03005684831
03005682828
03005684809
03005682918
03005689988
03005685701
03005685722
03005683040
03005687090
03005688115
03005682865
03005685346
03005682275
03005689414
03005684640
03005682132
03005682434
03005688422
03005683339
03005689983
03005683552
03005688677
03005685450
03005684475
03005683496
03005682756
03005681304
03005684342
03005684500
03005681761
03005683164
03005688399
03005688089
03005687563
03005683905
03005682362
03005682169
03005684363
03005685043
03005684186
03005689369
03005682589
03005688239
03005687632
03005688018
03005688114
03005681991
03005683181
03005681545
03005684306
03005688841
03005689042
03005689715
03005688301
03005685293
03005689263
03005686717
03005684450
03005689962
03005688695
03005689582
03005687667
03005689253
03005681030
03005686238
03005681861
03005682640
03005689333
03005686433
03005687387
03005689778
03005687494
03005683842
03005681871
03005688152
03005688541
03005685514
03005682712
03005683930
03005682375
03005681818
03005689004
03005686918
03005688149
03005684263
03005684118
03005684855
03005686337
03005682068
03005683529
03005688328
03005686072
03005687991
03005685902
03005681848
03005687697
03005686347
03005689927
03005683132
03005686957
03005688709
03005683104
03005684856
03005683595
03005683955
03005685682
03005684623
03005681988
03005689441
03005684921
03005689421
03005682289
03005682807
03005688926
03005688455
03005688654
03005684203
03005688507
03005686409
03005687957
03005683359
03005686100
03005685665
03005683538
03005688871
03005688098
03005685932
03005688912
03005689859
03005687483
03005686906
03005686269
03005687536
03005684649
03005686860
03005685934
03005682586
03005689993
03005688523
03005683776
03005686050
03005686356
03005685597
03005684889
03005689543
03005684243
03005682410
03005688717
03005686939
03005681478
03005689294
03005685511
03005686731
03005686490
03005686087
03005683107
03005682261
03005682494
03005683129
03005686149
03005686213
03005689023
03005683010
03005687406
03005683054
03005687044
03005681855
03005683455
03005684137
03005686223
03005683990
03005687586
03005684409
03005686876
03005682455
03005682641
03005686216
03005689862
03005687855
03005689083
03005689207
03005686853
03005688079
03005682244
03005688254
03005681650
03005682842
03005682453
03005683416
03005689214
03005684800
03005683188
03005687956
03005689315
03005684929
03005684455
03005686847
03005688987
03005684007
03005684631
03005682296
03005688691
03005689891
03005687082
03005688859
03005687409
03005687451
03005685667
03005687516
03005683028
03005681123
03005687639
03005689133
03005684684
03005685482
03005689148
03005688938
03005681203
03005688386
03005689627
03005684309
03005681416
03005686952
03005688482
03005681546
03005682292
03005685127
03005683648
03005682929
03005681211
03005689208
03005689010
03005684302
03005682681
03005685448
03005683468
03005688497
03005688696
03005689232
03005686035
03005683533
03005685234
03005681481
03005684005
03005688148
03005688308
03005683741
03005685053
03005685299
03005686332
03005684400
03005681204
03005689143
03005689379
03005682513
03005688835
03005687447
03005682365
03005685977
03005684501
03005686397
03005685004
03005685726
03005687651
03005685773
03005686600
03005684340
03005689003
03005687800
03005688921
03005687201
03005689687
03005681492
03005689312
03005682342
03005685925
03005686294
03005685908
03005689074
03005684021
03005681340
03005688626
03005689220
03005688172
03005683183
03005689831
03005683569
03005689647
03005682913
03005685143
03005684813
03005683512
03005688338
03005689848
03005689492
03005688432
03005681422
03005689929
03005684792
03005688519
03005684211
03005682752
03005689480
03005688575
03005682355
03005686647
03005688932
03005685737
03005686782
03005688778
03005682091
03005689902
03005688777
03005682141
03005681067
03005684393
03005688752
03005687037
03005682011
03005682720
03005683735
03005683428
03005681377
03005689973
03005689578
03005687899
03005683577
03005688398
03005687868
03005689953
03005682303
03005686589
03005684559
03005681484
03005681285
03005682064
03005681144
03005685041
03005686215
03005686046
03005683915
03005689153
03005684851
03005688579
03005686531
03005688324
03005685455
03005682143
03005687763
03005684575
03005683086
03005683267
03005681652
03005681794
03005688330
03005683524
03005689975
03005688513
03005682204
03005687369
03005684648
03005682373
03005684999
03005683609
03005689522
03005687364
03005682350
03005684179
03005688606
03005689536
03005685378
03005686066
03005683199
03005688085
03005688133
03005685156
03005689994
03005687907
03005684157
03005682863
03005684489
03005684773
03005689254
03005681790
03005688299
03005689576
03005684926
03005683081
03005689024
03005683598
03005682074
03005683466
03005683178
03005686514
03005687217
03005683127
03005685033
03005685167
03005681068
03005685052
03005688412
03005688362
03005682632
03005682782
03005683836
03005681438
03005689224
03005688622
03005687097
03005689688
03005685928
03005684670
03005682785
03005685063
03005683290
03005685134
03005685153
03005683225
03005685422
03005681086
03005688258
03005684142
03005684909
03005685018
03005685388
03005681227
03005683971
03005688067
03005684561
03005687569
03005687599
03005685926
03005682569
03005687979
03005688227
03005686668
03005686546
03005686497
03005687562
03005683000
03005688426
03005687355
03005689188
03005686542
03005684312
03005688564
03005683585
03005684280
03005683427
03005689230
03005689682
03005681015
03005683287
03005683521
03005685212
03005688238
03005689111
03005681455
03005687265
03005686412
03005685318
03005683069
03005684834
03005682337
03005687311
03005687880
03005683139
03005687410
03005684067
03005683002
03005689617
03005689457
03005686779
03005687235
03005685188
03005685953
03005685735
03005682821
03005681762
03005687442
03005688699
03005683620
03005683239
03005682073
03005681146
03005688453
03005687340
03005683405
03005687004
03005684586
03005686383
03005682953
03005681246
03005681258
03005682441
03005688888
03005681615
03005684307
03005686300
03005686088
03005689970
03005687499
03005685816
03005687277
03005685974
03005684407
03005683983
03005682045
03005686321
03005689119
03005687282
03005688452
03005682054
03005688286
03005687909
03005686358
03005688883
03005682826
03005689098
03005686466
03005688012
03005684480
03005682820
03005689407
03005686188
03005681487
03005681984
03005682100
03005686804
03005685274
03005683245
03005684329
03005684470
03005689545
03005683862
03005688773
03005689234
03005687305
03005685805
03005681898
03005688127
03005681142
03005689508
03005681667
03005687176
03005682738
03005682067
03005689282
03005689575
03005686872
03005683734
03005681717
03005683746
03005681942
03005684528
03005688297
03005689875
03005686582
03005687768
03005685848
03005686163
03005682803
03005684051
03005681124
03005681904
03005689659
03005683646
03005685866
03005686109
03005687608
03005686930
03005687139
03005688879
03005688828
03005682196
03005688969
03005683726
03005681975
03005687570
03005688914
03005683230
03005681175
03005686998
03005687253
03005687427
03005686229
03005684398
03005682520
03005684446
03005681659
03005687966
03005685664
03005683922
03005685222
03005688698
03005681671
03005684278
03005687638
03005689341
03005682599
03005682938
03005684522
03005683270
03005683331
03005688046
03005684008
03005686994
03005687588
03005689307
03005684472
03005682606
03005682846
03005688935
03005685594
03005684558
03005681811
03005686116
03005689400
03005682623
03005685984
03005687873
03005683786
03005687485
03005681923
03005681672
03005684791
03005683334
03005688040
03005685591
03005687214
03005687665
03005683680
03005686534
03005686836
03005689867
03005689340
03005684191
03005688235
03005686333
03005689987
03005685423
03005683302
03005684444
03005685536
03005688427
03005688234
03005684582
03005684013
03005687914
03005689847
03005685387
03005686120
03005681876
03005686491
03005684583
03005687001
03005689548
03005687252
03005688144
03005687266
03005681076
03005681425
03005682726
03005685688
03005688110
03005683209
03005685103
03005681645
03005683651
03005683058
03005682567
03005689242
03005682029
03005687746
03005687238
03005688867
03005682273
03005686270
03005682827
03005684665
03005684026
03005688359
03005688230
03005681513
03005682149
03005688059
03005687520
03005684647
03005686736
03005687654
03005683828
03005681833
03005688615
03005683679
03005688329
03005683780
03005684533
03005681080
03005685720
03005686058
03005687456
03005684207
03005685207
03005684200
03005685002
03005683612
03005686718
03005683205
03005688929
03005688616
03005688893
03005686049
03005687725
03005681153
03005681261
03005686515
03005681130
03005688216
03005681710
03005687190
03005683446
03005682747
03005689650
03005685603
03005685544
03005687104
03005684389
03005688815
03005685197
03005684271
03005685008
03005685777
03005683274
03005681738
03005688082
03005683281
03005681436
03005689411
03005684567
03005681644
03005681570
03005687300
03005681933
03005681759
03005688799
03005682251
03005689076
03005687686
03005689488
03005689071
03005685809
03005683945
03005686084
03005686112
03005688335
03005683386
03005687477
03005688741
03005688522
03005682369
03005682442
03005686564
03005682922
03005684434
03005684935
03005684793
03005684390
03005685196
03005688061
03005685129
03005684890
03005688864
03005685209
03005683992
03005685635
03005682394
03005687647
03005684849
03005683440
03005687381
03005687508
03005688934
03005684303
03005688451
03005689937
03005688245
03005683668
03005685115
03005681355
03005681323
03005688243
03005682721
03005681756
03005681692
03005683451
03005689262
03005688499
03005685495
03005681193
03005687278
03005686309
03005686026
03005689525
03005681838
03005681235
03005685909
03005687930
03005681789
03005687177
03005689564
03005682843
03005688948
03005683163
03005681222
03005689484
03005685262
03005685792
03005685790
03005686823
03005681445
03005681027
03005682215
03005688305
03005685264
03005687977
03005684503
03005684540
03005684416
03005688658
03005688509
03005681496
03005684803
03005682176
03005682137
03005688168
03005684965
03005684750
03005688659
03005684944
03005689256
03005683448
03005689899
03005681407
03005687283
03005687677
03005686818
03005687924
03005683856
03005686371
03005683692
03005683557
03005683091
03005681180
03005685013
03005688723
03005685097
03005686931
03005689239
03005683749
03005684126
03005683517
03005687550
03005681593
03005686114
03005683047
03005686808
03005682937
03005685889
03005681070
03005684587
03005687770
03005684401
03005685916
03005684396
03005681948
03005683919
03005686824
03005686524
03005682260
03005688120
03005688300
03005689102
03005687249
03005688582
03005687005
03005683288
03005685276
03005684170
03005685658
03005682461
03005681266
03005685430
03005684034
03005688810
03005688055
03005687232
03005684425
03005685104
03005689189
03005689250
03005682582
03005683075
03005682354
03005681690
03005683131
03005684282
03005681521
03005689822
03005684440
03005682297
03005689772
03005688949
03005683689
03005683994
03005686721
03005684720
03005682329
03005686761
03005687010
03005687702
03005684629
03005684100
03005685099
03005685471
03005685975
03005681582
03005683498
03005689873
03005685839
03005685632
03005687133
03005686153
03005684691
03005682758
03005688673
03005682254
03005688049
03005681767
03005681956
03005688503
03005689275
03005689990
03005682389
03005687296
03005681028
03005684240
03005687655
03005687254
03005689553
03005683720
03005686295
03005684730
03005681864
03005687336
03005681453
03005684839
03005688886
03005689949
03005685940
03005683909
03005687881
03005687414
03005685810
03005683539
03005681486
03005683576
03005689509
03005688525
03005686920
03005687351
03005689079
03005681321
03005686537
03005681226
03005681604
03005683613
03005685357
03005683344
03005681125
03005682931
03005684039
03005684747
03005681300
03005686940
03005681423
03005684187
03005682106
03005688687
03005681946
03005687372
03005687996
03005683474
03005686037
03005682077
03005686187
03005685742
03005687124
03005686147
03005681225
03005686574
03005682690
03005689392
03005687417
03005685690
03005681334
03005685494
03005684289
03005683197
03005688852
03005686894
03005685558
03005684908
03005685311
03005684115
03005685880
03005682540
03005688636
03005682480
03005682134
03005685050
03005688068
03005683346
03005682685
03005685155
03005681052
03005682111
03005687359
03005681219
03005683093
03005689679
03005681429
03005688936
03005683301
03005687226
03005686858
03005683801
03005683547
03005681725
03005681466
03005684961
03005684259
03005682813
03005681348
03005686448
03005687003
03005687973
03005687448
03005683486
03005681335
03005684194
03005682595
03005688990
03005685704
03005681367
03005681907
03005682278
03005686649
03005685835
03005681122
03005685877
03005685360
03005681578
03005684136
03005686179
03005688680
03005685478
03005688316
03005684357
03005682138
03005688288
03005688548
03005682018
03005683080
03005687739
03005682598
03005688772
03005685187
03005688908
03005685769
03005685896
03005687630
03005681999
03005687615
03005684981
03005687466
03005686077
03005689638
03005686015
03005682158
03005689374
03005683523
03005682460
03005683553
03005687905
03005687580
03005687426
03005685851
03005682534
03005683989
03005688441
03005683250
03005682776
03005683697
03005682327
03005685427
03005688651
03005681020
03005687236
03005689574
03005687672
03005683311
03005685997
03005688547
03005687168
03005684920
03005685716
03005682386
03005681390
03005687412
03005687024
03005688562
03005681699
03005684774
03005685037
03005686690
03005683713
03005683775
03005683779
03005681522
03005684579
03005684850
03005681544
03005685681
03005688379
03005689130
03005688469
03005689767
03005685686
03005683745
03005682165
03005683248
03005683664
03005686426
03005688306
03005687033
03005689016
03005685016
03005683017
03005685377
03005683586
03005687573
03005689328
03005682591
03005682391
03005687203
03005685553
03005682236
03005686832
03005683515
03005687398
03005682868
03005685452
03005685439
03005682836
03005681479
03005682780
03005688231
03005689501
03005682958
03005685211
03005685507
03005689786
03005687457
03005683686
03005686674
03005688690
03005687182
03005688220
03005684532
03005682316
03005688461
03005684643
03005684972
03005684650
03005682695
03005681366
03005688823
03005681238
03005684267
03005689725
03005687682
03005689888
03005685296
03005682023
03005686505
03005687961
03005687926
03005681029
03005682184
03005684504
03005687127
03005684299
03005688806
03005685020
03005684753
03005681525
03005687478
03005689784
03005684286
03005682423
03005683380
03005684733
03005686306
03005684673
03005685497
03005689138
03005685833
03005682875
03005687755
03005685066
03005686435
03005681810
03005687838
03005686725
03005689566
03005684068
03005687006
03005684596
03005683411
03005681722
03005684537
03005683151
03005686755
03005682583
03005681642
03005685281
03005687008
03005683937
03005689871
03005686880
03005686357
03005683810
03005681914
03005684639
03005689434
03005687772
03005687712
03005681099
03005687892
03005689210
03005684196
03005683611
03005686271
03005689830
03005681480
03005689494
03005685285
03005688889
03005686019
03005689631
03005684669
03005689094
03005689168
03005686738
03005683846
03005686905
03005682170
03005685071
03005686753
03005687791
03005689940
03005686773
03005683356
03005681506
03005681384
03005682163
03005688176
03005684609
03005681653
03005689051
03005683445
03005682933
03005681571
03005684748
03005682694
03005685520
03005685639
03005681872
03005684699
03005683703
03005681768
03005684304
03005687939
03005681531
03005689231
03005686713
03005688364
03005684408
03005689709
03005684062
03005684675
03005687068
03005687331
03005683412
03005684220
03005687050
03005688804
03005687345
03005689077
03005687581
03005684225
03005687064
03005685162
03005683045
03005684990
03005689641
03005682088
03005688661
03005683514
03005681620
03005687970
03005687941
03005686251
03005689662
03005681002
03005689486
03005688881
03005687067
03005688341
03005689717
03005684319
03005686250
03005681950
03005688185
03005686284
03005685766
03005683485
03005684358
03005686205
03005681085
03005683247
03005685486
03005686914
03005686033
03005685756
03005681931
03005686126
