03009083453
03009081913
03009086690
03009084551
03009085724
03009085558
03009084302
03009081263
03009084822
03009087531
03009089029
03009081071
03009086381
03009087940
03009082053
03009086961
03009081235
03009081007
03009086759
03009083788
03009088748
03009086670
03009083433
03009081486
03009089391
03009082781
03009081844
03009082205
03009087865
03009085929
03009082398
03009086538
03009084007
03009081501
03009082771
03009081599
03009085238
03009088321
03009087391
03009088262
03009081487
03009084867
03009088456
03009081948
03009081001
03009082686
03009081821
03009089930
03009085215
03009081883
03009088888
03009083336
03009088139
03009086248
03009089227
03009084176
03009086123
03009084562
03009084304
03009086823
03009089734
03009088236
03009089166
03009084852
03009088438
03009086396
03009086238
03009081945
03009085665
03009083029
03009087443
03009082558
03009089518
03009086043
03009085999
03009081634
03009081323
03009082124
03009082612
03009081902
03009081143
03009081086
03009084086
03009085364
03009084152
03009085124
03009082765
03009083519
03009086969
03009081492
03009084366
03009085020
03009081397
03009082649
03009088923
03009085064
03009083689
03009088384
03009084658
03009084032
03009082928
03009082981
03009084698
03009087121
03009086333
03009088297
03009082950
03009088256
03009085252
03009089108
03009086399
03009085882
03009086581
03009085360
03009088877
03009082318
03009082070
03009088077
03009085998
03009089074
03009084506
03009087268
03009086302
03009089962
03009082979
03009085804
03009081595
03009089485
03009087453
03009082701
03009089428
03009086324
03009085239
03009087376
03009081171
03009083366
03009086431
03009085222
03009084018
03009083235
03009089114
03009085912
03009084997
03009086767
03009082341
03009089703
03009081429
03009088378
03009081619
03009088659
03009084957
03009085618
03009085660
03009086678
03009083971
03009087159
03009083353
03009082492
03009081355
03009088771
03009087798
03009086406
03009086971
03009089558
03009081341
03009087984
03009087706
03009081892
03009088703
03009081645
03009085056
03009081270
03009088153
03009085730
03009083195
03009086101
03009081107
03009085833
03009082394
03009081366
03009089621
03009081716
03009084492
03009086454
03009086207
03009083078
03009082729
03009082662
03009084464
03009081315
03009089506
03009088025
03009087208
03009081719
03009083722
03009086485
03009082916
03009088661
03009087883
03009089901
03009084347
03009087506
03009086289
03009088241
03009083964
03009082715
03009086391
03009081189
03009087664
03009081964
03009084011
03009086203
03009088192
03009081720
03009086267
03009083214
03009085437
03009082496
03009088567
03009088046
03009082393
03009086806
03009086838
03009087704
03009085986
03009089638
03009084382
03009086442
03009084621
03009082917
03009083733
03009082885
03009081464
03009085274
03009084210
03009088202
03009088213
03009082243
03009086338
03009081473
03009086799
03009089350
03009085494
03009081822
03009089016
03009089279
03009085452
03009081047
03009089836
03009087508
03009087540
03009085406
03009087977
03009083076
03009082009
03009084746
03009083043
03009089047
03009083317
03009086727
03009086446
03009082056
03009085011
03009087224
03009088203
03009081708
03009087488
03009085388
03009085881
03009086970
03009088929
03009085934
03009083573
03009082497
03009083638
03009083049
03009083956
03009087733
03009083542
03009082796
03009087676
03009084265
03009087286
03009084328
03009086726
03009083756
03009085216
03009088504
03009082288
03009082833
03009083395
03009085497
03009083823
03009081890
03009088127
03009086588
03009087533
03009083179
03009084654
03009081006
03009082717
03009083079
03009088812
03009089469
03009086549
03009086640
03009088712
03009088514
03009082214
03009089547
03009085987
03009087379
03009084193
03009086250
03009087184
03009084681
03009087525
03009085534
03009089749
03009082330
03009081747
03009084921
03009087367
03009082778
03009083021
03009083258
03009084568
03009081249
03009087913
03009084286
03009083753
03009088576
03009089517
03009084120
03009084881
03009083283
03009084275
03009084179
03009082395
03009081283
03009085994
03009089846
03009087278
03009086325
03009085191
03009087544
03009088376
03009089719
03009084218
03009084892
03009085347
03009085403
03009088513
03009088151
03009089436
03009086525
03009082728
03009086348
03009086129
03009086279
03009081963
03009083431
03009089140
03009085164
03009083405
03009087153
03009085474
03009088150
03009084173
03009084972
03009088916
03009084368
03009082931
03009085743
03009086933
03009089376
03009083704
03009089537
03009084566
03009089534
03009083684
03009082889
03009084114
03009085606
03009086730
03009083846
03009087749
03009081451
03009084624
03009084618
03009086115
03009089319
03009082563
03009088251
03009088137
03009081161
03009081786
03009086891
03009081223
03009084245
03009086068
03009084117
03009081173
03009089596
03009083782
03009086505
03009085794
03009082425
03009086742
03009087397
03009083896
03009087911
03009081049
03009083922
03009083306
03009087724
03009086698
03009086149
03009089555
03009088857
03009089597
03009081804
03009084679
03009087605
03009085772
03009087590
03009086813
03009088314
03009083466
03009089566
03009081715
03009083683
03009086010
03009082947
03009087341
03009086967
03009085657
03009087652
03009082192
03009089373
03009081921
03009088666
03009081886
03009083987
03009082968
03009087916
03009086521
03009089369
03009087968
03009081618
03009081573
03009089998
03009081977
03009081825
03009083176
03009089381
03009085612
03009088428
03009087076
03009088344
03009084535
03009087366
03009081788
03009085965
03009081041
03009088496
03009087362
03009089484
03009087675
03009083138
03009084339
03009085719
03009083603
03009083844
03009083799
03009084096
03009081597
03009082109
03009086011
03009085515
03009083791
03009085634
03009088271
03009086580
03009084845
03009088235
03009081995
03009087351
03009082744
03009082198
03009081993
03009081950
03009085765
03009088327
03009089471
03009084256
03009082089
03009082323
03009088839
03009087486
03009087457
03009084361
03009085778
03009081767
03009088030
03009083276
03009086746
03009084438
03009085257
03009085777
03009086964
03009085407
03009088539
03009082830
03009084902
03009082343
03009088367
03009082915
03009081404
03009081851
03009088447
03009088034
03009085769
03009082126
03009085840
03009083688
03009082129
03009088029
03009086334
03009081272
03009082493
03009084813
03009082914
03009081568
03009081901
03009085248
03009082913
03009087487
03009086421
03009081987
03009081500
03009088800
03009082920
03009089246
03009083475
03009083550
03009089493
03009083936
03009085142
03009089089
03009081445
03009084374
03009089916
03009089582
03009085242
03009084620
03009088598
03009085237
03009082088
03009087876
03009082420
03009084134
03009087731
03009085967
03009085624
03009081261
03009083000
03009087094
03009085454
03009085427
03009084982
03009089864
03009086946
03009089233
03009082848
03009082879
03009082364
03009086469
03009084195
03009088193
03009082887
03009087244
03009089827
03009088119
03009084896
03009083331
03009081337
03009084314
03009082250
03009084333
03009084110
03009089080
03009088169
03009088786
03009081515
03009087507
03009087925
03009088231
03009088047
03009083635
03009086017
03009082636
03009086008
03009087716
03009081741
03009086233
03009088767
03009087893
03009089683
03009089532
03009083385
03009084306
03009089612
03009082292
03009084935
03009081663
03009086466
03009081139
03009083177
03009085753
03009081064
03009084062
03009081364
03009084857
03009088544
03009085963
03009087257
03009084839
03009083609
03009083809
03009088727
03009084844
03009083621
03009088887
03009088080
03009083483
03009086439
03009084427
03009084783
03009084479
03009086436
03009085632
03009083295
03009089272
03009081581
03009082495
03009082840
03009088742
03009084298
03009084771
03009084944
03009083653
03009081376
03009081929
03009082426
03009084693
03009089776
03009086227
03009088042
03009087579
03009083059
03009089693
03009084209
03009081325
03009088317
03009086280
03009089462
03009088420
03009082911
03009082667
03009081114
03009089984
03009085924
03009085372
03009089967
03009088510
03009086703
03009083259
03009084509
03009082001
03009084854
03009085007
03009083981
03009081017
03009084034
03009088677
03009081229
03009084001
03009083146
03009084532
03009082973
03009086453
03009088664
03009084070
03009082955
03009087311
03009089262
03009084441
03009081435
03009088662
03009089529
03009085681
03009085673
03009088075
03009089068
03009086355
03009086434
03009089700
03009089324
03009083463
03009081273
03009085601
03009088444
03009088211
03009088876
03009083990
03009086755
03009089256
03009081677
03009087822
03009085451
03009087572
03009089470
03009086708
03009085896
03009087596
03009083748
03009085947
03009085247
03009087560
03009083419
03009086344
03009084452
03009084527
03009088361
03009089430
03009083154
03009084932
03009083081
03009086712
03009084832
03009083648
03009082990
03009087390
03009088469
03009082469
03009084744
03009088435
03009085271
03009087685
03009082178
03009086984
03009081707
03009085449
03009088109
03009082538
03009082179
03009081472
03009082607
03009084453
03009081764
03009084928
03009081148
03009088328
03009084559
03009083601
03009084324
03009088596
03009081109
03009083923
03009086479
03009089317
03009087426
03009085126
03009089003
03009087512
03009089975
03009089874
03009081240
03009089359
03009082745
03009084667
03009086418
03009082157
03009086892
03009083460
03009086226
03009081884
03009082946
03009082461
03009087321
03009084141
03009081060
03009087919
03009084084
03009087854
03009088388
03009084829
03009084185
03009089723
03009083221
03009084752
03009086346
03009084478
03009088803
03009085569
03009088403
03009083661
03009087266
03009088357
03009087666
03009082626
03009088122
03009084883
03009082039
03009083533
03009086855
03009087943
03009089592
03009085789
03009083386
03009082147
03009089837
03009082232
03009082434
03009083671
03009086221
03009087113
03009086870
03009083252
03009085900
03009089994
03009084143
03009088917
03009083794
03009089561
03009083045
03009081458
03009086990
03009085714
03009084589
03009082146
03009086189
03009086365
03009084647
03009085659
03009083380
03009086100
03009085416
03009084597
03009086255
03009085033
03009085923
03009083994
03009086404
03009083750
03009081251
03009081630
03009082044
03009089390
03009081187
03009084149
03009086216
03009084331
03009086433
03009086244
03009087305
03009081574
03009081753
03009081211
03009089872
03009083893
03009088726
03009082295
03009086656
03009088760
03009089050
03009085053
03009083240
03009089013
03009084083
03009086403
03009083459
03009081509
03009083349
03009088998
03009081769
03009089020
03009083891
03009089822
03009088575
03009084947
03009089678
03009086689
03009084830
03009081996
03009081758
03009083654
03009088525
03009083849
03009085389
03009086392
03009087166
03009089277
03009083156
03009081692
03009082349
03009084999
03009089445
03009088114
03009086898
03009089701
03009086522
03009081686
03009089705
03009088404
03009083812
03009083959
03009082361
03009081243
03009088973
03009082325
03009086594
03009086135
03009088736
03009084934
03009081005
03009086120
03009086956
03009081832
03009082491
03009085864
03009087472
03009083576
03009084963
03009085786
03009086715
03009085098
03009085236
03009081968
03009086027
03009085684
03009081576
03009082433
03009084804
03009089054
03009081912
03009082719
03009088033
03009083310
03009082165
03009083180
03009085893
03009083581
03009089565
03009089854
03009089632
03009083840
03009086205
03009085367
03009084504
03009088848
03009083725
03009086575
03009083508
03009086145
03009088634
03009087089
03009084626
03009085176
03009089474
03009089249
03009084543
03009084523
03009087027
03009083436
03009083951
03009089479
03009087448
03009085171
03009086930
03009086923
03009083620
03009083535
03009089204
03009086757
03009085670
03009082113
03009086394
03009087118
03009083056
03009081264
03009088707
03009088229
03009085546
03009085767
03009082934
03009083778
03009082110
03009088134
03009082691
03009083930
03009089037
03009085041
03009082826
03009086196
03009089888
03009089332
03009081918
03009086802
03009082954
03009089972
03009086940
03009081877
03009081418
03009082512
03009088057
03009088932
03009081815
03009085816
03009088798
03009087890
03009088184
03009085395
03009084513
03009081393
03009084819
03009088789
03009089604
03009088547
03009087719
03009089287
03009087229
03009086330
03009082397
03009081931
03009081905
03009085275
03009085573
03009088827
03009082207
03009081265
03009082581
03009086272
03009084998
03009086685
03009087222
03009089225
03009084027
03009088305
03009081704
03009081331
03009087939
03009087098
03009088012
03009082024
03009088392
03009084157
03009083225
03009089331
03009086534
03009082040
03009083911
03009083523
03009082317
03009089356
03009083187
03009082997
03009082238
03009088713
03009084656
03009084606
03009081861
03009081402
03009085259
03009085525
03009088992
03009083992
03009083710
03009083892
03009083250
03009085205
03009088049
03009088039
03009089248
03009086184
03009088463
03009084645
03009085314
03009085988
03009082347
03009088143
03009087811
03009084860
03009089299
03009085761
03009086531
03009083659
03009089387
03009087965
03009087438
03009085302
03009085089
03009087542
03009087295
03009087111
03009088922
03009085138
03009082272
03009088987
03009089464
03009088472
03009086143
03009087215
03009084281
03009086088
03009084755
03009085903
03009083178
03009088584
03009086180
03009088849
03009084592
03009085883
03009089443
03009083903
03009084389
03009081338
03009085811
03009083946
03009081095
03009086597
03009088920
03009085295
03009083425
03009083005
03009088135
03009085722
03009085872
03009089835
03009088895
03009089618
03009089315
03009089378
03009083299
03009083210
03009081534
03009088234
03009088957
03009081867
03009088445
03009085426
03009087668
03009085019
03009082014
03009083175
03009085517
03009085221
03009089752
03009083850
03009082977
03009084756
03009086987
03009089824
03009084587
03009086863
03009084277
03009082861
03009084730
03009089869
03009085841
03009081208
03009088406
03009082256
03009087201
03009083707
03009082696
03009084317
03009081518
03009084396
03009088698
03009084017
03009082506
03009088686
03009084507
03009082371
03009084383
03009088507
03009081408
03009085468
03009087401
03009087843
03009085736
03009082894
03009085151
03009088898
03009083695
03009084515
03009083257
03009085886
03009084885
03009088682
03009085818
03009081346
03009081593
03009083248
03009086750
03009085469
03009085428
03009085889
03009085532
03009088176
03009089769
03009089451
03009088477
03009083456
03009083322
03009085006
03009089200
03009088440
03009083364
03009087974
03009086520
03009088555
03009083798
03009087003
03009082811
03009089131
03009081584
03009088688
03009081024
03009082790
03009084657
03009085188
03009081932
03009082415
03009084542
03009084742
03009086975
03009089128
03009084244
03009086037
03009089800
03009082564
03009089878
03009081721
03009082453
03009083372
03009085073
03009088941
03009088194
03009086482
03009089817
03009088466
03009084288
03009083077
03009081862
03009083947
03009088172
03009081081
03009088426
03009085687
03009088196
03009089818
03009088970
03009086508
03009081777
03009086943
03009081580
03009084669
03009086377
03009089252
03009089862
03009089762
03009086234
03009087717
03009086318
03009086462
03009088706
03009083465
03009082880
03009083415
03009081603
03009083899
03009082751
03009081504
03009089940
03009081997
03009086614
03009081812
03009083440
03009087501
03009082949
03009082609
03009088409
03009084846
03009087969
03009081878
03009082201
03009081112
03009088558
03009083042
03009082822
03009081967
03009088897
03009083528
03009082777
03009086621
03009089735
03009086347
03009089192
03009086028
03009087712
03009084421
03009084320
03009089848
03009086893
03009086972
03009085964
03009085177
03009089330
03009083201
03009085044
03009082381
03009089725
03009081698
03009088948
03009084192
03009088681
03009087972
03009084398
03009083836
03009086887
03009086483
03009083416
03009086973
03009083060
03009083548
03009087558
03009082352
03009081586
03009087077
03009087644
03009083332
03009088626
03009084198
03009082384
03009083420
03009085514
03009088232
03009084648
03009082919
03009085336
03009086048
03009089739
03009085851
03009086012
03009081701
03009084091
03009089077
03009082151
03009086853
03009082357
03009083085
03009081983
03009088832
03009082166
03009089345
03009084729
03009082606
03009083613
03009081037
03009084640
03009085771
03009084271
03009081452
03009081771
03009088654
03009083204
03009081834
03009083172
03009084054
03009087044
03009084067
03009083321
03009083525
03009086340
03009082517
03009087494
03009088000
03009081181
03009081772
03009081840
03009084371
03009083530
03009089400
03009081723
03009085099
03009084251
03009081579
03009084560
03009086724
03009088759
03009083681
03009088303
03009089017
03009085307
03009082211
03009085111
03009085355
03009083458
03009083998
03009082430
03009087080
03009089254
03009087656
03009083741
03009085320
03009089056
03009088221
03009089273
03009081780
03009082586
03009087578
03009086921
03009088091
03009083537
03009083403
03009081317
03009084092
03009087383
03009082297
03009083303
03009085201
03009086110
03009089655
03009081640
03009089149
03009087479
03009088494
03009082888
03009081168
03009083398
03009083784
03009086024
03009084561
03009085647
03009089960
03009086033
03009081225
03009089625
03009084341
03009088434
03009082593
03009085907
03009088892
03009083677
03009088968
03009085161
03009087976
03009084234
03009084352
03009088540
03009089210
03009089401
03009084300
03009087881
03009086409
03009083522
03009082066
03009088976
03009087755
03009081357
03009088058
03009087051
03009081072
03009083678
03009081220
03009089046
03009084345
03009083802
03009083920
03009086006
03009085421
03009089550
03009081672
03009086020
03009086437
03009083859
03009087013
03009089353
03009086924
03009085533
03009086459
03009081625
03009084911
03009085513
03009085921
03009084541
03009087103
03009083162
03009087680
03009081134
03009088180
03009087534
03009084675
03009083961
03009088101
03009087529
03009081318
03009081045
03009087698
03009084147
03009088144
03009084400
03009086450
03009086309
03009083532
03009087880
03009089615
03009089379
03009088903
03009084496
03009086387
03009088340
03009082379
03009082337
03009088632
03009086425
03009082498
03009081222
03009086810
03009083446
03009084603
03009087963
03009083973
03009086058
03009083226
03009089014
03009082530
03009083280
03009084684
03009081870
03009084002
03009084170
03009082618
03009086099
03009084582
03009081499
03009083604
03009081141
03009089397
03009084615
03009086015
03009088418
03009084243
03009089065
03009087721
03009088325
03009085227
03009089499
03009085548
03009087058
03009083379
03009081652
03009085405
03009082844
03009087373
03009085059
03009082322
03009088166
03009083807
03009083719
03009089722
03009083205
03009086842
03009084049
03009082345
03009088588
03009089545
03009089730
03009087350
03009084160
03009081292
03009084205
03009081378
03009089456
03009088453
03009087112
03009087001
03009089341
03009084446
03009089176
03009082334
03009083768
03009085397
03009087909
03009083914
03009084605
03009083985
03009085504
03009086293
03009083008
03009081033
03009084688
03009082107
03009085675
03009087109
03009086080
03009084261
03009083868
03009081054
03009084465
03009088739
03009081067
03009083073
03009083118
03009083190
03009081635
03009087809
03009083346
03009087378
03009089599
03009087392
03009086078
03009089747
03009084104
03009085968
03009084652
03009082339
03009083500
03009083160
03009085225
03009087688
03009086669
03009085874
03009084235
03009089772
03009088052
03009089486
03009089564
03009089448
03009085332
03009085246
03009084437
03009085633
03009089889
03009088243
03009081498
03009087866
03009088684
03009083762
03009088701
03009084661
03009086288
03009087210
03009082059
03009084121
03009086949
03009085281
03009089813
03009087907
03009085646
03009085384
03009086449
03009086916
03009088955
03009081863
03009089756
03009087323
03009083781
03009087929
03009084266
03009089514
03009084113
03009084214
03009087725
03009081868
03009084476
03009081462
03009082007
03009089585
03009087025
03009083931
03009082536
03009084283
03009089635
03009088399
03009086529
03009089775
03009081326
03009082542
03009088607
03009081360
03009089981
03009084142
03009087695
03009081403
03009082735
03009087556
03009086659
03009085065
03009089603
03009083430
03009084184
03009086397
03009084442
03009087330
03009084150
03009085825
03009084786
03009089498
03009088294
03009085867
03009082138
03009082984
03009083864
03009086398
03009083260
03009087524
03009083115
03009081480
03009088214
03009081611
03009085443
03009082975
03009083334
03009083098
03009085591
03009083852
03009088997
03009083996
03009084457
03009082284
03009086573
03009082477
03009084528
03009082003
03009084710
03009081961
03009081158
03009086047
03009082079
03009082703
03009088182
03009082599
03009087840
03009084985
03009085318
03009082532
03009081735
03009089886
03009085289
03009081776
03009082401
03009085240
03009086542
03009085737
03009087083
03009084619
03009085787
03009087780
03009087839
03009085568
03009086928
03009081529
03009088324
03009082783
03009085669
03009086166
03009086616
03009081587
03009087711
03009087158
03009084824
03009085232
03009086131
03009088756
03009083001
03009083772
03009081705
03009082444
03009085747
03009087980
03009087146
03009087203
03009088390
03009081003
03009083410
03009087102
03009084342
03009085609
03009081986
03009082187
03009084954
03009083287
03009088578
03009085088
03009089795
03009081649
03009087653
03009086811
03009088528
03009089011
03009081183
03009083664
03009086261
03009084440
03009088768
03009086857
03009082831
03009084575
03009088465
03009081980
03009088818
03009088417
03009083865
03009085273
03009082472
03009087510
03009082475
03009081924
03009081218
03009081117
03009085189
03009086626
03009081953
03009087624
03009082779
03009089810
03009086314
03009082073
03009087723
03009089860
03009088345
03009086817
03009087713
03009089505
03009089761
03009088391
03009081847
03009083063
03009081258
03009088516
03009084933
03009089630
03009081613
03009089386
03009081839
03009082108
03009083189
03009083384
03009088304
03009085638
03009084055
03009086561
03009088958
03009086111
03009083775
03009086415
03009082046
03009084761
03009082419
03009087898
03009088452
03009084808
03009085565
03009082664
03009088552
03009085580
03009081381
03009082442
03009086109
03009089189
03009083691
03009086506
03009084708
03009084524
03009086121
03009081888
03009087126
03009085304
03009083199
03009089432
03009089288
03009081176
03009088532
03009088068
03009083755
03009082514
03009081732
03009088912
03009083957
03009088629
03009082738
03009085502
03009087577
03009083668
03009083422
03009082723
03009085540
03009085983
03009086297
03009086009
03009082229
03009088802
03009084369
03009085272
03009083631
03009087033
03009084595
03009087987
03009081824
03009088866
03009082902
03009082705
03009085894
03009087545
03009089801
03009082217
03009081854
03009082067
03009081622
03009087753
03009085809
03009082528
03009084581
03009083518
03009082459
03009081728
03009084801
03009087633
03009083356
03009085705
03009087515
03009089156
03009088710
03009082959
03009084716
03009083145
03009082988
03009082638
03009083278
03009088752
03009086860
03009087173
03009086651
03009086948
03009082301
03009083650
03009085877
03009081224
03009088306
03009082650
03009084986
03009087817
03009088006
03009085071
03009082600
03009083444
03009085774
03009082286
03009083143
03009086905
03009084607
03009082820
03009089890
03009081303
03009089175
03009087464
03009088862
03009085807
03009087852
03009085331
03009089706
03009089066
03009084481
03009086310
03009086060
03009085328
03009084536
03009088206
03009086151
03009081398
03009084365
03009086950
03009083804
03009083193
03009086744
03009081269
03009082177
03009082101
03009085186
03009086124
03009082010
03009088962
03009082210
03009081135
03009087837
03009085353
03009083097
03009087371
03009081312
03009085446
03009083262
03009081441
03009084765
03009084048
03009082961
03009087797
03009086077
03009084132
03009082008
03009081848
03009087148
03009083318
03009088692
03009088972
03009082617
03009081933
03009086188
03009084740
03009086720
03009082058
03009083441
03009081990
03009086824
03009081759
03009083873
03009083191
03009081524
03009086200
03009087601
03009089870
03009086167
03009086210
03009086155
03009085961
03009089144
03009084630
03009088694
03009081328
03009085253
03009087327
03009089520
03009085511
03009087308
03009083004
03009089959
03009086999
03009081170
03009082749
03009087168
03009088088
03009089102
03009086880
03009086602
03009084248
03009082770
03009081420
03009085759
03009084373
03009083360
03009085179
03009089684
03009085315
03009088872
03009087521
03009089929
03009088023
03009088117
03009083211
03009081976
03009082976
03009083765
03009089296
03009081814
03009089424
03009084726
03009085776
03009087309
03009082233
03009089778
03009081548
03009088631
03009086599
03009081820
03009081485
03009082093
03009087434
03009089215
03009083343
03009086951
03009086858
03009083717
03009081300
03009084653
03009085087
03009082816
03009089444
03009084063
03009087136
03009082055
03009088116
03009083282
03009086475
03009084531
03009087389
03009086631
03009086305
03009083760
03009084862
03009085229
03009086147
03009088374
03009085516
03009082656
03009087145
03009084646
03009088764
03009088024
03009088455
03009081226
03009089947
03009087160
03009083132
03009082103
03009082326
03009089785
03009088021
03009084983
03009087039
03009083139
03009089022
03009088502
03009085029
03009083663
03009087554
03009088635
03009087710
03009086507
03009081395
03009088933
03009085147
03009088425
03009086358
03009086600
03009087289
03009089908
03009088063
03009084316
03009084044
03009082273
03009081605
03009084635
03009082162
03009089921
03009081507
03009089742
03009087838
03009089018
03009089953
03009083968
03009085643
03009086284
03009085577
03009089665
03009083610
03009082277
03009084392
03009085819
03009088389
03009084977
03009082616
03009088613
03009086780
03009082422
03009082896
03009081389
03009088807
03009083267
03009087128
03009088669
03009082377
03009088979
03009089209
03009081178
03009082782
03009085979
03009081711
03009089652
03009083883
03009086628
03009082018
03009082327
03009081308
03009087320
03009084941
03009085408
03009085483
03009089982
03009084894
03009085688
03009082657
03009085148
03009086424
03009087150
03009085997
03009083407
03009088657
03009085831
03009086707
03009086443
03009081185
03009088673
03009087291
03009085432
03009087505
03009086480
03009081959
03009082402
03009083727
03009086968
03009089465
03009083726
03009084153
03009082800
03009085178
03009089053
03009089385
03009086890
03009083228
03009087871
03009088611
03009083669
03009085476
03009088018
03009082041
03009086809
03009089733
03009084549
03009087382
03009081756
03009084377
03009088382
03009082746
03009085775
03009089043
03009086532
03009089681
03009083030
03009081528
03009082131
03009081875
03009081783
03009082355
03009089634
03009087674
03009082289
03009089771
03009089971
03009084927
03009085936
03009084419
03009087789
03009082908
03009087296
03009085728
03009087452
03009084097
03009088930
03009089164
03009082446
03009086490
03009084725
03009081624
03009088060
03009081653
03009085026
03009082193
03009089708
03009089467
03009081566
03009081899
03009088363
03009086004
03009083451
03009084116
03009082764
03009084779
03009083739
03009083243
03009084834
03009087639
03009086611
03009082700
03009083359
03009083646
03009084037
03009085046
03009088346
03009086866
03009086057
03009087829
03009083828
03009085780
03009081447
03009086204
03009084711
03009083501
03009086165
03009089079
03009082750
03009081481
03009086789
03009089086
03009085505
03009087386
03009089059
03009086107
03009087920
03009087862
03009085104
03009087249
03009086312
03009081336
03009088721
03009083705
03009087005
03009081858
03009085163
03009086496
03009086094
03009087193
03009086370
03009083564
03009081557
03009088777
03009084503
03009089689
03009086563
03009087068
03009085520
03009085966
03009085310
03009081099
03009087461
03009087189
03009085291
03009087743
03009088945
03009089044
03009081437
03009089784
03009083553
03009085528
03009086056
03009088913
03009085327
03009087393
03009083546
03009081646
03009085283
03009086351
03009086547
03009084673
03009085396
03009088633
03009087425
03009086097
03009082127
03009084226
03009085590
03009088975
03009085793
03009083566
03009082230
03009081011
03009082808
03009084474
03009089983
03009083095
03009087552
03009087992
03009089654
03009088921
03009086096
03009086787
03009088424
03009088462
03009084501
03009083541
03009086835
03009088980
03009089222
03009082220
03009083171
03009087011
03009086530
03009084066
03009089229
03009085266
03009081774
03009081944
03009087394
03009085853
03009088591
03009087845
03009086564
03009081578
03009083230
03009082980
03009087673
03009087271
03009088754
03009086571
03009085796
03009085635
03009081527
03009088195
03009086498
03009082026
03009085695
03009084958
03009087643
03009089757
03009084030
03009083428
03009081555
03009081601
03009084557
03009087399
03009089282
03009088379
03009084123
03009081469
03009085810
03009082064
03009087891
03009081453
03009087638
03009085245
03009084990
03009083796
03009088927
03009088430
03009081766
03009089831
03009086978
03009089197
03009081275
03009088191
03009084520
03009084127
03009081654
03009082374
03009085348
03009083484
03009083488
03009086604
03009083895
03009087693
03009083687
03009084420
03009082577
03009083917
03009084435
03009089257
03009089567
03009089393
03009089820
03009086419
03009089949
03009086224
03009084912
03009082378
03009084490
03009086613
03009087520
03009081000
03009087326
03009089522
03009086872
03009085984
03009084791
03009089897
03009081505
03009085031
03009083478
03009089188
03009084510
03009085992
03009085280
03009081792
03009082017
03009088624
03009089150
03009081105
03009089991
03009086374
03009086904
03009085251
03009085797
03009087932
03009089643
03009089360
03009088061
03009088846
03009085322
03009087905
03009085207
03009085723
03009087868
03009088498
03009081332
03009085727
03009081075
03009085873
03009083019
03009087722
03009084279
03009088642
03009089461
03009081609
03009083937
03009087347
03009082149
03009086040
03009085460
03009085282
03009081245
03009086497
03009084712
03009083237
03009088132
03009087546
03009089899
03009087662
03009087777
03009087864
03009086665
03009086295
03009082688
03009089155
03009086619
03009083984
03009083577
03009086114
03009089833
03009083634
03009086477
03009087781
03009084748
03009087161
03009088010
03009083477
03009087842
03009085487
03009083693
03009081149
03009082757
03009082900
03009088617
03009084950
03009082926
03009084082
03009083880
03009087069
03009083246
03009089913
03009085541
03009088655
03009082817
03009086610
03009087322
03009081132
03009082428
03009083357
03009087613
03009081571
03009085016
03009081526
03009086927
03009087647
03009081459
03009084799
03009087031
03009088586
03009087821
03009085387
03009087606
03009082399
03009081293
03009089961
03009082132
03009085433
03009082845
03009086760
03009082748
03009084384
03009088660
03009084785
03009086141
03009088386
03009081236
03009083329
03009087422
03009087714
03009081167
03009085375
03009082468
03009087040
03009085751
03009085214
03009085054
03009089394
03009083263
03009086300
03009082799
03009088658
03009082320
03009087186
03009087687
03009084276
03009084976
03009081252
03009084161
03009082247
03009089796
03009087190
03009081915
03009087599
03009089571
03009085863
03009086804
03009083174
03009089829
03009087251
03009081103
03009085862
03009081413
03009086716
03009088380
03009088371
03009084781
03009081474
03009089025
03009083745
03009082806
03009088619
03009086038
03009088821
03009089179
03009086988
03009081347
03009088700
03009082795
03009087181
03009087857
03009089924
03009083872
03009089530
03009082216
03009083757
03009088446
03009089067
03009087134
03009081434
03009089334
03009086837
03009083058
03009085172
03009082809
03009088873
03009082712
03009088667
03009089422
03009083921
03009085212
03009081198
03009085990
03009081550
03009086364
03009083636
03009084215
03009081972
03009082281
03009088650
03009088170
03009084212
03009081752
03009085958
03009082457
03009087820
03009088468
03009084751
03009081063
03009086516
03009086247
03009088121
03009084334
03009084525
03009083855
03009088640
03009088719
03009089883
03009082969
03009088843
03009088395
03009083969
03009081510
03009088055
03009085061
03009084158
03009089070
03009087669
03009087962
03009082755
03009084385
03009082856
03009087522
03009085301
03009087119
03009082854
03009087946
03009085849
03009086256
03009088572
03009088783
03009083614
03009082556
03009089690
03009085813
03009087176
03009089399
03009084060
03009086283
03009087354
03009081197
03009083084
03009087667
03009086081
03009084544
03009081115
03009083563
03009082206
03009088804
03009083953
03009081172
03009085068
03009083450
03009081639
03009088886
03009089141
03009088506
03009088397
03009081306
03009084450
03009081281
03009089285
03009085156
03009083247
03009086647
03009084074
03009086676
03009082739
03009088205
03009085949
03009081697
03009087778
03009081358
03009081958
03009088093
03009087776
03009087053
03009084087
03009085975
03009089270
03009084775
03009082282
03009083647
03009087808
03009088421
03009087770
03009086401
03009085770
03009088904
03009086223
03009088683
03009088501
03009083502
03009087927
03009083198
03009088051
03009085470
03009089593
03009089986
03009089511
03009081845
03009081900
03009083779
03009081138
03009086710
03009085284
03009087237
03009083686
03009086572
03009085545
03009082829
03009085556
03009082005
03009085745
03009085183
03009083824
03009081399
03009081592
03009083776
03009088779
03009084992
03009082454
03009088828
03009086639
03009085925
03009086627
03009084632
03009083619
03009088986
03009084996
03009082274
03009083494
03009087641
03009082052
03009083464
03009083847
03009084803
03009089759
03009081256
03009082186
03009087361
03009087930
03009085386
03009084260
03009084858
03009087182
03009088905
03009086201
03009081811
03009087684
03009081147
03009081563
03009083520
03009088159
03009089663
03009089894
03009082807
03009088989
03009084980
03009084586
03009087903
03009082836
03009082489
03009086127
03009087270
03009086667
03009083327
03009084917
03009085689
03009084747
03009083368
03009089411
03009085830
03009084367
03009086091
03009082699
03009088993
03009085631
03009084853
03009082523
03009085860
03009082645
03009083980
03009087682
03009082595
03009082025
03009086179
03009089321
03009081556
03009084480
03009088602
03009082470
03009086265
03009084915
03009088133
03009086977
03009082898
03009082280
03009087886
03009083402
03009087205
03009087636
03009081410
03009084021
03009082930
03009088218
03009087235
03009081343
03009083231
03009082810
03009088219
03009085004
03009085898
03009088587
03009087607
03009087727
03009086772
03009087002
03009082372
03009087597
03009084138
03009086159
03009081685
03009087952
03009088693
03009085305
03009081367
03009086005
03009082641
03009085464
03009086910
03009086341
03009087504
03009089048
03009085996
03009083529
03009081215
03009082890
03009088045
03009082661
03009084823
03009087294
03009087760
03009089698
03009084530
03009081108
03009082582
03009084842
03009084130
03009083818
03009085461
03009084908
03009082115
03009082637
03009081955
03009085010
03009083209
03009081775
03009089134
03009084006
03009089584
03009085645
03009085668
03009089616
03009086642
03009087385
03009082936
03009081153
03009084680
03009089071
03009082583
03009089124
03009085993
03009085181
03009087258
03009082901
03009087922
03009086053
03009087101
03009089238
03009081352
03009087844
03009088149
03009085845
03009087236
03009088265
03009089291
03009082299
03009089178
03009086170
03009082264
03009082182
03009089405
03009081423
03009084219
03009085870
03009082767
03009087331
03009081748
03009086444
03009086920
03009085834
03009087228
03009088174
03009081392
03009081174
03009086738
03009081887
03009082882
03009088079
03009082099
03009084460
03009085740
03009086487
03009085678
03009085018
03009082296
03009084939
03009087430
03009085382
03009085488
03009082846
03009085379
03009088942
03009082627
03009088483
03009082331
03009088142
03009087819
03009084122
03009087312
03009087288
03009089957
03009082209
03009089096
03009086235
03009082736
03009086361
03009085539
03009088224
03009087503
03009084735
03009087072
03009089472
03009089147
03009085544
03009088163
03009082687
03009088967
03009084477
03009088258
03009089987
03009084715
03009081201
03009088199
03009086566
03009085106
03009086733
03009081562
03009082680
03009087696
03009082944
03009086460
03009085931
03009086018
03009081194
03009088165
03009081744
03009087671
03009089163
03009089521
03009082097
03009085419
03009087022
03009088200
03009081616
03009082396
03009082863
03009087610
03009085219
03009089007
03009085048
03009084196
03009082240
03009083036
03009086455
03009088894
03009084023
03009087211
03009087157
03009087261
03009083218
03009087926
03009082120
03009089437
03009088343
03009083926
03009084223
03009084470
03009083285
03009088881
03009086889
03009082766
03009083090
03009089570
03009087303
03009083986
03009082721
03009083127
03009083597
03009083099
03009085095
03009089023
03009081122
03009089973
03009082241
03009087574
03009088833
03009086148
03009084445
03009087586
03009084816
03009085450
03009085621
03009087180
03009086945
03009084841
03009083279
03009089009
03009083790
03009089535
03009083742
03009088448
03009084468
03009083888
03009083291
03009088130
03009082069
03009089562
03009083411
03009082429
03009088282
03009089644
03009085042
03009083941
03009085149
03009082679
03009085393
03009081661
03009084294
03009083164
03009087138
03009089857
03009083948
03009089138
03009084789
03009086512
03009083995
03009087748
03009083706
03009081816
03009081733
03009086582
03009081532
03009088814
03009088223
03009082772
03009087953
03009082257
03009085508
03009089891
03009087384
03009083643
03009084493
03009081675
03009089876
03009088273
03009087978
03009088120
03009084772
03009086899
03009088433
03009085938
03009083308
03009087359
03009083616
03009084456
03009082621
03009089966
03009089997
03009084631
03009088689
03009082868
03009089501
03009086073
03009083622
03009081940
03009081009
03009083123
03009084651
03009088944
03009085357
03009088146
03009084974
03009084075
03009087147
03009082483
03009086375
03009089298
03009084164
03009088307
03009087981
03009086083
03009084031
03009088931
03009082315
03009089280
03009084236
03009083057
03009081467
03009084211
03009089243
03009081633
03009085549
03009082410
03009087483
03009086206
03009081233
03009087019
03009087247
03009081192
03009082234
03009082263
03009085607
03009082860
03009089214
03009081638
03009089425
03009085824
03009081083
03009087132
03009087665
03009084267
03009082294
03009087469
03009081373
03009089877
03009082798
03009089466
03009087440
03009085067
03009081106
03009084014
03009086663
03009089232
03009084874
03009088772
03009083196
03009081319
03009084572
03009081066
03009083640
03009085935
03009084975
03009084064
03009084794
03009084028
03009082983
03009088527
03009083074
03009086570
03009083565
03009088896
03009082761
03009083876
03009086209
03009083496
03009088893
03009081010
03009088354
03009086801
03009083096
03009085826
03009084952
03009084181
03009084284
03009089292
03009087154
03009085788
03009083448
03009088245
03009087804
03009084019
03009089763
03009089726
03009086618
03009086082
03009082435
03009083053
03009082020
03009087632
03009087433
03009089887
03009086795
03009081569
03009081617
03009084612
03009081641
03009086721
03009085363
03009084095
03009083104
03009084348
03009088311
03009081125
03009089076
03009081600
03009086063
03009081778
03009088334
03009085581
03009087301
03009087272
03009088900
03009089526
03009086186
03009084840
03009083555
03009081062
03009083856
03009088489
03009084363
03009082522
03009088589
03009081904
03009087212
03009086307
03009085194
03009087858
03009089790
03009086320
03009089186
03009087199
03009085447
03009084319
03009086087
03009083928
03009085579
03009085220
03009083110
03009083020
03009087415
03009082603
03009084768
03009082309
03009081668
03009086885
03009082903
03009088519
03009088298
03009085842
03009084171
03009087084
03009084269
03009084201
03009082605
03009082084
03009084837
03009082375
03009084417
03009081359
03009089001
03009084890
03009081742
03009089202
03009081025
03009087059
03009081979
03009088990
03009087178
03009085415
03009086828
03009087683
03009085055
03009085203
03009089416
03009081621
03009086831
03009085430
03009089950
03009088792
03009081880
03009085118
03009081790
03009083660
03009085342
03009084574
03009083611
03009083093
03009087658
03009089132
03009086888
03009086304
03009081610
03009087177
03009087050
03009082614
03009084692
03009085594
03009082972
03009083871
03009083168
03009087370
03009082985
03009084937
03009085888
03009089172
03009085377
03009083374
03009087912
03009083216
03009088276
03009085575
03009086737
03009084613
03009086878
03009085799
03009081356
03009082316
03009081506
03009083511
03009081432
03009087679
03009083720
03009081169
03009088112
03009084191
03009082112
03009086646
03009089314
03009084344
03009087220
03009084696
03009089488
03009086839
03009082122
03009081570
03009089084
03009083785
03009081205
03009082376
03009089305
03009087740
03009087697
03009082803
03009088824
03009085130
03009089327
03009082338
03009088625
03009084318
03009083628
03009089153
03009089135
03009087971
03009088858
03009085962
03009081575
03009082085
03009084327
03009082986
03009084350
03009088396
03009085196
03009086417
03009089842
03009087803
03009083491
03009082416
03009088758
03009085814
03009086645
03009083388
03009085795
03009086841
03009082594
03009081551
03009083554
03009082828
03009087435
03009089968
03009081339
03009089374
03009089718
03009087818
03009086164
03009083793
03009089158
03009082135
03009088512
03009082062
03009081841
03009084758
03009082575
03009087557
03009086844
03009082368
03009087772
03009088982
03009083758
03009087835
03009082169
03009089383
03009087995
03009089613
03009084713
03009082436
03009084395
03009085785
03009081094
03009084020
03009089006
03009089497
03009087137
03009087143
03009081422
03009084517
03009085439
03009081629
03009086989
03009085859
03009082228
03009081853
03009081615
03009087280
03009087887
03009089737
03009082653
03009084767
03009083086
03009087734
03009088140
03009086552
03009086996
03009088360
03009082842
03009086140
03009087405
03009086211
03009085267
03009085234
03009087642
03009087269
03009088740
03009082293
03009085290
03009081503
03009083737
03009087551
03009082623
03009087130
03009083589
03009084547
03009085326
03009083493
03009085914
03009082933
03009083443
03009088405
03009081186
03009085383
03009086291
03009082474
03009087796
03009086230
03009088522
03009083147
03009085712
03009087164
03009083141
03009082485
03009086784
03009081594
03009081796
03009085589
03009083592
03009088225
03009084898
03009084217
03009085944
03009085666
03009081022
03009086551
03009089157
03009082527
03009081740
03009085880
03009087756
03009088762
03009087408
03009086049
03009083026
03009082117
03009081620
03009083789
03009085750
03009085507
03009083114
03009083184
03009088233
03009084546
03009089767
03009083572
03009089780
03009086371
03009085933
03009086753
03009084039
03009081542
03009083913
03009085199
03009082597
03009089802
03009085022
03009085910
03009082909
03009088717
03009089343
03009083506
03009081334
03009082196
03009088981
03009085381
03009087092
03009081438
03009084722
03009081960
03009085255
03009086468
03009084255
03009089271
03009083034
03009081765
03009083769
03009081349
03009087850
03009086577
03009085293
03009089751
03009087801
03009084951
03009088106
03009087417
03009081736
03009087771
03009085080
03009082966
03009083062
03009088115
03009086440
03009084462
03009089569
03009087316
03009088427
03009089117
03009088961
03009088329
03009088788
03009083010
03009084861
03009081656
03009085036
03009087185
03009082785
03009086897
03009088286
03009089368
03009088459
03009081409
03009082114
03009089650
03009084820
03009085074
03009081842
03009085905
03009082910
03009081309
03009086515
03009085398
03009085035
03009087091
03009089738
03009082219
03009087700
03009086836
03009084487
03009083673
03009085228
03009081798
03009083890
03009085718
03009088458
03009089875
03009088606
03009085588
03009088718
03009083061
03009083773
03009081104
03009089275
03009084961
03009087983
03009081179
03009086327
03009088301
03009084733
03009084473
03009082028
03009085122
03009083599
03009085904
03009081655
03009089502
03009081673
03009081131
03009087826
03009081642
03009087561
03009089525
03009083320
03009087245
03009089711
03009083894
03009081702
03009087620
03009085458
03009088679
03009089696
03009083107
03009085204
03009081034
03009088521
03009086912
03009082502
03009081908
03009087877
03009081101
03009087805
03009089939
03009082022
03009089941
03009085901
03009086383
03009082033
03009089871
03009084202
03009084187
03009082244
03009086518
03009083373
03009088339
03009082789
03009084790
03009088699
03009083229
03009087867
03009088582
03009081978
03009087267
03009085522
03009084573
03009085702
03009081314
03009081324
03009088485
03009084144
03009085948
03009086301
03009083213
03009085595
03009089364
03009086039
03009083153
03009084166
03009087231
03009084617
03009084069
03009083731
03009085402
03009082865
03009081090
03009086029
03009083549
03009087742
03009088185
03009089159
03009089926
03009085208
03009089160
03009082548
03009089283
03009084154
03009087254
03009084754
03009084448
03009082102
03009086269
03009086263
03009084925
03009084949
03009081248
03009083682
03009088008
03009084010
03009089439
03009084571
03009086292
03009082159
03009085123
03009085891
03009083242
03009085908
03009088782
03009085155
03009086935
03009084650
03009081446
03009084721
03009084697
03009081922
03009082252
03009081970
03009084991
03009081299
03009089355
03009085538
03009087630
03009087815
03009088156
03009089942
03009089770
03009088013
03009086598
03009087602
03009082235
03009089313
03009082601
03009085354
03009087948
03009086535
03009088278
03009088381
03009081911
03009089882
03009089212
03009086834
03009084444
03009087041
03009085784
03009084700
03009087935
03009087348
03009088164
03009087082
03009085959
03009087581
03009088171
03009081994
03009084073
03009083842
03009085317
03009088190
03009088801
03009086856
03009086464
03009084994
03009083015
03009081751
03009089123
03009087337
03009089768
03009086862
03009088870
03009081278
03009089509
03009083582
03009087593
03009083538
03009087395
03009084936
03009087374
03009087603
03009089226
03009086649
03009086504
03009089807
03009085911
03009082802
03009083558
03009088851
03009081691
03009085578
03009083715
03009083808
03009085498
03009084873
03009084356
03009083854
03009082957
03009086979
03009088318
03009083714
03009084629
03009089267
03009087799
03009085685
03009084660
03009085682
03009084913
03009086902
03009086447
03009085417
03009083736
03009085885
03009083155
03009087024
03009081699
03009083006
03009084407
03009086578
03009085916
03009083993
03009083476
03009085732
03009086711
03009085523
03009086510
03009082818
03009081561
03009089978
03009082852
03009083381
03009087036
03009081320
03009084878
03009083507
03009086706
03009084098
03009083963
03009088003
03009086122
03009087954
03009083427
03009084391
03009081589
03009085017
03009085260
03009087998
03009088096
03009088573
03009088879
03009089969
03009085060
03009088559
03009089577
03009088009
03009089004
03009081559
03009086321
03009081234
03009089620
03009081974
03009081289
03009089082
03009089594
03009085157
03009089781
03009088837
03009081971
03009086217
03009086544
03009089944
03009088302
03009089740
03009088069
03009085887
03009081266
03009086023
03009086807
03009089797
03009087762
03009082152
03009083401
03009088227
03009086287
03009085692
03009086635
03009083932
03009087648
03009085717
03009088285
03009089137
03009089590
03009082466
03009081525
03009087570
03009089060
03009085344
03009087413
03009085563
03009081717
03009082015
03009081590
03009083490
03009089685
03009085296
03009086632
03009082268
03009086976
03009083439
03009085150
03009087420
03009087575
03009082853
03009086622
03009087670
03009087315
03009086636
03009084079
03009086729
03009085472
03009082823
03009087874
03009083298
03009082529
03009089230
03009081949
03009083367
03009084308
03009088691
03009089839
03009082956
03009086815
03009087206
03009084637
03009084984
03009084526
03009083633
03009081002
03009085721
03009082037
03009084687
03009082034
03009082668
03009086735
03009081321
03009081693
03009089782
03009089494
03009086629
03009083124
03009083694
03009085876
03009082867
03009084051
03009083685
03009085547
03009089601
03009087617
03009084552
03009085616
03009089680
03009085564
03009082545
03009081457
03009084714
03009086158
03009083284
03009082683
03009085790
03009085926
03009089845
03009082835
03009087290
03009088529
03009082937
03009082076
03009084817
03009084272
03009086481
03009086195
03009083207
03009087302
03009081754
03009082332
03009083413
03009084965
03009084332
03009088763
03009082907
03009087276
03009083754
03009084182
03009082158
03009081195
03009089896
03009088487
03009083457
03009089336
03009084600
03009082713
03009088604
03009083313
03009081731
03009083630
03009082440
03009089024
03009082218
03009087342
03009088557
03009088971
03009089629
03009087895
03009089154
03009082858
03009089363
03009082590
03009088680
03009081052
03009081333
03009086379
03009085268
03009088197
03009085477
03009084585
03009084349
03009082648
03009085735
03009083286
03009083296
03009087555
03009089936
03009089627
03009084312
03009085480
03009083203
03009086362
03009083886
03009082387
03009085991
03009082116
03009089713
03009086064
03009085909
03009081813
03009088816
03009083600
03009083510
03009087490
03009084616
03009083884
03009086407
03009087032
03009085261
03009081146
03009086674
03009081286
03009081564
03009083065
03009085165
03009081386
03009085008
03009083169
03009083667
03009088041
03009081127
03009089649
03009083330
03009086854
03009083977
03009087095
03009088969
03009084623
03009081369
03009084835
03009086336
03009089974
03009086104
03009089607
03009083863
03009089692
03009081439
03009085954
03009089201
03009082406
03009087766
03009089088
03009088128
03009084291
03009085552
03009088545
03009087773
03009086074
03009089115
03009082592
03009087226
03009089662
03009088549
03009086182
03009088885
03009087344
03009085655
03009082423
03009088011
03009084257
03009084705
03009085500
03009089952
03009082208
03009083568
03009087608
03009089297
03009081344
03009089557
03009083665
03009089880
03009083857
03009087263
03009088636
03009083129
03009085072
03009084633
03009084604
03009085413
03009086093
03009084148
03009088574
03009083567
03009087786
03009081989
03009082543
03009086519
03009084370
03009084237
03009081643
03009084155
03009082923
03009089702
03009085211
03009089433
03009081271
03009089826
03009081048
03009081257
03009086271
03009084923
03009085844
03009086150
03009086014
03009085380
03009089709
03009083696
03009086543
03009084724
03009089948
03009089856
03009081680
03009084162
03009082458
03009082941
03009082236
03009085141
03009082876
03009088747
03009082519
03009084704
03009082862
03009086144
03009086517
03009086528
03009089863
03009081934
03009086932
03009083158
03009087588
03009085436
03009084469
03009082438
03009086832
03009088475
03009084057
03009083771
03009081056
03009081004
03009085706
03009084139
03009082191
03009089220
03009087115
03009083966
03009082047
03009084676
03009085550
03009087660
03009085101
03009088457
03009088050
03009087571
03009086687
03009083817
03009085445
03009082016
03009087985
03009085932
03009085092
03009089697
03009081956
03009084723
03009081383
03009089380
03009088797
03009084402
03009086567
03009083829
03009087565
03009082768
03009081130
03009086596
03009087097
03009089492
03009086187
03009088778
03009084125
03009084922
03009081163
03009085729
03009086852
03009086541
03009089423
03009081424
03009089152
03009088014
03009081351
03009081232
03009085493
03009089516
03009088308
03009083087
03009089657
03009083106
03009088315
03009086331
03009085592
03009081210
03009085129
03009082417
03009082666
03009087038
03009084278
03009086671
03009086965
03009087944
03009081478
03009081696
03009083637
03009082726
03009089429
03009087356
03009082622
03009086666
03009088145
03009085832
03009084022
03009086662
03009088934
03009082884
03009088102
03009087787
03009084109
03009087297
03009081636
03009087915
03009085543
03009085700
03009083699
03009083112
03009084590
03009084416
03009087611
03009088867
03009089339
03009083826
03009085535
03009081536
03009085319
03009084664
03009087460
03009087959
03009088322
03009082962
03009085821
03009087485
03009083089
03009088919
03009085287
03009088864
03009081239
03009089641
03009087806
03009085827
03009085444
03009084430
03009088531
03009086955
03009089651
03009086266
03009082539
03009086373
03009082574
03009085599
03009081849
03009088935
03009081830
03009087034
03009086220
03009086337
03009083641
03009082125
03009087941
03009089619
03009088953
03009083438
03009082747
03009086290
03009085639
03009082036
03009088401
03009082731
03009087732
03009088275
03009088410
03009085582
03009081671
03009086654
03009085119
03009089963
03009082321
03009081850
03009089382
03009082032
03009089049
03009088239
03009083170
03009081966
03009081016
03009086222
03009085995
03009087855
03009089346
03009089858
03009089928
03009086408
03009087768
03009083730
03009086559
03009083222
03009081089
03009083657
03009086240
03009084029
03009088500
03009088267
03009087736
03009085637
03009088471
03009081145
03009083540
03009088415
03009085311
03009083810
03009085401
03009089438
03009085782
03009086118
03009082121
03009087678
03009088488
03009087152
03009085783
03009087482
03009085414
03009082035
03009088331
03009087553
03009086367
03009082674
03009082329
03009088084
03009083281
03009083335
03009081177
03009082163
03009088280
03009086681
03009082886
03009083418
03009082139
03009088249
03009089992
03009084668
03009088288
03009083070
03009083108
03009083703
03009087107
03009089792
03009086911
03009088429
03009085206
03009085974
03009088732
03009089559
03009088001
03009089255
03009083473
03009084849
03009087592
03009082336
03009082567
03009084993
03009087830
03009085752
03009089906
03009081626
03009089610
03009082275
03009086257
03009088705
03009081260
03009085108
03009083853
03009085378
03009084378
03009087455
03009085083
03009084564
03009088094
03009081508
03009086540
03009085566
03009082573
03009086471
03009081076
03009081371
03009089985
03009082452
03009087582
03009081400
03009085356
03009081301
03009084732
03009089623
03009082960
03009085596
03009087906
03009086931
03009084375
03009088841
03009089720
03009087882
03009087465
03009088450
03009086225
03009089151
03009086152
03009089819
03009081039
03009082948
03009085185
03009082314
03009081985
03009087155
03009087791
03009089396
03009087879
03009084805
03009082328
03009088473
03009081907
03009084810
03009085076
03009082883
03009083470
03009087431
03009083983
03009085661
03009081448
03009082202
03009084836
03009083137
03009084239
03009086851
03009082450
03009088810
03009083094
03009089538
03009084596
03009084554
03009087947
03009085676
03009083557
03009087061
03009086686
03009087071
03009086032
03009089329
03009089508
03009081690
03009089579
03009083629
03009086264
03009082676
03009087788
03009081738
03009084833
03009089556
03009083908
03009087519
03009089688
03009085278
03009081664
03009082869
03009087897
03009085370
03009081150
03009082353
03009086086
03009087901
03009083011
03009087979
03009085112
03009086661
03009086103
03009087442
03009082720
03009088038
03009083940
03009083952
03009083394
03009084778
03009087140
03009084907
03009086526
03009088161
03009086007
03009081694
03009081943
03009082897
03009086208
03009081794
03009082763
03009085679
03009085850
03009089169
03009087418
03009085269
03009081040
03009084204
03009089745
03009089281
03009089539
03009088071
03009083786
03009087339
03009082090
03009089242
03009085014
03009084864
03009089092
03009082310
03009083462
03009089945
03009085052
03009088646
03009084545
03009086139
03009088511
03009086461
03009081797
03009089408
03009084035
03009088618
03009082824
03009087167
03009083825
03009088645
03009081113
03009087467
03009084707
03009085953
03009089105
03009089503
03009082199
03009086785
03009088950
03009081662
03009087099
03009089865
03009089118
03009084330
03009084579
03009083273
03009089142
03009081231
03009081768
03009088806
03009083497
03009088284
03009083933
03009081191
03009089937
03009083843
03009085420
03009089591
03009081714
03009083698
03009086994
03009083192
03009089743
03009084247
03009087964
03009089914
03009087191
03009085604
03009089237
03009083297
03009083264
03009088066
03009089130
03009082100
03009088255
03009086601
03009089266
03009085671
03009082832
03009083044
03009082362
03009089211
03009087744
03009088103
03009089496
03009082480
03009088259
03009084323
03009087493
03009086428
03009088708
03009087279
03009082479
03009081015
03009089951
03009083239
03009083378
03009081428
03009084869
03009088685
03009086075
03009081674
03009083253
03009086771
03009083212
03009082358
03009081465
03009087108
03009086423
03009086172
03009086826
03009081722
03009088289
03009087456
03009086630
03009082465
03009085440
03009087329
03009088716
03009083271
03009087056
03009089580
03009086962
03009089943
03009087825
03009088148
03009081666
03009085755
03009089199
03009084774
03009084643
03009083570
03009081385
03009087100
03009084393
03009082697
03009085839
03009087197
03009086859
03009082940
03009083774
03009083735
03009088860
03009082987
03009082821
03009083071
03009086499
03009082569
03009086486
03009081521
03009082463
03009088056
03009088737
03009082819
03009088350
03009081872
03009085466
03009082932
03009085663
03009087758
03009084090
03009086879
03009087052
03009083680
03009086699
03009081137
03009086992
03009083408
03009087174
03009081520
03009084848
03009083803
03009087048
03009083820
03009087989
03009089126
03009088336
03009083539
03009084750
03009088423
03009083182
03009082254
03009089704
03009085411
03009082203
03009081479
03009087063
03009087412
03009083148
03009084241
03009088460
03009089026
03009085341
03009088937
03009083025
03009082743
03009084115
03009089420
03009084458
03009082049
03009082366
03009082559
03009086816
03009085626
03009084364
03009089670
03009086106
03009085726
03009083795
03009082412
03009081202
03009088215
03009087409
03009084567
03009086350
03009083337
03009082669
03009084953
03009085561
03009085292
03009087423
03009081537
03009082610
03009085858
03009084250
03009088966
03009083861
03009083479
03009086769
03009089107
03009086372
03009086146
03009082356
03009089081
03009085173
03009085957
03009086030
03009086595
03009083759
03009087325
03009088503
03009088031
03009085482
03009082624
03009087878
03009089268
03009088074
03009083227
03009086609
03009086925
03009084868
03009084871
03009087591
03009088158
03009083598
03009082549
03009085166
03009082684
03009084593
03009083897
03009089177
03009086388
03009086590
03009083163
03009083676
03009085636
03009085506
03009085086
03009084354
03009083517
03009083434
03009081644
03009085977
03009081926
03009081951
03009087999
03009085629
03009084482
03009084576
03009089572
03009081831
03009085258
03009085600
03009082859
03009086390
03009086452
03009089515
03009084408
03009084129
03009089426
03009086907
03009089087
03009089551
03009081401
03009087162
03009088183
03009087637
03009088484
03009082791
03009085265
03009083924
03009088351
03009081540
03009081881
03009089964
03009083007
03009084764
03009088309
03009081078
03009087213
03009082142
03009084229
03009085110
03009083967
03009082938
03009085627
03009087016
03009081477
03009085756
03009088520
03009085306
03009087573
03009084111
03009084336
03009081165
03009084103
03009085709
03009082500
03009085648
03009087029
03009089069
03009084183
03009086736
03009085879
03009081203
03009085369
