03009087297
03009088922
03009088724
03009082400
03009085939
03009089874
03009088974
03009086751
03009084656
03009082721
03009082751
03009086801
03009088276
03009081197
03009087711
03009087851
03009089518
03009082598
03009083623
03009088930
03009082735
03009085189
03009088921
03009088665
03009081851
03009089289
03009086124
03009084478
03009089280
03009084513
03009084112
03009085055
03009087522
03009083552
03009085567
03009083737
03009085368
03009083732
03009087207
03009085746
03009089519
03009084139
03009081669
03009081322
03009088072
03009084791
03009084382
03009081864
03009088271
03009087685
03009083141
03009085327
03009084506
03009082107
03009088609
03009089802
03009083735
03009084088
03009082849
03009082272
03009085375
03009088208
03009088639
03009081746
03009087644
03009082143
03009084113
03009084150
03009088865
03009086416
03009083183
03009083216
03009081050
03009088643
03009087598
03009087060
03009084907
03009084260
03009086207
03009081595
03009081371
03009083126
03009089727
03009083015
03009081444
03009086958
03009083935
03009081632
03009089644
03009086622
03009082897
03009087246
03009088763
03009083460
03009082683
03009086326
03009084037
03009086737
03009089721
03009084157
03009083534
03009084276
03009084569
03009082144
03009081290
03009081057
03009089965
03009082203
03009083142
03009087027
03009085677
03009088589
03009086064
03009083780
03009086837
03009085512
03009082018
03009087737
03009086200
03009085184
03009082517
03009089220
03009089794
03009085969
03009082286
03009085183
03009084914
03009084266
03009083022
03009088170
03009084538
03009082050
03009088060
03009087095
03009088557
03009087583
03009081725
03009086993
03009081731
03009088490
03009082616
03009084307
03009081182
03009084983
03009086623
03009087170
03009086299
03009084536
03009083978
03009081017
03009084774
03009081857
03009085320
03009088770
03009084782
03009087288
03009088875
03009084005
03009087507
03009084050
03009084014
03009085719
03009089742
03009086955
03009084435
03009086012
03009085812
03009088191
03009088447
03009084027
03009086603
03009088849
03009085978
03009084787
03009087302
03009088560
03009087744
03009089959
03009086722
03009087632
03009088071
03009087043
03009082039
03009083782
03009085725
03009086405
03009081617
03009082210
03009084442
03009089614
03009088611
03009083437
03009087167
03009089264
03009086881
03009089871
03009084724
03009086345
03009085531
03009086990
03009088451
03009085925
03009085878
03009081467
03009086221
03009089544
03009088916
03009087282
03009084048
03009085942
03009088676
03009087702
03009083173
03009088709
03009089607
03009084195
03009085980
03009084004
03009084412
03009087991
03009085411
03009085721
03009087619
03009088038
03009081679
03009087528
03009086435
03009082908
03009083656
03009082540
03009083587
03009087856
03009089846
03009085872
03009085989
03009084897
03009081329
03009083563
03009086208
03009081225
03009089178
03009087041
03009081161
03009081526
03009082577
03009082913
03009083429
03009084542
03009082015
03009088829
03009086966
03009083402
03009088623
03009084114
03009085316
03009088863
03009084045
03009089991
03009089107
03009083714
03009086662
03009081847
03009089513
03009086394
03009087451
03009082500
03009088925
03009085754
03009082378
03009083290
03009081014
03009087475
03009083127
03009087342
03009089690
03009082958
03009086720
03009081446
03009082881
03009081868
03009086597
03009085816
03009087822
03009081964
03009085064
03009082298
03009086945
03009086484
03009082419
03009088862
03009083797
03009088666
03009086519
03009085977
03009082042
03009081528
03009089904
03009085091
03009084588
03009087101
03009082388
03009081147
03009087974
03009089172
03009087325
03009088544
03009086225
03009081846
03009086179
03009085249
03009083696
03009088571
03009085486
03009087436
03009088761
03009086626
03009088809
03009085893
03009082916
03009088595
03009088612
03009089329
03009088675
03009089046
03009086439
03009089404
03009081353
03009085390
03009082009
03009088715
03009085434
03009084077
03009083751
03009083125
03009086169
03009089159
03009081829
03009086193
03009087016
03009087618
03009083416
03009086946
03009087947
03009084606
03009082767
03009083277
03009086282
03009088694
03009084184
03009083792
03009082535
03009081657
03009089298
03009084336
03009086582
03009089140
03009084872
03009089882
03009083240
03009084981
03009083136
03009084670
03009083358
03009085010
03009083500
03009082640
03009086734
03009081086
03009082401
03009081596
03009081711
03009085258
03009082099
03009088492
03009084797
03009088585
03009088686
03009089108
03009083315
03009084530
03009081641
03009088281
03009082420
03009084452
03009082999
03009081832
03009082576
03009082688
03009081321
03009087133
03009086829
03009081965
03009084811
03009085820
03009081247
03009087757
03009089776
03009083642
03009081959
03009083098
03009081391
03009089945
03009084039
03009088026
03009085844
03009086331
03009084342
03009086286
03009081195
03009081680
03009089924
03009081494
03009086389
03009084158
03009088397
03009081079
03009084463
03009084882
03009085082
03009083680
03009084430
03009083550
03009088910
03009085466
03009081356
03009081432
03009082474
03009084972
03009085988
03009086245
03009088346
03009085035
03009085938
03009085148
03009081514
03009083316
03009089431
03009087199
03009089274
03009082834
03009087801
03009084700
03009086475
03009085063
03009088957
03009087891
03009082163
03009081900
03009085457
03009082284
03009086214
03009088568
03009089019
03009081244
03009088463
03009085528
03009084818
03009087913
03009086044
03009088524
03009089733
03009084830
03009088620
03009084999
03009083628
03009089636
03009082631
03009083554
03009086731
03009089938
03009087411
03009081455
03009087080
03009083825
03009084344
03009087553
03009089577
03009083653
03009088934
03009081683
03009082495
03009082072
03009087056
03009083746
03009088015
03009089887
03009084648
03009084267
03009087950
03009085329
03009084127
03009089271
03009081799
03009086901
03009087552
03009082648
03009083582
03009085013
03009082287
03009081305
03009088178
03009081051
03009088687
03009083568
03009082498
03009086467
03009084871
03009083146
03009086125
03009088291
03009084614
03009081393
03009086572
03009085889
03009084615
03009083667
03009082082
03009085670
03009082081
03009087328
03009087809
03009082025
03009087443
03009087747
03009081005
03009085351
03009086669
03009082206
03009088368
03009085298
03009087022
03009086318
03009082150
03009087800
03009083079
03009083508
03009086158
03009085257
03009086758
03009088966
03009081346
03009085634
03009085261
03009088970
03009081359
03009088967
03009082497
03009088719
03009083865
03009085447
03009086477
03009085917
03009087523
03009082408
03009088204
03009087593
03009087348
03009089932
03009087870
03009089837
03009087550
03009086347
03009084663
03009088517
03009085156
03009083842
03009082490
03009084246
03009086384
03009085323
03009085132
03009086944
03009081824
03009087008
03009084660
03009088054
03009089652
03009089080
03009089213
03009089082
03009084503
03009087228
03009085984
03009089878
03009085559
03009087052
03009086167
03009081373
03009083997
03009087764
03009085424
03009081419
03009085012
03009085975
03009088654
03009086228
03009089619
03009089063
03009081153
03009085914
03009082391
03009085463
03009088774
03009085930
03009089539
03009087155
03009088789
03009088468
03009081843
03009087434
03009082532
03009085278
03009088283
03009085437
03009088078
03009085011
03009081325
03009089731
03009087367
03009081520
03009081996
03009088685
03009087603
03009089224
03009082852
03009089593
03009083349
03009081314
03009083593
03009084414
03009086785
03009085857
03009081833
03009086842
03009089992
03009084800
03009082951
03009083168
03009088540
03009087918
03009085690
03009081541
03009084051
03009089828
03009086183
03009085023
03009083943
03009089198
03009087245
03009081935
03009087930
03009089281
03009085937
03009081029
03009088448
03009088493
03009086120
03009088939
03009081498
03009089580
03009087841
03009083177
03009084482
03009089739
03009088393
03009086719
03009087454
03009088828
03009089685
03009082061
03009088052
03009085968
03009083521
03009085130
03009088569
03009088416
03009086658
03009082991
03009089898
03009088911
03009083036
03009083770
03009084502
03009084674
03009088979
03009084826
03009088872
03009081210
03009083699
03009085345
03009086444
03009086630
03009087223
03009087100
03009082250
03009084396
03009083876
03009082977
03009082480
03009083081
03009082922
03009084850
03009083279
03009085570
03009089028
03009085356
03009082948
03009084153
03009087724
03009088707
03009081754
03009084353
03009085094
03009088175
03009081939
03009083247
03009087502
03009086287
03009085890
03009087648
03009084514
03009082056
03009089160
03009082022
03009089702
03009081430
03009084434
03009085790
03009088287
03009087594
03009089774
03009087415
03009081273
03009084275
03009087962
03009086216
03009089375
03009081543
03009085689
03009086900
03009083025
03009088624
03009087385
03009086796
03009082302
03009088430
03009087144
03009085579
03009086634
03009088959
03009085631
03009081056
03009086972
03009086196
03009082155
03009084451
03009086293
03009082096
03009084272
03009085963
03009082563
03009085503
03009087500
03009088400
03009081270
03009088972
03009089540
03009086515
03009086104
03009088825
03009086134
03009082169
03009084637
03009082905
03009089128
03009087290
03009081652
03009089890
03009081962
03009088718
03009085077
03009082120
03009087033
03009081764
03009083082
03009089447
03009081417
03009083120
03009089885
03009088395
03009081031
03009088172
03009086039
03009086563
03009082444
03009089527
03009082230
03009081816
03009089985
03009086291
03009081546
03009087165
03009081917
03009086982
03009085751
03009085613
03009085537
03009089682
03009085588
03009086852
03009082506
03009088306
03009083432
03009086657
03009087407
03009084219
03009085673
03009089048
03009084752
03009084509
03009088096
03009082415
03009089117
03009084172
03009085088
03009087445
03009082435
03009086487
03009088627
03009085015
03009082134
03009085916
03009087529
03009085185
03009089550
03009087506
03009084348
03009088713
03009082175
03009081320
03009083532
03009088257
03009089011
03009082870
03009084822
03009087596
03009084388
03009081539
03009087036
03009089069
03009089502
03009087864
03009081579
03009085822
03009088167
03009083101
03009083194
03009082200
03009084718
03009081765
03009088087
03009087516
03009089127
03009082973
03009089034
03009086122
03009085795
03009087797
03009086830
03009088434
03009089565
03009081665
03009081030
03009081196
03009089201
03009083182
03009086847
03009086570
03009083606
03009083728
03009089338
03009081246
03009085519
03009088004
03009081602
03009086601
03009081766
03009083742
03009081849
03009088562
03009088265
03009089395
03009081135
03009081240
03009081177
03009089262
03009088991
03009083536
03009081529
03009081169
03009084905
03009081100
03009086402
03009085427
03009082393
03009082202
03009089157
03009088637
03009088873
03009086660
03009086939
03009089815
03009082467
03009082361
03009081801
03009088066
03009081941
03009085669
03009088764
03009086503
03009082667
03009084737
03009089605
03009087710
03009083990
03009086834
03009083080
03009089203
03009085265
03009082641
03009083134
03009085871
03009087192
03009081978
03009081289
03009088870
03009082064
03009082330
03009082793
03009087713
03009081713
03009088702
03009081719
03009084497
03009082963
03009082336
03009089899
03009082760
03009087656
03009082597
03009081447
03009083053
03009086980
03009088115
03009089670
03009081395
03009086113
03009083181
03009084368
03009089332
03009086490
03009084609
03009086088
03009084379
03009088139
03009082406
03009086812
03009089997
03009082276
03009088131
03009084073
03009081360
03009084705
03009082301
03009085826
03009085547
03009088214
03009084595
03009084678
03009088236
03009083644
03009082394
03009086679
03009084532
03009087345
03009089370
03009081093
03009087110
03009088409
03009081986
03009084196
03009082266
03009082157
03009085250
03009085785
03009081450
03009084009
03009084921
03009082906
03009086754
03009084964
03009089093
03009082875
03009088820
03009088275
03009085557
03009086142
03009084495
03009086876
03009081470
03009085464
03009084930
03009082980
03009084249
03009086296
03009085206
03009086109
03009083281
03009088216
03009082964
03009088810
03009084000
03009087430
03009081842
03009086392
03009081656
03009088525
03009082817
03009087097
03009085686
03009084476
03009089700
03009085389
03009083949
03009085653
03009085985
03009089078
03009086159
03009089926
03009082504
03009088667
03009088777
03009085080
03009086765
03009085538
03009085311
03009081203
03009086476
03009085630
03009082827
03009083758
03009089627
03009083739
03009083807
03009086404
03009088349
03009087152
03009083444
03009084629
03009086408
03009089183
03009083156
03009083095
03009081589
03009087156
03009081496
03009088762
03009083065
03009081311
03009084890
03009082987
03009086375
03009081649
03009082513
03009083171
03009084152
03009081913
03009082177
03009082673
03009089763
03009085352
03009085223
03009084148
03009084351
03009087646
03009086474
03009086127
03009088046
03009083380
03009084041
03009085671
03009082947
03009081379
03009086562
03009082427
03009088917
03009083417
03009088679
03009082655
03009081259
03009087068
03009084573
03009085378
03009081094
03009085031
03009081243
03009088915
03009089346
03009081047
03009086144
03009083538
03009086960
03009084533
03009085340
03009083196
03009087846
03009082995
03009086014
03009081133
03009081156
03009087590
03009089485
03009083260
03009089256
03009089130
03009087107
03009084092
03009088154
03009089574
03009085270
03009089891
03009082268
03009085379
03009081096
03009086803
03009082462
03009085125
03009086324
03009081899
03009085235
03009088476
03009085467
03009084383
03009088077
03009085483
03009081276
03009083412
03009088558
03009083102
03009087469
03009084244
03009087440
03009081757
03009087658
03009089659
03009083939
03009082051
03009085384
03009089342
03009081689
03009084641
03009083071
03009087816
03009081043
03009089653
03009081095
03009085898
03009082679
03009084018
03009088876
03009081178
03009083647
03009085831
03009084081
03009081015
03009082168
03009082422
03009088023
03009085441
03009083655
03009085045
03009084803
03009085465
03009086108
03009087960
03009083184
03009083092
03009088301
03009083778
03009085005
03009087666
03009082369
03009083540
03009087669
03009083449
03009086374
03009087259
03009087494
03009087739
03009088781
03009088481
03009086568
03009088108
03009081303
03009088326
03009089520
03009082219
03009085047
03009082375
03009086627
03009085997
03009085729
03009085423
03009083544
03009083135
03009082714
03009089586
03009081644
03009089133
03009086172
03009084837
03009088310
03009083346
03009086047
03009089677
03009088181
03009086161
03009087306
03009086021
03009086984
03009089852
03009081812
03009081788
03009089975
03009084257
03009089957
03009085291
03009084366
03009086372
03009087811
03009082246
03009083239
03009087672
03009085850
03009087499
03009089648
03009082308
03009083270
03009083061
03009084980
03009086171
03009085370
03009084193
03009088691
03009089707
03009088438
03009083282
03009085982
03009081610
03009081938
03009082729
03009088814
03009082808
03009089807
03009086373
03009084676
03009088952
03009088751
03009081026
03009084994
03009083456
03009081351
03009084587
03009081097
03009083900
03009087681
03009088104
03009083808
03009085900
03009089956
03009084730
03009084181
03009081516
03009088037
03009086093
03009082798
03009081122
03009088033
03009083880
03009083362
03009081324
03009083685
03009088884
03009083333
03009083761
03009085052
03009086700
03009086771
03009086674
03009082526
03009081626
03009089591
03009084624
03009087292
03009082851
03009089315
03009086129
03009088290
03009088336
03009088582
03009089052
03009083783
03009087628
03009082992
03009081114
03009081469
03009087988
03009083263
03009087412
03009088797
03009084771
03009083256
03009082579
03009083103
03009088989
03009087778
03009084467
03009086865
03009083408
03009086588
03009089072
03009082008
03009083051
03009084024
03009084996
03009085179
03009085999
03009084522
03009083779
03009085560
03009082270
03009088362
03009082178
03009082823
03009085460
03009089853
03009089595
03009086736
03009087530
03009089301
03009084115
03009088744
03009087555
03009089583
03009084526
03009082396
03009087477
03009081255
03009084361
03009089722
03009088203
03009084866
03009084849
03009088057
03009089324
03009081946
03009087932
03009085508
03009088129
03009083404
03009081405
03009087007
03009085272
03009085521
03009085401
03009081292
03009084438
03009081063
03009087254
03009085360
03009083759
03009081034
03009088660
03009084792
03009087817
03009087256
03009082379
03009087215
03009089255
03009088206
03009086676
03009081368
03009085050
03009088011
03009084151
03009089357
03009086029
03009085388
03009088840
03009084321
03009086911
03009085335
03009083802
03009087595
03009084979
03009084297
03009085129
03009088996
03009083475
03009086963
03009089792
03009081660
03009086593
03009087314
03009089923
03009089388
03009083052
03009086638
03009081209
03009084402
03009088165
03009083271
03009088230
03009081124
03009088977
03009088780
03009084743
03009088576
03009084381
03009083077
03009085763
03009082097
03009084334
03009089014
03009083848
03009085208
03009082554
03009088220
03009085596
03009084901
03009089389
03009081525
03009086988
03009085947
03009089894
03009085062
03009086000
03009082485
03009087871
03009081334
03009081522
03009083803
03009088731
03009088386
03009087384
03009082211
03009084237
03009082960
03009087826
03009085053
03009084038
03009086335
03009087361
03009089194
03009085611
03009087629
03009087675
03009083328
03009081734
03009083356
03009088796
03009088662
03009084486
03009086097
03009081142
03009088968
03009082325
03009081404
03009083822
03009089834
03009087178
03009087287
03009082635
03009089161
03009086711
03009084622
03009087432
03009088324
03009089156
03009086137
03009083883
03009088338
03009089935
03009081510
03009086879
03009088123
03009082259
03009081729
03009083204
03009082895
03009087366
03009087789
03009087795
03009082251
03009085811
03009084556
03009087903
03009084040
03009084096
03009083786
03009084762
03009083269
03009087772
03009082693
03009085085
03009083986
03009083887
03009089273
03009083912
03009089454
03009089164
03009087688
03009083816
03009087255
03009082911
03009089562
03009089637
03009086072
03009083344
03009081580
03009083719
03009087791
03009086251
03009082031
03009089445
03009087470
03009082782
03009083938
03009083361
03009083956
03009087889
03009082280
03009081048
03009086831
03009087901
03009088521
03009085174
03009085102
03009086762
03009086784
03009082723
03009085199
03009083631
03009081699
03009089348
03009083424
03009081366
03009086195
03009084706
03009081855
03009089827
03009086442
03009087854
03009085516
03009085803
03009081386
03009083476
03009087177
03009085926
03009084974
03009086079
03009081661
03009081116
03009087733
03009086478
03009082719
03009089489
03009081817
03009082148
03009083063
03009088161
03009085358
03009082257
03009081162
03009084465
03009084853
03009082125
03009086045
03009088693
03009081896
03009087319
03009085196
03009088784
03009083285
03009081809
03009082399
03009084795
03009082515
03009083965
03009088646
03009088575
03009085216
03009087679
03009085757
03009082452
03009087641
03009086028
03009081219
03009081461
03009084060
03009085470
03009083953
03009085615
03009085837
03009086892
03009088835
03009086203
03009087659
03009088267
03009084623
03009082842
03009089984
03009087519
03009086277
03009086909
03009086007
03009081013
03009086138
03009089523
03009082755
03009082066
03009089909
03009087749
03009086928
03009087922
03009088127
03009089740
03009089012
03009081257
03009086902
03009086882
03009084185
03009083017
03009083185
03009082927
03009086030
03009083942
03009081791
03009089193
03009087044
03009089608
03009081408
03009089699
03009081326
03009089759
03009089968
03009084136
03009081758
03009081125
03009087425
03009086701
03009082749
03009089656
03009087465
03009081145
03009086537
03009087896
03009084750
03009084111
03009089387
03009084537
03009089570
03009089139
03009085967
03009085957
03009087734
03009083796
03009088313
03009088684
03009088428
03009089001
03009081154
03009083660
03009084875
03009089498
03009086035
03009085756
03009086759
03009086316
03009082764
03009089148
03009084858
03009086811
03009085430
03009086509
03009084997
03009084900
03009085167
03009082996
03009083629
03009088387
03009084065
03009087172
03009089990
03009082876
03009083020
03009085251
03009088075
03009089983
03009086188
03009089134
03009084617
03009089490
03009085078
03009083455
03009087986
03009087062
03009083482
03009085723
03009087151
03009086407
03009083130
03009087929
03009086370
03009085718
03009089304
03009089778
03009089606
03009089221
03009086942
03009081955
03009087210
03009087374
03009088622
03009086149
03009085409
03009089856
03009087917
03009088980
03009084931
03009082678
03009083747
03009083690
03009086520
03009086940
03009083576
03009083058
03009088899
03009084655
03009085300
03009088520
03009082165
03009081044
03009085107
03009082858
03009088513
03009082582
03009088489
03009084149
03009082997
03009083691
03009087281
03009085614
03009084053
03009082985
03009083086
03009084030
03009088378
03009087564
03009086918
03009083276
03009087250
03009085201
03009082617
03009081082
03009082703
03009088486
03009085753
03009085948
03009081886
03009083937
03009081215
03009082180
03009085087
03009088908
03009087294
03009088063
03009086773
03009084572
03009088266
03009085535
03009089884
03009087014
03009086728
03009085294
03009081594
03009087978
03009085331
03009085529
03009081914
03009083178
03009084578
03009083639
03009084783
03009081098
03009081065
03009088656
03009089624
03009085212
03009086935
03009084923
03009085688
03009085536
03009083908
03009088606
03009086650
03009089216
03009085218
03009085894
03009083485
03009089788
03009087630
03009084437
03009081613
03009088819
03009085164
03009086637
03009081970
03009089629
03009082765
03009084855
03009089851
03009088593
03009084500
03009088766
03009081593
03009082549
03009088889
03009081881
03009089246
03009087322
03009087190
03009085198
03009084074
03009089642
03009081727
03009087341
03009089305
03009088228
03009088319
03009088898
03009082188
03009081151
03009083750
03009084716
03009086451
03009083785
03009083345
03009084596
03009081253
03009085819
03009087247
03009081070
03009088466
03009089966
03009089363
03009083200
03009087725
03009089987
03009081038
03009087513
03009089288
03009086271
03009088280
03009082886
03009088365
03009083561
03009084288
03009086048
03009086792
03009087141
03009089358
03009086985
03009086297
03009087130
03009088151
03009082409
03009087636
03009083343
03009088956
03009085698
03009084462
03009081164
03009086236
03009081872
03009088768
03009088444
03009088171
03009082605
03009086231
03009087691
03009081199
03009084278
03009088975
03009082824
03009087266
03009083907
03009081425
03009088670
03009081137
03009083862
03009085040
03009087396
03009087807
03009084604
03009089825
03009085006
03009085944
03009088373
03009089560
03009088396
03009081286
03009082040
03009083357
03009084367
03009087732
03009088951
03009089484
03009087196
03009087474
03009083202
03009087631
03009084582
03009085648
03009085209
03009088423
03009083087
03009087039
03009085254
03009083723
03009081357
03009089091
03009087399
03009087706
03009089998
03009083008
03009083028
03009088546
03009089850
03009081101
03009083000
03009081892
03009085163
03009082629
03009087532
03009089748
03009085743
03009084416
03009085683
03009083911
03009082475
03009085309
03009084576
03009084247
03009088119
03009089634
03009083010
03009089860
03009082084
03009083187
03009081782
03009087780
03009083481
03009083756
03009082181
03009088348
03009084409
03009087108
03009085506
03009087979
03009083709
03009082759
03009081716
03009083794
03009087719
03009083969
03009085603
03009082981
03009086215
03009082258
03009086793
03009085792
03009083078
03009083139
03009086560
03009083961
03009089760
03009082961
03009082850
03009085552
03009086300
03009087875
03009089838
03009081010
03009081278
03009081654
03009086069
03009089571
03009085695
03009085958
03009082654
03009084062
03009083915
03009081497
03009082162
03009081554
03009087304
03009087051
03009088945
03009087180
03009086163
03009083638
03009085215
03009089844
03009085765
03009081971
03009084936
03009083948
03009087222
03009088690
03009082710
03009084098
03009083906
03009089074
03009082351
03009081637
03009088657
03009084138
03009082572
03009086233
03009086888
03009083958
03009082333
03009088823
03009087191
03009084204
03009082057
03009086249
03009084218
03009086412
03009088527
03009088213
03009084332
03009082950
03009084594
03009083826
03009082953
03009085039
03009084119
03009088106
03009089964
03009087558
03009081077
03009083833
03009083610
03009082888
03009087197
03009088012
03009082602
03009082967
03009085059
03009088399
03009081499
03009088506
03009085386
03009083355
03009087657
03009085679
03009088164
03009084371
03009083823
03009082658
03009087763
03009085924
03009088239
03009082294
03009084741
03009087293
03009083516
03009088858
03009089633
03009087076
03009089664
03009088021
03009089215
03009086376
03009087927
03009083154
03009085933
03009081451
03009086087
03009088440
03009089597
03009087382
03009089941
03009085592
03009083734
03009087217
03009085153
03009085594
03009082455
03009087006
03009089450
03009081865
03009085241
03009085071
03009083307
03009086281
03009089835
03009082770
03009082306
03009081830
03009086206
03009086301
03009089911
03009085076
03009083266
03009085899
03009089858
03009084511
03009086821
03009087426
03009081067
03009088877
03009086393
03009085906
03009082140
03009083368
03009089797
03009085586
03009087381
03009082383
03009083287
03009088497
03009084387
03009086154
03009085598
03009085397
03009084374
03009083434
03009086274
03009085966
03009081018
03009089179
03009088420
03009082716
03009089799
03009085214
03009083892
03009085913
03009082244
03009088947
03009086170
03009085501
03009087770
03009081707
03009082830
03009085472
03009082223
03009082476
03009082128
03009083533
03009083039
03009087910
03009084101
03009085442
03009083620
03009086240
03009081678
03009086727
03009083720
03009086022
03009086252
03009085439
03009087627
03009082666
03009082390
03009088795
03009087050
03009084886
03009083009
03009087792
03009081888
03009087257
03009088450
03009085794
03009082707
03009084492
03009088773
03009084049
03009083131
03009083963
03009084844
03009086453
03009085530
03009087599
03009087812
03009088042
03009081435
03009085703
03009089676
03009088833
03009087403
03009088738
03009088765
03009082732
03009085491
03009081323
03009083577
03009089535
03009088426
03009082653
03009085649
03009086943
03009089521
03009088728
03009087478
03009082077
03009087171
03009084076
03009081502
03009089119
03009085497
03009085262
03009089096
03009086559
03009086543
03009086105
03009081024
03009083597
03009086489
03009084464
03009084625
03009084021
03009086181
03009086264
03009088088
03009085326
03009087075
03009084662
03009082943
03009084642
03009082461
03009082131
03009086702
03009082227
03009088361
03009081867
03009089543
03009085919
03009087586
03009087037
03009083922
03009085097
03009088020
03009084760
03009082607
03009082832
03009085110
03009089475
03009081233
03009089467
03009081443
03009084745
03009088955
03009082117
03009085769
03009084262
03009086103
03009089928
03009082758
03009087911
03009087934
03009084581
03009086448
03009085955
03009088510
03009085033
03009089020
03009083870
03009087363
03009082709
03009084095
03009089394
03009083251
03009086641
03009088099
03009084220
03009087088
03009082032
03009089814
03009083615
03009083324
03009083993
03009088013
03009087186
03009088259
03009086383
03009089154
03009083118
03009089412
03009085724
03009085084
03009084753
03009081658
03009084686
03009084331
03009084867
03009087433
03009082124
03009087260
03009085589
03009084702
03009088300
03009085027
03009085856
03009084025
03009082530
03009085835
03009087515
03009082207
03009084808
03009081363
03009085775
03009087279
03009082149
03009085128
03009089284
03009088457
03009088082
03009085915
03009089818
03009085231
03009086262
03009084817
03009083016
03009089227
03009087633
03009088495
03009088755
03009085904
03009084608
03009086102
03009085896
03009089813
03009086643
03009082553
03009083172
03009082133
03009085293
03009089967
03009084261
03009083773
03009082712
03009084836
03009082216
03009088864
03009085267
03009082698
03009089190
03009083114
03009086747
03009086547
03009082702
03009084516
03009082972
03009086600
03009089326
03009081280
03009084265
03009085103
03009088588
03009083708
03009082228
03009089260
03009083859
03009089443
03009083659
03009089640
03009081910
03009089872
03009088805
03009085228
03009083265
03009083941
03009081344
03009087409
03009088446
03009081234
03009081558
03009081053
03009088307
03009081956
03009088439
03009082386
03009083528
03009086959
03009089435
03009087715
03009084646
03009084415
03009084235
03009083925
03009088405
03009089077
03009081564
03009085195
03009086849
03009086789
03009087380
03009086672
03009084213
03009087794
03009089316
03009088461
03009082986
03009089859
03009083519
03009085629
03009085887
03009089610
03009081160
03009081107
03009084023
03009086713
03009089480
03009086421
03009082531
03009088553
03009089821
03009088514
03009085415
03009088610
03009083084
03009081737
03009085325
03009084896
03009086342
03009086621
03009082477
03009085773
03009088010
03009084066
03009083985
03009083190
03009082796
03009084034
03009085742
03009082766
03009082073
03009084141
03009081009
03009083180
03009084685
03009086853
03009082494
03009084375
03009086774
03009082537
03009087597
03009084838
03009083443
03009084764
03009087402
03009085456
03009087003
03009084520
03009089137
03009083666
03009087750
03009087267
03009082618
03009081931
03009082868
03009082472
03009087331
03009084315
03009081715
03009089767
03009087463
03009083278
03009083635
03009085593
03009089353
03009085363
03009085070
03009089621
03009089103
03009081507
03009086456
03009089310
03009081519
03009084207
03009084549
03009083107
03009087634
03009085000
03009087369
03009081845
03009084161
03009081890
03009084954
03009088663
03009087019
03009082443
03009082201
03009082807
03009086921
03009085068
03009082715
03009082127
03009083793
03009083221
03009087729
03009088808
03009082942
03009088735
03009088950
03009084461
03009082674
03009089129
03009086401
03009089616
03009083246
03009083198
03009086684
03009082347
03009086969
03009084470
03009084653
03009088757
03009086770
03009084459
03009088659
03009084020
03009087224
03009089855
03009082273
03009082416
03009083718
03009086314
03009082511
03009083147
03009084357
03009082080
03009083541
03009087570
03009081059
03009088288
03009089978
03009089016
03009086089
03009085461
03009084277
03009089168
03009084268
03009081953
03009083250
03009083831
03009088531
03009088339
03009086246
03009081677
03009083622
03009084749
03009089657
03009086450
03009086464
03009089126
03009085788
03009083399
03009088345
03009083603
03009089849
03009086915
03009082356
03009082912
03009088076
03009081777
03009085616
03009087508
03009086898
03009082528
03009089949
03009087339
03009085366
03009084356
03009086591
03009085394
03009089145
03009081664
03009085796
03009088630
03009088025
03009083608
03009089647
03009083598
03009088682
03009087486
03009089330
03009081266
03009081837
03009081581
03009088289
03009086828
03009085839
03009086059
03009085875
03009083257
03009085458
03009087769
03009087242
03009083407
03009089531
03009089446
03009088404
03009083752
03009082007
03009087861
03009083300
03009083846
03009084401
03009089000
03009083529
03009082775
03009086367
03009087105
03009088311
03009088856
03009089436
03009087540
03009085511
03009085162
03009081410
03009087722
03009082027
03009081561
03009089379
03009087490
03009082305
03009081819
03009088826
03009088927
03009082982
03009083376
03009084160
03009085342
03009085222
03009084707
03009083100
03009086890
03009088353
03009089458
03009088385
03009084440
03009081990
03009089378
03009083596
03009088241
03009086845
03009085577
03009088421
03009082840
03009081337
03009086716
03009081509
03009081224
03009084547
03009082568
03009087761
03009084164
03009085907
03009089466
03009085716
03009086703
03009088534
03009083674
03009082103
03009089318
03009083050
03009082756
03009088223
03009086295
03009081980
03009084644
03009084561
03009082941
03009081319
03009088505
03009087935
03009083483
03009082459
03009082343
03009085784
03009089972
03009088456
03009083470
03009084129
03009087952
03009081128
03009089746
03009086760
03009087398
03009088459
03009087885
03009086323
03009086273
03009087504
03009083116
03009087159
03009081423
03009081223
03009085462
03009083219
03009086190
03009082130
03009088572
03009082487
03009089285
03009084094
03009088343
03009086180
03009083661
03009089476
03009082573
03009084574
03009086020
03009089511
03009082468
03009087032
03009086602
03009088882
03009083347
03009086527
03009088792
03009088422
03009088599
03009082229
03009086652
03009088218
03009086749
03009085042
03009081800
03009088304
03009087588
03009089662
03009082863
03009084985
03009087561
03009085884
03009085426
03009082173
03009088370
03009083601
03009087310
03009081975
03009083688
03009082281
03009085610
03009085974
03009083790
03009085815
03009088822
03009081560
03009084877
03009086866
03009085494
03009085880
03009083525
03009088944
03009083840
03009086304
03009088197
03009086802
03009089147
03009089848
03009081163
03009085771
03009082029
03009088112
03009082694
03009086495
03009081614
03009086379
03009086797
03009083575
03009086162
03009087277
03009084324
03009085524
03009088559
03009082489
03009082398
03009087452
03009086818
03009083031
03009086580
03009088441
03009089306
03009087777
03009086987
03009085825
03009086668
03009089439
03009084512
03009083828
03009082848
03009088754
03009082348
03009089385
03009089589
03009087145
03009083694
03009085098
03009087677
03009089026
03009088212
03009082672
03009088243
03009089076
03009086685
03009087358
03009088997
03009081531
03009089952
03009083388
03009084880
03009083837
03009089392
03009084135
03009088503
03009082676
03009089804
03009089579
03009083104
03009082809
03009083123
03009087933
03009083047
03009083401
03009085105
03009086748
03009089982
03009088894
03009082914
03009083850
03009087148
03009088960
03009084504
03009087753
03009082722
03009087920
03009089397
03009089174
03009086261
03009087716
03009089995
03009089497
03009086571
03009084254
03009081064
03009088484
03009089189
03009083108
03009081479
03009088732
03009084223
03009087195
03009082054
03009089609
03009087581
03009082581
03009082430
03009087057
03009083649
03009084017
03009085685
03009085109
03009087251
03009083410
03009087827
03009082938
03009085124
03009082786
03009088737
03009087959
03009085851
03009088499
03009089564
03009087066
03009085418
03009085654
03009087388
03009084834
03009087600
03009089090
03009085793
03009086971
03009083784
03009084227
03009086671
03009088390
03009082457
03009083844
03009085301
03009085573
03009081902
03009086307
03009082024
03009084327
03009085551
03009084449
03009087992
03009082172
03009087736
03009081735
03009083902
03009087231
03009083397
03009086764
03009083115
03009082893
03009081299
03009082012
03009082595
03009088861
03009081762
03009085575
03009084763
03009085892
03009085668
03009084720
03009084304
03009088342
03009086640
03009083191
03009089131
03009083027
03009087874
03009082436
03009087589
03009082091
03009085178
03009082249
03009089973
03009085374
03009081997
03009086989
03009084742
03009081148
03009081060
03009082956
03009082071
03009081576
03009081738
03009082220
03009081328
03009085112
03009089414
03009085336
03009081736
03009082368
03009089196
03009087916
03009089963
03009087453
03009082957
03009082470
03009084330
03009084566
03009089327
03009082926
03009081198
03009087395
03009084918
03009087983
03009089105
03009081381
03009087137
03009084620
03009082841
03009085545
03009083232
03009087505
03009085032
03009089294
03009083517
03009088215
03009083205
03009087574
03009084340
03009087450
03009082889
03009083090
03009084496
03009081575
03009085333
03009083772
03009084527
03009086732
03009087966
03009081032
03009086062
03009084432
03009081488
03009082860
03009089948
03009083662
03009082342
03009086832
03009085920
03009084325
03009085455
03009081486
03009081099
03009085151
03009088169
03009088749
03009083652
03009089209
03009083122
03009081511
03009081400
03009089643
03009083711
03009081429
03009087695
03009084631
03009086352
03009089545
03009087752
03009083621
03009081779
03009082516
03009084453
03009088263
03009082093
03009084659
03009089254
03009088551
03009085313
03009081263
03009087476
03009081293
03009085282
03009084090
03009083896
03009082627
03009083736
03009087833
03009083329
03009086380
03009088969
03009089336
03009083035
03009081974
03009089317
03009085089
03009081805
03009087472
03009084600
03009083832
03009082224
03009085376
03009085495
03009086951
03009088418
03009081957
03009086979
03009088680
03009087495
03009085445
03009088807
03009084924
03009089764
03009081930
03009084529
03009083704
03009081105
03009081004
03009085912
03009081138
03009081003
03009085471
03009083757
03009084992
03009085665
03009088226
03009082366
03009081659
03009089188
03009087814
03009085515
03009082354
03009089801
03009083543
03009087881
03009082610
03009082011
03009088485
03009088000
03009082421
03009089724
03009087138
03009086851
03009087147
03009085736
03009081949
03009088188
03009083392
03009087676
03009088669
03009087857
03009081749
03009083895
03009083459
03009083218
03009086506
03009084911
03009081934
03009081778
03009089087
03009081591
03009084697
03009081110
03009089232
03009086051
03009085759
03009084976
03009082241
03009087707
03009081106
03009085821
03009089847
03009086968
03009088469
03009084293
03009089068
03009088047
03009087350
03009087181
03009086625
03009083133
03009085213
03009083957
03009084950
03009082282
03009082331
03009087071
03009082910
03009089507
03009082523
03009085752
03009086209
03009083805
03009085617
03009085200
03009082119
03009087298
03009085628
03009083762
03009089132
03009087028
03009087414
03009082491
03009087315
03009086155
03009082326
03009082413
03009089896
03009081411
03009089561
03009084824
03009082295
03009083113
03009081007
03009089099
03009083097
03009089067
03009089299
03009089322
03009088519
03009082788
03009087938
03009083776
03009082479
03009083261
03009082510
03009087649
03009083291
03009084961
03009089790
03009082222
03009086647
03009085886
03009086067
03009088937
03009085001
03009081702
03009086019
03009088126
03009083910
03009087928
03009089393
03009088247
03009084400
03009086833
03009083806
03009081958
03009087081
03009089715
03009085406
03009088460
03009085146
03009084137
03009082234
03009083255
03009089582
03009083627
03009081919
03009087127
03009084550
03009089720
03009083867
03009089066
03009088109
03009086599
03009082682
03009084864
03009085513
03009088985
03009089222
03009083754
03009083241
03009083153
03009085827
03009083578
03009084735
03009086133
03009083245
03009089994
03009085166
03009086339
03009087538
03009089552
03009087899
03009084269
03009084064
03009089873
03009081364
03009085239
03009088364
03009086567
03009085349
03009087122
03009087236
03009081863
03009088904
03009082267
03009089228
03009082890
03009089023
03009087906
03009088272
03009089308
03009083864
03009083284
03009084862
03009088674
03009084881
03009081771
03009083427
03009089816
03009083228
03009082968
03009081682
03009085675
03009085632
03009087815
03009081131
03009082458
03009083059
03009089340
03009084507
03009082965
03009084966
03009081397
03009084772
03009087001
03009081550
03009087837
03009084682
03009085800
03009084313
03009088494
03009089211
03009087340
03009087520
03009089448
03009087455
03009081492
03009082403
03009086493
03009087834
03009085541
03009087263
03009082373
03009088134
03009089483
03009081571
03009086910
03009088673
03009088246
03009082278
03009088145
03009087535
03009082000
03009083931
03009085517
03009086578
03009084751
03009084598
03009088720
03009088334
03009081844
03009087419
03009085339
03009089010
03009087639
03009081903
03009087518
03009088462
03009088359
03009087401
03009087742
03009084258
03009088958
03009083332
03009082450
03009082615
03009083048
03009082158
03009084075
03009086714
03009085714
03009083668
03009087067
03009087953
03009081569
03009081238
03009087055
03009081264
03009087009
03009089762
03009086017
03009088303
03009084086
03009086160
03009087852
03009085962
03009084733
03009087828
03009088183
03009087480
03009082645
03009082292
03009088299
03009081304
03009087954
03009081211
03009085561
03009085246
03009085149
03009088419
03009084965
03009088097
03009081627
03009085100
03009088402
03009081474
03009083298
03009084199
03009083054
03009084562
03009083854
03009082934
03009083781
03009088238
03009086332
03009082781
03009086936
03009084948
03009088001
03009083121
03009083852
03009082514
03009084709
03009082309
03009086566
03009083889
03009082675
03009086308
03009086303
03009088672
03009086265
03009088156
03009085986
03009089542
03009087787
03009082214
03009085687
03009086726
03009088845
03009082558
03009086609
03009081001
03009088382
03009087836
03009081545
03009086368
03009085676
03009081921
03009085304
03009085126
03009082944
03009082171
03009084144
03009084007
03009083489
03009086065
03009085307
03009087921
03009088496
03009086998
03009084865
03009088926
03009086242
03009085846
03009083884
03009087164
03009084105
03009083169
03009087492
03009085766
03009088384
03009084687
03009089553
03009089269
03009081701
03009083064
03009081271
03009086908
03009082240
03009087400
03009082360
03009084013
03009089163
03009088677
03009082242
03009081926
03009083089
03009081090
03009086317
03009089062
03009085060
03009086875
03009087961
03009088839
03009089002
03009086651
03009088240
03009085104
03009081378
03009085297
03009085364
03009087654
03009088841
03009084941
03009084491
03009085295
03009083236
03009084015
03009084208
03009088069
03009083238
03009085564
03009086411
03009089169
03009086878
03009085225
03009085435
03009087168
03009081574
03009086013
03009083897
03009081401
03009089808
03009087781
03009085018
03009083188
03009086497
03009087378
03009085853
03009089650
03009088093
03009089366
03009085296
03009081609
03009088371
03009088615
03009086428
03009089806
03009083795
03009082633
03009088812
03009086041
03009088726
03009089719
03009085755
03009089970
03009083893
03009088340
03009084917
03009082909
03009083689
03009088727
03009088056
03009082126
03009082208
03009084372
03009088608
03009088891
03009083030
03009081352
03009082384
03009087321
03009081681
03009088746
03009089541
03009087030
03009084694
03009088201
03009084681
03009081803
03009085113
03009081668
03009088094
03009082869
03009081448
03009085281
03009083933
03009085806
03009088618
03009081183
03009081307
03009081250
03009086542
03009089472
03009082854
03009082561
03009081176
03009082101
03009088802
03009085897
03009086238
03009086682
03009085365
03009083564
03009086386
03009086399
03009085713
03009088412
03009083511
03009087556
03009086950
03009081068
03009085480
03009087863
03009084806
03009087967
03009088035
03009087660
03009085941
03009086302
03009083085
03009083233
03009086848
03009087441
03009086166
03009083377
03009081245
03009088249
03009085482
03009087077
03009083509
03009086645
03009085432
03009089921
03009085473
03009086073
03009086033
03009081836
03009087329
03009087338
03009089477
03009081117
03009087025
03009085233
03009081875
03009087759
03009081620
03009081040
03009083312
03009086486
03009089170
03009081367
03009087655
03009087154
03009087356
03009088984
03009088152
03009088512
03009087591
03009089738
03009084314
03009087031
03009084688
03009085490
03009088224
03009087438
03009088933
03009083462
03009089870
03009082891
03009089711
03009089125
03009083395
03009083872
03009086555
03009083721
03009088067
03009088184
03009089782
03009084046
03009085876
03009083243
03009083753
03009087405
03009089578
03009088886
03009081236
03009089057
03009086298
03009081655
03009083716
03009087316
03009085779
03009084621
03009088029
03009087112
03009084410
03009085950
03009081069
03009087798
03009082233
03009085173
03009081981
03009089947
03009089942
03009082159
03009084815
03009085702
03009087423
03009084908
03009082466
03009083322
03009082994
03009086724
03009086824
03009085562
03009086481
03009086498
03009088574
03009085334
03009087038
03009087773
03009087790
03009084953
03009089536
03009086292
03009085400
03009088471
03009088602
03009082135
03009088279
03009086223
03009083002
03009085722
03009088987
03009086687
03009083223
03009084259
03009088721
03009087990
03009085069
03009081861
03009089930
03009087131
03009086284
03009084165
03009081687
03009086872
03009084286
03009083869
03009089214
03009088961
03009089339
03009083479
03009085922
03009082608
03009083513
03009085369
03009084431
03009086697
03009086991
03009089567
03009081471
03009086388
03009088850
03009085981
03009083206
03009083301
03009082522
03009086052
03009087592
03009083398
03009086877
03009087743
03009084001
03009081647
03009089481
03009086471
03009088244
03009081909
03009083515
03009086212
03009083463
03009083433
03009083523
03009084052
03009089728
03009088990
03009086483
03009084475
03009085454
03009081565
03009082176
03009087082
03009084364
03009083151
03009082372
03009088511
03009084776
03009084154
03009083599
03009089752
03009081761
03009082337
03009088655
03009089050
03009081464
03009081549
03009084036
03009085934
03009086441
03009084328
03009085343
03009086576
03009081140
03009087984
03009085877
03009089698
03009085416
03009086341
03009081573
03009081542
03009086904
03009082423
03009083845
03009081503
03009085321
03009083275
03009082026
03009087818
03009086569
03009084110
03009089149
03009083176
03009088294
03009085883
03009082313
03009083788
03009081612
03009088016
03009086198
03009082946
03009081119
03009081052
03009083498
03009082899
03009082660
03009081306
03009082705
03009087536
03009089247
03009089449
03009086924
03009084501
03009089437
03009086525
03009082182
03009085499
03009084956
03009089880
03009086001
03009083422
03009084341
03009086575
03009084489
03009082355
03009086201
03009082365
03009088567
03009088210
03009089897
03009081690
03009088903
03009084352
03009083394
03009086501
03009084619
03009086061
03009081585
03009088150
03009083502
03009086460
03009082862
03009082239
03009083767
03009082590
03009087687
03009084518
03009087994
03009085711
03009085861
03009084493
03009087987
03009087735
03009084616
03009084214
03009089769
03009084294
03009088284
03009086178
03009086664
03009083632
03009084757
03009084843
03009088742
03009083385
03009088374
03009086952
03009089836
03009088983
03009088465
03009087271
03009089225
03009083650
03009083211
03009088375
03009082488
03009082866
03009084831
03009089474
03009089070
03009085020
03009084909
03009087462
03009089649
03009089245
03009084349
03009087296
03009087262
03009086787
03009085829
03009083835
03009088179
03009089121
03009081449
03009086953
03009082160
03009083386
03009085284
03009089267
03009084580
03009084725
03009081129
03009084103
03009089575
03009084404
03009081112
03009082555
03009086078
03009085639
03009084672
03009087621
03009085693
03009082802
03009085571
03009089977
03009083379
03009086095
03009085330
03009089005
03009085658
03009081726
03009084295
03009082437
03009081640
03009087377
03009082006
03009082728
03009081011
03009089907
03009087104
03009085277
03009083881
03009084236
03009084427
03009088084
03009085781
03009087275
03009086234
03009083687
03009084801
03009088625
03009086349
03009086644
03009081466
03009082075
03009088555
03009087404
03009086491
03009085392
03009082283
03009081123
03009083174
03009081748
03009081186
03009081313
03009085276
03009082966
03009089268
03009081336
03009083679
03009082939
03009088455
03009083217
03009084889
03009086143
03009085135
03009087867
03009088473
03009086595
03009084748
03009089492
03009085101
03009081598
03009086211
03009083014
03009082548
03009089922
03009083293
03009083745
03009086423
03009084011
03009086024
03009081723
03009084740
03009083447
03009083353
03009086066
03009081618
03009086135
03009084684
03009089171
03009085319
03009087699
03009085180
03009086604
03009081115
03009082161
03009086151
03009083471
03009087344
03009084423
03009082795
03009089939
03009087678
03009085263
03009083855
03009088227
03009084443
03009088998
03009084118
03009082198
03009088135
03009087094
03009082237
03009084833
03009089457
03009085699
03009084636
03009082556
03009085572
03009086173
03009085240
03009089830
03009082748
03009081879
03009082519
03009084109
03009082235
03009088043
03009083320
03009083295
03009083522
03009084070
03009083558
03009087701
03009082845
03009089459
03009085238
03009082918
03009081302
03009088128
03009081413
03009081487
03009081340
03009081806
03009086269
03009088111
03009082614
03009087539
03009085450
03009084888
03009089660
03009082344
03009086413
03009086899
03009085626
03009083119
03009089573
03009084392
03009086468
03009085824
03009088180
03009081350
03009089219
03009086510
03009084309
03009086718
03009085073
03009088548
03009083143
03009088255
03009081229
03009087002
03009087965
03009089632
03009086983
03009084510
03009084534
03009083091
03009082811
03009084390
03009085145
03009086482
03009085322
03009087311
03009085172
03009084876
03009089303
03009085797
03009088475
03009088710
03009089734
03009081495
03009081279
03009087840
03009088483
03009086860
03009083777
03009089180
03009086772
03009083890
03009088668
03009083787
03009084100
03009086056
03009084116
03009088195
03009082044
03009087332
03009082353
03009088936
03009084698
03009084523
03009082962
03009087605
03009088320
03009087203
03009086607
03009082536
03009082743
03009085581
03009084667
03009086557
03009086835
03009083170
03009081434
03009087383
03009085888
03009086820
03009083592
03009085226
03009089953
03009081459
03009089116
03009082484
03009082010
03009081485
03009084033
03009085582
03009088309
03009083073
03009089988
03009082442
03009082822
03009086521
03009086328
03009087971
03009084131
03009081567
03009084898
03009081773
03009084311
03009086009
03009082152
03009089044
03009089590
03009089017
03009081907
03009083527
03009087879
03009088081
03009089876
03009087146
03009087969
03009085037
03009082634
03009084861
03009085620
03009089456
03009081439
03009083626
03009084121
03009082041
03009088039
03009083894
03009085193
03009081603
03009081776
03009087872
03009084182
03009084124
03009082381
03009083979
03009086612
03009089309
03009085691
03009085303
03009085290
03009084668
03009082874
03009087189
03009086744
03009089300
03009081453
03009089638
03009081505
03009085079
03009084319
03009088199
03009081214
03009086775
03009083843
03009085540
03009085274
03009081940
03009089501
03009081740
03009086978
03009082736
03009085095
03009081636
03009084016
03009086146
03009088233
03009089410
03009087993
03009089045
03009088061
03009088264
03009083493
03009084925
03009087671
03009088414
03009085144
03009085004
03009082321
03009087604
03009086906
03009088769
03009081061
03009081831
03009081472
03009085864
03009083946
03009083678
03009089238
03009087810
03009085525
03009088871
03009087690
03009086224
03009085767
03009081327
03009082142
03009089060
03009084229
03009085681
03009083094
03009084895
03009081821
03009083973
03009087667
03009088678
03009082560
03009089461
03009086390
03009085607
03009085705
03009084722
03009083556
03009083703
03009086363
03009082053
03009083464
03009086500
03009081667
03009088918
03009089173
03009088186
03009088443
03009085842
03009082265
03009083026
03009086241
03009085720
03009082318
03009086455
03009089843
03009085310
03009087230
03009084231
03009087860
03009084031
03009083337
03009088628
03009089549
03009085165
03009084781
03009081421
03009084494
03009086840
03009083524
03009085302
03009085809
03009082254
03009087762
03009088740
03009089613
03009086903
03009083971
03009081688
03009086690
03009082473
03009082878
03009083425
03009082769
03009089730
03009087601
03009083259
03009086893
03009082190
03009088729
03009084775
03009086310
03009083011
03009083012
03009084563
03009087877
03009085862
03009084253
03009086617
03009082021
03009083585
03009083041
03009082245
03009087444
03009086275
03009086708
03009084712
03009089635
03009082392
03009083996
03009084209
03009089867
03009082789
03009081418
03009089723
03009084145
03009089931
03009083581
03009085143
03009083396
03009089651
03009085566
03009083165
03009086227
03009085768
03009087730
03009088380
03009086042
03009083318
03009088100
03009088636
03009082170
03009086777
03009086054
03009088995
03009088192
03009084300
03009088297
03009087312
03009086558
03009089207
03009087437
03009082903
03009085836
03009084785
03009089059
03009086333
03009086930
03009081175
03009081076
03009082865
03009089618
03009089793
03009089158
03009086027
03009082657
03009081268
03009083466
03009085558
03009086686
03009087370
03009081380
03009086804
03009083505
03009086235
03009087745
03009089185
03009086036
03009084287
03009088159
03009081814
03009088529
03009088538
03009088518
03009086085
03009087269
03009087307
03009083335
03009089343
03009083693
03009081772
03009082493
03009088857
03009089373
03009089905
03009086981
03009083331
03009086356
03009088436
03009082539
03009088818
03009089390
03009084987
03009086100
03009088445
03009086970
03009083940
03009083618
03009087835
03009089693
03009085236
03009081922
03009089908
03009086938
03009083605
03009086894
03009083595
03009086606
03009084777
03009087387
03009081648
03009081012
03009087240
03009089124
03009089499
03009087061
03009087136
03009086956
03009089601
03009081442
03009083562
03009081703
03009085288
03009085086
03009083712
03009084531
03009085534
03009084456
03009088896
03009085848
03009089563
03009084480
03009088714
03009081895
03009081518
03009088292
03009089055
03009085650
03009088296
03009081604
03009081213
03009082525
03009087078
03009086037
03009084210
03009086699
03009082129
03009081384
03009083857
03009087572
03009085532
03009081330
03009086977
03009088658
03009084794
03009087768
03009082689
03009088149
03009088813
03009088641
03009085734
03009082752
03009085484
03009081242
03009086712
03009084807
03009087063
03009089035
03009083545
03009086826
03009088083
03009088260
03009089735
03009088022
03009089675
03009084692
03009082652
03009086387
03009082835
03009087201
03009087865
03009082100
03009088976
03009082509
03009088645
03009082907
03009083871
03009089803
03009082717
03009082020
03009082154
03009085542
03009085945
03009088821
03009084734
03009083072
03009089283
03009087850
03009089151
03009089522
03009087485
03009087514
03009089204
03009089663
03009081826
03009082744
03009089250
03009086461
03009083037
03009086822
03009088758
03009088030
03009083646
03009087940
03009089265
03009083032
03009089464
03009085232
03009088953
03009082949
03009085879
03009082478
03009089122
03009089710
03009085357
03009087662
03009083954
03009089551
03009088507
03009086661
03009085362
03009083478
03009083286
03009089786
03009087804
03009085574
03009088185
03009083415
03009081087
03009088806
03009088305
03009088332
03009089868
03009083611
03009087501
03009085478
03009085203
03009084143
03009089402
03009088231
03009089861
03009087457
03009087116
03009089177
03009082088
03009087566
03009089796
03009087418
03009081696
03009085834
03009082192
03009082601
03009081431
03009088782
03009085640
03009087784
03009081349
03009081189
03009086880
03009084851
03009083494
03009085413
03009086889
03009083506
03009083648
03009089795
03009089259
03009085636
03009089144
03009084541
03009082754
03009086068
03009089242
03009085090
03009082339
03009081025
03009082471
03009088786
03009089094
03009087783
03009083741
03009087351
03009087989
03009083769
03009084206
03009085762
03009081475
03009081750
03009084756
03009082017
03009089751
03009089218
03009086430
03009084548
03009082649
03009082873
03009085597
03009084765
03009085036
03009087194
03009084002
03009083692
03009081361
03009088564
03009088155
03009089695
03009083664
03009085404
03009087937
03009081216
03009081882
03009088978
03009086735
03009081893
03009084069
03009081674
03009084308
03009086886
03009084790
03009085448
03009088058
03009089758
03009084126
03009084239
03009084825
03009088906
03009083348
03009084570
03009087324
03009087150
03009088579
03009081084
03009086948
03009081515
03009081491
03009089400
03009088621
03009088449
03009081159
03009089323
03009087435
03009086873
03009087767
03009087278
03009082460
03009088235
03009086868
03009086974
03009089534
03009086117
03009089777
03009087842
03009084047
03009086614
03009085252
03009084929
03009087153
03009081752
03009082122
03009088914
03009088350
03009085419
03009087011
03009087096
03009089925
03009086191
03009087069
03009087902
03009087923
03009082821
03009087114
03009082919
03009086485
03009086091
03009085854
03009083038
03009087284
03009082624
03009088963
03009088031
03009084958
03009089602
03009088354
03009082929
03009088045
03009083588
03009083006
03009089229
03009088931
03009085007
03009085995
03009087368
03009089775
03009084061
03009083972
03009084472
03009087227
03009082937
03009081588
03009087541
03009088130
03009083161
03009089419
03009087158
03009085182
03009084719
03009087670
03009081599
03009085601
03009087466
03009089248
03009082307
03009086677
03009082275
03009083393
03009089917
03009087686
03009084704
03009085667
03009086111
03009089295
03009089969
03009083144
03009087793
03009088198
03009083669
03009089073
03009089681
03009087379
03009084814
03009087546
03009082300
03009089042
03009084643
03009084991
03009083273
03009088120
03009088478
03009086781
03009088603
03009085818
03009081827
03009089451
03009084055
03009082074
03009089971
03009087668
03009085585
03009089155
03009081916
03009086954
03009083317
03009087717
03009086336
03009085433
03009084934
03009088994
03009085992
03009085158
03009082187
03009084691
03009084935
03009083074
03009082955
03009085770
03009083231
03009087884
03009086465
03009082141
03009082828
03009084778
03009089729
03009081415
03009087013
03009085828
03009087226
03009083991
03009086618
03009083448
03009083928
03009088973
03009087029
03009084085
03009081807
03009081583
03009084557
03009086863
03009088530
03009086836
03009087272
03009088121
03009089415
03009086205
03009086357
03009082646
03009085833
03009081621
03009087219
03009083258
03009083179
03009088337
03009081523
03009088040
03009081982
03009088648
03009082060
03009083851
03009087237
03009086656
03009086779
03009086130
03009086280
03009088739
03009083024
03009087944
03009088251
03009084754
03009081377
03009084555
03009086139
03009081269
03009087557
03009088356
03009083726
03009081556
03009086778
03009087132
03009082303
03009083237
03009086794
03009084407
03009086912
03009081445
03009088747
03009082439
03009089588
03009084525
03009088237
03009084599
03009082454
03009089981
03009088965
03009081597
03009085436
03009089903
03009089061
03009088086
03009086931
03009089976
03009081021
03009085838
03009081646
03009081751
03009086755
03009084693
03009084450
03009085694
03009086082
03009087000
03009089559
03009088539
03009088591
03009087481
03009088401
03009083004
03009087694
03009083944
03009089744
03009087650
03009081187
03009088730
03009082853
03009083820
03009082591
03009082975
03009087299
03009085479
03009086513
03009083923
03009086008
03009088552
03009088477
03009083129
03009086823
03009084384
03009083636
03009086348
03009084271
03009081482
03009083967
03009084444
03009085003
03009085099
03009086433
03009087128
03009083727
03009086259
03009084301
03009081468
03009088954
03009083616
03009089556
03009085051
03009087613
03009087202
03009081141
03009087160
03009086780
03009083975
03009084912
03009088688
03009086975
03009081712
03009087571
03009082038
03009085823
03009081207
03009083951
03009088417
03009087406
03009084591
03009086523
03009085421
03009086691
03009082656
03009086564
03009082954
03009085489
03009085121
03009083651
03009089888
03009088470
03009082984
03009084296
03009084264
03009089645
03009086934
03009087386
03009086358
03009081834
03009084592
03009084147
03009085106
03009081338
03009084835
03009084006
03009081460
03009081536
03009085075
03009082079
03009089409
03009081856
03009086075
