03006785039
03006782152
03006787729
03006785334
03006787140
03006783766
03006781878
03006788790
03006789449
03006789667
03006788867
03006789287
03006788482
03006784974
03006787698
03006787811
03006782845
03006786508
03006783091
03006786696
03006781522
03006785697
03006781154
03006781811
03006783316
03006783910
03006781128
03006785433
03006783149
03006782839
03006789821
03006785325
03006781201
03006789441
03006786572
03006785084
03006787435
03006782228
03006789469
03006783903
03006783874
03006785633
03006789151
03006781778
03006786247
03006787846
03006782261
03006781619
03006788581
03006789342
03006782126
03006786734
03006784180
03006785328
03006787967
03006787661
03006784016
03006786518
03006786028
03006789466
03006787539
03006789649
03006786496
03006788370
03006782652
03006789935
03006788006
03006786652
03006784087
03006783469
03006787091
03006787280
03006786178
03006784165
03006782132
03006784881
03006787587
03006781219
03006781239
03006785983
03006789075
03006782706
03006786012
03006781243
03006784635
03006782076
03006789773
03006788211
03006782950
03006787875
03006784407
03006788093
03006789502
03006785281
03006787876
03006785193
03006782325
03006783613
03006781929
03006786528
03006785873
03006781569
03006789642
03006786899
03006789150
03006786284
03006785834
03006782780
03006786429
03006785631
03006784808
03006788227
03006787212
03006783665
03006787421
03006785664
03006786639
03006788692
03006783370
03006784575
03006784314
03006785257
03006787606
03006789216
03006782873
03006788085
03006784663
03006786850
03006787004
03006782393
03006788562
03006787605
03006789310
03006783797
03006787505
03006783063
03006789113
03006782093
03006788351
03006786241
03006786992
03006781782
03006787319
03006783066
03006786180
03006785836
03006787860
03006782212
03006788554
03006783633
03006787353
03006782214
03006783963
03006784026
03006781064
03006781620
03006788984
03006785776
03006784036
03006787068
03006787202
03006788916
03006783414
03006783554
03006789916
03006782600
03006787526
03006786598
03006785019
03006788333
03006787321
03006783474
03006786150
03006786692
03006787204
03006788826
03006788989
03006784791
03006783838
03006784928
03006787363
03006781956
03006781583
03006789494
03006783541
03006782637
03006785087
03006781028
03006786730
03006787257
03006781216
03006787746
03006785863
03006787263
03006787466
03006782281
03006787943
03006789612
03006781027
03006787034
03006785222
03006789020
03006784892
03006783676
03006784276
03006787333
03006783860
03006782793
03006789994
03006782140
03006789839
03006786960
03006781831
03006784059
03006786375
03006789963
03006782439
03006785570
03006788289
03006781076
03006786105
03006785728
03006789429
03006789738
03006786544
03006781046
03006785179
03006782811
03006787894
03006782936
03006786691
03006782353
03006789865
03006788361
03006787753
03006787167
03006783936
03006787262
03006787549
03006788110
03006786023
03006785634
03006788221
03006781568
03006789648
03006788588
03006781464
03006786933
03006788787
03006781412
03006783639
03006783989
03006787903
03006784122
03006786249
03006788948
03006785804
03006787385
03006784246
03006787699
03006784024
03006785140
03006781706
03006786509
03006781602
03006784685
03006788402
03006784353
03006783814
03006785872
03006788179
03006781926
03006784263
03006789126
03006784103
03006788323
03006789477
03006785531
03006784223
03006785207
03006784993
03006786225
03006784371
03006789850
03006783045
03006787687
03006788313
03006784428
03006783863
03006788324
03006786279
03006786515
03006785058
03006788046
03006783902
03006783061
03006782580
03006784128
03006782914
03006783233
03006781713
03006789726
03006788777
03006787926
03006789470
03006783162
03006787816
03006782491
03006789030
03006787236
03006787230
03006784835
03006785357
03006786665
03006785501
03006781444
03006788015
03006788062
03006785938
03006782847
03006783608
03006781807
03006784419
03006787485
03006783368
03006782627
03006784988
03006787707
03006784512
03006784645
03006781072
03006783026
03006789761
03006788842
03006784155
03006787000
03006786047
03006785832
03006787248
03006783258
03006785751
03006784774
03006789066
03006787704
03006785914
03006788627
03006781470
03006785217
03006783650
03006783787
03006785929
03006786410
03006786118
03006785051
03006782787
03006782841
03006784447
03006789864
03006788166
03006782247
03006783057
03006785771
03006782584
03006783762
03006782330
03006786904
03006786658
03006787288
03006781015
03006782014
03006785599
03006786056
03006789644
03006786669
03006781253
03006786712
03006782236
03006783518
03006782489
03006785142
03006786616
03006783642
03006783791
03006781367
03006784158
03006781599
03006785967
03006789081
03006781010
03006782694
03006789002
03006788231
03006785304
03006785373
03006789009
03006781969
03006784181
03006784202
03006781635
03006783682
03006786059
03006785407
03006781588
03006788783
03006783152
03006785930
03006788729
03006784909
03006781726
03006788619
03006785714
03006783262
03006782867
03006785920
03006786856
03006784137
03006789340
03006783362
03006788438
03006785949
03006787702
03006789336
03006788287
03006789226
03006787175
03006784812
03006783579
03006788383
03006785249
03006782570
03006782816
03006782815
03006783150
03006784093
03006786504
03006786684
03006789658
03006785747
03006789102
03006788261
03006787345
03006781220
03006789544
03006783812
03006786719
03006786700
03006784765
03006787680
03006785638
03006788492
03006785449
03006785663
03006789392
03006782280
03006785682
03006784551
03006783807
03006785158
03006789682
03006784483
03006784286
03006787598
03006781321
03006783367
03006787058
03006781235
03006786547
03006781933
03006789264
03006781955
03006781164
03006781075
03006787631
03006781000
03006783836
03006786879
03006783618
03006787568
03006786931
03006784323
03006787366
03006787487
03006782888
03006789846
03006788410
03006781952
03006782877
03006784499
03006786065
03006784619
03006787589
03006783059
03006783622
03006788222
03006789660
03006785465
03006788217
03006785746
03006786373
03006787859
03006783493
03006788317
03006781338
03006787676
03006786920
03006782807
03006782803
03006783102
03006787354
03006783274
03006783955
03006785879
03006784170
03006781388
03006788137
03006789981
03006786387
03006786133
03006785890
03006786545
03006783486
03006787881
03006784383
03006789408
03006784176
03006781413
03006785400
03006781822
03006786463
03006783872
03006782988
03006784571
03006788507
03006785032
03006783178
03006783261
03006783754
03006784486
03006785705
03006784267
03006784565
03006785490
03006784076
03006785765
03006789985
03006787603
03006787953
03006784831
03006783457
03006783292
03006787511
03006782252
03006787145
03006781389
03006785464
03006781280
03006786795
03006786810
03006782891
03006789599
03006782880
03006787402
03006784948
03006786317
03006782954
03006782628
03006782791
03006788999
03006782175
03006785141
03006785989
03006788686
03006787337
03006785320
03006784737
03006786269
03006785034
03006789740
03006785050
03006787441
03006787520
03006787817
03006786032
03006781871
03006783205
03006788909
03006783536
03006784184
03006781674
03006785891
03006781195
03006782677
03006783668
03006788771
03006784975
03006785162
03006785831
03006781281
03006789256
03006782370
03006786262
03006788459
03006784052
03006785223
03006786223
03006782073
03006783813
03006787856
03006789859
03006787830
03006789960
03006787428
03006788499
03006786922
03006784501
03006785794
03006783266
03006784315
03006782794
03006786141
03006782642
03006785240
03006786903
03006785965
03006781294
03006789872
03006783908
03006783768
03006788185
03006785149
03006781555
03006787573
03006787819
03006788145
03006787981
03006782686
03006781463
03006783817
03006783364
03006782717
03006783388
03006785168
03006781849
03006784218
03006788756
03006781414
03006781947
03006787910
03006787502
03006789983
03006789319
03006786108
03006782519
03006787984
03006785950
03006784062
03006781775
03006782278
03006786944
03006789348
03006782937
03006786355
03006787812
03006789036
03006786762
03006782776
03006789924
03006781852
03006781735
03006784115
03006787075
03006789210
03006783871
03006785753
03006789428
03006783735
03006789607
03006781909
03006789908
03006787998
03006783366
03006785354
03006787851
03006789302
03006781109
03006788223
03006782501
03006784306
03006782224
03006789719
03006781449
03006788901
03006785133
03006787577
03006788130
03006787584
03006781993
03006785443
03006788774
03006782078
03006788309
03006782346
03006788543
03006787336
03006787438
03006783028
03006785711
03006789813
03006787213
03006782733
03006784665
03006786681
03006788983
03006783511
03006781613
03006784904
03006781646
03006789708
03006782906
03006788158
03006783008
03006789867
03006785782
03006783361
03006782408
03006788002
03006788594
03006782566
03006785063
03006788251
03006782410
03006786037
03006788095
03006786783
03006782219
03006781659
03006788593
03006787388
03006784073
03006783869
03006789991
03006785637
03006789178
03006784429
03006788254
03006782645
03006789946
03006781431
03006788678
03006782480
03006788176
03006782624
03006786550
03006787542
03006786310
03006789236
03006783671
03006784810
03006781375
03006783114
03006784472
03006782479
03006781709
03006782981
03006782759
03006783188
03006787570
03006781002
03006785956
03006786929
03006781708
03006789997
03006785948
03006782464
03006785716
03006787769
03006789176
03006789179
03006788204
03006789211
03006781448
03006783829
03006782105
03006787559
03006781895
03006788966
03006787803
03006783641
03006785139
03006788172
03006789722
03006787340
03006787566
03006784417
03006781107
03006781478
03006784431
03006781247
03006785917
03006787545
03006786771
03006789305
03006787954
03006787041
03006782198
03006787247
03006783935
03006786267
03006783267
03006785629
03006789106
03006786990
03006786103
03006783905
03006784858
03006787775
03006784997
03006789067
03006788376
03006784758
03006782433
03006787701
03006783773
03006787964
03006787912
03006784560
03006787198
03006784424
03006782590
03006781011
03006783784
03006785604
03006786393
03006781204
03006781905
03006784199
03006789462
03006788188
03006786912
03006788788
03006784732
03006782372
03006785144
03006787009
03006788924
03006782687
03006782585
03006781773
03006789578
03006786837
03006787439
03006784814
03006786234
03006782494
03006785303
03006786093
03006788431
03006781950
03006785978
03006782318
03006788300
03006783653
03006785870
03006789605
03006783290
03006785970
03006787700
03006785329
03006786331
03006782820
03006783523
03006788987
03006781873
03006784612
03006782650
03006781433
03006786946
03006788165
03006781579
03006784970
03006789410
03006788896
03006789735
03006786949
03006782782
03006785856
03006782826
03006788708
03006788326
03006789033
03006786715
03006789390
03006783547
03006781469
03006787113
03006786162
03006782483
03006786202
03006782251
03006784219
03006783818
03006789299
03006784161
03006784544
03006785371
03006789019
03006788683
03006786459
03006781902
03006789870
03006783239
03006782471
03006785612
03006784918
03006789472
03006784868
03006789993
03006784815
03006782840
03006787897
03006781675
03006781721
03006782043
03006783399
03006786695
03006784466
03006784065
03006783247
03006786412
03006783532
03006784697
03006786599
03006786538
03006783482
03006781694
03006786918
03006787454
03006788573
03006789307
03006789072
03006786151
03006782194
03006781432
03006781387
03006781590
03006781379
03006785921
03006787623
03006781971
03006783439
03006784553
03006784618
03006783211
03006785489
03006786337
03006788541
03006789074
03006781436
03006787777
03006787949
03006782538
03006786242
03006781354
03006782490
03006787641
03006782603
03006785892
03006782324
03006782271
03006782632
03006781953
03006783923
03006782145
03006783106
03006785219
03006785858
03006789254
03006785483
03006784753
03006785731
03006787043
03006783582
03006784423
03006787609
03006785203
03006786782
03006783655
03006783344
03006789950
03006785145
03006788888
03006788279
03006785020
03006781479
03006786608
03006789647
03006781985
03006781258
03006781566
03006784192
03006785434
03006788457
03006785577
03006788522
03006787055
03006781108
03006786600
03006786759
03006786536
03006788282
03006787120
03006784056
03006781513
03006788977
03006788608
03006783973
03006786999
03006782870
03006786330
03006782337
03006787808
03006782532
03006782472
03006783745
03006785784
03006782016
03006782174
03006788325
03006785180
03006785132
03006789812
03006782894
03006783636
03006782129
03006787681
03006785999
03006784942
03006782526
03006787593
03006787192
03006782564
03006784321
03006786119
03006784739
03006785723
03006788575
03006784127
03006783013
03006784813
03006786305
03006782569
03006786332
03006783844
03006788796
03006781078
03006782963
03006789233
03006784201
03006784655
03006784838
03006782832
03006789482
03006783309
03006783988
03006781703
03006783134
03006783038
03006789609
03006782205
03006784385
03006784088
03006785460
03006789508
03006789115
03006782868
03006788995
03006788636
03006782217
03006789956
03006782812
03006784436
03006789163
03006783853
03006786514
03006784229
03006783331
03006789900
03006787914
03006787909
03006784586
03006782424
03006782276
03006781678
03006786498
03006782339
03006783525
03006789459
03006784707
03006789402
03006789725
03006785086
03006781787
03006785843
03006784195
03006787264
03006783353
03006781175
03006787267
03006781574
03006789280
03006787908
03006788808
03006786278
03006786471
03006787084
03006786839
03006781189
03006786414
03006785370
03006785719
03006787616
03006788544
03006789704
03006789146
03006787112
03006786727
03006783606
03006785033
03006789676
03006784057
03006783718
03006784555
03006783410
03006785157
03006782397
03006784671
03006784458
03006782229
03006782783
03006785351
03006782987
03006786861
03006785636
03006786628
03006782640
03006788247
03006788825
03006781544
03006785736
03006781888
03006788722
03006781870
03006782081
03006782672
03006785077
03006786483
03006782753
03006788869
03006787463
03006786137
03006788791
03006781742
03006785499
03006785387
03006786503
03006783193
03006786716
03006782285
03006781475
03006786785
03006789078
03006784628
03006787432
03006788819
03006786434
03006788831
03006782263
03006783875
03006782376
03006787547
03006787152
03006781719
03006788868
03006787991
03006786425
03006789164
03006782110
03006781806
03006787686
03006787913
03006786045
03006785384
03006785528
03006785153
03006787849
03006789321
03006781981
03006781707
03006788291
03006781986
03006781854
03006787861
03006781437
03006785940
03006785492
03006787305
03006787867
03006788535
03006787952
03006788234
03006784784
03006784325
03006786482
03006784293
03006784675
03006787271
03006786942
03006786978
03006788470
03006783677
03006784413
03006784554
03006785840
03006788861
03006789732
03006787013
03006782373
03006786554
03006786034
03006783224
03006785221
03006784804
03006785278
03006789818
03006789378
03006788092
03006782114
03006781203
03006788671
03006783555
03006784270
03006781047
03006781455
03006783615
03006784714
03006784912
03006781921
03006789802
03006784585
03006783627
03006783313
03006788140
03006782112
03006789373
03006787312
03006784108
03006787739
03006789015
03006787710
03006785029
03006787123
03006787599
03006783294
03006785537
03006789703
03006785005
03006789347
03006784384
03006785245
03006785017
03006782100
03006781490
03006784113
03006783421
03006781176
03006783163
03006786505
03006781238
03006785980
03006782740
03006785548
03006783890
03006784563
03006785816
03006785255
03006783336
03006786426
03006783744
03006782721
03006787788
03006783283
03006786755
03006785565
03006784265
03006784882
03006788622
03006781256
03006783030
03006788792
03006787727
03006785211
03006782618
03006781234
03006784902
03006784288
03006784393
03006788694
03006788829
03006786360
03006787313
03006783614
03006789988
03006785812
03006785041
03006785027
03006786010
03006787958
03006781500
03006782296
03006784311
03006788207
03006789748
03006788547
03006789155
03006782554
03006781907
03006782446
03006788252
03006788612
03006785515
03006788679
03006781944
03006784581
03006789048
03006782032
03006783892
03006787170
03006784277
03006789070
03006786214
03006782781
03006789769
03006782626
03006787737
03006784411
03006781485
03006786354
03006788640
03006786139
03006786921
03006787143
03006783914
03006789061
03006785001
03006784473
03006787132
03006788498
03006784674
03006786962
03006785925
03006786450
03006788404
03006787141
03006781284
03006786597
03006784878
03006786682
03006784375
03006785692
03006785472
03006789665
03006785986
03006787780
03006787532
03006783095
03006783998
03006783915
03006783391
03006788910
03006786970
03006783007
03006789803
03006781937
03006789681
03006785755
03006783327
03006785818
03006783843
03006786176
03006789332
03006783758
03006783126
03006781178
03006789757
03006781958
03006781764
03006781229
03006781671
03006784249
03006789352
03006787364
03006783047
03006782533
03006781434
03006787114
03006788276
03006789927
03006785074
03006784744
03006784693
03006789937
03006782144
03006783846
03006784638
03006789809
03006788445
03006784021
03006784405
03006781917
03006784241
03006783661
03006787146
03006785740
03006788354
03006788758
03006789801
03006787933
03006783108
03006788715
03006788390
03006782651
03006782771
03006781310
03006787898
03006786643
03006784850
03006781251
03006787070
03006781291
03006789527
03006785939
03006789206
03006788250
03006785330
03006786559
03006785446
03006789385
03006781100
03006785693
03006788759
03006789518
03006781714
03006781966
03006782159
03006781546
03006789493
03006783328
03006781172
03006787378
03006789555
03006784132
03006788481
03006784220
03006784449
03006788827
03006788356
03006783861
03006788727
03006784857
03006787254
03006782156
03006782944
03006786216
03006783385
03006788243
03006782204
03006787883
03006785332
03006781125
03006788394
03006783212
03006785054
03006781092
03006789745
03006789327
03006782610
03006788033
03006787703
03006787003
03006784780
03006782302
03006786880
03006781244
03006789932
03006781161
03006786263
03006787109
03006783821
03006788602
03006783277
03006787689
03006783118
03006782929
03006788342
03006789540
03006785737
03006785269
03006789165
03006784703
03006788793
03006789029
03006781250
03006787154
03006785152
03006788163
03006783913
03006782481
03006783329
03006787951
03006784861
03006787270
03006781142
03006786756
03006781637
03006789491
03006785104
03006789360
03006782779
03006786565
03006787714
03006781332
03006786540
03006781138
03006785013
03006782292
03006789954
03006785602
03006788669
03006789363
03006785208
03006789789
03006785002
03006787382
03006781543
03006784678
03006789166
03006789016
03006783561
03006782036
03006787392
03006781758
03006785590
03006787793
03006782923
03006787348
03006786847
03006785615
03006786594
03006784418
03006786813
03006782037
03006789848
03006786148
03006784547
03006788601
03006787393
03006786428
03006789702
03006781978
03006786913
03006782726
03006786235
03006786468
03006788698
03006789618
03006782979
03006789101
03006784740
03006783254
03006786702
03006782161
03006784756
03006786296
03006787515
03006782015
03006784173
03006788408
03006784730
03006784830
03006787215
03006783017
03006784468
03006783112
03006782857
03006784643
03006782056
03006785488
03006785815
03006783931
03006789646
03006782361
03006781112
03006786917
03006786975
03006781439
03006787711
03006787297
03006783987
03006789790
03006782304
03006783187
03006785377
03006788067
03006785529
03006781693
03006789014
03006782183
03006784710
03006785730
03006783450
03006786506
03006784457
03006783777
03006781197
03006781214
03006786345
03006786650
03006787982
03006787256
03006781524
03006787018
03006788235
03006784677
03006789669
03006789265
03006782895
03006786526
03006783794
03006786801
03006781748
03006784935
03006786630
03006782092
03006786928
03006781317
03006783253
03006783519
03006785396
03006785198
03006788965
03006785654
03006784475
03006788273
03006787489
03006785164
03006783992
03006787494
03006789551
03006785698
03006785192
03006784670
03006787419
03006789077
03006788810
03006781053
03006784568
03006783765
03006785605
03006785712
03006784790
03006782809
03006788253
03006783533
03006789311
03006786583
03006789136
03006782508
03006783136
03006784770
03006788061
03006787778
03006788096
03006789887
03006783939
03006789510
03006789031
03006783704
03006789296
03006787282
03006781399
03006786794
03006782612
03006788816
03006788072
03006786417
03006783885
03006782493
03006789386
03006786193
03006789343
03006785703
03006782113
03006787826
03006785825
03006781213
03006782124
03006789125
03006783778
03006784548
03006784236
03006782029
03006785184
03006784148
03006784480
03006781263
03006789478
03006789297
03006784224
03006782047
03006787659
03006784308
03006783893
03006787863
03006783167
03006782272
03006783103
03006787939
03006785695
03006782233
03006782541
03006784785
03006789737
03006788013
03006781275
03006784294
03006781868
03006788203
03006787309
03006786623
03006784906
03006782134
03006787295
03006788043
03006789995
03006787805
03006783933
03006785429
03006788045
03006782001
03006788396
03006783291
03006781133
03006784090
03006789488
03006781915
03006781938
03006786477
03006789741
03006781283
03006785355
03006786384
03006782440
03006784244
03006787057
03006781420
03006787651
03006782238
03006784736
03006784307
03006789582
03006781286
03006784690
03006782879
03006789592
03006788514
03006787821
03006782968
03006787194
03006789324
03006787076
03006781939
03006789723
03006785365
03006789688
03006785769
03006788347
03006782138
03006783446
03006781836
03006789677
03006787201
03006785625
03006781701
03006783605
03006783504
03006789268
03006782848
03006785546
03006782262
03006781837
03006782249
03006789863
03006782095
03006789286
03006788703
03006785991
03006782514
03006789371
03006788538
03006789786
03006787907
03006781540
03006789131
03006787453
03006785985
03006785030
03006785766
03006783891
03006789149
03006783471
03006781274
03006788155
03006782517
03006783957
03006786085
03006789663
03006784534
03006789775
03006782851
03006785943
03006784743
03006785844
03006787162
03006784460
03006786894
03006783819
03006782757
03006781964
03006785394
03006787216
03006784880
03006786277
03006786807
03006788293
03006787836
03006782060
03006786854
03006787206
03006788316
03006783372
03006789356
03006784602
03006782571
03006785923
03006787935
03006787108
03006786996
03006788682
03006789651
03006788516
03006786190
03006787122
03006786741
03006785342
03006789807
03006782856
03006788051
03006783182
03006781570
03006782714
03006787314
03006788007
03006785102
03006788578
03006785317
03006783697
03006781899
03006788956
03006786136
03006788939
03006781185
03006781208
03006781454
03006788911
03006789731
03006782973
03006785341
03006787266
03006786882
03006787785
03006781887
03006788609
03006782133
03006782765
03006786959
03006789854
03006788417
03006785954
03006784290
03006789536
03006782096
03006786385
03006783916
03006789504
03006781997
03006781259
03006784422
03006786361
03006783359
03006786790
03006789976
03006786430
03006784064
03006782995
03006788903
03006787431
03006784003
03006786174
03006781587
03006781330
03006782790
03006788089
03006784980
03006789780
03006787355
03006782206
03006783400
03006788367
03006786588
03006781670
03006783349
03006784885
03006787422
03006789405
03006789523
03006785066
03006789273
03006786541
03006787427
03006786038
03006787742
03006787916
03006787571
03006783170
03006789442
03006788621
03006789005
03006781153
03006787844
03006788422
03006789017
03006788305
03006783080
03006788248
03006785572
03006788275
03006784640
03006786768
03006788266
03006789978
03006784700
03006785456
03006784713
03006788081
03006785973
03006783701
03006782002
03006785607
03006787899
03006787457
03006783348
03006781585
03006786765
03006787870
03006784641
03006783795
03006785082
03006786443
03006786817
03006789141
03006785897
03006781435
03006782399
03006788469
03006783985
03006784720
03006788466
03006786302
03006787473
03006785912
03006785721
03006788555
03006781466
03006783625
03006786183
03006789617
03006789013
03006787895
03006788940
03006784695
03006786822
03006784652
03006784633
03006785855
03006781820
03006782257
03006789362
03006787677
03006785841
03006782763
03006789920
03006788779
03006788970
03006783228
03006785247
03006788332
03006788733
03006787342
03006789969
03006782458
03006784041
03006788773
03006781409
03006788851
03006784972
03006781983
03006785048
03006781044
03006785735
03006784493
03006784092
03006783464
03006781830
03006785624
03006785752
03006783705
03006781427
03006789448
03006788489
03006784943
03006781813
03006783046
03006784390
03006781665
03006783858
03006781970
03006788875
03006783044
03006786130
03006781974
03006789135
03006781783
03006786502
03006786803
03006786464
03006784344
03006786705
03006782039
03006785067
03006784584
03006786271
03006781343
03006786100
03006785137
03006782680
03006782616
03006787538
03006789212
03006781766
03006783781
03006781051
03006784829
03006789341
03006789453
03006786576
03006787665
03006781987
03006788139
03006786253
03006785469
03006789774
03006787979
03006782122
03006789461
03006787080
03006784391
03006782775
03006785008
03006789294
03006784807
03006787251
03006782578
03006782924
03006781212
03006785131
03006789694
03006783678
03006784572
03006787960
03006785659
03006788883
03006785195
03006782905
03006783067
03006782322
03006789572
03006788077
03006784179
03006783154
03006786660
03006782054
03006784333
03006789886
03006788448
03006788486
03006787179
03006788874
03006783594
03006783674
03006782545
03006787741
03006781901
03006781949
03006787892
03006786948
03006789819
03006789349
03006789023
03006786388
03006785022
03006786843
03006785235
03006781188
03006785118
03006788399
03006784327
03006788183
03006782567
03006781207
03006789086
03006782064
03006784118
03006783241
03006787670
03006789631
03006786286
03006786205
03006786841
03006787239
03006784983
03006788178
03006783769
03006781655
03006788475
03006785275
03006784459
03006789557
03006782202
03006781567
03006785878
03006786976
03006781769
03006782426
03006787284
03006783815
03006787619
03006782270
03006789696
03006783601
03006787564
03006781556
03006783564
03006787486
03006789471
03006784389
03006781202
03006787743
03006785447
03006783589
03006789933
03006789875
03006785767
03006781039
03006786102
03006783753
03006783207
03006789602
03006784435
03006784414
03006781511
03006787047
03006781499
03006783767
03006788053
03006784380
03006786129
03006783539
03006786973
03006788614
03006781488
03006785773
03006788245
03006784328
03006783694
03006783881
03006787744
03006782611
03006783928
03006782562
03006781461
03006781728
03006782509
03006789128
03006783071
03006789432
03006784196
03006783975
03006785470
03006781067
03006785270
03006786770
03006782685
03006787153
03006784007
03006782264
03006787433
03006786189
03006787183
03006784004
03006783165
03006789838
03006785491
03006782918
03006783901
03006789182
03006786110
03006789671
03006786070
03006784964
03006785910
03006789057
03006783644
03006787111
03006787079
03006789926
03006786774
03006781828
03006785538
03006781847
03006782938
03006782248
03006789259
03006781014
03006784136
03006789979
03006788149
03006788239
03006786117
03006787971
03006784623
03006784336
03006784605
03006781363
03006781525
03006788125
03006786053
03006788962
03006783064
03006783662
03006787516
03006788805
03006788265
03006786644
03006785254
03006782796
03006787761
03006785405
03006788803
03006787205
03006783117
03006782930
03006784110
03006784123
03006789833
03006781853
03006786316
03006784156
03006783438
03006781038
03006788705
03006783924
03006784869
03006783763
03006786011
03006784953
03006789237
03006784260
03006786457
03006782654
03006784154
03006786084
03006781365
03006783401
03006789755
03006786479
03006785075
03006787957
03006784683
03006783060
03006787764
03006789193
03006782972
03006788905
03006788112
03006784879
03006788146
03006786041
03006784033
03006786812
03006782301
03006784657
03006786363
03006788228
03006782621
03006786718
03006786595
03006785114
03006784138
03006788688
03006781376
03006786177
03006788882
03006787763
03006781372
03006788714
03006789059
03006785324
03006789368
03006782942
03006786620
03006785655
03006788545
03006789024
03006787241
03006784261
03006789535
03006782474
03006786376
03006786167
03006784767
03006781658
03006784609
03006786838
03006787186
03006783419
03006788374
03006783284
03006787104
03006782555
03006783531
03006781416
03006781271
03006783338
03006782171
03006787517
03006783951
03006782398
03006781724
03006782351
03006788935
03006782933
03006782505
03006783647
03006785205
03006783946
03006782148
03006784639
03006782288
03006785459
03006782529
03006784718
03006782235
03006781705
03006786004
03006784462
03006785105
03006783996
03006787249
03006787706
03006782884
03006783354
03006789823
03006784726
03006788079
03006783157
03006788891
03006784820
03006785811
03006789543
03006782799
03006786401
03006781553
03006786611
03006788797
03006781228
03006785862
03006787399
03006782871
03006781209
03006784441
03006786979
03006783711
03006784531
03006788624
03006789272
03006784894
03006781041
03006785445
03006787660
03006781298
03006789641
03006789444
03006789967
03006784452
03006784450
03006781305
03006787497
03006787807
03006782130
03006782207
03006783514
03006781855
03006786869
03006786460
03006781912
03006787500
03006782184
03006787904
03006785360
03006788840
03006788950
03006781818
03006789929
03006787974
03006786418
03006788105
03006782903
03006786757
03006782246
03006782380
03006782400
03006785946
03006786874
03006785333
03006785200
03006788531
03006787782
03006785944
03006788656
03006788857
03006782747
03006784232
03006784226
03006785408
03006788951
03006784214
03006782828
03006782430
03006788728
03006788880
03006786237
03006783397
03006784963
03006781033
03006782518
03006788159
03006784596
03006788644
03006789443
03006784474
03006785120
03006782576
03006785700
03006787191
03006787157
03006781205
03006782087
03006783199
03006788320
03006788454
03006786169
03006786304
03006782770
03006784506
03006789133
03006781328
03006782704
03006788151
03006789910
03006784789
03006789752
03006785316
03006783831
03006787536
03006781604
03006781571
03006786232
03006786792
03006786763
03006788794
03006788635
03006787880
03006787481
03006784994
03006782091
03006789640
03006789968
03006783575
03006781792
03006786210
03006783201
03006784453
03006783073
03006785047
03006788409
03006786416
03006787081
03006783141
03006787790
03006786868
03006781165
03006782340
03006788506
03006785706
03006782186
03006784824
03006783216
03006784019
03006786060
03006789784
03006784357
03006785744
03006784142
03006789425
03006787117
03006785725
03006783719
03006787990
03006786667
03006783097
03006782377
03006787073
03006784339
03006787203
03006784708
03006781408
03006788618
03006785069
03006786086
03006789806
03006789629
03006787290
03006789054
03006784373
03006788515
03006786631
03006782723
03006787397
03006787442
03006782762
03006781114
03006782547
03006789038
03006781467
03006789808
03006787434
03006787750
03006788876
03006786815
03006783740
03006785739
03006785185
03006789657
03006784335
03006785401
03006784188
03006787488
03006788435
03006789003
03006782293
03006784582
03006786521
03006787779
03006781946
03006789147
03006788338
03006784215
03006786779
03006788413
03006785046
03006784775
03006786984
03006785366
03006789312
03006782041
03006783626
03006784112
03006781512
03006786745
03006786885
03006788604
03006781934
03006783259
03006787381
03006788942
03006785742
03006785997
03006787409
03006785609
03006781845
03006789203
03006784243
03006785738
03006783041
03006781453
03006788175
03006788978
03006785091
03006789598
03006781242
03006784735
03006785129
03006783314
03006788016
03006784091
03006781529
03006789497
03006787078
03006786857
03006782731
03006784008
03006786778
03006789700
03006782308
03006784543
03006781031
03006784960
03006783448
03006785761
03006788478
03006786419
03006784074
03006782208
03006788651
03006782383
03006783295
03006783748
03006789962
03006787771
03006783656
03006784550
03006785690
03006781541
03006789825
03006781930
03006783055
03006788080
03006784897
03006789915
03006788599
03006789252
03006786156
03006788086
03006782438
03006781799
03006788127
03006782964
03006785188
03006785206
03006781503
03006787735
03006784387
03006789793
03006783485
03006787989
03006781914
03006789060
03006782157
03006785056
03006785595
03006786431
03006785775
03006784043
03006785259
03006781875
03006781857
03006786422
03006782725
03006786353
03006781940
03006788603
03006782089
03006788668
03006784595
03006786907
03006787095
03006784382
03006787403
03006781521
03006782531
03006788757
03006787720
03006784392
03006783691
03006782558
03006787469
03006784701
03006781609
03006782656
03006784068
03006789189
03006782707
03006787332
03006783553
03006782966
03006786165
03006786926
03006789637
03006781835
03006781103
03006786706
03006788164
03006782534
03006787595
03006784210
03006788397
03006781554
03006781199
03006786054
03006782986
03006784251
03006789921
03006787166
03006788148
03006787050
03006787468
03006782375
03006784415
03006785356
03006782934
03006787142
03006783714
03006783288
03006786985
03006784934
03006785662
03006784704
03006783733
03006789034
03006785112
03006789232
03006784610
03006785727
03006788849
03006786326
03006786977
03006783937
03006788557
03006783776
03006785484
03006783570
03006783535
03006784978
03006788286
03006787220
03006787077
03006786988
03006787160
03006786264
03006789040
03006787323
03006789547
03006786188
03006783552
03006789275
03006783032
03006789877
03006789351
03006786736
03006789350
03006788427
03006781168
03006788754
03006781814
03006784438
03006786035
03006782244
03006788420
03006783156
03006787449
03006789463
03006784541
03006781526
03006781547
03006783689
03006784231
03006787868
03006782601
03006786260
03006782984
03006786543
03006786814
03006785231
03006788378
03006787299
03006784836
03006787901
03006786689
03006783297
03006786546
03006784037
03006785947
03006786116
03006787902
03006787479
03006784523
03006781992
03006786849
03006782648
03006782294
03006786294
03006788400
03006783356
03006789664
03006783646
03006785992
03006785926
03006787995
03006782223
03006784304
03006782606
03006783999
03006788912
03006787436
03006782909
03006782999
03006788126
03006787762
03006786516
03006782391
03006782516
03006786452
03006784255
03006788818
03006785627
03006788923
03006787551
03006787688
03006784242
03006786172
03006783736
03006782617
03006787501
03006786664
03006785519
03006788542
03006785803
03006786586
03006785802
03006784656
03006788049
03006789320
03006782381
03006787217
03006781913
03006784028
03006787657
03006787633
03006788135
03006782143
03006788048
03006789787
03006788736
03006786824
03006787464
03006789996
03006788693
03006785974
03006788440
03006789012
03006789080
03006786240
03006781126
03006786327
03006789447
03006784944
03006785683
03006786629
03006782883
03006788169
03006788451
03006789569
03006789855
03006789111
03006784187
03006781793
03006784273
03006783688
03006782116
03006787238
03006789610
03006785079
03006781331
03006785410
03006781417
03006783065
03006781017
03006787471
03006781141
03006782821
03006789857
03006781809
03006782513
03006786404
03006788584
03006782315
03006783159
03006784446
03006783983
03006786657
03006786852
03006784786
03006782209
03006785347
03006789563
03006788806
03006781218
03006781254
03006785103
03006788551
03006782384
03006787390
03006783847
03006782128
03006785428
03006787097
03006786495
03006781430
03006781788
03006789082
03006784396
03006782684
03006787510
03006788458
03006783257
03006781050
03006787199
03006781236
03006785116
03006787852
03006786200
03006782510
03006788467
03006786219
03006786090
03006786781
03006788236
03006781415
03006783068
03006787375
03006788123
03006789465
03006784495
03006786020
03006783000
03006784386
03006789699
03006789879
03006785717
03006783670
03006784505
03006789515
03006789961
03006788655
03006781980
03006786078
03006788920
03006784627
03006783176
03006782863
03006783169
03006789095
03006781349
03006784378
03006781770
03006781501
03006782115
03006783466
03006786500
03006782631
03006782750
03006787361
03006786575
03006783628
03006788058
03006786255
03006785336
03006782773
03006788455
03006783495
03006788709
03006781319
03006784367
03006784316
03006789581
03006788190
03006788037
03006786288
03006781877
03006783395
03006784240
03006781150
03006781730
03006785467
03006783965
03006789041
03006787416
03006785580
03006787527
03006782250
03006785895
03006788382
03006783912
03006788456
03006787396
03006782758
03006785437
03006786390
03006782166
03006781617
03006785313
03006782007
03006784875
03006789483
03006786900
03006784000
03006785128
03006786971
03006782445
03006785583
03006783494
03006783302
03006783269
03006787575
03006788437
03006783052
03006783962
03006787747
03006783104
03006785520
03006784454
03006781864
03006785830
03006787306
03006786777
03006789512
03006783944
03006782363
03006781079
03006781293
03006781968
03006782314
03006785108
03006781572
03006785121
03006788462
03006787569
03006787380
03006783866
03006788497
03006789753
03006785052
03006788765
03006783256
03006789314
03006786525
03006783756
03006783631
03006783953
03006787358
03006785839
03006781916
03006781810
03006782486
03006789549
03006785649
03006784257
03006789498
03006782521
03006781897
03006782033
03006788719
03006782928
03006782910
03006785953
03006783865
03006783938
03006786829
03006782528
03006781083
03006785388
03006784050
03006781167
03006781104
03006787722
03006785504
03006788947
03006785495
03006786690
03006782530
03006781223
03006788343
03006789639
03006783904
03006781136
03006789282
03006782269
03006781403
03006784245
03006781440
03006784520
03006784917
03006782448
03006781333
03006785244
03006785660
03006782404
03006788598
03006784817
03006787685
03006782774
03006785452
03006784100
03006781230
03006786285
03006788285
03006786902
03006786075
03006789326
03006782761
03006782431
03006787228
03006785170
03006788660
03006788495
03006788663
03006784145
03006781662
03006789650
03006783242
03006781348
03006786348
03006782520
03006781217
03006784001
03006789522
03006783478
03006785837
03006786329
03006789271
03006782386
03006785909
03006786714
03006781633
03006789152
03006786957
03006785436
03006789567
03006788508
03006786487
03006787052
03006786923
03006784681
03006781082
03006782649
03006784658
03006784099
03006785016
03006782825
03006786527
03006786821
03006782592
03006781696
03006788927
03006784268
03006781650
03006786539
03006783389
03006783034
03006788914
03006783081
03006783990
03006781304
03006783260
03006786961
03006789899
03006786974
03006787176
03006782369
03006784362
03006788381
03006788102
03006786717
03006781269
03006781065
03006788590
03006783911
03006789309
03006785115
03006786938
03006789566
03006785617
03006783181
03006782451
03006783833
03006787137
03006781020
03006785901
03006788812
03006788587
03006784613
03006782522
03006788858
03006783986
03006788699
03006787098
03006787866
03006785430
03006786577
03006782266
03006783179
03006783638
03006781312
03006784238
03006781667
03006789580
03006786637
03006782688
03006785099
03006785262
03006785601
03006783739
03006789911
03006782265
03006789888
03006789601
03006786607
03006788020
03006781584
03006787274
03006786359
03006785230
03006783602
03006785457
03006783208
03006783600
03006788985
03006787407
03006783105
03006781314
03006789439
03006783727
03006789047
03006781988
03006785136
03006782065
03006787020
03006786728
03006782253
03006785476
03006787987
03006786680
03006788441
03006786000
03006787748
03006785444
03006782484
03006783069
03006787857
03006784370
03006785238
03006788789
03006788209
03006786873
03006782024
03006782916
03006784134
03006782457
03006783695
03006786887
03006781155
03006781394
03006784773
03006789301
03006781059
03006785308
03006786064
03006787557
03006782173
03006789183
03006783051
03006783272
03006788670
03006786149
03006786711
03006782752
03006783264
03006785963
03006786229
03006785524
03006781866
03006785291
03006785768
03006788556
03006781329
03006789919
03006786891
03006787168
03006782724
03006782454
03006785588
03006788625
03006788474
03006784443
03006781290
03006788642
03006787506
03006785095
03006789079
03006781171
03006784198
03006784772
03006782727
03006783021
03006781443
03006783131
03006786380
03006787088
03006782892
03006786614
03006787675
03006783122
03006787181
03006781004
03006787293
03006786886
03006784871
03006782413
03006782967
03006782072
03006787371
03006788526
03006788863
03006782861
03006787781
03006787604
03006786732
03006784481
03006783648
03006786273
03006788344
03006788362
03006781973
03006785510
03006783194
03006784494
03006784908
03006785526
03006787119
03006787106
03006784366
03006787751
03006789577
03006786522
03006787802
03006786872
03006786474
03006782379
03006788084
03006781860
03006784412
03006784368
03006783823
03006787478
03006786013
03006788955
03006786581
03006784440
03006786542
03006785474
03006784031
03006783139
03006782319
03006786671
03006785466
03006787622
03006787151
03006789197
03006785881
03006789022
03006788938
03006783382
03006783425
03006781631
03006782099
03006782913
03006787567
03006787628
03006782442
03006787245
03006788943
03006781428
03006785764
03006785277
03006788946
03006786746
03006787214
03006786816
03006781842
03006788559
03006787519
03006787523
03006789756
03006786686
03006789912
03006787038
03006783669
03006789104
03006785190
03006783109
03006788206
03006789906
03006783660
03006789257
03006786636
03006782946
03006781636
03006781772
03006786097
03006787445
03006789129
03006785543
03006781608
03006789556
03006784105
03006786001
03006781829
03006786145
03006784106
03006782875
03006784624
03006783120
03006787039
03006786965
03006785402
03006787572
03006784867
03006782190
03006781833
03006786568
03006782052
03006784556
03006785081
03006785541
03006781351
03006789816
03006789766
03006785847
03006781456
03006785218
03006782163
03006782666
03006788975
03006783810
03006783808
03006783708
03006788038
03006781497
03006786290
03006784528
03006787096
03006787476
03006781634
03006781551
03006783879
03006786685
03006786615
03006784404
03006788717
03006784723
03006784843
03006788008
03006789300
03006784903
03006789011
03006787465
03006783720
03006789998
03006788199
03006788786
03006781509
03006787125
03006783381
03006785172
03006785927
03006782805
03006783195
03006787060
03006785981
03006781191
03006787978
03006785828
03006788976
03006789955
03006789219
03006788532
03006781457
03006784259
03006786523
03006786157
03006789222
03006789159
03006786438
03006788483
03006782755
03006783373
03006782097
03006783920
03006788762
03006786659
03006787590
03006781826
03006785367
03006786099
03006789810
03006787905
03006786350
03006785307
03006782461
03006787037
03006781382
03006784478
03006786878
03006784949
03006786603
03006786089
03006783299
03006789411
03006781834
03006785951
03006781843
03006788066
03006783088
03006786300
03006787232
03006788529
03006787640
03006783335
03006782931
03006788311
03006782955
03006781560
03006783210
03006786159
03006783738
03006787300
03006785431
03006787650
03006786668
03006787716
03006782412
03006783706
03006788963
03006782368
03006785575
03006783515
03006782764
03006786480
03006787815
03006788298
03006781699
03006786146
03006789878
03006787893
03006788881
03006782557
03006789822
03006783076
03006783116
03006782394
03006785239
03006788100
03006783285
03006787854
03006789426
03006781093
03006783731
03006781824
03006784222
03006788258
03006783530
03006781532
03006788623
03006782498
03006787556
03006789679
03006786742
03006788369
03006783599
03006786989
03006789622
03006783271
03006785713
03006781080
03006783803
03006788157
03006786160
03006788004
03006786619
03006781016
03006789841
03006789754
03006786322
03006781116
03006782309
03006788296
03006781869
03006783488
03006784351
03006788167
03006789420
03006787656
03006786218
03006789791
03006784819
03006786454
03006789108
03006789398
03006788737
03006781749
03006782042
03006783757
03006783107
03006788505
03006781472
03006782225
03006785958
03006786455
03006788504
03006786297
03006781841
03006787159
03006785614
03006785535
03006784168
03006788921
03006786981
03006784746
03006785591
03006783722
03006785014
03006784764
03006781976
03006781169
03006784796
03006788484
03006788898
03006784312
03006782732
03006784126
03006782256
03006789218
03006783278
03006787394
03006782287
03006781808
03006781523
03006782729
03006781344
03006788063
03006784955
03006785068
03006782668
03006784365
03006789372
03006786713
03006784769
03006782607
03006789964
03006786182
03006786859
03006783491
03006784082
03006782647
03006785094
03006785754
03006787553
03006785147
03006784669
03006787301
03006784150
03006786914
03006783029
03006782915
03006783025
03006786287
03006787794
03006787789
03006783010
03006787149
03006788563
03006786943
03006786767
03006789374
03006785990
03006789541
03006786724
03006782742
03006786840
03006785286
03006788745
03006786033
03006782343
03006785813
03006787448
03006787944
03006789207
03006786584
03006783379
03006783497
03006781886
03006781095
03006783487
03006786191
03006783475
03006787694
03006789043
03006787197
03006781335
03006788241
03006785178
03006788972
03006788902
03006784372
03006786758
03006787728
03006783617
03006783675
03006789717
03006788702
03006783129
03006788846
03006782904
03006784083
03006781257
03006788346
03006783922
03006786720
03006788200
03006784839
03006784524
03006787513
03006784337
03006785759
03006782574
03006789800
03006786747
03006789730
03006781232
03006786780
03006783527
03006786908
03006788992
03006786889
03006788364
03006787066
03006782568
03006789026
03006783110
03006786408
03006785165
03006788904
03006788566
03006788488
03006783434
03006788616
03006789304
03006786338
03006788056
03006787558
03006789143
03006787164
03006784023
03006783898
03006787508
03006787063
03006787596
03006784866
03006788122
03006788156
03006786511
03006781422
03006784029
03006782917
03006788583
03006782009
03006781861
03006784426
03006788680
03006783816
03006789255
03006787911
03006781181
03006781200
03006789826
03006786633
03006783529
03006782203
03006786642
03006785969
03006787193
03006788031
03006784717
03006781977
03006789475
03006787474
03006786492
03006784098
03006787878
03006789893
03006788202
03006789576
03006784326
03006781261
03006789209
03006787425
03006789098
03006788501
03006789068
03006789170
03006789923
03006788213
03006788517
03006786618
03006789829
03006788098
03006789184
03006789369
03006788214
03006787709
03006785398
03006785070
03006789624
03006781404
03006782049
03006782682
03006786173
03006788639
03006789796
03006787158
03006784946
03006789884
03006788117
03006783509
03006781145
03006784852
03006785438
03006787999
03006781273
03006781395
03006788893
03006785213
03006788170
03006781401
03006781505
03006787879
03006785026
03006789225
03006789626
03006785406
03006788103
03006786392
03006787491
03006782275
03006784659
03006789943
03006782103
03006783445
03006786079
03006781287
03006787279
03006787983
03006788461
03006781891
03006784848
03006783441
03006786101
03006785630
03006781919
03006784539
03006783245
03006787658
03006789558
03006789401
03006785936
03006786342
03006781110
03006782643
03006781316
03006784622
03006787384
03006788645
03006786674
03006781767
03006784039
03006787850
03006782695
03006789973
03006784647
03006781023
03006784490
03006784616
03006781760
03006789064
03006781471
03006785793
03006785975
03006784870
03006786910
03006786753
03006783888
03006787196
03006786009
03006789974
03006784667
03006788419
03006786125
03006785750
03006784913
03006782702
03006781798
03006787283
03006782201
03006787139
03006786341
03006781090
03006788208
03006786153
03006787579
03006783592
03006785718
03006785297
03006788798
03006789521
03006784208
03006786605
03006784995
03006783092
03006787528
03006788753
03006784301
03006786283
03006784691
03006783966
03006785786
03006781030
03006786112
03006789876
03006783371
03006788637
03006788393
03006786475
03006785566
03006784910
03006786381
03006784497
03006783941
03006785748
03006785555
03006788091
03006786335
03006788359
03006785236
03006784673
03006785393
03006787467
03006786298
03006788502
03006788767
03006784649
03006784637
03006784040
03006783609
03006784320
03006781421
03006784369
03006789947
03006784211
03006788115
03006787679
03006781245
03006781906
03006789450
03006788064
03006782608
03006786098
03006787086
03006784709
03006786046
03006788040
03006788218
03006789376
03006781661
03006781755
03006784611
03006782469
03006785352
03006786811
03006786256
03006788605
03006786596
03006787124
03006782945
03006782416
03006786582
03006786647
03006788687
03006784343
03006782475
03006785098
03006782572
03006786890
03006788838
03006784816
03006787233
03006784109
03006784221
03006782804
03006781423
03006782912
03006786458
03006786227
03006788770
03006786646
03006781676
03006787865
03006787062
03006787847
03006782104
03006781819
03006789608
03006784574
03006783018
03006785942
03006789759
03006783842
03006783703
03006789524
03006785594
03006785827
03006787253
03006785214
03006784272
03006784011
03006781630
03006784957
03006783164
03006781815
03006785458
03006789199
03006788949
03006783852
03006783864
03006788341
03006784503
03006787395
03006784966
03006784951
03006782239
03006788744
03006786420
03006787326
03006783649
03006785123
03006783974
03006788884
03006781732
03006783221
03006786606
03006783680
03006785243
03006787919
03006783280
03006783296
03006783550
03006781060
03006789507
03006783135
03006788212
03006783218
03006783320
03006785549
03006787835
03006783826
03006786082
03006781838
03006782120
03006783324
03006788848
03006785318
03006787032
03006782344
03006785359
03006783943
03006782622
03006788954
03006784727
03006786144
03006789306
03006788596
03006782326
03006781518
03006784747
03006786551
03006781712
03006788704
03006781180
03006783845
03006784275
03006789503
03006783115
03006782927
03006786776
03006781159
03006787503
03006783155
03006782939
03006783481
03006783886
03006782227
03006783180
03006789230
03006783567
03006781146
03006787672
03006782641
03006783909
03006785966
03006785417
03006781282
03006789905
03006788052
03006782546
03006786021
03006785918
03006783209
03006789851
03006784537
03006789384
03006787945
03006784826
03006786124
03006785331
03006789620
03006782164
03006788418
03006783458
03006787227
03006782674
03006789842
03006782881
03006787415
03006786206
03006787597
03006788225
03006781255
03006781307
03006781867
03006786947
03006784712
03006785175
03006784063
03006788701
03006785618
03006781102
03006785376
03006782279
03006788839
03006789239
03006787754
03006784748
03006784515
03006781744
03006787896
03006782260
03006788022
03006786604
03006784149
03006784594
03006781426
03006783011
03006787369
03006788652
03006787749
03006787187
03006781074
03006789952
03006781410
03006782920
03006787518
03006783357
03006783079
03006785073
03006785675
03006781225
03006785760
03006781647
03006786095
03006788814
03006781156
03006782162
03006787921
03006782295
03006786654
03006783183
03006781801
03006781688
03006788979
03006785962
03006788181
03006783158
03006781702
03006782604
03006782596
03006784721
03006782313
03006782550
03006783982
03006785482
03006782777
03006789433
03006787443
03006789168
03006786448
03006782018
03006781019
03006788187
03006784762
03006788069
03006787329
03006783785
03006789928
03006787818
03006781627
03006786251
03006786863
03006785480
03006785057
03006785253
03006784408
03006781684
03006784598
03006781614
03006789240
03006788629
03006782355
03006784278
03006782356
03006783012
03006789698
03006783634
03006788283
03006781157
03006783577
03006782477
03006786945
03006783142
03006784926
03006786140
03006781187
03006781595
03006785817
03006786083
03006788926
03006781649
03006784071
03006783146
03006786395
03006781695
03006783834
03006785809
03006786152
03006789190
03006787195
03006786967
03006781762
03006789177
03006782683
03006783074
03006785191
03006782107
03006785849
03006786648
03006785037
03006789181
03006782593
03006781446
03006786708
03006782305
03006785378
03006789736
03006781381
03006786876
03006788340
03006782435
03006785677
03006785138
03006783712
03006786799
03006783510
03006784606
03006781115
03006787674
03006785749
03006783581
03006787786
03006789456
03006783799
03006782553
03006784971
03006787732
03006784648
03006787509
03006784212
03006787842
03006783197
03006787585
03006785521
03006789355
03006789728
03006786221
03006781339
03006787156
03006787462
03006781786
03006782665
03006784801
03006781754
03006783326
03006784538
03006781879
03006788804
03006785415
03006784588
03006783119
03006783248
03006784025
03006784104
03006782751
03006783451
03006786055
03006783206
03006784702
03006786339
03006787601
03006788493
03006785189
03006781827
03006784350
03006789217
03006785846
03006781564
03006781931
03006782962
03006784345
03006788615
03006781086
03006789913
03006785647
03006781781
03006783408
03006786932
03006784600
03006787917
03006787634
03006788464
03006781101
03006784102
03006788585
03006783001
03006783075
03006784376
03006789691
03006782583
03006789008
03006786343
03006783005
03006786661
03006783612
03006788780
03006783978
03006789370
03006783229
03006784258
03006784625
03006783878
03006786870
03006789323
03006789160
03006789944
03006781597
03006783086
03006789436
03006781370
03006781727
03006783551
03006786230
03006788768
03006787289
03006783003
03006786958
03006786365
03006782465
03006783090
03006787182
03006784186
03006787806
03006786276
03006786405
03006781859
03006782359
03006785109
03006782453
03006786319
03006789000
03006787459
03006785562
03006781120
03006782667
03006786407
03006788917
03006781959
03006783483
03006786066
03006787207
03006781850
03006783132
03006785988
03006789611
03006787049
03006784089
03006784961
03006781077
03006784171
03006785276
03006788872
03006786236
03006781975
03006781577
03006783265
03006781508
03006789966
03006786371
03006786275
03006786998
03006782196
03006785795
03006787209
03006786574
03006781233
03006781163
03006785532
03006789860
03006786171
03006785241
03006782139
03006782985
03006788104
03006785042
03006787005
03006785176
03006784956
03006785310
03006785527
03006783390
03006781874
03006785305
03006785321
03006788568
03006783043
03006781739
03006782102
03006789509
03006782722
03006784012
03006782932
03006781498
03006788864
03006785242
03006785080
03006782255
03006787255
03006783186
03006783383
03006781516
03006789873
03006782850
03006788150
03006786531
03006786751
03006785874
03006781904
03006784849
03006784266
03006785908
03006787642
03006788778
03006788781
03006783729
03006781073
03006787367
03006786805
03006789747
03006782900
03006786220
03006781003
03006784318
03006784299
03006782503
03006788337
03006781179
03006787475
03006788571
03006783578
03006789986
03006781777
03006782644
03006783984
03006786126
03006781746
03006784433
03006783273
03006786986
03006782348
03006789903
03006789587
03006789785
03006787738
03006786997
03006781923
03006785621
03006781800
03006787461
03006781601
03006783569
03006781036
03006783056
03006788993
03006788358
03006784950
03006784749
03006783882
03006786950
03006781473
03006783468
03006787093
03006784185
03006789672
03006788184
03006781140
03006786321
03006783234
03006784741
03006788617
03006782806
03006786587
03006781804
03006782623
03006782739
03006788830
03006784680
03006787495
03006786694
03006783384
03006781612
03006787853
03006789330
03006783721
03006788384
03006784914
03006785204
03006781683
03006788667
03006786703
03006786881
03006786789
03006781736
03006783217
03006787906
03006785560
03006788401
03006788277
03006787455
03006788233
03006787089
03006789092
03006785233
03006782216
03006784952
03006782911
03006786851
03006782050
03006784662
03006782941
03006787798
03006783477
03006785477
03006786052
03006789452
03006783759
03006781295
03006786111
03006781094
03006783099
03006782778
03006789625
03006781054
03006788141
03006784147
03006789269
03006784569
03006786164
03006785500
03006785380
03006782716
03006784837
03006784800
03006781563
03006788173
03006789707
03006783171
03006783101
03006789366
03006787148
03006782496
03006782745
03006783723
03006783343
03006788597
03006782614
03006789110
03006786192
03006786834
03006781549
03006785160
03006785968
03006781249
03006788879
03006781397
03006788322
03006786014
03006786489
03006783476
03006788219
03006788237
03006785582
03006789909
03006781697
03006784401
03006785127
03006788011
03006784291
03006788230
03006784124
03006783788
03006786386
03006783015
03006789191
03006787177
03006781641
03006789267
03006784792
03006782199
03006789238
03006782417
03006784081
03006784996
03006789380
03006786121
03006784793
03006786683
03006786772
03006782926
03006787420
03006785552
03006782609
03006789130
03006783580
03006786233
03006783492
03006787594
03006787602
03006786446
03006789767
03006783145
03006782286
03006784488
03006782887
03006786072
03006787447
03006782772
03006782613
03006787721
03006782387
03006782540
03006787645
03006787632
03006787915
03006787841
03006786005
03006787002
03006787655
03006782744
03006786243
03006783151
03006784937
03006782560
03006785322
03006781267
03006787988
03006784256
03006785673
03006781357
03006785699
03006783124
03006781177
03006785289
03006782160
03006784977
03006786966
03006784006
03006788281
03006786569
03006782978
03006788292
03006784197
03006785451
03006787061
03006784546
03006787044
03006784448
03006785065
03006781723
03006781022
03006781666
03006782323
03006784787
03006788799
03006788959
03006783900
03006783540
03006784439
03006785563
03006787134
03006787614
03006787932
03006781918
03006784899
03006788941
03006784846
03006783574
03006783340
03006781480
03006783411
03006788297
03006786096
03006789574
03006789662
03006784590
03006782273
03006785919
03006785012
03006787810
03006787822
03006785877
03006786106
03006783651
03006787437
03006789941
03006781640
03006787318
03006785516
03006788957
03006787804
03006788837
03006784777
03006784860
03006786905
03006786645
03006781130
03006781681
03006787023
03006787697
03006787224
03006789760
03006788659
03006782299
03006786937
03006787768
03006782331
03006784933
03006788330
03006782737
03006788853
03006787040
03006782141
03006785734
03006782165
03006788811
03006789145
03006781149
03006787840
03006783204
03006788675
03006788537
03006785083
03006783413
03006783969
03006789413
03006782767
03006784561
03006787972
03006786982
03006785487
03006786698
03006787082
03006781717
03006785096
03006787317
03006785907
03006788971
03006786925
03006784636
03006786132
03006784608
03006786022
03006783501
03006785685
03006782843
03006782197
03006785481
03006788028
03006789795
03006787225
03006785857
03006789779
03006782473
03006789889
03006782142
03006788442
03006789614
03006786127
03006789537
03006784728
03006786612
03006783970
03006784129
03006783802
03006783100
03006785154
03006782121
03006789261
03006788706
03006789965
03006785432
03006781325
03006787663
03006781900
03006783502
03006787962
03006788510
03006788631
03006781720
03006789891
03006787678
03006785893
03006785628
03006787010
03006787351
03006786311
03006788696
03006788034
03006787426
03006781111
03006786915
03006786580
03006783610
03006783352
03006781241
03006787637
03006782035
03006787190
03006783832
03006786025
03006785589
03006785674
03006788712
03006788996
03006781910
03006788387
03006782817
03006785616
03006785101
03006787629
03006784923
03006787930
03006783027
03006785220
03006787986
03006783133
03006784048
03006787586
03006788106
03006781962
03006783323
03006784847
03006783461
03006789262
03006781270
03006784055
03006786491
03006783123
03006782646
03006786415
03006787417
03006781894
03006784711
03006788434
03006782005
03006784167
03006783054
03006789315
03006787925
03006781645
03006785358
03006787292
03006786462
03006788194
03006788449
03006789118
03006788406
03006787705
03006783252
03006789653
03006789288
03006781143
03006789683
03006785558
03006788264
03006788520
03006785641
03006781385
03006788897
03006789185
03006781337
03006786951
03006786797
03006789586
03006788540
03006784463
03006781400
03006788643
03006788294
03006783947
03006781045
03006781405
03006784067
03006783596
03006785709
03006785135
03006784121
03006789656
03006781190
03006787118
03006784525
03006788960
03006789049
03006783684
03006786832
03006782802
