03326233340
03326235787
03326231822
03326237412
03326232152
03326232800
03326233790
03326234028
03326235458
03326235955
03326238901
03326233983
03326239945
03326235985
03326235392
03326232161
03326237935
03326232231
03326235277
03326238462
03326232645
03326233441
03326231470
03326238235
03326238263
03326239491
03326237129
03326231637
03326233949
03326237229
03326236853
03326237051
03326237875
03326233833
03326238497
03326237463
03326231143
03326234711
03326234761
03326237308
03326232395
03326235432
03326238579
03326236848
03326235138
03326234800
03326231982
03326236601
03326238547
03326236547
03326231159
03326232888
03326237325
03326239177
03326233971
03326232111
03326234537
03326234298
03326236898
03326233820
03326232005
03326231671
03326233432
03326236932
03326232070
03326236895
03326234697
03326236792
03326237520
03326233142
03326236067
03326237212
03326234861
03326234621
03326233096
03326233462
03326237509
03326235401
03326235693
03326234162
03326234655
03326234525
03326236781
03326239032
03326238574
03326233426
03326236907
03326233416
03326238206
03326232730
03326239829
03326239706
03326236166
03326231755
03326239026
03326239746
03326231257
03326231964
03326239109
03326236060
03326239014
03326231074
03326236789
03326236370
03326233047
03326236604
03326237739
03326232770
03326231520
03326237496
03326232369
03326237915
03326237760
03326237346
03326232732
03326237492
03326233786
03326237954
03326231205
03326234890
03326237679
03326234606
03326233646
03326231655
03326235049
03326234415
03326239292
03326232691
03326235416
03326239099
03326233673
03326234039
03326235527
03326236822
03326235918
03326235677
03326235435
03326231210
03326232333
03326237336
03326238251
03326233994
03326231680
03326237013
03326233765
03326238178
03326231155
03326234855
03326234123
03326235548
03326238440
03326232957
03326239334
03326232689
03326238354
03326232227
03326234805
03326236953
03326237194
03326237742
03326238247
03326236378
03326238693
03326231965
03326236963
03326232035
03326235528
03326239454
03326239522
03326235346
03326233485
03326236355
03326239651
03326239975
03326234458
03326237402
03326234512
03326234261
03326235865
03326235894
03326238757
03326234563
03326238490
03326237086
03326233865
03326236584
03326232987
03326237081
03326238982
03326237527
03326231057
03326236252
03326233433
03326234213
03326238320
03326231799
03326231215
03326239119
03326239327
03326234668
03326233763
03326232062
03326232084
03326233305
03326239359
03326238231
03326236700
03326232692
03326231328
03326231847
03326239489
03326231814
03326234879
03326233098
03326235451
03326232540
03326232373
03326237818
03326233102
03326235298
03326233399
03326236542
03326239081
03326233728
03326233297
03326235141
03326236538
03326231225
03326237938
03326236428
03326235001
03326237224
03326234756
03326236129
03326232282
03326237234
03326237691
03326239728
03326234404
03326233943
03326232398
03326238117
03326236920
03326233667
03326236786
03326232295
03326235945
03326238959
03326239906
03326232817
03326237986
03326231870
03326232972
03326236996
03326237550
03326234789
03326231551
03326231014
03326233774
03326239877
03326232538
03326238226
03326237783
03326236243
03326238257
03326235411
03326235569
03326238994
03326232598
03326237846
03326236807
03326235179
03326231474
03326239751
03326238930
03326237658
03326234854
03326237468
03326238215
03326234407
03326236770
03326234259
03326239309
03326234939
03326233782
03326232392
03326231384
03326234343
03326237042
03326235578
03326235440
03326239002
03326236052
03326232022
03326235361
03326233548
03326231216
03326236164
03326231816
03326236076
03326235037
03326231691
03326233893
03326236159
03326236305
03326231661
03326231885
03326233818
03326231013
03326231983
03326238948
03326235270
03326235211
03326236461
03326236620
03326239765
03326239601
03326236033
03326232877
03326235636
03326239493
03326233919
03326236998
03326239740
03326234189
03326236630
03326233353
03326233145
03326238421
03326234064
03326239901
03326232091
03326238498
03326235225
03326238037
03326235381
03326233692
03326231621
03326237989
03326234068
03326233073
03326235015
03326238277
03326235701
03326233678
03326234286
03326236399
03326232215
03326234288
03326238813
03326238256
03326236665
03326232385
03326234662
03326232145
03326239629
03326234383
03326238630
03326235802
03326231924
03326231206
03326233120
03326231707
03326231236
03326238582
03326235908
03326234411
03326232759
03326238809
03326232562
03326234478
03326235642
03326236412
03326234177
03326232951
03326239066
03326236746
03326236206
03326234022
03326235612
03326233277
03326238559
03326235652
03326231547
03326231992
03326233606
03326235437
03326237271
03326233091
03326237071
03326239858
03326232580
03326238304
03326232442
03326235703
03326232015
03326236306
03326235630
03326231529
03326235694
03326232187
03326236743
03326238250
03326238105
03326235452
03326231431
03326239564
03326239056
03326235717
03326237184
03326235115
03326239842
03326231465
03326232677
03326232930
03326233665
03326234361
03326232419
03326239153
03326233371
03326235291
03326231386
03326238570
03326236554
03326231458
03326235872
03326233363
03326234730
03326239900
03326238391
03326234083
03326233272
03326234547
03326236371
03326238908
03326232468
03326236539
03326232174
03326235873
03326238214
03326237374
03326239887
03326234742
03326232738
03326236839
03326239764
03326232773
03326238349
03326231944
03326233210
03326232376
03326236632
03326238172
03326231696
03326236647
03326239579
03326236201
03326234325
03326235816
03326238792
03326231031
03326236569
03326236917
03326234021
03326231197
03326235880
03326236978
03326237498
03326237076
03326234012
03326238683
03326231811
03326238720
03326236381
03326237955
03326235180
03326236640
03326234144
03326235570
03326236793
03326236959
03326231251
03326239672
03326233888
03326231557
03326231094
03326233710
03326236168
03326239922
03326233458
03326238752
03326237152
03326231024
03326237330
03326235397
03326239134
03326233326
03326236788
03326239885
03326237927
03326235611
03326237944
03326237860
03326233612
03326239324
03326239929
03326232772
03326233285
03326234126
03326238920
03326235727
03326237826
03326233187
03326232455
03326237588
03326238100
03326232551
03326239110
03326237285
03326231837
03326239228
03326236931
03326237850
03326236309
03326237506
03326238782
03326231246
03326238866
03326231073
03326234060
03326235943
03326233696
03326237482
03326234386
03326236238
03326237149
03326232723
03326235466
03326236727
03326236897
03326238409
03326239670
03326231307
03326234333
03326231900
03326231785
03326235375
03326231436
03326232892
03326238716
03326235761
03326233015
03326232423
03326231954
03326231953
03326232039
03326239538
03326235259
03326232508
03326234654
03326237244
03326238758
03326233714
03326236312
03326231960
03326234562
03326232501
03326239440
03326236639
03326236198
03326234449
03326239345
03326239101
03326233491
03326234975
03326238180
03326237227
03326232767
03326231720
03326231370
03326233815
03326235194
03326237188
03326231638
03326235901
03326237542
03326232894
03326235574
03326231794
03326238071
03326239062
03326239475
03326238330
03326237403
03326236215
03326236321
03326236375
03326236225
03326231275
03326237504
03326232693
03326231768
03326237532
03326236473
03326233478
03326235991
03326238385
03326232343
03326232497
03326236766
03326233793
03326232944
03326235312
03326238395
03326233538
03326231623
03326238655
03326237784
03326238874
03326237551
03326231030
03326234428
03326235499
03326239850
03326232883
03326231012
03326231871
03326235399
03326234994
03326237590
03326233918
03326233265
03326236751
03326239869
03326238369
03326238541
03326234063
03326239583
03326233408
03326236565
03326232709
03326232500
03326232782
03326234752
03326237569
03326238629
03326239406
03326237340
03326232032
03326236623
03326239004
03326234120
03326232985
03326237348
03326234906
03326232847
03326232210
03326238560
03326238525
03326235169
03326233081
03326234591
03326239291
03326234142
03326235302
03326237862
03326232790
03326235313
03326238424
03326239370
03326232617
03326234635
03326235591
03326237345
03326232529
03326236336
03326231918
03326233468
03326233873
03326235463
03326238379
03326231658
03326239862
03326234009
03326232247
03326232342
03326233975
03326237612
03326231670
03326232978
03326238585
03326239338
03326234103
03326239477
03326239242
03326231310
03326232170
03326238895
03326234750
03326237105
03326234886
03326232420
03326235892
03326236619
03326231214
03326235996
03326238833
03326231163
03326231122
03326231033
03326233828
03326233720
03326236923
03326236204
03326232927
03326231303
03326236177
03326237766
03326235394
03326235004
03326238572
03326231841
03326235296
03326234592
03326233242
03326233052
03326237093
03326231298
03326234977
03326231273
03326236772
03326237441
03326238116
03326235628
03326231127
03326237978
03326238779
03326231855
03326237552
03326235510
03326237278
03326237179
03326236314
03326235993
03326231128
03326239355
03326235364
03326238533
03326237844
03326232026
03326237972
03326231739
03326239824
03326236055
03326233115
03326233666
03326235650
03326239432
03326235485
03326236638
03326237416
03326236224
03326238065
03326235186
03326234289
03326239786
03326237313
03326236062
03326239779
03326235305
03326233848
03326231357
03326234689
03326232739
03326238927
03326236863
03326233601
03326233155
03326235034
03326237039
03326239950
03326232031
03326231496
03326233840
03326236819
03326235444
03326234490
03326231939
03326239139
03326232657
03326236289
03326234712
03326231909
03326233165
03326239956
03326234518
03326232206
03326231757
03326238976
03326232910
03326238622
03326235666
03326236946
03326233483
03326232381
03326239185
03326238114
03326232793
03326237390
03326233701
03326234532
03326235938
03326239949
03326233780
03326239860
03326239358
03326239418
03326235549
03326232271
03326236270
03326236711
03326238889
03326231245
03326231869
03326236079
03326239994
03326237512
03326239289
03326238619
03326233335
03326231153
03326231006
03326239557
03326239954
03326232353
03326239501
03326233495
03326233418
03326231011
03326237376
03326237226
03326231010
03326236175
03326234658
03326232848
03326232338
03326234233
03326238048
03326238954
03326238057
03326232237
03326233105
03326238120
03326233503
03326236752
03326239065
03326235913
03326232603
03326237743
03326232627
03326231362
03326238351
03326239861
03326235595
03326239918
03326236768
03326237078
03326233292
03326237877
03326233868
03326234643
03326235068
03326232854
03326236441
03326238299
03326231209
03326237981
03326234157
03326232198
03326238769
03326239045
03326233858
03326239992
03326236666
03326231945
03326231463
03326234622
03326233266
03326233296
03326234496
03326232477
03326237831
03326237465
03326235662
03326238368
03326235869
03326238036
03326234301
03326232788
03326237062
03326238452
03326237856
03326237932
03326233501
03326233585
03326239582
03326238746
03326235684
03326232909
03326237085
03326236626
03326235931
03326232405
03326231801
03326235822
03326233378
03326237260
03326231636
03326236536
03326233176
03326238812
03326239931
03326231069
03326238213
03326234089
03326233531
03326231121
03326239681
03326232374
03326234914
03326239084
03326235035
03326234555
03326233884
03326239036
03326234247
03326235963
03326235848
03326236234
03326234030
03326233231
03326235117
03326232630
03326234477
03326231864
03326233892
03326239181
03326237639
03326239934
03326235753
03326231839
03326234155
03326238412
03326231842
03326238873
03326238898
03326232120
03326237150
03326237183
03326237030
03326234161
03326234293
03326232224
03326239303
03326237499
03326236013
03326234437
03326237327
03326232577
03326235900
03326237838
03326237812
03326235583
03326239611
03326232860
03326239257
03326239282
03326239227
03326231714
03326235732
03326239150
03326232715
03326237090
03326236950
03326234113
03326236880
03326236048
03326238086
03326238469
03326238447
03326234782
03326236392
03326234646
03326234743
03326237357
03326239852
03326234000
03326236343
03326232828
03326232230
03326239641
03326232837
03326237922
03326235468
03326235143
03326232942
03326234366
03326239574
03326236875
03326233608
03326237347
03326238463
03326239020
03326231790
03326239726
03326237114
03326239427
03326234412
03326234474
03326238187
03326232835
03326237068
03326233708
03326231792
03326239429
03326238714
03326233385
03326237795
03326231076
03326237309
03326238957
03326238329
03326235040
03326235505
03326239516
03326231038
03326237396
03326239935
03326238893
03326236617
03326235714
03326232802
03326231600
03326235166
03326234649
03326235087
03326238400
03326236430
03326233350
03326233512
03326236189
03326239080
03326233067
03326237187
03326231211
03326232937
03326238784
03326238907
03326234058
03326236667
03326233318
03326236029
03326233592
03326233773
03326232899
03326238597
03326236504
03326232080
03326237372
03326239476
03326232142
03326236625
03326233870
03326232178
03326236479
03326231899
03326231690
03326234764
03326235330
03326237605
03326231125
03326236867
03326231705
03326233679
03326236929
03326238415
03326231107
03326237982
03326231769
03326232370
03326236716
03326239147
03326239421
03326237000
03326236192
03326236458
03326236885
03326232696
03326236915
03326239294
03326231336
03326232882
03326232466
03326236905
03326231193
03326237827
03326233088
03326235151
03326238956
03326236784
03326231034
03326238643
03326232101
03326239808
03326239762
03326239241
03326231238
03326235616
03326235909
03326233435
03326231544
03326234332
03326235942
03326231144
03326234577
03326231966
03326237221
03326235719
03326235777
03326231813
03326236645
03326238886
03326233946
03326234249
03326235752
03326233642
03326236332
03326231849
03326237104
03326239890
03326231917
03326234091
03326239224
03326236695
03326237644
03326231457
03326239836
03326233677
03326235427
03326239447
03326238134
03326233249
03326233539
03326235867
03326235107
03326233237
03326231007
03326239220
03326231998
03326233214
03326235861
03326235512
03326233489
03326231981
03326239991
03326231973
03326239576
03326231586
03326234440
03326234322
03326236051
03326239226
03326232741
03326232399
03326235940
03326238135
03326231217
03326239438
03326237066
03326236115
03326239208
03326233836
03326236741
03326233867
03326239919
03326233362
03326231183
03326234154
03326239844
03326231704
03326235850
03326232439
03326233812
03326234910
03326232763
03326235342
03326232707
03326238975
03326235066
03326231085
03326233776
03326238795
03326239397
03326238699
03326236154
03326239111
03326234844
03326235320
03326235382
03326239307
03326239610
03326239379
03326239342
03326238244
03326234785
03326236095
03326236431
03326235367
03326231578
03326234626
03326232302
03326239878
03326239305
03326235123
03326234034
03326234891
03326233935
03326239584
03326239138
03326237100
03326234567
03326235454
03326236703
03326233689
03326239833
03326236739
03326233016
03326231866
03326238491
03326239528
03326231515
03326233152
03326231418
03326236000
03326234463
03326234190
03326238970
03326234653
03326235413
03326232197
03326234168
03326237094
03326238821
03326234387
03326235081
03326232564
03326233988
03326235681
03326235797
03326232510
03326234811
03326237556
03326232789
03326238081
03326232406
03326236597
03326238628
03326238562
03326232760
03326233811
03326236869
03326237920
03326237887
03326239123
03326239570
03326234965
03326234930
03326233724
03326234902
03326234691
03326236633
03326232315
03326238608
03326237268
03326232750
03326232205
03326236184
03326237106
03326233730
03326231347
03326236606
03326238443
03326231673
03326236108
03326236564
03326238055
03326236785
03326233635
03326231408
03326233283
03326238471
03326237518
03326237161
03326234677
03326234865
03326231239
03326234981
03326236419
03326236443
03326237608
03326234413
03326232865
03326236156
03326235766
03326233797
03326239328
03326235877
03326236356
03326236575
03326236704
03326235522
03326237277
03326231281
03326237897
03326236874
03326236939
03326231266
03326238989
03326231407
03326238162
03326234797
03326231447
03326232591
03326237885
03326231203
03326232863
03326234903
03326233034
03326232192
03326235517
03326232766
03326238726
03326237279
03326234832
03326236578
03326231852
03326231995
03326239883
03326233395
03326234185
03326233342
03326238018
03326233992
03326239504
03326236341
03326235424
03326237993
03326232350
03326236737
03326237991
03326235390
03326235372
03326236017
03326233755
03326234243
03326239088
03326235101
03326232380
03326235634
03326238147
03326236031
03326233986
03326234156
03326234828
03326236310
03326232801
03326231563
03326239195
03326233700
03326237623
03326232668
03326238871
03326236692
03326237523
03326239373
03326231989
03326232917
03326231888
03326239460
03326238096
03326231376
03326235640
03326234307
03326236139
03326232384
03326235844
03326233473
03326232354
03326231267
03326236628
03326231683
03326238166
03326237541
03326234290
03326237767
03326234558
03326233348
03326234883
03326235219
03326232320
03326234856
03326234876
03326235218
03326236158
03326233113
03326232098
03326234696
03326234267
03326231425
03326235922
03326234888
03326234616
03326236661
03326234675
03326233027
03326231926
03326234338
03326235501
03326235839
03326231207
03326239628
03326234448
03326238626
03326234901
03326237213
03326233213
03326238090
03326231987
03326238103
03326236105
03326231263
03326237166
03326239685
03326236570
03326232361
03326233470
03326234864
03326232652
03326239674
03326231106
03326239882
03326233064
03326231856
03326233293
03326233212
03326233488
03326239017
03326233668
03326235589
03326231709
03326234487
03326237977
03326239795
03326237053
03326235000
03326235268
03326237832
03326232900
03326236512
03326233412
03326233117
03326233341
03326231566
03326234081
03326235130
03326234465
03326231795
03326238951
03326233014
03326235018
03326234149
03326234878
03326235168
03326234615
03326237087
03326237594
03326231577
03326237976
03326232278
03326236775
03326235308
03326231472
03326237031
03326233162
03326236470
03326239946
03326238514
03326231727
03326239130
03326237888
03326238358
03326239203
03326239913
03326235535
03326234963
03326234776
03326232904
03326233643
03326232954
03326237732
03326231897
03326235818
03326231540
03326235365
03326231803
03326232154
03326239822
03326233899
03326232993
03326237733
03326232043
03326235789
03326232464
03326238548
03326234202
03326232842
03326231135
03326235747
03326236257
03326238390
03326238062
03326237314
03326231999
03326232403
03326234826
03326234077
03326232019
03326231264
03326238406
03326233149
03326236032
03326237326
03326235733
03326238535
03326232748
03326236210
03326237870
03326239745
03326232498
03326236227
03326238701
03326231269
03326237206
03326233028
03326237427
03326237302
03326235358
03326234488
03326237418
03326239072
03326233926
03326233655
03326235383
03326237896
03326235796
03326239693
03326235103
03326231546
03326237721
03326232180
03326237661
03326234816
03326235771
03326233702
03326234025
03326237797
03326236870
03326235624
03326234052
03326233224
03326237619
03326235846
03326231117
03326233675
03326232283
03326239435
03326237845
03326235220
03326238331
03326238785
03326238906
03326237918
03326235336
03326235246
03326233125
03326237110
03326234767
03326234384
03326233716
03326235046
03326236128
03326238457
03326238900
03326231331
03326234671
03326238177
03326233846
03326235968
03326234016
03326239896
03326238225
03326232346
03326235370
03326237701
03326237439
03326232918
03326231630
03326238084
03326232660
03326237705
03326234493
03326238736
03326235906
03326237400
03326232650
03326239388
03326236319
03326235783
03326233660
03326234727
03326237261
03326231737
03326233202
03326232938
03326231314
03326231319
03326235349
03326234899
03326234763
03326231970
03326236944
03326232128
03326234498
03326238700
03326231195
03326232615
03326233684
03326235109
03326238521
03326232417
03326234774
03326235388
03326233741
03326235575
03326232958
03326239050
03326233779
03326236069
03326235657
03326239893
03326234882
03326239722
03326236390
03326232628
03326239593
03326233972
03326236509
03326234481
03326236499
03326231656
03326233590
03326235124
03326233168
03326236967
03326231043
03326232151
03326233215
03326238163
03326231608
03326231804
03326236849
03326236471
03326234605
03326233817
03326236075
03326234804
03326234090
03326231137
03326232012
03326231222
03326234721
03326232085
03326231626
03326239367
03326233925
03326238749
03326236811
03326235026
03326233505
03326236677
03326234097
03326231558
03326234279
03326231020
03326232167
03326236162
03326231142
03326231084
03326237632
03326237515
03326237949
03326232903
03326236952
03326239562
03326237389
03326237041
03326239523
03326237697
03326232437
03326236421
03326236353
03326232966
03326239719
03326234516
03326233753
03326233044
03326233821
03326238969
03326235849
03326237088
03326238861
03326235033
03326231494
03326233605
03326233908
03326238074
03326232491
03326235474
03326234535
03326236890
03326234423
03326231497
03326232571
03326239730
03326239839
03326235810
03326237061
03326239124
03326232998
03326234196
03326239859
03326233131
03326232045
03326235353
03326239482
03326238199
03326234489
03326236203
03326232816
03326232445
03326233748
03326232453
03326235184
03326233634
03326239330
03326231249
03326239238
03326234709
03326231278
03326231082
03326238853
03326233809
03326236603
03326234049
03326234942
03326235052
03326236589
03326236242
03326237007
03326236368
03326239145
03326236924
03326239335
03326232284
03326232061
03326236586
03326236670
03326235227
03326232400
03326236161
03326238312
03326231881
03326232806
03326239244
03326239021
03326236380
03326238580
03326235120
03326231731
03326239006
03326238396
03326238805
03326237044
03326234539
03326234881
03326239184
03326232424
03326239216
03326235212
03326235855
03326236453
03326237648
03326231738
03326235736
03326233061
03326235809
03326232229
03326237568
03326238426
03326231248
03326237414
03326235436
03326233256
03326236557
03326234337
03326235094
03326237521
03326239117
03326231777
03326236999
03326232714
03326238338
03326231065
03326239805
03326231168
03326239264
03326231358
03326232659
03326235743
03326232389
03326232649
03326233226
03326236112
03326233633
03326238536
03326235959
03326234900
03326238931
03326238530
03326239960
03326231963
03326236061
03326234924
03326237471
03326231164
03326237762
03326232136
03326236559
03326233274
03326231228
03326232880
03326234871
03326238550
03326237660
03326233366
03326238794
03326232870
03326232528
03326233845
03326232513
03326234441
03326238503
03326236346
03326232827
03326232200
03326236851
03326231485
03326231713
03326234533
03326237027
03326231649
03326234706
03326232193
03326232020
03326239988
03326234059
03326231410
03326234303
03326232695
03326234887
03326232021
03326234600
03326238635
03326233916
03326236180
03326234642
03326233479
03326235790
03326233732
03326236702
03326232238
03326233921
03326233386
03326234017
03326231716
03326239496
03326234087
03326235398
03326238026
03326232421
03326238515
03326232286
03326233938
03326236986
03326238620
03326232250
03326232850
03326237796
03326238352
03326238170
03326234749
03326231120
03326239781
03326236066
03326237392
03326233670
03326235391
03326237933
03326233924
03326233414
03326238518
03326238154
03326232221
03326233504
03326239793
03326234139
03326234125
03326233618
03326235664
03326233546
03326234746
03326239556
03326238444
03326232640
03326232449
03326231613
03326232976
03326233397
03326232722
03326236007
03326237185
03326238326
03326239278
03326233206
03326231180
03326232636
03326239770
03326233658
03326234395
03326231728
03326235423
03326237431
03326234820
03326234367
03326234970
03326233735
03326237912
03326239581
03326232514
03326231891
03326236817
03326231417
03326234837
03326236940
03326232932
03326233345
03326231101
03326235465
03326238083
03326231932
03326238719
03326235808
03326235011
03326236583
03326236477
03326238053
03326231476
03326232146
03326231669
03326237298
03326238575
03326233958
03326235542
03326239353
03326234363
03326233951
03326231219
03326234933
03326236718
03326233230
03326231050
03326239035
03326239977
03326236262
03326237091
03326237144
03326232887
03326235648
03326239161
03326238724
03326233103
03326234460
03326235216
03326234118
03326236261
03326239386
03326236636
03326235310
03326233179
03326239649
03326234147
03326234589
03326239865
03326233246
03326237003
03326232441
03326232168
03326235406
03326239958
03326231484
03326239394
03326238309
03326235303
03326236818
03326237479
03326236230
03326238938
03326239692
03326238734
03326238672
03326236317
03326231663
03326234666
03326233082
03326239840
03326237442
03326232997
03326235318
03326234572
03326238645
03326239857
03326237457
03326237974
03326232502
03326239809
03326234159
03326231077
03326231333
03326238492
03326232222
03326235209
03326237876
03326237488
03326231405
03326235340
03326237502
03326232323
03326234042
03326236397
03326237659
03326237428
03326237621
03326238773
03326237190
03326238925
03326232941
03326233895
03326232076
03326236173
03326239819
03326234023
03326237787
03326234847
03326237084
03326237240
03326232776
03326232116
03326237931
03326234999
03326237485
03326234041
03326234608
03326233648
03326232728
03326234644
03326234245
03326237107
03326234546
03326238237
03326234754
03326238609
03326232581
03326233645
03326234845
03326236657
03326233032
03326232190
03326231439
03326236937
03326235853
03326238131
03326237420
03326233542
03326236755
03326237740
03326232537
03326239677
03326237771
03326237361
03326238955
03326233671
03326236022
03326235998
03326236211
03326231067
03326236957
03326231150
03326237553
03326237987
03326231212
03326238496
03326235668
03326235646
03326234347
03326237535
03326239356
03326237817
03326238513
03326233332
03326232878
03326235067
03326233461
03326234840
03326231201
03326231901
03326237074
03326239295
03326234076
03326235158
03326232448
03326234703
03326239436
03326236465
03326236981
03326239867
03326231392
03326232329
03326238259
03326232071
03326236891
03326232141
03326238414
03326239544
03326238196
03326232690
03326232749
03326236226
03326238186
03326239249
03326238691
03326237136
03326232832
03326231947
03326235008
03326239009
03326236350
03326233010
03326239247
03326232737
03326235202
03326232769
03326234216
03326235819
03326239759
03326238659
03326239750
03326232726
03326234294
03326233771
03326236687
03326239643
03326237654
03326238278
03326232700
03326235193
03326238281
03326231819
03326236402
03326238495
03326237596
03326235433
03326239186
03326236339
03326237853
03326238194
03326237546
03326233457
03326231633
03326232367
03326238940
03326239655
03326237525
03326236193
03326239525
03326239060
03326233232
03326232304
03326237353
03326238618
03326233621
03326236546
03326237543
03326236921
03326237813
03326232335
03326232153
03326238200
03326236387
03326231545
03326235576
03326239140
03326236186
03326236021
03326235911
03326238242
03326233759
03326238625
03326233957
03326235263
03326235292
03326238080
03326238455
03326237720
03326234231
03326234280
03326232507
03326233819
03326239040
03326235301
03326238520
03326239752
03326237980
03326236118
03326231332
03326234819
03326232786
03326235851
03326238295
03326236655
03326238378
03326236861
03326232679
03326238666
03326237265
03326234926
03326232201
03326239201
03326235914
03326236972
03326233156
03326235977
03326236765
03326231171
03326239174
03326236747
03326233636
03326237344
03326238179
03326231493
03326234798
03326232330
03326235852
03326236214
03326231653
03326238840
03326236754
03326239925
03326235841
03326232471
03326238557
03326239131
03326238939
03326231174
03326235813
03326239461
03326238190
03326233498
03326237148
03326233729
03326237686
03326233373
03326239042
03326231321
03326235986
03326234226
03326239159
03326237047
03326234263
03326232914
03326235262
03326238207
03326235594
03326236735
03326237615
03326236170
03326238041
03326235680
03326235337
03326239252
03326235404
03326233024
03326232239
03326231807
03326236799
03326231149
03326233511
03326234944
03326238430
03326239392
03326234613
03326233144
03326238766
03326233927
03326232812
03326234234
03326237138
03326235757
03326234344
03326235989
03326235471
03326234974
03326234957
03326236135
03326234807
03326239403
03326237464
03326239535
03326239777
03326236202
03326232122
03326234471
03326239985
03326235357
03326237063
03326236913
03326239541
03326234830
03326232114
03326234889
03326231288
03326236049
03326232454
03326234853
03326233640
03326239141
03326239737
03326234842
03326238847
03326236463
03326233276
03326234831
03326236820
03326235450
03326231933
03326238828
03326231286
03326234359
03326233177
03326237703
03326231832
03326235930
03326232089
03326234780
03326233519
03326235009
03326233537
03326236136
03326238855
03326232981
03326238246
03326239502
03326238238
03326236264
03326239999
03326235293
03326234726
03326232956
03326232459
03326238095
03326238595
03326231675
03326235937
03326235513
03326234134
03326236877
03326231075
03326233596
03326235494
03326231453
03326239739
03326232949
03326231355
03326239314
03326233077
03326235847
03326233039
03326234111
03326239464
03326239665
03326232090
03326237566
03326238289
03326231059
03326238590
03326236914
03326237332
03326233789
03326234112
03326233370
03326238427
03326238624
03326232515
03326232744
03326236525
03326237049
03326235412
03326236611
03326231724
03326231452
03326237429
03326233545
03326239311
03326231021
03326235307
03326236904
03326239664
03326237565
03326239114
03326239736
03326236077
03326238926
03326237707
03326236719
03326235788
03326233140
03326233628
03326234641
03326238410
03326234447
03326236866
03326231419
03326231394
03326232336
03326233725
03326232069
03326237405
03326233317
03326233135
03326235840
03326237755
03326237385
03326236372
03326236297
03326232797
03326233810
03326233744
03326239753
03326231641
03326237002
03326235682
03326236379
03326236896
03326234931
03326238270
03326235228
03326235389
03326233825
03326236857
03326236682
03326238033
03326237655
03326237255
03326238344
03326238268
03326233913
03326239688
03326237369
03326237583
03326238592
03326234270
03326238376
03326231025
03326236420
03326238203
03326236146
03326239115
03326239591
03326239047
03326239172
03326231383
03326239347
03326238035
03326238627
03326231018
03326235969
03326231920
03326233617
03326231416
03326239554
03326234033
03326231791
03326238306
03326238342
03326235077
03326231886
03326235890
03326238540
03326237435
03326231951
03326238128
03326233128
03326237778
03326239420
03326235098
03326234435
03326235718
03326239948
03326232989
03326237792
03326239832
03326239513
03326238428
03326234506
03326236762
03326236648
03326238253
03326232803
03326231722
03326235493
03326236676
03326237786
03326237841
03326232150
03326237216
03326236318
03326239597
03326236072
03326238357
03326239183
03326235244
03326236376
03326231605
03326235188
03326233979
03326234875
03326231620
03326236616
03326231301
03326238942
03326234911
03326237633
03326231116
03326239399
03326231991
03326235434
03326233674
03326236277
03326237290
03326233173
03326237869
03326237050
03326238076
03326235715
03326233620
03326238552
03326234062
03326232655
03326231487
03326231202
03326233862
03326234218
03326234319
03326235017
03326239953
03326231160
03326239434
03326239784
03326233253
03326232225
03326232702
03326233834
03326234315
03326234771
03326237319
03326239533
03326235902
03326234978
03326235905
03326237676
03326232996
03326234877
03326239825
03326239734
03326231517
03326239455
03326231958
03326236690
03326238155
03326237916
03326236395
03326236916
03326237662
03326233835
03326235299
03326231836
03326236414
03326236860
03326236394
03326237884
03326237959
03326238937
03326238313
03326236642
03326237603
03326232268
03326235075
03326236943
03326233799
03326238318
03326231587
03326231876
03326237624
03326236615
03326233137
03326238986
03326235806
03326236956
03326239160
03326237449
03326233041
03326233410
03326237356
03326235460
03326236527
03326232579
03326235315
03326239086
03326235886
03326232840
03326235564
03326239972
03326235373
03326239343
03326232248
03326234984
03326238770
03326231268
03326238531
03326238972
03326239686
03326238442
03326232034
03326239587
03326233269
03326236468
03326234345
03326235060
03326234955
03326232104
03326236561
03326238537
03326236562
03326237573
03326238899
03326236041
03326236912
03326237275
03326231913
03326232372
03326231759
03326237995
03326231196
03326231071
03326238144
03326232103
03326232874
03326232999
03326231064
03326238423
03326238201
03326232699
03326233644
03326237544
03326237178
03326237215
03326231510
03326235887
03326233649
03326237064
03326233758
03326238681
03326237893
03326239661
03326235756
03326239428
03326238328
03326236024
03326239472
03326239725
03326232055
03326238913
03326233948
03326231527
03326232493
03326237037
03326231237
03326236748
03326239899
03326233522
03326233169
03326236987
03326232919
03326231460
03326234317
03326237490
03326231329
03326234370
03326235146
03326234172
03326235488
03326238001
03326239982
03326235845
03326232521
03326231133
03326236138
03326235070
03326235459
03326237734
03326239037
03326236552
03326239602
03326234596
03326239188
03326239164
03326235507
03326239908
03326232377
03326237810
03326238034
03326232964
03326239903
03326231141
03326231763
03326238897
03326233559
03326234738
03326236635
03326236109
03326237620
03326234892
03326236808
03326236681
03326234519
03326232612
03326239555
03326231469
03326238104
03326235593
03326235497
03326235556
03326237123
03326237895
03326234788
03326239507
03326232211
03326235629
03326234425
03326232673
03326234038
03326235742
03326233141
03326232866
03326234109
03326233095
03326239816
03326236326
03326232829
03326232516
03326236634
03326231781
03326237570
03326239511
03326232831
03326232694
03326233236
03326234399
03326238607
03326238891
03326235164
03326232255
03326238434
03326232079
03326233813
03326237738
03326236362
03326234962
03326231388
03326232460
03326237307
03326234132
03326233932
03326235329
03326239382
03326233540
03326237790
03326234869
03326237359
03326232413
03326239905
03326238466
03326234203
03326234652
03326232204
03326237752
03326239016
03326234778
03326236456
03326235726
03326231672
03326239055
03326236181
03326237852
03326238698
03326238762
03326237906
03326237210
03326234849
03326237582
03326233587
03326235056
03326232654
03326231230
03326231910
03326237577
03326234055
03326238687
03326235871
03326238660
03326233651
03326233448
03326235824
03326234679
03326236285
03326231433
03326237469
03326232869
03326234795
03326239595
03326239550
03326238325
03326234323
03326238347
03326235706
03326238522
03326238977
03326233556
03326231657
03326234927
03326233057
03326231259
03326232432
03326239625
03326233490
03326237231
03326234151
03326234673
03326235484
03326231186
03326236035
03326237040
03326238392
03326236276
03326234475
03326232102
03326231872
03326235325
03326238796
03326236705
03326231501
03326239218
03326235811
03326237942
03326231480
03326233558
03326233984
03326237163
03326239924
03326234173
03326235655
03326235720
03326232436
03326233136
03326237774
03326238844
03326238665
03326232701
03326233054
03326234971
03326231387
03326232014
03326234554
03326234098
03326236388
03326231054
03326239673
03326233244
03326235944
03326233056
03326239357
03326239112
03326234551
03326231152
03326236014
03326233076
03326234269
03326238364
03326231444
03326236256
03326236508
03326231969
03326234480
03326236232
03326239517
03326231297
03326237785
03326234908
03326234665
03326232762
03326239892
03326233218
03326235609
03326233588
03326234529
03326237510
03326232566
03326238962
03326233550
03326237952
03326238755
03326232258
03326233417
03326238047
03326231086
03326236085
03326233367
03326231506
03326237646
03326237637
03326234266
03326238745
03326232688
03326236796
03326233031
03326232408
03326239029
03326235385
03326231535
03326235171
03326239126
03326234522
03326231424
03326239721
03326238777
03326234094
03326235903
03326233254
03326231894
03326237992
03326234209
03326236977
03326238054
03326239215
03326234479
03326233676
03326237672
03326236004
03326236936
03326233053
03326234770
03326237321
03326234426
03326232236
03326232504
03326235418
03326239817
03326236505
03326237135
03326233500
03326234414
03326239813
03326232149
03326236467
03326235214
03326231492
03326235016
03326237747
03326232048
03326234523
03326237158
03326237683
03326237383
03326233079
03326233222
03326237350
03326239782
03326233121
03326239644
03326234661
03326237171
03326237581
03326237202
03326232219
03326231589
03326237487
03326233240
03326233707
03326239573
03326232378
03326236121
03326233981
03326238802
03326232412
03326232134
03326239121
03326237011
03326236207
03326238544
03326231192
03326237323
03326236691
03326237700
03326239952
03326231848
03326234466
03326238912
03326236327
03326232933
03326239128
03326237547
03326234442
03326239371
03326235175
03326239519
03326237777
03326237567
03326236459
03326237232
03326232527
03326238049
03326232067
03326236548
03326238670
03326235799
03326238996
03326237208
03326237653
03326235048
03326238109
03326237640
03326231032
03326239025
03326237723
03326239546
03326239691
03326233492
03326237828
03326232526
03326233896
03326232536
03326238964
03326235480
03326237894
03326232341
03326236581
03326239375
03326234071
03326238780
03326239792
03326232814
03326232519
03326232368
03326234835
03326239940
03326232929
03326239961
03326231927
03326231438
03326239439
03326232307
03326238973
03326231569
03326236469
03326232511
03326239383
03326239797
03326235767
03326231058
03326233094
03326233652
03326234417
03326232992
03326232586
03326237956
03326238002
03326239863
03326238346
03326233553
03326231037
03326237142
03326232310
03326232984
03326235038
03326231555
03326237020
03326235601
03326236725
03326238576
03326233883
03326233049
03326236997
03326232648
03326232362
03326235830
03326238760
03326234863
03326233915
03326234588
03326231151
03326238454
03326235173
03326239262
03326239095
03326236447
03326238493
03326232274
03326234079
03326233882
03326238534
03326231466
03326232425
03326239169
03326237154
03326236278
03326239310
03326235419
03326231398
03326236104
03326237560
03326234973
03326235470
03326233954
03326233869
03326233555
03326234681
03326235904
03326233463
03326232107
03326239102
03326231140
03326235935
03326231027
03326232973
03326236518
03326233466
03326236493
03326232768
03326233302
03326238470
03326235554
03326233599
03326231597
03326232573
03326239515
03326231371
03326233356
03326237333
03326234627
03326238059
03326235356
03326238947
03326235745
03326238831
03326237513
03326234633
03326237070
03326234278
03326235523
03326237908
03326238507
03326238567
03326231512
03326235723
03326232813
03326238839
03326236426
03326238433
03326234355
03326236588
03326235656
03326231742
03326236723
03326233069
03326233434
03326237940
03326233966
03326239078
03326234593
03326239103
03326236413
03326238868
03326238010
03326236500
03326231052
03326234571
03326238674
03326239569
03326238621
03326234781
03326231184
03326233998
03326232293
03326236643
03326239957
03326231373
03326235132
03326231421
03326239735
03326235486
03326231409
03326231337
03326232731
03326232017
03326231643
03326234456
03326239733
03326235772
03326234321
03326236992
03326235637
03326239030
03326239630
03326234385
03326238193
03326235159
03326239487
03326239658
03326232050
03326232186
03326237815
03326234476
03326237601
03326233278
03326235414
03326234783
03326236008
03326233260
03326237789
03326239854
03326232386
03326233203
03326231539
03326235020
03326233066
03326233937
03326235010
03326233905
03326237821
03326232727
03326233429
03326232029
03326233390
03326233524
03326234130
03326239422
03326237351
03326232195
03326239594
03326239841
03326232115
03326234612
03326238979
03326235395
03326233268
03326237057
03326235439
03326235061
03326238877
03326236909
03326233251
03326236680
03326239679
03326238129
03326234719
03326236347
03326232244
03326236585
03326233208
03326233374
03326237029
03326237522
03326236333
03326232893
03326234862
03326237046
03326237599
03326236595
03326238474
03326234717
03326239236
03326236590
03326231223
03326232632
03326233151
03326236212
03326238039
03326234326
03326231687
03326236028
03326239879
03326231596
03326235728
03326239297
03326235236
03326239856
03326239300
03326238111
03326237923
03326236179
03326237472
03326232487
03326238275
03326233878
03326231309
03326237315
03326234839
03326232300
03326232269
03326232674
03326238709
03326235088
03326235635
03326235987
03326236005
03326239459
03326232360
03326233731
03326233842
03326239536
03326239041
03326235243
03326236001
03326234418
03326234485
03326232344
03326235665
03326233085
03326238539
03326236610
03326237398
03326232639
03326236163
03326233456
03326235371
03326234557
03326233583
03326235064
03326238439
03326239488
03326236217
03326233403
03326233465
03326238836
03326233653
03326235768
03326233038
03326238122
03326239966
03326236694
03326233106
03326233956
03326233372
03326231787
03326239667
03326238399
03326235154
03326234020
03326231853
03326232856
03326235119
03326232261
03326237160
03326234248
03326236801
03326236794
03326238985
03326236806
03326234482
03326234073
03326232805
03326235344
03326231677
03326236582
03326239619
03326235254
03326233306
03326233002
03326234432
03326235946
03326232619
03326238501
03326231369
03326231422
03326235269
03326237371
03326232314
03326235482
03326236042
03326234731
03326237175
03326233026
03326239233
03326238273
03326234530
03326235577
03326237192
03326236783
03326231313
03326235441
03326233656
03326238641
03326234524
03326232435
03326236576
03326233770
03326233194
03326235039
03326235521
03326236446
03326233392
03326231379
03326231134
03326236679
03326233327
03326233936
03326239639
03326235174
03326239258
03326232270
03326231733
03326236398
03326236125
03326235420
03326234420
03326235838
03326234858
03326234065
03326239001
03326233421
03326234010
03326237682
03326233594
03326231262
03326233637
03326233939
03326232276
03326237133
03326235289
03326237317
03326237936
03326239710
03326234297
03326237069
03326236715
03326232025
03326231157
03326236945
03326239326
03326237712
03326236194
03326239316
03326236254
03326237399
03326237001
03326237953
03326232458
03326236878
03326238286
03326237669
03326236982
03326238775
03326232548
03326234300
03326233384
03326236524
03326231585
03326231456
03326237118
03326232042
03326233159
03326239898
03326239794
03326231880
03326231843
03326238287
03326239321
03326231614
03326231838
03326233221
03326238429
03326233965
03326234356
03326239963
03326233844
03326236974
03326235814
03326235545
03326234794
03326231404
03326238298
03326238653
03326236506
03326234461
03326232685
03326237685
03326236728
03326239204
03326235949
03326237294
03326237627
03326234868
03326232742
03326239272
03326231083
03326235667
03326232008
03326238332
03326231078
03326231322
03326238003
03326237725
03326232296
03326234744
03326231434
03326239543
03326233784
03326231844
03326237745
03326237377
03326232476
03326231943
03326233271
03326232891
03326235534
03326234527
03326234232
03326237641
03326238224
03326231611
03326232316
03326236223
03326233768
03326236883
03326231403
03326234569
03326236902
03326233238
03326232587
03326233199
03326232277
03326234486
03326236942
03326237343
03326235565
03326232859
03326232264
03326231660
03326236457
03326234678
03326239774
03326239646
03326234402
03326236425
03326234793
03326239214
03326232912
03326231317
03326239663
03326237058
03326239542
03326239743
03326238098
03326237415
03326234227
03326232223
03326232720
03326233402
03326232811
03326238848
03326234580
03326233717
03326235923
03326238456
03326235235
03326235242
03326233300
03326231765
03326236110
03326233904
03326233239
03326236757
03326235106
03326238494
03326239510
03326231290
03326236736
03326231063
03326238602
03326234508
03326232172
03326238021
03326239614
03326236954
03326237408
03326231862
03326234584
03326237823
03326232023
03326234222
03326239973
03326233762
03326231664
03326236600
03326234036
03326232428
03326231066
03326238924
03326237851
03326234648
03326239108
03326234990
03326234057
03326239023
03326239266
03326235223
03326231676
03326234925
03326238102
03326231234
03326234069
03326238793
03326235234
03326233857
03326232106
03326233235
03326238546
03326234542
03326235647
03326237032
03326234445
03326235934
03326232181
03326239592
03326239888
03326235641
03326237318
03326235503
03326238823
03326233130
03326231462
03326231138
03326234078
03326238198
03326233859
03326235530
03326236993
03326236315
03326235042
03326232427
03326234617
03326233574
03326231340
03326235782
03326235421
03326232825
03326236858
03326232791
03326237824
03326233258
03326233875
03326239470
03326239603
03326237699
03326239325
03326234802
03326237243
03326237848
03326234175
03326235971
03326238781
03326234502
03326231946
03326236103
03326231735
03326239635
03326236515
03326239484
03326233970
03326232349
03326233263
03326239727
03326231068
03326234945
03326232952
03326237613
03326232682
03326239589
03326235100
03326234772
03326236760
03326233917
03326231036
03326231254
03326233086
03326233941
03326231261
03326235760
03326237156
03326232815
03326237709
03326237800
03326238870
03326236429
03326238159
03326231028
03326238185
03326235832
03326237874
03326234027
03326237990
03326238405
03326239302
03326236852
03326239137
03326239011
03326232060
03326234919
03326233944
03326239155
03326237276
03326235896
03326235047
03326236893
03326238917
03326235651
03326239927
03326239281
03326237249
03326238343
03326231942
03326233440
03326236591
03326232321
03326234240
03326232094
03326233358
03326235426
03326239812
03326232409
03326231491
03326232735
03326231366
03326234568
03326239083
03326232779
03326237073
03326234565
03326237423
03326233953
03326235314
03326232312
03326236804
03326234631
03326232610
03326233250
03326239179
03326235207
03326237437
03326239416
03326238431
03326238334
03326236862
03326235473
03326236814
03326238140
03326238043
03326232108
03326236734
03326239791
03326231957
03326235833
03326234095
03326237530
03326239256
03326235032
03326233960
03326235707
03326235276
03326238854
03326231651
03326232265
03326237768
03326233864
03326235190
03326231039
03326236970
03326239937
03326233207
03326239031
03326234647
03326235897
03326231904
03326231538
03326231324
03326235690
03326238966
03326235927
03326234346
03326235245
03326239319
03326238578
03326233579
03326232263
03326235085
03326236334
03326239895
03326233444
03326236111
03326237586
03326234088
03326232563
03326235022
03326234053
03326234570
03326238023
03326235472
03326239402
03326234753
03326237958
03326232663
03326233030
03326239308
03326232967
03326237440
03326238234
03326237481
03326235230
03326232401
03326234427
03326232299
03326239404
03326233718
03326231029
03326233447
03326235126
03326234556
03326233325
03326236868
03326233314
03326234670
03326238436
03326238240
03326239788
03326231743
03326233739
03326233114
03326237108
03326236938
03326237436
03326238743
03326232126
03326233747
03326233464
03326234787
03326232355
03326231905
03326235532
03326231113
03326233964
03326232570
03326231213
03326233419
03326231975
03326232787
03326238584
03326238024
03326234758
03326234972
03326237811
03326238640
03326231834
03326232001
03326232852
03326239807
03326235352
03326238750
03326234167
03326239277
03326239938
03326236660
03326236100
03326239205
03326231648
03326234462
03326235607
03326237082
03326232109
03326233334
03326239689
03326235836
03326235172
03326236824
03326231772
03326234538
03326233571
03326234607
03326236363
03326237951
03326235863
03326238239
03326231468
03326239363
03326231896
03326238505
03326231204
03326238577
03326235731
03326234199
03326238269
03326236815
03326239851
03326238918
03326237964
03326237342
03326234969
03326238165
03326232121
03326232971
03326234597
03326236511
03326238843
03326236544
03326235327
03326231502
03326233968
03326235730
03326237791
03326237445
03326239986
03326236649
03326234393
03326236383
03326237270
03326239340
03326236517
03326239426
03326238248
03326232844
03326237203
03326232637
03326231276
03326232124
03326231782
03326236805
03326231420
03326233310
03326239578
03326234801
03326239273
03326232839
03326232162
03326234372
03326239549
03326235883
03326236432
03326234947
03326239712
03326237349
03326234352
03326239028
03326232849
03326234198
03326232534
03326238175
03326237930
03326233248
03326231726
03326231833
03326235304
03326235899
03326239827
03326231858
03326231949
03326233573
03326239175
03326236034
03326233798
03326239627
03326236197
03326239826
03326234124
03326239151
03326234699
03326231681
03326236780
03326235780
03326233321
03326236301
03326231232
03326231441
03326233520
03326234067
03326238066
03326238842
03326231514
03326239716
03326231156
03326239443
03326231179
03326234085
03326231766
03326232544
03326231102
03326237497
03326231500
03326236299
03326239971
03326233778
03326235084
03326232838
03326232643
03326234048
03326238728
03326239221
03326233877
03326235122
03326234614
03326235185
03326231231
03326232734
03326234262
03326237080
03326234714
03326235590
03326237338
03326235148
03326236253
03326239675
03326238656
03326233322
03326236423
03326231114
03326231537
03326238707
03326238402
03326231111
03326235097
03326234507
03326234966
03326233160
03326233284
03326236668
03326237283
03326238025
03326232199
03326231642
03326231868
03326239412
03326232240
03326236522
03326232194
03326237008
03326238815
03326232578
03326231274
03326232038
03326238911
03326234581
03326236983
03326238472
03326233045
03326238222
03326234639
03326238160
03326232678
03326234268
03326235249
03326236761
03326231016
03326233383
03326238673
03326233814
03326231767
03326237288
03326237289
03326231105
03326235947
03326237054
03326236810
03326239539
03326237274
03326235891
03326233682
03326234371
03326231594
03326239361
03326238191
03326238816
03326233534
03326232213
03326234748
03326233261
03326237222
03326239207
03326234991
03326231175
03326236084
03326236147
03326234992
03326239158
03326237448
03326231750
03326238258
03326239082
03326236267
03326232086
03326231096
03326236455
03326231109
03326239189
03326231972
03326236778
03326234503
03326233247
03326237016
03326231556
03326233018
03326237861
03326239775
03326231511
03326233323
03326238027
03326238566
03326236366
03326238465
03326231528
03326235163
03326232066
03326239067
03326232099
03326233607
03326239598
03326238999
03326231929
03326231220
03326237753
03326237395
03326238137
03326234796
03326231489
03326231976
03326232697
03326235674
03326234416
03326231256
03326236466
03326239914
03326239276
03326238528
03326233437
03326233515
03326237578
03326236934
03326237367
03326233871
03326235557
03326234431
03326234582
03326239518
03326232260
03326231287
03326237480
03326231567
03326239274
03326234410
03326233400
03326234755
03326235224
03326238337
03326235256
03326237741
03326231381
03326236342
03326239213
03326236519
03326233680
03326232983
03326234688
03326239010
03326238658
03326234720
03326239612
03326235957
03326232556
03326234241
03326234311
03326237115
03326235713
03326232143
03326235334
03326234928
03326239847
03326238475
03326232775
03326239615
03326234455
03326234559
03326239698
03326231426
03326238711
03326235744
03326233616
03326231282
03326233517
03326237735
03326233499
03326237181
03326231495
03326237034
03326239870
03326232058
03326234838
03326234505
03326238692
03326237820
03326234082
03326238810
03326238963
03326232940
03326234501
03326238797
03326236434
03326234724
03326234650
03326235019
03326233698
03326234314
03326236980
03326235741
03326232397
03326239720
03326235192
03326232733
03326231662
03326237754
03326239776
03326235941
03326233800
03326234553
03326233127
03326232272
03326234230
03326237334
03326232138
03326234452
03326233791
03326233133
03326236373
03326237459
03326231552
03326237907
03326237822
03326232140
03326231104
03326234228
03326232746
03326237971
03326234282
03326235140
03326236045
03326235063
03326235279
03326236344
03326236437
03326233963
03326239634
03326235588
03326233298
03326231330
03326232962
03326234790
03326235828
03326236407
03326235812
03326238551
03326237843
03326234212
03326235204
03326231044
03326236218
03326237557
03326232396
03326232542
03326232506
03326233193
03326239773
03326231265
03326233309
03326237647
03326233181
03326239492
03326239312
03326239168
03326238601
03326237025
03326237079
03326236427
03326234545
03326237969
03326239199
03326236726
03326238389
03326235884
03326234362
03326239987
03326235995
03326231428
03326239348
03326236171
03326236026
03326236927
03326232890
03326231498
03326235183
03326239034
03326234007
03326231760
03326236044
03326233092
03326231607
03326234284
03326234235
03326233166
03326232430
03326232961
03326235980
03326235864
03326239668
03326235617
03326234564
03326239187
03326237830
03326239798
03326233167
03326234531
03326232313
03326232289
03326236331
03326238348
03326239390
03326232461
03326234002
03326236637
03326233040
03326238460
03326234483
03326237548
03326232664
03326234543
03326235150
03326239915
03326232583
03326236879
03326231824
03326237558
03326235136
03326238882
03326235763
03326232920
03326237269
03326239787
03326231650
03326232625
03326231758
03326237253
03326237186
03326235618
03326231002
03326237769
03326237139
03326236416
03326232754
03326238971
03326239091
03326237665
03326231562
03326232555
03326236404
03326234728
03326233270
03326231112
03326236826
03326239346
03326238826
03326237600
03326231304
03326233013
03326233639
03326231389
03326232796
03326236303
03326231666
03326236036
03326236091
03326238230
03326231396
03326237407
03326238488
03326238804
03326236087
03326237364
03326239560
03326236599
03326237957
03326237370
03326235856
03326233304
03326232523
03326234040
03326234659
03326235378
03326238130
03326232182
03326236448
03326238953
03326235866
03326234308
03326235972
03326235579
03326238671
03326236844
03326234946
03326235393
03326234026
03326239889
03326234047
03326239462
03326233109
03326231391
03326233070
03326237378
03326239144
03326239064
03326233062
03326236550
03326238461
03326235988
03326236513
03326236244
03326239608
03326238516
03326232256
03326233514
03326235633
03326231198
03326233772
03326235600
03326231576
03326232391
03326237579
03326236126
03326231561
03326233411
03326237534
03326237207
03326233683
03326232196
03326238381
03326239590
03326238988
03326235686
03326231863
03326236382
03326237602
03326232778
03326234936
03326236823
03326238322
03326233805
03326237966
03326236594
03326234504
03326238860
03326233280
03326236142
03326232541
03326233990
03326233894
03326233879
03326234829
03326239197
03326239100
03326239744
03326233959
03326231875
03326233422
03326238884
03326235716
03326234306
03326232243
03326239521
03326237873
03326232488
03326231516
03326239800
03326237589
03326236627
03326239125
03326234634
03326237593
03326238978
03326234759
03326236984
03326233118
03326239943
03326235105
03326239298
03326238695
03326234260
03326235114
03326238087
03326231226
03326237256
03326238872
03326236795
03326235014
03326233241
03326233295
03326237483
03326231996
03326236503
03326238315
03326238290
03326237519
03326239449
03326237503
03326237451
03326235345
03326239230
03326236003
03326232433
03326238610
03326231294
03326238458
03326239013
03326238862
03326234640
03326238411
03326234436
03326234318
03326239979
03326234740
03326232646
03326239051
03326237422
03326235982
03326232287
03326232416
03326238110
03326238489
03326238119
03326236925
03326232479
03326237077
03326234590
03326231684
03326239558
03326231915
03326237616
03326234857
03326237999
03326236529
03326236015
03326236572
03326233775
03326232387
03326234421
03326237292
03326239912
03326232609
03326239481
03326238487
03326239923
03326232214
03326237035
03326238060
03326232986
03326238649
03326235580
03326231253
03326231401
03326236489
03326234254
03326234419
03326233406
03326235683
03326233001
03326236145
03326236360
03326233080
03326232717
03326239423
03326235282
03326234929
03326232490
03326232907
03326234949
03326234660
03326239474
03326239285
03326233565
03326234967
03326232078
03326236338
03326238173
03326236882
03326235285
03326232757
03326238476
03326232088
03326233192
03326233486
03326236812
03326233672
03326232719
03326238904
03326235043
03326233025
03326239253
03326233204
03326233795
03326237386
03326233687
03326236776
03326231023
03326236190
03326235699
03326236092
03326235475
03326235265
03326234350
03326239268
03326235932
03326238293
03326235951
03326238933
03326233205
03326237657
03326235825
03326239444
03326237507
03326239284
03326232686
03326238571
03326239092
03326234128
03326239351
03326235898
03326231145
03326235417
03326236678
03326238284
03326234181
03326237540
03326233312
03326239761
03326237380
03326235309
03326236911
03326237604
03326237528
03326238564
03326235538
03326237879
03326236834
03326236275
03326238902
03326235002
03326234191
03326238383
03326232960
03326238818
03326235506
03326232601
03326232002
03326231846
03326231158
03326234821
03326231346
03326233413
03326236074
03326238789
03326235102
03326233446
03326238892
03326232607
03326234812
03326237689
03326239385
03326239741
03326239419
03326235422
03326235795
03326236973
03326233093
03326234884
03326237236
03326237296
03326236899
03326232242
03326234287
03326239473
03326238370
03326231753
03326232033
03326236533
03326235425
03326233453
03326239647
03326232898
03326231919
03326237514
03326232606
03326238183
03326232724
03326232841
03326233580
03326236361
03326234813
03326231640
03326233761
03326239701
03326236221
03326231129
03326238588
03326234398
03326237592
03326237218
03326233036
03326233570
03326236662
03326235053
03326231812
03326232334
03326239229
03326235546
03326237715
03326238143
03326238723
03326239149
03326234135
03326237690
03326237196
03326234422
03326235831
03326238279
03326237098
03326238527
03326239148
03326232046
03326234893
03326239074
03326234846
03326238611
03326235300
03326234018
03326238136
03326234054
03326238581
03326237947
03326238662
03326231541
03326231610
03326237880
03326232303
03326235347
03326232584
03326235251
03326239585
03326237430
03326236553
03326233850
03326234509
03326232259
03326231925
03326234200
03326236037
03326236311
03326236560
03326234152
03326238384
03326237419
03326233704
03326232097
03326232600
03326233976
03326238112
03326237858
03326237409
03326236484
03326239604
03326231326
03326235992
03326234220
03326238432
03326239552
03326231752
03326234609
03326232157
03326234737
03326237141
03326239360
03326231749
03326237120
03326237355
03326237220
03326238573
03326233037
03326235145
03326235638
03326233711
03326233059
03326232422
03326232133
03326237975
03326234951
03326234866
03326232298
03326231311
03326239259
03326233467
03326237012
03326231503
03326235784
03326233439
03326238690
03326234698
03326238314
03326236474
03326237626
03326235670
03326236730
03326236385
03326239254
03326233630
03326236612
03326231632
03326235964
03326236316
03326233445
03326232774
03326239648
03326236283
03326239837
03326236415
03326237122
03326236886
03326236320
03326235167
03326234736
03326237174
03326232253
03326231295
03326237159
03326238717
03326238171
03326233195
03326233852
03326231695
03326233267
03326238072
03326239995
03326231536
03326233577
03326232474
03326234029
03326237666
03326233847
03326235339
03326236563
03326234102
03326233124
03326236624
03326234792
03326235479
03326233891
03326234272
03326238594
03326235994
03326237849
03326232132
03326231437
03326236150
03326234604
03326231525
03326233969
03326236745
03326236994
03326238459
03326238968
03326239947
03326236335
03326235127
03326235187
03326234624
03326232503
03326237681
03326236410
03326239500
03326234148
03326235936
03326237727
03326236374
03326231940
03326234008
03326231617
03326239724
03326236526
03326231378
03326238596
03326233477
03326238138
03326237341
03326239468
03326235798
03326236157
03326237151
03326234552
03326235241
03326232257
03326235829
03326234470
03326233622
03326232530
03326239636
03326235749
03326238484
03326237368
03326233351
03326236949
03326238751
03326236167
03326234850
03326235823
03326234217
03326232572
03326238355
03326234044
03326238651
03326234948
03326238142
03326236231
03326233764
03326238817
03326239376
03326231747
03326236151
03326237638
03326239070
03326237247
