03326204968
03326202438
03326201049
03326204582
03326209615
03326202130
03326202479
03326202897
03326207300
03326207153
03326209161
03326203192
03326207509
03326201831
03326202158
03326203009
03326206805
03326203301
03326203059
03326201813
03326204396
03326206165
03326203891
03326207080
03326204875
03326201140
03326209366
03326207106
03326207734
03326201678
03326207809
03326201359
03326202176
03326205977
03326205243
03326204897
03326202554
03326207849
03326209740
03326205427
03326209272
03326201682
03326206468
03326206906
03326204509
03326201355
03326203846
03326205302
03326207432
03326205022
03326209714
03326201860
03326203142
03326208803
03326208547
03326203968
03326209706
03326208475
03326202764
03326205372
03326205162
03326205621
03326209344
03326207802
03326202905
03326205332
03326205854
03326206915
03326208111
03326204250
03326205451
03326203319
03326206385
03326205124
03326204482
03326207422
03326208011
03326203260
03326202431
03326204246
03326202786
03326201644
03326208426
03326209034
03326207174
03326206695
03326202847
03326209374
03326206975
03326204109
03326206061
03326207124
03326209103
03326201603
03326205307
03326205500
03326206931
03326207190
03326203182
03326209570
03326206395
03326205474
03326208018
03326204320
03326201124
03326203793
03326209340
03326207974
03326204752
03326202112
03326202731
03326201375
03326206557
03326206157
03326204479
03326206297
03326208679
03326207182
03326201402
03326206077
03326206343
03326206331
03326201014
03326208421
03326201071
03326208762
03326205193
03326202510
03326206328
03326205240
03326201064
03326203215
03326205249
03326202951
03326201015
03326202853
03326205571
03326207135
03326203506
03326201400
03326202223
03326207941
03326201378
03326204686
03326202945
03326209009
03326206821
03326206711
03326201779
03326203493
03326209142
03326207003
03326205899
03326202722
03326202780
03326202242
03326205783
03326207490
03326203341
03326201527
03326205282
03326205825
03326204648
03326207896
03326204677
03326204120
03326208389
03326209636
03326203735
03326209731
03326208125
03326201637
03326206183
03326205688
03326209616
03326205232
03326209284
03326209722
03326205197
03326203808
03326204011
03326206954
03326204745
03326204412
03326202927
03326208619
03326209980
03326202157
03326203888
03326204375
03326207225
03326202037
03326205596
03326203727
03326202063
03326209960
03326203883
03326208816
03326205931
03326207367
03326202163
03326201094
03326204596
03326208941
03326206596
03326206553
03326206167
03326202257
03326201026
03326203618
03326205710
03326207718
03326201270
03326208871
03326209903
03326205634
03326206057
03326204140
03326206232
03326205748
03326209360
03326202505
03326206088
03326206040
03326202456
03326204693
03326207553
03326205272
03326205401
03326209266
03326203055
03326206644
03326204790
03326203650
03326209815
03326203986
03326202022
03326203426
03326205990
03326201630
03326203349
03326203606
03326206326
03326207877
03326202123
03326202160
03326204325
03326208914
03326202759
03326201791
03326204521
03326201618
03326202803
03326208588
03326208508
03326202900
03326204139
03326208613
03326206985
03326205624
03326202713
03326206444
03326204663
03326204625
03326204080
03326206252
03326205818
03326204034
03326204118
03326206011
03326208899
03326209762
03326208162
03326202569
03326205393
03326206486
03326208146
03326207474
03326208534
03326205026
03326201987
03326205062
03326201307
03326201086
03326207882
03326201565
03326207376
03326204645
03326207724
03326209881
03326203214
03326207830
03326208043
03326205907
03326208507
03326207933
03326208724
03326201077
03326204279
03326207500
03326206792
03326209689
03326208745
03326204737
03326209290
03326203220
03326206038
03326209137
03326204566
03326208969
03326206128
03326209599
03326202092
03326201190
03326204511
03326209895
03326206152
03326209147
03326202864
03326209472
03326208286
03326208005
03326209880
03326204948
03326202169
03326204526
03326209485
03326202439
03326208553
03326209422
03326206397
03326204254
03326207525
03326205195
03326205373
03326202561
03326206348
03326203743
03326202275
03326204156
03326208606
03326208587
03326206327
03326207085
03326208230
03326205950
03326204717
03326203996
03326208037
03326202572
03326201929
03326201414
03326208027
03326208505
03326201683
03326208864
03326209789
03326201969
03326204764
03326203734
03326203599
03326205143
03326201873
03326202073
03326206897
03326205817
03326201949
03326203546
03326202408
03326206872
03326208707
03326209699
03326207862
03326203938
03326208575
03326204768
03326208442
03326206850
03326204467
03326202840
03326209498
03326206690
03326203689
03326203696
03326206559
03326201773
03326207510
03326205006
03326208003
03326201183
03326208339
03326205211
03326209053
03326208900
03326202047
03326204491
03326205056
03326202706
03326207161
03326208806
03326201926
03326208030
03326206189
03326208966
03326205156
03326208293
03326208104
03326209033
03326202575
03326202128
03326208252
03326206987
03326209362
03326205859
03326201695
03326202650
03326207781
03326209522
03326205868
03326206024
03326206687
03326209411
03326202336
03326207884
03326203683
03326203801
03326204632
03326203742
03326201321
03326201455
03326209849
03326207935
03326202890
03326206177
03326203582
03326208846
03326206772
03326203794
03326207503
03326209527
03326205694
03326204420
03326201302
03326207110
03326209511
03326209265
03326209276
03326206667
03326203098
03326208760
03326204043
03326201606
03326208693
03326202322
03326208444
03326204451
03326202355
03326206893
03326208041
03326206830
03326206009
03326203759
03326207604
03326206472
03326204199
03326209096
03326202601
03326208521
03326207159
03326203716
03326205712
03326201034
03326204172
03326204535
03326205356
03326203492
03326204653
03326208356
03326201089
03326203892
03326201284
03326201541
03326207277
03326203343
03326206523
03326208327
03326209343
03326205148
03326202634
03326207653
03326207589
03326205292
03326203350
03326201906
03326208870
03326206050
03326205991
03326204002
03326206159
03326205521
03326204446
03326204976
03326203188
03326209204
03326201549
03326204271
03326209915
03326206999
03326203400
03326203387
03326208473
03326204920
03326209867
03326206320
03326208853
03326209195
03326204152
03326203257
03326203373
03326204524
03326206063
03326208122
03326205741
03326207423
03326202265
03326205664
03326202552
03326207442
03326208662
03326204354
03326204929
03326208370
03326206837
03326206564
03326204088
03326204974
03326204055
03326209428
03326208148
03326209234
03326204265
03326209116
03326203483
03326205586
03326203607
03326201839
03326203233
03326202902
03326202148
03326209921
03326208913
03326205066
03326203462
03326204126
03326202006
03326204251
03326205957
03326204725
03326204119
03326209990
03326201496
03326209482
03326202288
03326205107
03326206716
03326209178
03326206712
03326203829
03326205224
03326205290
03326201798
03326209006
03326205369
03326203939
03326206679
03326205647
03326208945
03326202248
03326206823
03326201120
03326202027
03326206222
03326207651
03326209022
03326202049
03326205177
03326203702
03326203276
03326209540
03326204996
03326206103
03326207729
03326208500
03326208477
03326202660
03326206520
03326209073
03326206924
03326204630
03326207115
03326206060
03326208092
03326205327
03326208604
03326203709
03326207902
03326202998
03326207963
03326205273
03326202567
03326204636
03326206084
03326206039
03326208330
03326208652
03326201521
03326202014
03326204009
03326204988
03326201952
03326207917
03326203771
03326204162
03326204599
03326202954
03326209297
03326202284
03326202962
03326202584
03326206722
03326206572
03326208201
03326209567
03326201998
03326202417
03326206713
03326203536
03326203092
03326202415
03326202437
03326204330
03326201857
03326205402
03326202616
03326204857
03326202050
03326203104
03326208234
03326204751
03326205055
03326209937
03326203740
03326208398
03326205009
03326205976
03326204100
03326203122
03326203455
03326207668
03326202079
03326202447
03326202010
03326202570
03326205238
03326207038
03326204825
03326208029
03326201334
03326209831
03326202742
03326202533
03326203895
03326209668
03326205679
03326209480
03326202427
03326201970
03326205886
03326203146
03326209629
03326207897
03326203600
03326207408
03326203254
03326208991
03326209293
03326208981
03326206661
03326203916
03326208341
03326202082
03326204236
03326202995
03326207713
03326205860
03326207025
03326208602
03326203908
03326205655
03326202475
03326202081
03326208420
03326202210
03326203975
03326205241
03326205970
03326206192
03326202817
03326208409
03326205161
03326204501
03326203784
03326205833
03326208736
03326202352
03326203169
03326208825
03326204191
03326201812
03326209500
03326201442
03326208946
03326209431
03326204256
03326206120
03326203988
03326207944
03326204932
03326208656
03326202640
03326207082
03326201420
03326207945
03326202149
03326201909
03326207350
03326201514
03326208494
03326203929
03326208289
03326206250
03326208284
03326201113
03326206978
03326201339
03326205028
03326205810
03326201713
03326204052
03326208733
03326205845
03326201143
03326205262
03326201654
03326207345
03326201749
03326202042
03326209902
03326209928
03326209240
03326203574
03326209999
03326207831
03326204776
03326203249
03326201114
03326206648
03326208387
03326203592
03326205742
03326209978
03326205610
03326206231
03326205983
03326207856
03326205559
03326201165
03326205142
03326202649
03326202785
03326204763
03326206634
03326208904
03326208990
03326206241
03326208963
03326207050
03326202098
03326201454
03326204873
03326201386
03326206166
03326206221
03326207014
03326205484
03326209350
03326203580
03326207457
03326201670
03326205911
03326206138
03326206059
03326202045
03326206590
03326207148
03326208075
03326208431
03326208287
03326207542
03326205235
03326201196
03326205871
03326204259
03326205164
03326208020
03326202563
03326206542
03326203643
03326208523
03326204845
03326209816
03326201635
03326208544
03326207295
03326201815
03326201562
03326205191
03326203093
03326201536
03326202851
03326201301
03326208321
03326202373
03326209901
03326204023
03326203023
03326206586
03326203844
03326205024
03326201224
03326204185
03326203173
03326209437
03326207052
03326205127
03326202268
03326208844
03326209802
03326206242
03326208046
03326209852
03326206260
03326206869
03326203095
03326204372
03326202141
03326204335
03326201408
03326203862
03326206640
03326209619
03326205499
03326204150
03326201001
03326208886
03326206610
03326207401
03326206070
03326207629
03326208388
03326205754
03326206116
03326207966
03326208454
03326202692
03326207449
03326201499
03326207911
03326204326
03326207763
03326206154
03326203490
03326209471
03326208788
03326204551
03326206808
03326202947
03326209738
03326206862
03326208487
03326202648
03326203344
03326201251
03326208801
03326207356
03326203799
03326203781
03326208630
03326208480
03326207341
03326208256
03326204175
03326202018
03326201642
03326203959
03326202363
03326206287
03326201788
03326205863
03326201856
03326209345
03326201530
03326202059
03326206254
03326207306
03326205441
03326206015
03326209253
03326209478
03326205806
03326209347
03326206197
03326202698
03326206582
03326204111
03326203681
03326206267
03326209133
03326207673
03326206148
03326201214
03326204612
03326202532
03326205165
03326205857
03326207959
03326206659
03326207949
03326201896
03326203998
03326207270
03326207257
03326201739
03326207527
03326201323
03326203039
03326201325
03326209002
03326204697
03326206212
03326202294
03326207761
03326209665
03326209705
03326207676
03326202182
03326201672
03326204512
03326205486
03326209526
03326208781
03326208066
03326208255
03326207582
03326205013
03326205349
03326205607
03326209324
03326202372
03326203628
03326208740
03326204633
03326204822
03326202211
03326202870
03326208096
03326208294
03326201573
03326208069
03326202326
03326206078
03326206955
03326201771
03326202212
03326204624
03326207131
03326201975
03326204258
03326203259
03326207114
03326201198
03326206945
03326202154
03326204237
03326205304
03326201582
03326204912
03326209690
03326205570
03326203206
03326202557
03326202299
03326201053
03326201826
03326207792
03326209439
03326206008
03326206944
03326209528
03326208472
03326209004
03326201608
03326205834
03326201464
03326202800
03326205121
03326205924
03326205942
03326204056
03326206574
03326204969
03326203157
03326205287
03326206388
03326208850
03326206200
03326209005
03326202067
03326204831
03326205467
03326201308
03326201105
03326203922
03326202625
03326205765
03326202826
03326205144
03326209549
03326209974
03326209078
03326206662
03326208127
03326202770
03326208085
03326206632
03326206357
03326206996
03326205251
03326202823
03326209176
03326206018
03326203787
03326207735
03326203140
03326209621
03326201352
03326201153
03326206936
03326206777
03326204911
03326206095
03326201694
03326202002
03326203316
03326208291
03326203747
03326209824
03326204078
03326208624
03326208260
03326203430
03326205435
03326203925
03326207179
03326202644
03326202131
03326205087
03326206186
03326209484
03326206143
03326201474
03326203991
03326202613
03326203196
03326204167
03326208718
03326202032
03326206484
03326201075
03326207218
03326204629
03326203040
03326208705
03326201504
03326208463
03326206002
03326209708
03326209110
03326204879
03326207410
03326207921
03326201500
03326208303
03326203451
03326208024
03326206607
03326205815
03326203832
03326202273
03326208099
03326206819
03326209911
03326209906
03326206227
03326205726
03326205433
03326205220
03326205675
03326209645
03326203667
03326209084
03326207076
03326204605
03326208732
03326203553
03326203758
03326201112
03326204893
03326203180
03326207954
03326208581
03326208460
03326206818
03326208813
03326209208
03326209231
03326207164
03326209182
03326209797
03326208651
03326205566
03326206530
03326202869
03326205766
03326205088
03326203805
03326204356
03326207522
03326209640
03326208739
03326209226
03326203415
03326208719
03326202075
03326206986
03326206730
03326201951
03326207646
03326207266
03326207887
03326206884
03326201992
03326206225
03326202481
03326203303
03326207871
03326205953
03326207049
03326207987
03326207228
03326202023
03326207414
03326202865
03326204103
03326207177
03326209981
03326205089
03326203377
03326207255
03326203067
03326207252
03326201005
03326204417
03326207678
03326208701
03326207103
03326208643
03326201324
03326207620
03326203273
03326206365
03326204847
03326206568
03326209315
03326209086
03326203163
03326201919
03326206243
03326205520
03326205933
03326207391
03326209925
03326202646
03326207894
03326204947
03326202631
03326201716
03326205378
03326204222
03326203050
03326208497
03326209205
03326206707
03326206776
03326209778
03326207352
03326203751
03326208166
03326208135
03326201254
03326206735
03326209939
03326206782
03326202710
03326203932
03326201127
03326204973
03326208326
03326207264
03326204852
03326209003
03326204863
03326209418
03326201208
03326209535
03326208744
03326207149
03326203116
03326205293
03326204142
03326202453
03326206812
03326201377
03326203573
03326207642
03326204934
03326204977
03326208729
03326201511
03326209519
03326201922
03326204350
03326207712
03326208957
03326208381
03326203042
03326209354
03326202977
03326201956
03326202827
03326204747
03326203302
03326208717
03326201141
03326205117
03326208730
03326204068
03326202838
03326206555
03326206783
03326208010
03326209680
03326206643
03326207794
03326202356
03326209917
03326209547
03326203352
03326209898
03326208190
03326207267
03326203496
03326203756
03326201154
03326205702
03326206800
03326204171
03326201160
03326202465
03326209394
03326209151
03326208094
03326208456
03326208912
03326205890
03326204956
03326202736
03326203911
03326204670
03326201068
03326201163
03326206867
03326202504
03326203355
03326202038
03326203280
03326204473
03326209949
03326208818
03326202950
03326205234
03326209710
03326207136
03326209755
03326202611
03326207214
03326207248
03326203419
03326202120
03326208394
03326209052
03326204383
03326208396
03326207162
03326202596
03326202592
03326204287
03326205017
03326204296
03326209121
03326209185
03326204921
03326209201
03326209275
03326207286
03326203678
03326204400
03326208754
03326205200
03326207060
03326207456
03326203820
03326202519
03326203447
03326208564
03326202645
03326202986
03326207844
03326201553
03326201656
03326208670
03326205252
03326202806
03326207719
03326205423
03326202118
03326205458
03326201794
03326208028
03326202327
03326209441
03326204143
03326204834
03326207787
03326207031
03326208499
03326205628
03326203195
03326207037
03326205140
03326208607
03326206452
03326208170
03326206134
03326201341
03326207647
03326207619
03326208615
03326205353
03326202833
03326208977
03326206635
03326209741
03326208329
03326209331
03326209427
03326201492
03326203078
03326209303
03326203730
03326206321
03326205614
03326204487
03326206809
03326204460
03326208358
03326204618
03326201452
03326204584
03326205666
03326203624
03326201594
03326207495
03326201793
03326206524
03326206219
03326202434
03326206160
03326202057
03326208993
03326203453
03326205713
03326206994
03326201535
03326203864
03326202556
03326201647
03326204531
03326209289
03326203001
03326207163
03326206672
03326205186
03326204392
03326204469
03326204705
03326207736
03326202739
03326203997
03326202779
03326207511
03326203887
03326209453
03326208821
03326204904
03326205910
03326203564
03326204398
03326207084
03326203048
03326202944
03326201407
03326201067
03326209947
03326202156
03326207123
03326203522
03326209055
03326207192
03326209488
03326207665
03326208023
03326208984
03326202973
03326203117
03326208756
03326205210
03326209977
03326203102
03326202825
03326209779
03326204385
03326207090
03326203598
03326209587
03326204534
03326201344
03326203062
03326203638
03326207789
03326206873
03326208780
03326209256
03326208455
03326206694
03326209965
03326207086
03326207443
03326205920
03326201908
03326203414
03326201424
03326203967
03326204941
03326204291
03326207733
03326201430
03326207964
03326207121
03326202376
03326202219
03326208118
03326206431
03326205457
03326206349
03326205945
03326205922
03326202360
03326202390
03326206930
03326209499
03326206755
03326203282
03326203137
03326204484
03326202693
03326207460
03326208465
03326205182
03326209417
03326205619
03326209592
03326201631
03326205673
03326208206
03326202997
03326202396
03326207444
03326209997
03326201544
03326201054
03326207723
03326204792
03326208147
03326204827
03326202637
03326209683
03326204759
03326209653
03326201249
03326204281
03326206352
03326209267
03326204290
03326204690
03326201692
03326204183
03326201590
03326206268
03326206674
03326203757
03326202937
03326203073
03326202087
03326201927
03326208467
03326203637
03326209129
03326207895
03326201581
03326202259
03326209312
03326208031
03326209894
03326201008
03326201575
03326203413
03326205782
03326206044
03326201498
03326205707
03326206854
03326209361
03326204850
03326206133
03326201742
03326207220
03326201753
03326207755
03326204742
03326201185
03326207611
03326206144
03326206548
03326204770
03326207007
03326203843
03326203661
03326205659
03326205260
03326205098
03326206034
03326209524
03326207290
03326206043
03326202279
03326209767
03326205533
03326201761
03326209838
03326204141
03326208273
03326209092
03326207482
03326205151
03326209822
03326203963
03326201579
03326206864
03326209397
03326201273
03326204490
03326207340
03326204900
03326203010
03326205700
03326209190
03326204438
03326206482
03326203019
03326201186
03326205686
03326204463
03326204505
03326207327
03326202462
03326208425
03326206376
03326204931
03326202866
03326208302
03326206179
03326204891
03326206543
03326205437
03326201134
03326204454
03326202659
03326207893
03326205938
03326204938
03326207859
03326203773
03326204067
03326206342
03326207323
03326201121
03326202587
03326204628
03326202976
03326203440
03326202688
03326201396
03326203135
03326205203
03326205849
03326204773
03326206341
03326201624
03326209038
03326202367
03326208259
03326209521
03326204298
03326201045
03326201885
03326206731
03326203026
03326206570
03326209734
03326201389
03326207523
03326207055
03326202308
03326204672
03326201744
03326207396
03326209946
03326203202
03326201451
03326203855
03326204041
03326207998
03326209250
03326203119
03326208429
03326204313
03326205900
03326205491
03326205514
03326204546
03326202043
03326202310
03326209235
03326204174
03326209560
03326208058
03326203242
03326202051
03326206080
03326202894
03326201177
03326207472
03326204765
03326209879
03326201641
03326202421
03326208136
03326206318
03326204039
03326207004
03326203886
03326207481
03326206216
03326203450
03326201305
03326207075
03326201623
03326205075
03326201540
03326207762
03326202628
03326202508
03326203222
03326209399
03326208690
03326203211
03326201917
03326206355
03326205632
03326203663
03326204434
03326203070
03326207377
03326208227
03326209196
03326205389
03326205306
03326206692
03326204607
03326201936
03326203541
03326204539
03326205132
03326208548
03326209600
03326207370
03326208419
03326202035
03326206073
03326206358
03326203792
03326201968
03326201125
03326207803
03326207641
03326202641
03326207363
03326202004
03326204163
03326203432
03326202482
03326203958
03326206529
03326207042
03326207455
03326204423
03326207378
03326201223
03326206046
03326208163
03326207063
03326205840
03326201035
03326201304
03326201868
03326203380
03326205567
03326206804
03326204295
03326202335
03326206178
03326203750
03326205116
03326207118
03326201542
03326201889
03326204992
03326208617
03326208335
03326209024
03326206336
03326204590
03326203499
03326201756
03326205577
03326201522
03326202859
03326207667
03326207683
03326202442
03326202444
03326203779
03326204282
03326203728
03326202088
03326208970
03326203705
03326207001
03326205626
03326208928
03326206621
03326206852
03326203951
03326206042
03326202686
03326203533
03326206724
03326209840
03326208789
03326209259
03326205048
03326204817
03326206757
03326204655
03326202781
03326207516
03326207929
03326204676
03326209097
03326201229
03326202630
03326207588
03326204275
03326201531
03326202828
03326202856
03326207571
03326204925
03326204134
03326204989
03326205297
03326205023
03326205602
03326208911
03326205330
03326204315
03326207697
03326204252
03326205333
03326204720
03326208926
03326209788
03326208610
03326202547
03326201200
03326207727
03326202220
03326201960
03326208033
03326207083
03326207855
03326207343
03326203795
03326206473
03326202074
03326201441
03326205629
03326205695
03326201605
03326206914
03326201706
03326208103
03326206578
03326204547
03326205208
03326201171
03326204719
03326203788
03326203382
03326206950
03326207297
03326207231
03326203068
03326202142
03326203901
03326208062
03326202177
03326205692
03326208979
03326207394
03326209646
03326202357
03326203230
03326208182
03326203097
03326204810
03326203644
03326206627
03326209729
03326202535
03326208262
03326201891
03326208082
03326207112
03326201721
03326208390
03326208980
03326204308
03326208637
03326205961
03326202676
03326208934
03326203094
03326201977
03326202988
03326202295
03326203878
03326206563
03326207567
03326204695
03326204805
03326205314
03326204095
03326208579
03326201326
03326205672
03326201255
03326204485
03326203874
03326202012
03326202203
03326202134
03326201797
03326207246
03326205381
03326208316
03326208797
03326206609
03326202313
03326205786
03326203234
03326206961
03326202624
03326201827
03326209241
03326206740
03326204987
03326203831
03326207362
03326206174
03326202302
03326201061
03326201481
03326209716
03326207492
03326209113
03326201674
03326203555
03326206963
03326204766
03326202492
03326203336
03326209313
03326206488
03326208704
03326208308
03326205345
03326204364
03326203047
03326204135
03326207134
03326208371
03326201425
03326204771
03326205623
03326204943
03326205925
03326202406
03326203900
03326209626
03326209081
03326203199
03326205503
03326201559
03326203406
03326205661
03326207061
03326206749
03326205084
03326209577
03326208658
03326205727
03326203994
03326205715
03326203633
03326208433
03326209261
03326205580
03326201429
03326201979
03326202129
03326202191
03326207548
03326207411
03326204755
03326205413
03326202371
03326202804
03326203785
03326207386
03326207557
03326201028
03326207167
03326206113
03326208773
03326205466
03326203500
03326207687
03326201220
03326202246
03326201277
03326203469
03326207918
03326209200
03326204821
03326201886
03326209070
03326208481
03326201189
03326202675
03326201047
03326206894
03326208194
03326204422
03326201905
03326202274
03326204961
03326209246
03326206599
03326207201
03326205982
03326206496
03326201900
03326206026
03326205529
03326204448
03326208185
03326203305
03326202735
03326201092
03326205281
03326209759
03326208280
03326206097
03326204418
03326203471
03326207236
03326206797
03326206315
03326207390
03326208672
03326208838
03326203983
03326203015
03326207170
03326202454
03326206400
03326202994
03326207130
03326202445
03326207145
03326201686
03326201726
03326209036
03326207832
03326206840
03326208921
03326209885
03326205528
03326203025
03326209228
03326203365
03326206526
03326205776
03326205584
03326202834
03326203897
03326209872
03326208959
03326209127
03326201879
03326207288
03326201025
03326205298
03326205111
03326204255
03326208354
03326205761
03326208953
03326204783
03326209451
03326202506
03326203226
03326206853
03326206668
03326204310
03326205163
03326207415
03326209163
03326208872
03326207041
03326208240
03326202000
03326208265
03326204571
03326204117
03326205291
03326208171
03326204936
03326209823
03326201285
03326205996
03326205605
03326202813
03326207365
03326205733
03326208712
03326203473
03326206683
03326205780
03326207322
03326209494
03326209091
03326209219
03326209191
03326201967
03326208048
03326204507
03326202171
03326209108
03326209725
03326201561
03326202899
03326202433
03326201732
03326202845
03326204037
03326209557
03326204601
03326203138
03326209000
03326202015
03326203309
03326201556
03326207643
03326208790
03326206794
03326201195
03326206199
03326202968
03326201775
03326202772
03326209452
03326206647
03326201628
03326209430
03326206624
03326208987
03326203465
03326206275
03326202755
03326204476
03326209534
03326207392
03326208829
03326209048
03326208862
03326201314
03326209144
03326202314
03326208530
03326205361
03326205388
03326203452
03326208763
03326202824
03326206247
03326202910
03326202368
03326206513
03326208549
03326207305
03326205018
03326201115
03326206035
03326202318
03326205737
03326206665
03326202892
03326201587
03326202726
03326204285
03326203910
03326204464
03326207833
03326205185
03326203861
03326206507
03326204403
03326201645
03326202316
03326209035
03326203942
03326206126
03326207682
03326206295
03326202679
03326203108
03326209995
03326202792
03326208695
03326202496
03326201865
03326201962
03326206163
03326207576
03326205139
03326202202
03326209555
03326207549
03326201157
03326207664
03326207915
03326204865
03326201246
03326206562
03326201822
03326203690
03326207783
03326209037
03326205153
03326204314
03326209408
03326208932
03326209237
03326204544
03326208239
03326209047
03326206505
03326202942
03326208576
03326201175
03326205138
03326205015
03326202080
03326207926
03326208654
03326201250
03326202801
03326206407
03326201619
03326208379
03326203338
03326208539
03326209986
03326201037
03326204861
03326207574
03326204312
03326204983
03326209675
03326204113
03326204740
03326203619
03326201708
03326204209
03326206845
03326209206
03326205606
03326203898
03326203597
03326202234
03326201438
03326203629
03326206435
03326202924
03326209859
03326207413
03326206518
03326202226
03326207590
03326202459
03326203715
03326203219
03326208596
03326202405
03326203812
03326207659
03326206509
03326202197
03326204774
03326209173
03326207731
03326204640
03326205653
03326202151
03326203422
03326203945
03326205483
03326206700
03326208222
03326205582
03326206618
03326204386
03326205490
03326209434
03326205000
03326209829
03326201946
03326205343
03326204746
03326208150
03326209681
03326206669
03326205439
03326202175
03326209654
03326203335
03326206537
03326202589
03326206100
03326201610
03326205579
03326203682
03326205724
03326203960
03326206306
03326205824
03326207189
03326208493
03326202620
03326207018
03326204617
03326201552
03326208851
03326202909
03326201179
03326206098
03326207239
03326205919
03326206642
03326203733
03326209167
03326203957
03326209213
03326204986
03326201799
03326207656
03326207595
03326203460
03326206734
03326207249
03326208700
03326204399
03326208176
03326208484
03326203372
03326207843
03326208584
03326207412
03326201269
03326201851
03326206153
03326206406
03326206145
03326202125
03326203061
03326202709
03326208428
03326201965
03326207224
03326203398
03326204696
03326205384
03326203362
03326209908
03326205033
03326204767
03326209586
03326208518
03326201939
03326202579
03326202164
03326201801
03326203717
03326201502
03326201188
03326207261
03326206483
03326207033
03326209847
03326201436
03326208820
03326206539
03326205086
03326208676
03326208931
03326202008
03326204804
03326207906
03326201943
03326207556
03326201373
03326208685
03326206558
03326202476
03326201817
03326203358
03326205848
03326209996
03326203193
03326204161
03326209351
03326201685
03326203515
03326208471
03326209775
03326202333
03326208634
03326205225
03326203007
03326207359
03326203107
03326205811
03326208004
03326203946
03326209814
03326209924
03326207726
03326204556
03326208077
03326202972
03326202270
03326207446
03326201505
03326202656
03326202359
03326207008
03326204391
03326207780
03326202880
03326207924
03326206591
03326205277
03326207056
03326207694
03326205445
03326204347
03326209546
03326204718
03326207128
03326206803
03326201950
03326201187
03326201796
03326206425
03326203720
03326202198
03326207914
03326204999
03326206099
03326204533
03326206933
03326201999
03326207552
03326203989
03326201439
03326207695
03326203905
03326205214
03326209751
03326206236
03326207157
03326201262
03326203229
03326208906
03326203077
03326206289
03326206736
03326208378
03326202871
03326208153
03326207637
03326206274
03326203081
03326207427
03326207166
03326203139
03326204045
03326202668
03326208045
03326204848
03326204684
03326207357
03326202513
03326201456
03326205188
03326206004
03326205263
03326208567
03326209572
03326204257
03326203476
03326205276
03326203155
03326209744
03326205801
03326206739
03326201869
03326202883
03326205300
03326203953
03326206308
03326207216
03326202677
03326203761
03326209456
03326207892
03326201409
03326207992
03326203292
03326205477
03326208775
03326201778
03326207960
03326206817
03326206997
03326208882
03326206882
03326209479
03326201046
03326203120
03326204492
03326209963
03326206403
03326205893
03326207654
03326205987
03326209715
03326205820
03326202549
03326202483
03326209384
03326207314
03326207339
03326202440
03326206919
03326209490
03326203397
03326205257
03326206109
03326204573
03326208288
03326202201
03326201589
03326207398
03326203218
03326205790
03326208244
03326208482
03326205245
03326206032
03326208267
03326203732
03326203641
03326202623
03326203962
03326208974
03326202768
03326202136
03326203859
03326202590
03326204262
03326203605
03326205651
03326206048
03326206575
03326201971
03326209095
03326207930
03326205770
03326208997
03326209225
03326207841
03326204348
03326206273
03326203255
03326209578
03326207626
03326208423
03326203200
03326204639
03326207099
03326201082
03326208435
03326208796
03326203505
03326209983
03326202101
03326208253
03326203528
03326206031
03326203826
03326201759
03326205309
03326205037
03326205763
03326202733
03326206340
03326201858
03326203267
03326207625
03326207972
03326204709
03326202113
03326202970
03326204455
03326204065
03326206974
03326205492
03326205740
03326207519
03326206094
03326209392
03326206049
03326204597
03326202236
03326209608
03326208875
03326204365
03326204741
03326204662
03326202358
03326209184
03326203543
03326204587
03326209072
03326209760
03326209186
03326209391
03326205795
03326204200
03326203003
03326205808
03326203027
03326205736
03326202758
03326201199
03326206465
03326209323
03326207910
03326202790
03326205254
03326206883
03326208334
03326202550
03326204985
03326206977
03326206394
03326204836
03326209503
03326202844
03326201382
03326201508
03326205975
03326204495
03326203396
03326206142
03326208565
03326209330
03326203448
03326209693
03326203491
03326208734
03326201276
03326208817
03326207779
03326206880
03326207696
03326209214
03326204503
03326208830
03326205278
03326208191
03326202891
03326205223
03326206728
03326204828
03326207448
03326206689
03326209993
03326204885
03326201764
03326202903
03326203486
03326208226
03326204026
03326203603
03326208663
03326207062
03326202271
03326206799
03326201247
03326208893
03326207311
03326203286
03326201138
03326201838
03326209410
03326206762
03326205608
03326203828
03326201640
03326201131
03326206156
03326201994
03326206311
03326205697
03326205344
03326209295
03326207771
03326202332
03326208160
03326208546
03326205043
03326209335
03326203402
03326206414
03326208155
03326204329
03326202354
03326204336
03326206723
03326206238
03326202386
03326202471
03326205703
03326207506
03326205667
03326207346
03326202542
03326201691
03326201638
03326206309
03326208215
03326206377
03326207579
03326207627
03326203356
03326201795
03326202754
03326204945
03326202520
03326203577
03326204494
03326201360
03326208620
03326201380
03326205001
03326204896
03326206478
03326205299
03326209825
03326202457
03326201040
03326201264
03326207368
03326209068
03326205612
03326209861
03326201211
03326206771
03326209029
03326209752
03326207289
03326201835
03326203346
03326202344
03326205213
03326206338
03326203851
03326206362
03326208268
03326204427
03326205019
03326205876
03326206908
03326205027
03326202862
03326201431
03326203333
03326201518
03326203790
03326204623
03326201699
03326206055
03326209871
03326203252
03326204021
03326207424
03326204376
03326204176
03326201333
03326208251
03326206249
03326204733
03326204880
03326207583
03326209011
03326208501
03326201714
03326208856
03326201119
03326209455
03326205540
03326201572
03326209152
03326207603
03326208485
03326207296
03326209157
03326208779
03326207715
03326206688
03326208374
03326205339
03326207977
03326205443
03326201811
03326204750
03326209660
03326202661
03326202024
03326208795
03326204869
03326205745
03326205844
03326203161
03326205728
03326209135
03326209501
03326205557
03326201805
03326203340
03326203516
03326203141
03326204884
03326205101
03326209617
03326207942
03326205823
03326207132
03326204471
03326202746
03326202846
03326202530
03326202178
03326201090
03326208842
03326205406
03326206332
03326201176
03326202612
03326206639
03326209321
03326206691
03326207072
03326205147
03326205481
03326206226
03326202267
03326208638
03326209695
03326205030
03326202810
03326208958
03326201338
03326204242
03326204299
03326205600
03326203631
03326204858
03326203285
03326209717
03326208369
03326203857
03326209358
03326206501
03326207599
03326205461
03326206304
03326206345
03326209381
03326203194
03326206146
03326209801
03326207680
03326208451
03326208510
03326202449
03326203616
03326207508
03326202940
03326206375
03326204780
03326203617
03326201770
03326204397
03326207251
03326204506
03326201427
03326207741
03326201664
03326202843
03326203571
03326208568
03326206176
03326207991
03326209834
03326208720
03326208051
03326204198
03326204838
03326203363
03326207361
03326209969
03326209873
03326201423
03326201676
03326204589
03326204003
03326208995
03326204552
03326208677
03326205875
03326203328
03326204278
03326208978
03326207807
03326208603
03326201772
03326209602
03326203778
03326205677
03326203053
03326209833
03326201142
03326207927
03326207868
03326201894
03326203978
03326205747
03326207127
03326203987
03326203439
03326201069
03326204723
03326209919
03326205879
03326208382
03326202161
03326208100
03326201361
03326207644
03326204151
03326207430
03326207375
03326202861
03326208006
03326202872
03326202013
03326203297
03326202855
03326204644
03326206456
03326202436
03326203134
03326207875
03326205683
03326201852
03326202595
03326207743
03326208372
03326201126
03326205909
03326206814
03326201850
03326207905
03326209970
03326201298
03326208332
03326203964
03326208498
03326202598
03326204732
03326204994
03326204241
03326209991
03326208152
03326201110
03326206122
03326206865
03326209341
03326207281
03326204483
03326201462
03326203525
03326203393
03326205228
03326207904
03326204384
03326207888
03326201820
03326208304
03326205289
03326201698
03326204130
03326203190
03326206140
03326206663
03326205955
03326204823
03326209296
03326201038
03326203105
03326201957
03326201051
03326201993
03326207985
03326209745
03326203780
03326209136
03326204301
03326204408
03326209012
03326207081
03326204862
03326205166
03326208271
03326207569
03326203710
03326208570
03326201288
03326208434
03326205753
03326204799
03326202426
03326206381
03326208407
03326204318
03326203834
03326208558
03326201509
03326202562
03326205746
03326205118
03326209058
03326202528
03326201621
03326202895
03326208562
03326207938
03326202664
03326205324
03326203721
03326203613
03326206210
03326205426
03326205731
03326207445
03326202281
03326202435
03326207045
03326207609
03326206899
03326204247
03326202604
03326203547
03326208582
03326208281
03326205313
03326204388
03326205040
03326205674
03326205548
03326206861
03326201056
03326209279
03326205002
03326204024
03326204540
03326202544
03326209765
03326205286
03326201662
03326205334
03326209117
03326206742
03326203893
03326205440
03326208299
03326201169
03326203337
03326206131
03326201897
03326205420
03326202673
03326205988
03326202576
03326207013
03326206678
03326209245
03326204025
03326205468
03326203532
03326204557
03326208536
03326202323
03326201063
03326204706
03326204666
03326201526
03326205386
03326205155
03326201920
03326205835
03326204128
03326203798
03326209958
03326203630
03326208408
03326201356
03326206693
03326209495
03326206856
03326209865
03326205585
03326202185
03326209704
03326209763
03326204145
03326201612
03326202028
03326204757
03326203410
03326209896
03326201669
03326207180
03326205133
03326202114
03326206079
03326204211
03326201660
03326205059
03326205450
03326201689
03326202516
03326202783
03326204300
03326206983
03326207462
03326204664
03326207821
03326206416
03326206960
03326208195
03326202011
03326201258
03326204615
03326202583
03326205816
03326201551
03326205880
03326207554
03326203251
03326207213
03326209421
03326202232
03326206968
03326209545
03326205004
03326202600
03326201720
03326207380
03326208885
03326203284
03326206626
03326203664
03326202240
03326205134
03326205698
03326205853
03326203464
03326209574
03326205872
03326206903
03326202734
03326209770
03326205229
03326208275
03326205363
03326209580
03326209310
03326208726
03326202152
03326207397
03326208571
03326208768
03326203920
03326208675
03326205847
03326201982
03326205530
03326204488
03326205968
03326201763
03326204154
03326204321
03326206237
03326206709
03326203651
03326205422
03326206461
03326203774
03326201259
03326204600
03326209515
03326203165
03326209054
03326205264
03326208376
03326205346
03326206168
03326209170
03326208323
03326207302
03326204613
03326208079
03326206316
03326202127
03326204760
03326209672
03326201925
03326202255
03326202193
03326204363
03326208880
03326203627
03326202247
03326206827
03326207183
03326208333
03326207537
03326206307
03326205551
03326204710
03326204481
03326208120
03326201848
03326206759
03326207388
03326208404
03326201501
03326208504
03326201725
03326204917
03326205542
03326206076
03326209198
03326207785
03326203454
03326202507
03326205050
03326207983
03326208453
03326207199
03326205699
03326205325
03326207640
03326203825
03326209792
03326208938
03326205283
03326208922
03326204062
03326202798
03326209951
03326201227
03326203542
03326209684
03326209749
03326208874
03326204170
03326205971
03326203783
03326201217
03326205814
03326205199
03326201172
03326205431
03326201042
03326203128
03326206448
03326205169
03326209203
03326205212
03326202116
03326205042
03326209747
03326204098
03326204097
03326201585
03326203813
03326207575
03326207799
03326209364
03326204066
03326201602
03326204906
03326206277
03326204778
03326201178
03326202053
03326208674
03326205157
03326208361
03326204829
03326206185
03326203466
03326208649
03326205805
03326209766
03326205136
03326205789
03326208580
03326205526
03326206504
03326209320
03326205725
03326201760
03326208901
03326201718
03326204908
03326209671
03326203241
03326201880
03326209912
03326204116
03326201411
03326205408
03326201539
03326206284
03326209913
03326205472
03326208854
03326206826
03326209040
03326205637
03326204425
03326204565
03326201849
03326204087
03326206184
03326206118
03326207272
03326209199
03326205613
03326204913
03326207688
03326203191
03326205631
03326209212
03326201327
03326206053
03326201366
03326209691
03326203724
03326206696
03326205227
03326205180
03326204267
03326203213
03326209858
03326206228
03326206841
03326209138
03326207858
03326202915
03326204205
03326201948
03326205404
03326203510
03326203018
03326203071
03326207458
03326205952
03326205531
03326201468
03326203706
03326208352
03326204366
03326208384
03326208450
03326201292
03326202209
03326208479
03326205611
03326205301
03326208859
03326208552
03326208145
03326202464
03326205482
03326209162
03326204962
03326209566
03326207633
03326205797
03326205329
03326205446
03326209700
03326205154
03326209445
03326209046
03326204513
03326205560
03326201415
03326205985
03326207233
03326205358
03326205809
03326204704
03326205807
03326206476
03326207450
03326209971
03326203412
03326208445
03326201781
03326208447
03326204963
03326203494
03326205969
03326204302
03326204005
03326201422
03326209811
03326208212
03326201155
03326203890
03326207778
03326203401
03326202996
03326206485
03326209074
03326201100
03326209634
03326208114
03326202966
03326202711
03326203739
03326209388
03326207493
03326205691
03326207431
03326201740
03326204907
03326203172
03326206027
03326209306
03326204555
03326201331
03326207184
03326201830
03326207152
03326201041
03326204031
03326205682
03326206891
03326203669
03326203659
03326206844
03326207953
03326201766
03326208209
03326201661
03326205158
03326209768
03326202559
03326203217
03326203348
03326208525
03326206415
03326205662
03326204650
03326206058
03326208016
03326203158
03326201353
03326208157
03326202389
03326206337
03326207956
03326206727
03326208130
03326204331
03326205365
03326205948
03326205350
03326204585
03326203558
03326206947
03326207142
03326205604
03326203995
03326202882
03326208415
03326205175
03326204402
03326205913
03326204092
03326205392
03326208418
03326208631
03326203244
03326205269
03326208113
03326203685
03326204138
03326209662
03326204224
03326203766
03326207804
03326202778
03326209889
03326202353
03326209585
03326201404
03326203035
03326202857
03326202955
03326209325
03326209929
03326203561
03326205858
03326203031
03326207529
03326204939
03326202103
03326201677
03326207489
03326203457
03326201466
03326202672
03326204190
03326206979
03326208109
03326204102
03326204203
03326203038
03326205595
03326208787
03326208365
03326201558
03326201193
03326207247
03326208827
03326205319
03326206463
03326204864
03326206127
03326208731
03326209892
03326205010
03326208667
03326202949
03326201342
03326209458
03326201655
03326205065
03326208519
03326205932
03326209363
03326208702
03326209701
03326206779
03326204306
03326203151
03326206025
03326201659
03326208174
03326209756
03326208907
03326206493
03326203634
03326208812
03326202934
03326208848
03326206161
03326206426
03326206256
03326204424
03326205670
03326209406
03326201290
03326209696
03326206890
03326205657
03326206323
03326207810
03326209607
03326204387
03326208895
03326203435
03326205399
03326204809
03326205168
03326209517
03326203130
03326205850
03326206655
03326206181
03326205866
03326203647
03326207674
03326202538
03326208007
03326207530
03326202820
03326209025
03326206935
03326208180
03326205347
03326205316
03326208443
03326208186
03326209382
03326204877
03326208177
03326208106
03326209807
03326206846
03326209380
03326204445
03326205565
03326207784
03326208614
03326205894
03326204839
03326203446
03326207901
03326204426
03326201804
03326206824
03326207023
03326208474
03326205460
03326201571
03326204360
03326202795
03326207428
03326204144
03326203495
03326209984
03326204579
03326209800
03326202615
03326207563
03326201274
03326205936
03326204638
03326206301
03326202982
03326204328
03326202874
03326207982
03326203423
03326205819
03326203679
03326203551
03326209950
03326206276
03326202245
03326207223
03326203270
03326207468
03326204970
03326205635
03326208531
03326201337
03326202700
03326205280
03326209842
03326208703
03326201704
03326201774
03326205454
03326206938
03326202703
03326207652
03326207528
03326207524
03326209609
03326209357
03326209450
03326209326
03326204019
03326202341
03326206729
03326206433
03326205405
03326204084
03326209130
03326203731
03326207543
03326209649
03326205828
03326208964
03326203708
03326207618
03326205176
03326201578
03326204465
03326201020
03326208735
03326205974
03326207195
03326201248
03326208393
03326205877
03326206676
03326203296
03326203622
03326208320
03326209677
03326202981
03326205150
03326203272
03326206074
03326203064
03326209961
03326209854
03326202094
03326201506
03326203511
03326206369
03326201757
03326205705
03326208019
03326206876
03326201648
03326203977
03326203357
03326203609
03326204122
03326208184
03326208274
03326203445
03326209633
03326206675
03326203768
03326208855
03326206612
03326202704
03326204293
03326201837
03326206603
03326209030
03326203814
03326209389
03326207385
03326206193
03326207426
03326208312
03326202370
03326208386
03326204064
03326206910
03326209828
03326201913
03326206744
03326201370
03326201159
03326201884
03326204029
03326204923
03326209863
03326204432
03326206437
03326206842
03326207351
03326201297
03326202424
03326208017
03326209098
03326204083
03326207409
03326204678
03326208427
03326209355
03326208998
03326209316
03326202091
03326204926
03326206774
03326204069
03326201591
03326202655
03326206600
03326204466
03326207521
03326201469
03326207088
03326207775
03326204966
03326202418
03326207235
03326208317
03326202272
03326209349
03326207957
03326201510
03326203281
03326209543
03326205362
03326202497
03326202943
03326207156
03326208063
03326207337
03326207230
03326209077
03326202099
03326204355
03326206834
03326208306
03326204072
03326201031
03326208541
03326202036
03326201401
03326201736
03326207381
03326208231
03326207488
03326202469
03326209475
03326208315
03326206224
03326202480
03326204701
03326205216
03326205711
03326206447
03326206432
03326208935
03326208774
03326202309
03326204401
03326201555
03326209848
03326202991
03326209154
03326202614
03326203020
03326208550
03326203840
03326205506
03326204202
03326205690
03326207175
03326205073
03326209897
03326204225
03326207016
03326205591
03326202632
03326201710
03326205549
03326206796
03326203262
03326208783
03326204674
03326201488
03326207310
03326203694
03326202330
03326205438
03326209806
03326206858
03326208794
03326208657
03326203232
03326205918
03326209957
03326207824
03326205598
03326206033
03326203416
03326205222
03326208551
03326203299
03326205270
03326201252
03326208015
03326204012
03326209948
03326201358
03326201024
03326202832
03326209611
03326202256
03326208430
03326207850
03326208217
03326209781
03326201712
03326201362
03326207661
03326205935
03326207698
03326202021
03326205294
03326201636
03326205357
03326207961
03326202007
03326202184
03326204115
03326205944
03326203692
03326201912
03326202765
03326202919
03326201428
03326205021
03326209242
03326205575
03326206081
03326203224
03326207053
03326201470
03326208076
03326202499
03326209336
03326205730
03326204374
03326209247
03326205656
03326206305
03326205947
03326208947
03326206233
03326209870
03326206446
03326209541
03326202133
03326209856
03326209812
03326207867
03326205126
03326201568
03326208545
03326202180
03326209918
03326201731
03326205523
03326207621
03326202190
03326204832
03326206682
03326205843
03326205097
03326203524
03326204053
03326203427
03326205940
03326206527
03326209064
03326204332
03326207817
03326205883
03326205303
03326201893
03326201503
03326203713
03326204182
03326204075
03326205379
03326203318
03326207017
03326207679
03326204032
03326203881
03326206363
03326205767
03326201824
03326206522
03326206992
03326209794
03326204046
03326206258
03326207650
03326207632
03326202452
03326206234
03326208572
03326201972
03326206653
03326201421
03326201806
03326203321
03326207946
03326209254
03326204213
03326204114
03326205599
03326204367
03326201080
03326203392
03326202837
03326202093
03326209851
03326203379
03326207441
03326208108
03326203744
03326205038
03326208237
03326208395
03326209504
03326208337
03326205937
03326205231
03326203207
03326208492
03326205802
03326205172
03326208414
03326208742
03326205864
03326203389
03326205874
03326206006
03326208955
03326207212
03326201861
03326209328
03326202716
03326202830
03326205573
03326206900
03326209120
03326203981
03326206211
03326204106
03326202848
03326202509
03326202521
03326202331
03326206981
03326205687
03326208424
03326207555
03326204390
03326203159
03326203086
03326202342
03326203837
03326202775
03326209622
03326201883
03326203823
03326202667
03326204560
03326201560
03326201899
03326206106
03326203033
03326207238
03326202155
03326203433
03326204654
03326209423
03326207477
03326201293
03326206673
03326208533
03326209853
03326206875
03326207973
03326206995
03326203947
03326207151
03326202681
03326203565
03326206360
03326204442
03326204094
03326201983
03326202809
03326209042
03326202523
03326206217
03326203168
03326201487
03326202565
03326209507
03326206531
03326208436
03326205852
03326202468
03326202181
03326208249
03326204458
03326205556
03326201634
03326205739
03326202065
03326203666
03326209512
03326209099
03326207740
03326206909
03326208822
03326208457
03326206571
03326203877
03326205049
03326208590
03326207873
03326201039
03326206966
03326204744
03326207002
03326203767
03326204125
03326204621
03326209126
03326206339
03326203368
03326208632
03326206970
03326207756
03326208609
03326205352
03326203225
03326209230
03326206699
03326207453
03326204840
03326205826
03326209255
03326205923
03326202250
03326204504
03326208930
03326207837
03326205928
03326207034
03326203404
03326207773
03326201316
03326206811
03326209304
03326202478
03326204777
03326205391
03326209051
03326209013
03326209435
03326209496
03326209550
03326209429
03326204899
03326201222
03326202195
03326202839
03326207348
03326208809
03326202345
03326205536
03326203347
03326208940
03326206871
03326204749
03326202626
03326202974
03326208277
03326202815
03326207382
03326201719
03326209131
03326201256
03326203266
03326208573
03326203649
03326208238
03326202430
03326207885
03326208235
03326204681
03326206137
03326209569
03326208305
03326205994
03326203502
03326204803
03326206404
03326202090
03326206881
03326203029
03326203060
03326205253
03326208178
03326204824
03326204450
03326206108
03326207129
03326203626
03326205519
03326203863
03326208052
03326206616
03326207276
03326209953
03326205320
03326201898
03326209810
03326201620
03326206150
03326203329
03326201680
03326207920
03326207815
03326201319
03326201953
03326205981
03326209487
03326204561
03326202026
03326209294
03326204210
03326202911
03326202925
03326203673
03326202829
03326206245
03326207692
03326209369
03326207842
03326202183
03326206204
03326201345
03326208840
03326207999
03326203645
03326202411
03326202685
03326201397
03326204123
03326205616
03326202385
03326202399
03326203604
03326205509
03326209124
03326202992
03326203507
03326209311
03326208245
03326202377
03326202729
03326207291
03326204027
03326209697
03326205648
03326207662
03326206294
03326206631
03326208986
03326203331
03326209956
03326204955
03326206737
03326209222
03326209148
03326209509
03326203016
03326202580
03326208924
03326207107
03326205152
03326204675
03326205510
03326202214
03326209748
03326205552
03326208438
03326209043
03326202993
03326208336
03326204892
03326201347
03326208298
03326206650
03326207487
03326204944
03326201243
03326201226
03326202782
03326205246
03326208792
03326203111
03326209520
03326209855
03326206428
03326208800
03326204881
03326202222
03326208401
03326205261
03326209155
03326202392
03326204457
03326204871
03326205064
03326201833
03326201206
03326203089
03326201102
03326205508
03326208236
03326202107
03326209686
03326202040
03326208073
03326205385
03326207686
03326206409
03326204193
03326209667
03326204155
03326203636
03326202238
03326207979
03326208636
03326202349
03326202622
03326205487
03326206244
03326201465
03326204595
03326202089
03326209942
03326203083
03326208769
03326206929
03326201627
03326203966
03326201657
03326201932
03326203216
03326207111
03326206761
03326202460
03326207094
03326202690
03326208131
03326209975
03326203212
03326203816
03326203860
03326207438
03326202325
03326209564
03326208898
03326202663
03326204071
03326206726
03326209761
03326206767
03326202841
03326202117
03326206263
03326206704
03326204297
03326201607
03326208338
03326207566
03326208557
03326201405
03326203005
03326201161
03326205209
03326204060
03326201268
03326202145
03326204050
03326202860
03326206390
03326206598
03326202546
03326202194
03326202122
03326204430
03326209112
03326205102
03326201495
03326201985
03326207730
03326204497
03326205964
03326204073
03326204669
03326201563
03326201519
03326205462
03326204562
03326207976
03326207990
03326207759
03326209145
03326202186
03326207171
03326207768
03326201364
03326204404
03326206368
03326202228
03326209359
03326203045
03326209069
03326206230
03326201904
03326202558
03326209476
03326208439
03326208764
03326209443
03326204008
03326203738
03326205351
03326206896
03326209056
03326203114
03326203304
03326207158
03326207925
03326202416
03326206450
03326205025
03326206085
03326208283
03326208586
03326201921
03326202629
03326207437
03326209444
03326206172
03326203287
03326206980
03326205159
03326201234
03326208713
03326201687
03326206764
03326205305
03326208996
03326202695
03326201383
03326201700
03326209877
03326204721
03326207745
03326207587
03326205425
03326202111
03326204609
03326204816
03326209994
03326208927
03326207215
03326207701
03326208263
03326203399
03326205701
03326209793
03326206748
03326204788
03326206638
03326209593
03326206512
03326204789
03326205247
03326206208
03326205407
03326209575
03326205758
03326208583
03326206112
03326202455
03326201467
03326208605
03326207064
03326202662
03326207865
03326207371
03326204346
03326202280
03326207501
03326209329
03326202303
03326206371
03326205205
03326203680
03326201807
03326208126
03326202702
03326205861
03326204048
03326205170
03326201727
03326202719
03326207417
03326203927
03326209239
03326202252
03326206064
03326204728
03326207536
03326207494
03326202381
03326204440
03326204866
03326201643
03326204627
03326203378
03326207532
03326207788
03326203550
03326205873
03326206440
03326201335
03326208324
03326203940
03326203559
03326202788
03326206346
03326207330
03326201988
03326208279
03326209257
03326209676
03326202104
03326209651
03326209171
03326205995
03326207222
03326202263
03326205779
03326203865
03326208119
03326207700
03326205237
03326208087
03326202971
03326207909
03326204129
03326207851
03326204082
03326201667
03326201665
03326208123
03326204124
03326208949
03326207256
03326204030
03326209062
03326206469
03326201060
03326208375
03326202472
03326201928
03326202807
03326205256
03326201449
03326206820
03326202115
03326204820
03326202774
03326207607
03326203069
03326202987
03326205090
03326208858
03326208710
03326209723
03326204038
03326207899
03326204984
03326206743
03326203866
03326203842
03326209952
03326208849
03326207596
03326206502
03326207505
03326204849
03326205643
03326203568
03326209021
03326207191
03326205047
03326207349
03326204991
03326204867
03326203654
03326205110
03326203954
03326209001
03326201463
03326209630
03326205295
03326209827
03326201583
03326209817
03326205265
03326205029
03326203171
03326203583
03326206209
03326204594
03326207551
03326205390
03326204429
03326203312
03326203442
03326205543
03326203514
03326206656
03326206317
03326207039
03326208189
03326208057
03326206000
03326209638
03326208269
03326207000
03326201937
03326204641
03326208994
03326204036
03326206445
03326207470
03326202170
03326209379
03326207685
03326207486
03326208065
03326205368
03326206614
03326208391
03326204379
03326203612
03326201989
03326208229
03326201743
03326201832
03326203421
03326207059
03326206498
03326204233
03326205755
03326208172
03326202179
03326205485
03326201765
03326201150
03326205080
03326208962
03326204797
03326206481
03326202738
03326201821
03326209378
03326207287
03326202708
03326208599
03326206325
03326206706
03326207334
03326203091
03326203167
03326205505
03326207436
03326205696
03326206107
03326205821
03326202062
03326206544
03326203836
03326206353
03326206843
03326204431
03326206310
03326202878
03326205622
03326208819
03326206622
03326208909
03326206807
03326208140
03326203839
03326204063
03326205750
03326209941
03326205255
03326205109
03326201597
03326205522
03326205593
03326203037
03326203008
03326204339
03326202918
03326209758
03326206833
03326203623
03326208741
03326201472
03326207813
03326203830
03326207395
03326206017
03326207389
03326203315
03326207463
03326208347
03326201055
03326207948
03326206147
03326207011
03326209216
03326207169
03326209964
03326201974
03326206442
03326205749
03326208403
03326204234
03326201191
03326205870
03326209368
03326203197
03326204132
03326206874
03326208400
03326204099
03326202071
03326204061
03326201877
03326207280
03326206470
03326203072
03326206292
03326209968
03326202172
03326206795
03326206491
03326208397
03326201596
03326208129
03326202343
03326208888
03326205627
03326208088
03326205752
03326201924
03326202965
03326207840
03326205488
03326208261
03326203311
03326204015
03326209709
03326209998
03326204942
03326207403
03326206545
03326204691
03326205034
03326203593
03326206423
03326205196
03326203695
03326209020
03326202069
03326209032
03326202278
03326201156
03326202215
03326208591
03326205076
03326208156
03326208835
03326203569
03326204542
03326208276
03326208522
03326207591
03326202060
03326205125
03326208889
03326203034
03326204341
03326203560
03326206111
03326203306
03326207744
03326206380
03326205539
03326202401
03326205061
03326206549
03326201231
03326201475
03326207612
03326205219
03326205310
03326202961
03326205122
03326204493
03326207798
03326204716
03326206379
03326201996
03326207299
03326203545
03326203827
03326209648
03326205094
03326204635
03326205693
03326207483
03326203418
03326205640
03326204602
03326208681
03326209132
03326209249
03326202084
03326204243
03326204179
03326204248
03326208340
03326202048
03326204964
03326203974
03326205916
03326209308
03326205146
03326203764
03326203608
03326203240
03326205271
03326204284
03326207304
03326201019
03326207995
03326206768
03326205905
03326208110
03326204870
03326207764
03326205230
03326203772
03326207077
03326202192
03326209123
03326202578
03326207150
03326209459
03326209175
03326209850
03326205594
03326205498
03326206382
03326208761
03326207243
03326207645
03326209938
03326201440
03326203313
03326204496
03326203443
03326208589
03326205444
03326209635
03326205546
03326201991
03326204508
03326201814
03326204058
03326207253
03326207097
03326203459
03326209125
03326209339
03326201433
03326208933
03326202277
03326209448
03326208682
03326201629
03326207308
03326203979
03326201614
03326201625
03326201238
03326204692
03326201752
03326206892
03326203707
03326204731
03326202608
03326206427
03326203850
03326205145
03326202875
03326207319
03326202916
03326207903
03326208322
03326205430
03326208748
03326204529
03326205340
03326209248
03326207689
03326204918
03326203438
03326206413
03326209233
03326208629
03326205071
03326205020
03326205561
03326208688
03326207886
03326205045
03326209910
03326209140
03326205337
03326209782
03326208668
03326205897
03326204085
03326202400
03326209477
03326201741
03326206816
03326204619
03326208641
03326203186
03326205841
03326206014
03326203291
03326202836
03326209139
03326209404
03326203160
03326208168
03326209470
03326207298
03326203961
03326203087
03326206595
03326205091
03326206056
03326202287
03326204754
03326203980
03326204322
03326205215
03326201315
03326204414
03326209610
03326209573
03326209783
03326202594
03326206383
03326207631
03326208107
03326208285
03326206223
03326202805
03326205941
