03457249648
03457241218
03457244673
03457244241
03457248101
03457249349
03457246385
03457243330
03457241561
03457242017
03457245928
03457245737
03457243712
03457242121
03457241127
03457244873
03457245196
03457246236
03457244161
03457241467
03457244834
03457245521
03457247688
03457248294
03457246853
03457248425
03457249552
03457247415
03457242224
03457242495
03457249697
03457248569
03457242332
03457241891
03457242984
03457245104
03457246049
03457242391
03457246358
03457249480
03457247296
03457244055
03457248576
03457242373
03457242728
03457243110
03457249850
03457243876
03457244319
03457245720
03457249759
03457246576
03457248180
03457246384
03457249151
03457246553
03457249807
03457242319
03457246832
03457245915
03457249336
03457249521
03457246230
03457247168
03457241379
03457248142
03457249136
03457246022
03457248823
03457242804
03457249878
03457244681
03457244170
03457246945
03457245314
03457245565
03457246742
03457245315
03457249701
03457243538
03457247904
03457246775
03457249938
03457241992
03457244151
03457245506
03457243833
03457248551
03457246241
03457249895
03457244038
03457242647
03457241381
03457244718
03457249054
03457246143
03457245559
03457248731
03457244967
03457247854
03457245495
03457242915
03457249881
03457241895
03457244010
03457245604
03457242206
03457241238
03457245753
03457247004
03457247131
03457242376
03457241431
03457242746
03457246292
03457245176
03457247227
03457242636
03457245303
03457247470
03457242582
03457242909
03457245840
03457242033
03457242789
03457246061
03457247890
03457249171
03457248010
03457248987
03457245684
03457242408
03457243859
03457249902
03457241626
03457247313
03457241999
03457244141
03457247034
03457245516
03457249005
03457243286
03457246307
03457241503
03457242331
03457245411
03457242913
03457244041
03457249861
03457241221
03457249543
03457244315
03457242066
03457244235
03457247742
03457246656
03457248143
03457246691
03457249022
03457248887
03457246235
03457245079
03457247086
03457242733
03457243676
03457248767
03457248806
03457246517
03457243783
03457242774
03457241583
03457249320
03457249623
03457246507
03457248016
03457243576
03457245301
03457249495
03457243852
03457246015
03457248920
03457247310
03457245246
03457247764
03457246399
03457247372
03457242313
03457244263
03457247419
03457243615
03457244417
03457249597
03457241734
03457241239
03457245234
03457243343
03457247437
03457246768
03457242732
03457244611
03457241235
03457248639
03457244567
03457241390
03457249527
03457245035
03457244845
03457248165
03457242375
03457246366
03457244910
03457242817
03457242368
03457248428
03457249145
03457241470
03457248511
03457244163
03457245704
03457244320
03457242089
03457248419
03457241841
03457245074
03457247164
03457242613
03457246890
03457241483
03457243589
03457244577
03457242499
03457243153
03457245163
03457241737
03457242805
03457244736
03457242384
03457243396
03457246252
03457247221
03457245367
03457249513
03457248871
03457246806
03457244198
03457245966
03457248257
03457247041
03457249146
03457242725
03457246315
03457242363
03457242422
03457249438
03457247954
03457246681
03457248785
03457241789
03457242411
03457249664
03457247204
03457246340
03457243775
03457241778
03457242308
03457243862
03457245837
03457241198
03457246474
03457247651
03457243741
03457243974
03457242692
03457245517
03457245332
03457246008
03457245458
03457242862
03457246017
03457241517
03457244606
03457249962
03457243958
03457242503
03457249570
03457248436
03457243578
03457242904
03457249848
03457241666
03457247858
03457245418
03457244482
03457246790
03457244732
03457246428
03457243308
03457249021
03457246250
03457246556
03457244712
03457248680
03457245463
03457245262
03457241164
03457243453
03457245780
03457246952
03457246802
03457241187
03457245173
03457246260
03457245941
03457241401
03457241816
03457248350
03457241359
03457246266
03457242761
03457242896
03457246855
03457247802
03457242075
03457249218
03457246434
03457242708
03457243828
03457248050
03457247661
03457241282
03457248494
03457247240
03457248406
03457244982
03457247797
03457245951
03457243046
03457244941
03457241597
03457249476
03457243080
03457244974
03457246382
03457245068
03457247042
03457243354
03457249700
03457246909
03457246604
03457241603
03457241065
03457242603
03457246562
03457246226
03457248478
03457242677
03457242432
03457247891
03457243740
03457249855
03457244118
03457247860
03457247778
03457245098
03457244755
03457241596
03457248918
03457243237
03457247769
03457244244
03457244343
03457241365
03457245666
03457248349
03457244677
03457246812
03457247340
03457242379
03457249724
03457242678
03457242263
03457249165
03457241585
03457249339
03457244439
03457246526
03457249181
03457248481
03457248256
03457248796
03457242154
03457245007
03457242685
03457247190
03457242318
03457241883
03457249002
03457242812
03457246442
03457241958
03457249541
03457242989
03457245856
03457242964
03457247306
03457245399
03457243863
03457241179
03457242076
03457246654
03457244071
03457249036
03457248429
03457249804
03457247816
03457246485
03457247754
03457242217
03457248596
03457249669
03457244205
03457249621
03457246896
03457247545
03457248917
03457247841
03457243675
03457249187
03457245821
03457247206
03457242043
03457246349
03457248583
03457243561
03457243643
03457248661
03457243081
03457244393
03457247617
03457245410
03457246031
03457243118
03457241407
03457246404
03457242513
03457244066
03457248586
03457246327
03457248687
03457249740
03457249989
03457246186
03457248759
03457247684
03457243622
03457244946
03457243337
03457248400
03457246865
03457246992
03457242080
03457241220
03457244255
03457246772
03457247823
03457244672
03457247824
03457241934
03457248518
03457244259
03457248173
03457246503
03457245489
03457241140
03457246403
03457243774
03457245089
03457242860
03457247133
03457247465
03457242054
03457241956
03457242396
03457244801
03457245959
03457245038
03457245227
03457249446
03457244279
03457241676
03457245000
03457245199
03457246253
03457244414
03457244324
03457241293
03457249811
03457241813
03457248504
03457244015
03457241916
03457248054
03457245874
03457241927
03457241181
03457248133
03457246713
03457248543
03457249563
03457243311
03457247549
03457243698
03457249399
03457244938
03457248824
03457249453
03457242784
03457249444
03457248377
03457247654
03457246842
03457249258
03457242974
03457241074
03457246816
03457245110
03457243962
03457243275
03457244355
03457245549
03457243999
03457246082
03457244215
03457244778
03457246905
03457248514
03457244716
03457248365
03457247450
03457241500
03457246854
03457244200
03457242468
03457241000
03457245719
03457244570
03457243539
03457249032
03457242668
03457247611
03457247058
03457249896
03457243433
03457245600
03457243193
03457243849
03457248354
03457245237
03457246035
03457245878
03457247473
03457242938
03457248477
03457241808
03457241473
03457243394
03457241598
03457242615
03457242641
03457243605
03457242275
03457248636
03457248547
03457242010
03457243599
03457247049
03457247800
03457243846
03457249847
03457248618
03457249115
03457248329
03457244256
03457243004
03457248538
03457244113
03457245120
03457244964
03457249840
03457243640
03457246065
03457247462
03457246137
03457247537
03457245460
03457247280
03457241995
03457247760
03457244557
03457242032
03457241839
03457247339
03457246991
03457248632
03457242189
03457242312
03457243822
03457247551
03457243060
03457242456
03457248527
03457248485
03457247311
03457248795
03457244907
03457245944
03457246494
03457246939
03457246309
03457244386
03457241337
03457246678
03457247120
03457249699
03457248888
03457241165
03457241199
03457243167
03457243559
03457246487
03457242775
03457243809
03457241328
03457246062
03457243639
03457243309
03457245584
03457247147
03457242400
03457244823
03457242264
03457243510
03457245762
03457247124
03457245894
03457241201
03457243614
03457245880
03457241644
03457243323
03457246701
03457249578
03457247852
03457241664
03457249224
03457241861
03457249289
03457241997
03457244536
03457244986
03457243579
03457242497
03457246087
03457243630
03457244882
03457249162
03457241986
03457246513
03457243610
03457243937
03457241763
03457245270
03457249997
03457242670
03457249944
03457248321
03457246894
03457242164
03457242739
03457246937
03457245457
03457243919
03457247922
03457245534
03457247297
03457241512
03457245912
03457243545
03457246012
03457248704
03457244409
03457249984
03457243282
03457246718
03457249658
03457244461
03457248909
03457243091
03457249459
03457243915
03457249901
03457243954
03457241863
03457246618
03457245023
03457247641
03457242821
03457243226
03457247142
03457245259
03457248172
03457241447
03457247117
03457242097
03457244206
03457243160
03457248218
03457249257
03457248260
03457249959
03457242506
03457245891
03457243829
03457243845
03457241369
03457241542
03457244018
03457243968
03457248675
03457248915
03457242273
03457247835
03457248271
03457248869
03457243144
03457249150
03457241812
03457245478
03457248210
03457243482
03457241792
03457245252
03457241682
03457244696
03457248358
03457245063
03457248638
03457247464
03457247334
03457243313
03457241714
03457243889
03457246630
03457247271
03457242772
03457242062
03457244843
03457244262
03457245935
03457245206
03457247898
03457248149
03457249109
03457248147
03457242719
03457244698
03457244295
03457242409
03457242037
03457242852
03457246117
03457242335
03457249271
03457248104
03457247210
03457249197
03457247639
03457242985
03457245556
03457241430
03457245261
03457245181
03457245373
03457248206
03457245438
03457241419
03457246949
03457246731
03457249316
03457245547
03457244308
03457242421
03457249248
03457246915
03457245919
03457242766
03457246019
03457244924
03457241275
03457248861
03457247772
03457245841
03457244610
03457247999
03457244667
03457241505
03457247632
03457245064
03457245128
03457247567
03457244913
03457244831
03457243848
03457242965
03457247345
03457246492
03457248857
03457245088
03457246120
03457246800
03457245241
03457244963
03457245683
03457241308
03457243278
03457248040
03457241619
03457248060
03457244281
03457242568
03457247488
03457249340
03457249914
03457244188
03457247979
03457248870
03457249477
03457245702
03457245400
03457243949
03457248573
03457246274
03457247162
03457243935
03457246187
03457242741
03457246058
03457243036
03457248984
03457247336
03457241786
03457247087
03457245947
03457244150
03457246360
03457243625
03457246581
03457246285
03457248086
03457241075
03457245771
03457244454
03457242612
03457247261
03457249681
03457245486
03457249980
03457245908
03457246346
03457244704
03457241766
03457244457
03457244124
03457248093
03457249827
03457246516
03457248739
03457247170
03457249716
03457241979
03457249879
03457247100
03457242016
03457248927
03457241551
03457249040
03457249988
03457249076
03457248286
03457248359
03457243339
03457246377
03457249003
03457244289
03457247082
03457245321
03457241490
03457244323
03457249843
03457244885
03457241876
03457246299
03457241358
03457243791
03457244574
03457245512
03457245228
03457247664
03457246559
03457246867
03457242711
03457241777
03457245381
03457241264
03457247678
03457241540
03457248157
03457248326
03457249620
03457242782
03457245427
03457242797
03457249287
03457246470
03457247228
03457249196
03457242777
03457241501
03457246623
03457242846
03457248110
03457248713
03457247421
03457244968
03457244370
03457243543
03457246108
03457241464
03457242783
03457241686
03457249485
03457243549
03457249494
03457243516
03457245931
03457242802
03457241776
03457243733
03457244686
03457241200
03457247671
03457242595
03457242604
03457249763
03457241054
03457247827
03457245310
03457247289
03457249613
03457248630
03457242207
03457248005
03457246021
03457248427
03457248235
03457244433
03457241692
03457244444
03457247510
03457245952
03457246566
03457249260
03457245570
03457243821
03457241935
03457249113
03457243423
03457249375
03457249750
03457244383
03457241774
03457242639
03457243504
03457241701
03457243724
03457244955
03457246375
03457242195
03457243936
03457247925
03457246781
03457243348
03457245498
03457248396
03457246755
03457244631
03457246029
03457249524
03457244192
03457247232
03457246196
03457243866
03457249277
03457247729
03457242832
03457248255
03457241637
03457246653
03457245595
03457246121
03457247968
03457249489
03457241135
03457243756
03457242630
03457247952
03457247644
03457247040
03457248587
03457243169
03457249782
03457242505
03457242619
03457249590
03457249752
03457245745
03457243115
03457247508
03457246491
03457249063
03457244658
03457243134
03457248475
03457249670
03457245143
03457246695
03457249325
03457244432
03457247265
03457249025
03457243398
03457249008
03457245391
03457246548
03457247304
03457242581
03457245224
03457248665
03457241885
03457242480
03457248613
03457241476
03457247971
03457247381
03457247974
03457241896
03457243844
03457245349
03457242077
03457245353
03457248876
03457242346
03457244106
03457244769
03457241758
03457247597
03457247633
03457247910
03457248262
03457241004
03457243258
03457245788
03457247422
03457248557
03457245819
03457248951
03457246839
03457248068
03457245447
03457245426
03457241627
03457248295
03457245413
03457246851
03457244145
03457243146
03457244859
03457248099
03457243008
03457248561
03457248373
03457245997
03457247652
03457248667
03457243359
03457247793
03457242808
03457249470
03457241213
03457246969
03457248637
03457246103
03457246289
03457245286
03457249530
03457243125
03457248513
03457242496
03457243428
03457246919
03457242479
03457248854
03457242387
03457248004
03457246345
03457248727
03457241017
03457244763
03457243403
03457242905
03457247226
03457249048
03457242560
03457248166
03457244709
03457242618
03457242156
03457244701
03457249657
03457249310
03457242579
03457241565
03457244615
03457245603
03457249579
03457241641
03457245265
03457247172
03457242322
03457247012
03457241791
03457244706
03457247809
03457244064
03457248387
03457242726
03457241364
03457249351
03457247787
03457245774
03457244301
03457244152
03457248346
03457246148
03457249216
03457246402
03457244742
03457247301
03457245585
03457243154
03457245417
03457242900
03457246602
03457245850
03457247449
03457246892
03457247538
03457241270
03457245338
03457248838
03457243250
03457246004
03457247815
03457243804
03457245572
03457248825
03457245287
03457248483
03457247796
03457245389
03457249964
03457246763
03457247716
03457243291
03457244086
03457247309
03457248464
03457242749
03457244491
03457247710
03457245133
03457243475
03457242872
03457247260
03457243245
03457247076
03457246600
03457243151
03457244072
03457241053
03457249486
03457246866
03457248244
03457247582
03457242427
03457248418
03457247776
03457241594
03457242845
03457245436
03457247485
03457246140
03457243553
03457241251
03457241529
03457244786
03457247920
03457241513
03457248671
03457243865
03457242699
03457245729
03457241237
03457241748
03457248686
03457247673
03457242238
03457247276
03457245046
03457246504
03457244881
03457244972
03457243928
03457246116
03457242287
03457248038
03457245387
03457241120
03457242469
03457243523
03457249458
03457249558
03457248847
03457248364
03457246152
03457249540
03457249380
03457248194
03457244379
03457246698
03457247181
03457246027
03457243920
03457243198
03457243498
03457242702
03457242096
03457244747
03457246648
03457244740
03457242948
03457247584
03457243989
03457246383
03457245826
03457247312
03457244608
03457248225
03457249228
03457248114
03457248571
03457243873
03457249739
03457247896
03457242655
03457241621
03457248183
03457242864
03457248945
03457242051
03457246861
03457244839
03457243792
03457248971
03457247361
03457244810
03457242199
03457243624
03457243204
03457241811
03457248552
03457247570
03457248413
03457247801
03457245805
03457241855
03457246286
03457245602
03457241429
03457243126
03457241875
03457244003
03457245532
03457241794
03457243519
03457249931
03457249796
03457247405
03457241866
03457243304
03457246372
03457246535
03457248200
03457242504
03457242113
03457244050
03457246093
03457244451
03457241143
03457249404
03457246389
03457245514
03457241937
03457248390
03457243368
03457245932
03457241684
03457243734
03457249201
03457246423
03457243597
03457242289
03457247565
03457242158
03457248617
03457242501
03457249075
03457245320
03457248085
03457243097
03457249202
03457249315
03457242371
03457247424
03457242859
03457246128
03457245405
03457245472
03457241581
03457246427
03457246632
03457245934
03457241620
03457242638
03457248500
03457247333
03457248907
03457248554
03457244548
03457249999
03457245833
03457248623
03457243887
03457249526
03457246438
03457246617
03457241570
03457246616
03457242608
03457241362
03457246341
03457248192
03457242092
03457242190
03457243764
03457244846
03457247843
03457247986
03457246308
03457244190
03457244767
03457241590
03457247505
03457249987
03457249034
03457246156
03457245062
03457249318
03457249011
03457244176
03457241482
03457245778
03457242455
03457247530
03457243317
03457246982
03457243777
03457243006
03457245863
03457248631
03457243996
03457246080
03457241849
03457243532
03457242926
03457244228
03457246674
03457242787
03457243058
03457249382
03457246033
03457248702
03457245528
03457241869
03457246567
03457246993
03457244825
03457243474
03457244869
03457242311
03457241545
03457245118
03457247947
03457245130
03457243727
03457248510
03457248305
03457243171
03457246332
03457247238
03457244140
03457247468
03457245479
03457241442
03457246764
03457248693
03457244040
03457242991
03457249397
03457243934
03457247609
03457248279
03457248249
03457241137
03457245115
03457249463
03457241638
03457242605
03457246052
03457249537
03457247807
03457244785
03457249097
03457249061
03457248164
03457249886
03457241172
03457242144
03457245957
03457244562
03457248059
03457244956
03457246131
03457249434
03457241878
03457241520
03457241184
03457247373
03457243189
03457243707
03457244694
03457248066
03457247469
03457248088
03457247931
03457243492
03457247667
03457249632
03457245876
03457248508
03457249510
03457248852
03457241790
03457241652
03457243717
03457244506
03457241409
03457243039
03457244174
03457244448
03457242246
03457243582
03457241292
03457246179
03457246478
03457244077
03457248487
03457246473
03457242897
03457247677
03457248300
03457242561
03457246499
03457243557
03457243369
03457242667
03457249394
03457248685
03457243133
03457245288
03457242625
03457249200
03457243284
03457245026
03457244298
03457243913
03457241307
03457243025
03457243917
03457242208
03457245421
03457245085
03457247215
03457243331
03457247712
03457243164
03457247243
03457241850
03457249219
03457246206
03457246540
03457243220
03457247799
03457247229
03457245763
03457249112
03457246978
03457249050
03457244189
03457248820
03457249871
03457243759
03457246091
03457247140
03457248472
03457246153
03457241681
03457245889
03457245226
03457247073
03457242994
03457244437
03457248486
03457244684
03457243109
03457246688
03457246445
03457247755
03457242215
03457246352
03457249180
03457248974
03457244683
03457241241
03457241707
03457246090
03457241141
03457244650
03457243148
03457243223
03457243067
03457247391
03457247927
03457243984
03457248756
03457249505
03457249450
03457244644
03457247071
03457249646
03457242694
03457241553
03457243938
03457243719
03457241113
03457243020
03457246546
03457241205
03457243985
03457248794
03457241613
03457242879
03457242729
03457248458
03457244937
03457247720
03457246203
03457243085
03457244688
03457249528
03457244288
03457248097
03457249469
03457245233
03457248388
03457243395
03457249587
03457249429
03457246392
03457242527
03457243695
03457249082
03457246313
03457241104
03457248167
03457245961
03457245796
03457246923
03457243443
03457247746
03457248006
03457242024
03457249649
03457241350
03457244922
03457245972
03457243478
03457241459
03457243224
03457242410
03457241854
03457249000
03457243955
03457245508
03457248612
03457242508
03457241068
03457245606
03457241263
03457244396
03457249929
03457243507
03457244710
03457242457
03457247025
03457243129
03457247563
03457241062
03457248079
03457247604
03457246044
03457247136
03457243089
03457244173
03457249166
03457242006
03457243244
03457245594
03457247318
03457241093
03457241675
03457246293
03457244993
03457243569
03457241731
03457241048
03457245385
03457248724
03457243611
03457246684
03457247429
03457245626
03457241008
03457243795
03457242569
03457244422
03457244816
03457245138
03457246089
03457246451
03457242988
03457249386
03457247992
03457249408
03457242611
03457243049
03457244313
03457246835
03457246088
03457242321
03457245448
03457245555
03457245613
03457246560
03457242858
03457249968
03457245045
03457241654
03457242397
03457247298
03457246789
03457247516
03457246070
03457244229
03457242067
03457244344
03457246232
03457245629
03457249295
03457249922
03457249436
03457246218
03457248397
03457242840
03457243166
03457247706
03457242563
03457249261
03457244774
03457245208
03457245887
03457244436
03457241564
03457244847
03457248828
03457241044
03457244796
03457249172
03457242597
03457248381
03457242491
03457246692
03457244012
03457243174
03457244932
03457245691
03457249262
03457243421
03457243750
03457247912
03457242205
03457249231
03457249591
03457244226
03457241295
03457246297
03457242780
03457241384
03457248251
03457247476
03457244700
03457248961
03457242880
03457241858
03457247130
03457247851
03457245871
03457245249
03457241599
03457245174
03457241097
03457248839
03457249581
03457248370
03457242220
03457242041
03457249359
03457244802
03457247282
03457249710
03457248471
03457249892
03457245761
03457245698
03457244901
03457244561
03457244460
03457243814
03457248556
03457241739
03457248355
03457243005
03457249696
03457248746
03457245983
03457241123
03457244637
03457245884
03457249411
03457248672
03457241169
03457246329
03457246740
03457247055
03457245978
03457249488
03457245901
03457245374
03457245254
03457243682
03457243019
03457248492
03457242803
03457249215
03457242345
03457248819
03457246158
03457245073
03457248184
03457244007
03457242074
03457246228
03457243772
03457248231
03457243290
03457243965
03457247591
03457242359
03457243517
03457243794
03457243371
03457242865
03457243585
03457245868
03457243327
03457246314
03457247525
03457248493
03457248236
03457243689
03457241195
03457241971
03457243138
03457243827
03457241481
03457242380
03457245962
03457245202
03457246072
03457245211
03457245481
03457245697
03457247241
03457248090
03457245648
03457248126
03457241142
03457245430
03457248488
03457241917
03457241536
03457247197
03457245054
03457241699
03457241163
03457249966
03457249246
03457248130
03457244992
03457249859
03457245716
03457247513
03457247845
03457241827
03457249942
03457242801
03457248041
03457241773
03457243069
03457247708
03457245339
03457241037
03457245767
03457248662
03457248581
03457243512
03457244318
03457247234
03457245319
03457248584
03457243014
03457248844
03457247517
03457249125
03457248266
03457249714
03457249703
03457242599
03457243242
03457248367
03457241593
03457244395
03457244908
03457242234
03457249926
03457249576
03457244627
03457245441
03457248209
03457249225
03457241196
03457248505
03457245568
03457241716
03457247144
03457243527
03457241441
03457246508
03457249786
03457241301
03457246773
03457247993
03457244364
03457249081
03457248437
03457247220
03457247400
03457247069
03457244185
03457245238
03457246224
03457247658
03457242648
03457243957
03457247573
03457249849
03457249900
03457247070
03457242558
03457249071
03457241801
03457243607
03457241710
03457247278
03457244676
03457246359
03457249771
03457241824
03457244127
03457248154
03457243558
03457247302
03457243782
03457247401
03457242213
03457242747
03457247732
03457241223
03457245105
03457246523
03457249365
03457245419
03457245541
03457246834
03457241631
03457242933
03457244855
03457247972
03457243693
03457241214
03457249403
03457248075
03457242943
03457241229
03457243816
03457241103
03457248999
03457241769
03457248018
03457242833
03457242395
03457242941
03457244530
03457245558
03457241579
03457245157
03457249835
03457245027
03457246283
03457247292
03457244743
03457248698
03457246304
03457247251
03457244369
03457249803
03457244671
03457244789
03457249993
03457244002
03457247523
03457247596
03457247541
03457244001
03457247180
03457248689
03457247374
03457243276
03457248536
03457244375
03457245650
03457245117
03457244799
03457247399
03457249090
03457242112
03457249126
03457241397
03457249766
03457241155
03457242809
03457247626
03457248741
03457247562
03457245490
03457245474
03457246994
03457245651
03457248742
03457245171
03457249619
03457249345
03457246895
03457249138
03457243508
03457244914
03457245775
03457248310
03457245429
03457244874
03457245783
03457245550
03457241047
03457246605
03457241690
03457246348
03457247380
03457249067
03457247648
03457246749
03457243050
03457248923
03457245108
03457249308
03457246273
03457243439
03457242870
03457246979
03457241630
03457248077
03457245881
03457241952
03457246536
03457243312
03457248416
03457244443
03457243960
03457242394
03457247790
03457241697
03457249829
03457246779
03457244584
03457249805
03457249893
03457249501
03457249791
03457244870
03457242059
03457244006
03457248176
03457243613
03457245428
03457242531
03457245036
03457247433
03457249737
03457243942
03457244865
03457242716
03457249478
03457246164
03457241225
03457242094
03457242724
03457247150
03457244850
03457246076
03457242058
03457242820
03457244445
03457241252
03457247496
03457246267
03457248619
03457241928
03457242361
03457248021
03457246661
03457242712
03457242837
03457247440
03457249154
03457245028
03457246785
03457249775
03457245392
03457241085
03457249663
03457245451
03457244390
03457245496
03457249371
03457247951
03457248598
03457244096
03457244602
03457249131
03457249046
03457243803
03457245433
03457242013
03457246051
03457246921
03457247030
03457243045
03457249053
03457244991
03457245289
03457248992
03457242524
03457241606
03457246391
03457248069
03457241203
03457246430
03457242689
03457245172
03457242038
03457245439
03457244069
03457246339
03457245248
03457249170
03457248317
03457243704
03457244915
03457247782
03457243263
03457249312
03457248905
03457241508
03457245622
03457247982
03457245718
03457247558
03457247872
03457242792
03457248128
03457245414
03457245376
03457247179
03457246157
03457242653
03457245274
03457245789
03457243288
03457242687
03457246288
03457248647
03457249425
03457245859
03457247355
03457246141
03457248897
03457243241
03457245152
03457245277
03457242488
03457246086
03457241750
03457245739
03457247689
03457241298
03457241914
03457248965
03457242406
03457242133
03457241438
03457242157
03457245713
03457244497
03457242162
03457242934
03457244293
03457241951
03457248132
03457245437
03457247598
03457245564
03457244826
03457244690
03457248319
03457246914
03457249586
03457243976
03457244647
03457243099
03457244723
03457246265
03457243725
03457244607
03457249091
03457245493
03457247528
03457243114
03457249553
03457242320
03457243787
03457249556
03457249284
03457245705
03457242590
03457242447
03457242182
03457248333
03457247442
03457243119
03457245242
03457243817
03457249062
03457242161
03457249569
03457249249
03457245710
03457241867
03457248287
03457248506
03457241663
03457241023
03457248036
03457249568
03457241711
03457245137
03457248277
03457245998
03457244691
03457248941
03457242276
03457249635
03457244058
03457241930
03457245791
03457244051
03457247392
03457242223
03457243070
03457248076
03457244875
03457244084
03457244603
03457241424
03457242507
03457246621
03457242305
03457244399
03457242116
03457247045
03457248553
03457247655
03457247293
03457249614
03457242004
03457248898
03457242533
03457242921
03457249346
03457242245
03457248764
03457247660
03457247744
03457246054
03457242927
03457245049
03457242339
03457243694
03457246425
03457249903
03457247127
03457241444
03457241309
03457243977
03457247531
03457248851
03457246625
03457247889
03457248745
03457249736
03457244929
03457243456
03457246424
03457243754
03457248993
03457245976
03457241550
03457244560
03457248344
03457244193
03457247066
03457243351
03457242128
03457247751
03457246441
03457242486
03457248026
03457241367
03457246296
03457241457
03457243499
03457248868
03457248007
03457241125
03457249471
03457248625
03457248585
03457248089
03457248222
03457248774
03457247594
03457242348
03457249417
03457249186
03457245394
03457243053
03457241984
03457246216
03457241129
03457244609
03457247868
03457245384
03457246762
03457244980
03457246798
03457246552
03457247219
03457244722
03457248441
03457248650
03457248752
03457247252
03457249529
03457245621
03457248609
03457242180
03457249023
03457246738
03457245016
03457248105
03457245814
03457248792
03457242637
03457248501
03457247456
03457243480
03457247006
03457241967
03457249935
03457241116
03457246744
03457245347
03457243603
03457242357
03457242428
03457248645
03457248657
03457244581
03457246220
03457245406
03457244916
03457245272
03457249512
03457245519
03457244727
03457245744
03457249088
03457241437
03457241360
03457242675
03457243567
03457248805
03457241376
03457241051
03457248162
03457242551
03457243447
03457247543
03457242334
03457247385
03457243714
03457245082
03457249028
03457245870
03457249828
03457246124
03457246612
03457249756
03457243023
03457244165
03457247653
03457245330
03457246961
03457242765
03457248802
03457243540
03457244220
03457242083
03457246960
03457244075
03457246551
03457247184
03457243410
03457242827
03457243264
03457249533
03457242484
03457246804
03457247804
03457243325
03457245201
03457248835
03457248385
03457244147
03457245794
03457242212
03457245372
03457244620
03457249370
03457244807
03457244348
03457247052
03457248940
03457243202
03457249388
03457244382
03457242483
03457247763
03457245169
03457248526
03457249157
03457242257
03457249741
03457242027
03457248322
03457248777
03457241330
03457248574
03457249927
03457248037
03457248207
03457244725
03457243894
03457241245
03457247676
03457243016
03457244541
03457246159
03457247572
03457241539
03457241560
03457249447
03457244023
03457247484
03457243685
03457246215
03457242362
03457245827
03457249422
03457241932
03457245773
03457245825
03457246294
03457243967
03457245165
03457249798
03457247492
03457245509
03457244616
03457246097
03457242169
03457243877
03457246783
03457247216
03457245937
03457249653
03457242644
03457241090
03457243544
03457241286
03457241822
03457245844
03457243819
03457246857
03457241735
03457248253
03457241747
03457247571
03457246394
03457244365
03457249865
03457243132
03457246264
03457248737
03457241949
03457244264
03457242293
03457243485
03457249288
03457242280
03457246161
03457242681
03457245336
03457245838
03457242940
03457244160
03457244782
03457249239
03457242007
03457245711
03457242022
03457249211
03457247670
03457243678
03457247000
03457245081
03457249442
03457242448
03457243320
03457245703
03457249466
03457245693
03457244889
03457243051
03457242929
03457246317
03457245083
03457243893
03457248315
03457245053
03457241471
03457245170
03457245531
03457244070
03457248602
03457249160
03457249571
03457243120
03457245756
03457248032
03457245579
03457244471
03457246328
03457244321
03457247770
03457246759
03457248595
03457243107
03457249027
03457246766
03457244981
03457243528
03457248952
03457247277
03457247788
03457241632
03457246533
03457245318
03457247173
03457247915
03457249743
03457249421
03457247359
03457243700
03457241073
03457248410
03457247722
03457246053
03457242034
03457246729
03457243990
03457242050
03457247368
03457245518
03457242878
03457248376
03457249795
03457247839
03457248989
03457249894
03457242119
03457249727
03457248482
03457249406
03457241383
03457242796
03457244270
03457247879
03457248866
03457241857
03457243283
03457243780
03457244864
03457242374
03457243903
03457242539
03457242168
03457247268
03457243802
03457241727
03457245861
03457243506
03457247828
03457246217
03457241154
03457242367
03457248246
03457244583
03457241667
03457249253
03457243098
03457244011
03457246518
03457249234
03457245029
03457246477
03457249580
03457249723
03457242138
03457247580
03457248408
03457244372
03457242237
03457245639
03457249702
03457248112
03457244680
03457242196
03457243196
03457249433
03457249275
03457245649
03457248034
03457244487
03457245465
03457246381
03457244213
03457242798
03457241347
03457242585
03457243038
03457242444
03457243266
03457244566
03457249531
03457241202
03457242350
03457245715
03457244927
03457246010
03457241833
03457247201
03457241052
03457244104
03457243093
03457245060
03457247991
03457245231
03457244291
03457245025
03457245526
03457243035
03457241642
03457246753
03457241248
03457244585
03457242997
03457243961
03457244770
03457248502
03457243658
03457249749
03457241454
03457248202
03457245911
03457247475
03457249281
03457241266
03457248340
03457243124
03457245275
03457249335
03457246587
03457244505
03457245676
03457249314
03457244073
03457244663
03457242723
03457244187
03457247091
03457249976
03457245601
03457249809
03457243194
03457247028
03457248473
03457248380
03457246458
03457243753
03457249156
03457248997
03457248412
03457248116
03457248124
03457242838
03457244626
03457241418
03457243997
03457247608
03457248944
03457248241
03457241723
03457242509
03457245371
03457242738
03457241183
03457241722
03457248738
03457242306
03457246955
03457249217
03457245561
03457245665
03457246063
03457249777
03457242464
03457248558
03457247711
03457241604
03457242200
03457249746
03457248084
03457246657
03457242690
03457247911
03457241562
03457246646
03457245673
03457246933
03457246401
03457244285
03457248983
03457248391
03457248782
03457241124
03457243635
03457245660
03457245749
03457249725
03457243950
03457241134
03457248982
03457244664
03457241035
03457244222
03457241549
03457244265
03457241305
03457243998
03457248269
03457242040
03457249661
03457245492
03457247734
03457248276
03457246758
03457248621
03457246596
03457241836
03457242696
03457245965
03457244538
03457247950
03457249991
03457248098
03457247085
03457244783
03457242489
03457249084
03457242928
03457246126
03457249925
03457246572
03457246388
03457244276
03457244237
03457243854
03457249143
03457245573
03457246074
03457247924
03457242241
03457242046
03457249307
03457241787
03457246724
03457243493
03457244269
03457244998
03457242255
03457246569
03457246040
03457247966
03457248973
03457243860
03457247875
03457246118
03457247941
03457242621
03457243009
03457242296
03457246237
03457248074
03457247348
03457247534
03457248448
03457242895
03457247182
03457243219
03457245553
03457248916
03457249906
03457242665
03457246946
03457242574
03457243267
03457244201
03457248186
03457245668
03457247353
03457246527
03457244759
03457244397
03457246924
03457242114
03457244721
03457247984
03457243181
03457244328
03457242454
03457248966
03457248788
03457246677
03457243208
03457247478
03457249024
03457242715
03457249630
03457249291
03457245499
03457244080
03457243911
03457249348
03457247471
03457249116
03457249666
03457242023
03457244305
03457242423
03457248821
03457248628
03457247969
03457245184
03457241019
03457244612
03457249483
03457249108
03457248189
03457249757
03457248156
03457249441
03457243552
03457245106
03457241425
03457246589
03457246234
03457244065
03457244661
03457244254
03457244387
03457249509
03457242222
03457248362
03457246672
03457245378
03457249779
03457248498
03457249567
03457249909
03457243867
03457243211
03457247294
03457243715
03457247203
03457241380
03457248599
03457248378
03457247956
03457249690
03457247987
03457247254
03457247535
03457242549
03457245190
03457248433
03457246046
03457246810
03457249704
03457247533
03457244752
03457246563
03457243101
03457243730
03457246959
03457246490
03457248129
03457247718
03457244728
03457248716
03457245688
03457245281
03457241157
03457244569
03457248895
03457242278
03457249560
03457242221
03457242279
03457247200
03457242907
03457246163
03457249717
03457245018
03457242136
03457246948
03457244895
03457241491
03457242378
03457243322
03457242439
03457248168
03457244645
03457245390
03457245333
03457244726
03457245440
03457246825
03457247762
03457245511
03457242562
03457246906
03457245740
03457241695
03457248460
03457244498
03457242061
03457249551
03457245329
03457244665
03457241387
03457242445
03457249031
03457247454
03457243590
03457247467
03457249338
03457247444
03457247803
03457247795
03457241768
03457246659
03457241691
03457245750
03457243918
03457247813
03457242584
03457249826
03457244533
03457244008
03457247967
03457242160
03457247031
03457241061
03457244685
03457242757
03457241336
03457244639
03457242150
03457244703
03457249273
03457242866
03457245160
03457242910
03457244257
03457244990
03457248670
03457242973
03457246908
03457244504
03457243065
03457247628
03457249057
03457242983
03457247356
03457247178
03457249520
03457245037
03457243652
03457242019
03457245942
03457244493
03457244902
03457248468
03457241528
03457242977
03457241440
03457249955
03457241574
03457248120
03457241720
03457248055
03457247981
03457247515
03457241837
03457247786
03457246650
03457247696
03457246694
03457246316
03457244738
03457248240
03457248361
03457247870
03457241744
03457249096
03457243696
03457247821
03457246588
03457242404
03457246631
03457243562
03457248420
03457244790
03457242155
03457241174
03457249247
03457248232
03457243801
03457246836
03457248960
03457241306
03457249814
03457249593
03457249990
03457244135
03457249644
03457244090
03457244242
03457249209
03457245675
03457242081
03457243926
03457242529
03457243966
03457245631
03457249820
03457245836
03457247690
03457246696
03457246231
03457245464
03457246514
03457243608
03457241466
03457246774
03457244808
03457241167
03457246538
03457244178
03457242946
03457249797
03457249837
03457247165
03457249889
03457246431
03457245674
03457249994
03457244154
03457246444
03457243861
03457248626
03457247728
03457243457
03457248900
03457247063
03457242115
03457245642
03457242759
03457245990
03457249274
03457244939
03457242541
03457242889
03457247893
03457246393
03457242683
03457244156
03457246624
03457242429
03457246780
03457246550
03457248219
03457242676
03457245670
03457246450
03457245986
03457249191
03457244247
03457242324
03457244351
03457245926
03457242502
03457246338
03457244469
03457241898
03457247918
03457242588
03457247665
03457242120
03457241461
03457243818
03457244540
03457243314
03457243604
03457242873
03457249192
03457246555
03457244027
03457245456
03457242580
03457241989
03457245056
03457249390
03457243272
03457245207
03457249331
03457245346
03457244087
03457244679
03457241277
03457245127
03457248816
03457249589
03457247730
03457245608
03457247126
03457248720
03457247861
03457245159
03457244523
03457244849
03457242011
03457243757
03457249504
03457241349
03457245929
03457241569
03457242609
03457249692
03457249888
03457242070
03457248106
03457244272
03457245276
03457242467
03457245612
03457242750
03457242525
03457246639
03457247233
03457241947
03457244940
03457244862
03457242298
03457247195
03457241253
03457248749
03457248091
03457246619
03457249707
03457242517
03457249124
03457245659
03457249884
03457249019
03457244447
03457241313
03457246902
03457245359
03457242323
03457242271
03457246408
03457241066
03457249270
03457248635
03457241796
03457247185
03457249729
03457246863
03457243042
03457241573
03457248155
03457245842
03457245954
03457244350
03457243059
03457246976
03457245820
03457249839
03457247683
03457247103
03457246700
03457248087
03457244109
03457248495
03457248730
03457242315
03457247856
03457244717
03457245223
03457246469
03457244284
03457244820
03457249413
03457243891
03457247387
03457243400
03457242225
03457249566
03457243975
03457249326
03457241733
03457242102
03457249210
03457244563
03457248245
03457246227
03457249967
03457247331
03457245122
03457245121
03457242459
03457249018
03457246300
03457241414
03457249415
03457247023
03457244034
03457246699
03457245250
03457241131
03457248926
03457243490
03457241592
03457244601
03457247106
03457246030
03457246574
03457243185
03457247118
03457242265
03457245324
03457246720
03457243587
03457246603
03457245444
03457248152
03457249911
03457245168
03457243405
03457245247
03457246815
03457242925
03457243991
03457244380
03457249149
03457248968
03457244707
03457245630
03457249674
03457245383
03457246693
03457246229
03457249904
03457245298
03457247792
03457248447
03457242537
03457249806
03457242978
03457249014
03457248781
03457249072
03457246416
03457244453
03457246369
03457244478
03457242249
03457247885
03457246175
03457247752
03457243885
03457244952
03457245769
03457242768
03457244013
03457244805
03457247383
03457244957
03457242652
03457249583
03457246466
03457241013
03457244345
03457248291
03457245974
03457242240
03457249860
03457245543
03457246547
03457242272
03457244842
03457248651
03457241506
03457244036
03457246020
03457244126
03457249033
03457247726
03457242202
03457241236
03457246041
03457243256
03457249093
03457241840
03457243095
03457244960
03457248238
03457248324
03457246211
03457247497
03457247231
03457246471
03457247370
03457247498
03457244306
03457247307
03457241510
03457247192
03457244511
03457246057
03457249266
03457243964
03457245216
03457241240
03457241353
03457244346
03457241258
03457241696
03457244403
03457246323
03457241109
03457241180
03457246454
03457245537
03457242210
03457241329
03457246502
03457242065
03457242986
03457246150
03457245218
03457244653
03457245923
03457248641
03457242961
03457241677
03457245187
03457249659
03457249602
03457249787
03457241673
03457241138
03457247949
03457241389
03457245545
03457243660
03457243389
03457242826
03457244233
03457248103
03457247556
03457242405
03457249656
03457241571
03457246362
03457245032
03457244753
03457244662
03457246652
03457245898
03457248873
03457247095
03457247881
03457245999
03457249941
03457248137
03457245178
03457241504
03457249836
03457243260
03457246904
03457249846
03457248239
03457249875
03457248615
03457249818
03457249182
03457243338
03457241228
03457246170
03457241460
03457246737
03457244423
03457248710
03457242146
03457242031
03457241007
03457248375
03457246406
03457244102
03457247037
03457248938
03457249747
03457247194
03457243430
03457244604
03457245619
03457242936
03457243203
03457246467
03457242998
03457242338
03457245617
03457242793
03457249863
03457243468
03457247997
03457249236
03457249132
03457242522
03457246989
03457245280
03457241341
03457242894
03457247250
03457243022
03457241868
03457246511
03457249719
03457245596
03457242487
03457247337
03457244085
03457247621
03457244521
03457248332
03457246214
03457246484
03457241186
03457249443
03457244056
03457241657
03457249122
03457241588
03457248953
03457242389
03457246664
03457243280
03457247713
03457243233
03457248787
03457248874
03457244643
03457241894
03457242577
03457249852
03457243234
03457243530
03457248432
03457243043
03457247363
03457247631
03457249080
03457241334
03457244340
03457248649
03457246333
03457247426
03457247610
03457246543
03457246578
03457242253
03457246580
03457241287
03457248859
03457246998
03457246376
03457243429
03457245993
03457242108
03457243778
03457243875
03457241847
03457246439
03457241957
03457241069
03457242869
03457245624
03457246986
03457249306
03457246343
03457241852
03457247906
03457244958
03457241222
03457244589
03457245461
03457243180
03457247719
03457245502
03457242764
03457244894
03457246525
03457245258
03457243982
03457244418
03457249222
03457247805
03457242763
03457246687
03457249934
03457249565
03457244275
03457241439
03457246171
03457241687
03457247888
03457245150
03457247869
03457243307
03457246185
03457241825
03457245967
03457245741
03457243922
03457241300
03457242853
03457248073
03457245725
03457243392
03457242731
03457242788
03457248541
03457249555
03457245308
03457241234
03457244621
03457245599
03457245284
03457241368
03457241385
03457246685
03457247266
03457244477
03457243726
03457247707
03457245396
03457245748
03457249880
03457246249
03457249655
03457245072
03457244204
03457248770
03457248822
03457248863
03457245843
03457245507
03457242877
03457243426
03457241377
03457245883
03457244245
03457247892
03457245586
03457245404
03457244545
03457241612
03457243212
03457243061
03457245706
03457249641
03457249744
03457241702
03457249139
03457249637
03457246110
03457243883
03457244841
03457243372
03457243412
03457249206
03457247874
03457242887
03457246165
03457243383
03457248035
03457241297
03457249373
03457249801
03457247367
03457248735
03457243586
03457242987
03457241171
03457241703
03457243376
03457241031
03457246092
03457241746
03457241133
03457244005
03457245186
03457242818
03457243476
03457243654
03457249897
03457241602
03457247347
03457245583
03457246995
03457244571
03457241121
03457247466
03457248308
03457244918
03457244458
03457242351
03457241943
03457244294
03457242658
03457246983
03457249479
03457247638
03457247830
03457241159
03457243824
03457246119
03457246460
03457244970
03457241507
03457242917
03457245167
03457243870
03457243404
03457243746
03457241433
03457247239
03457241289
03457244336
03457247587
03457242843
03457247329
03457247149
03457241094
03457248339
03457246972
03457248801
03457245075
03457248402
03457249600
03457243767
03457244426
03457242416
03457249956
03457243268
03457246584
03457244830
03457242044
03457248872
03457243987
03457247560
03457249577
03457246039
03457244407
03457248017
03457247099
03457243024
03457242686
03457244945
03457243533
03457243522
03457246542
03457246850
03457249074
03457243880
03457244510
03457247018
03457248053
03457248546
03457249087
03457246953
03457243102
03457246913
03457242834
03457245350
03457247975
03457249972
03457243074
03457242358
03457246965
03457245853
03457244137
03457243130
03457246891
03457248646
03457247615
03457243864
03457249059
03457246912
03457241610
03457249058
03457242211
03457245010
03457247322
03457248588
03457242122
03457242816
03457246520
03457246418
03457245800
03457246310
03457241486
03457243300
03457245362
03457247566
03457248826
03457249208
03457248799
03457246243
03457246940
03457243170
03457241022
03457249155
03457243255
03457246094
03457243503
03457243463
03457242886
03457246760
03457248779
03457249961
03457248265
03457243399
03457241010
03457246592
03457248845
03457241426
03457242672
03457246878
03457248337
03457244339
03457241740
03457249068
03457248981
03457247152
03457247463
03457244534
03457243547
03457247568
03457246122
03457243572
03457248542
03457248755
03457241166
03457249711
03457244483
03457243265
03457248946
03457244764
03457243458
03457243472
03457244274
03457245209
03457242343
03457244735
03457244327
03457249177
03457249758
03457246457
03457245175
03457249440
03457246847
03457245358
03457248818
03457245985
03457245459
03457245822
03457245066
03457241357
03457246792
03457245069
03457244480
03457248212
03457244282
03457244347
03457245790
03457248094
03457247396
03457246807
03457249056
03457249627
03457245504
03457244554
03457246239
03457244654
03457248289
03457247457
03457246883
03457241963
03457244507
03457248102
03457241998
03457244224
03457249645
03457245409
03457246963
03457245158
03457248426
03457247576
03457249562
03457246803
03457246191
03457247398
03457244573
03457248833
03457247101
03457243647
03457242664
03457248263
03457243425
03457243761
03457246671
03457243930
03457244292
03457243536
03457241032
03457248860
03457248935
03457246208
03457247759
03457245331
03457245776
03457241890
03457245811
03457241325
03457245924
03457243378
03457243881
03457243541
03457249783
03457244930
03457249135
03457244446
03457244430
03457246456
03457248148
03457246869
03457242039
03457248061
03457242976
03457246598
03457248386
03457244111
03457241406
03457241987
03457245860
03457244488
03457241922
03457241100
03457241268
03457242754
03457248503
03457245420
03457245738
03457249498
03457244017
03457243837
03457243627
03457242393
03457246636
03457248654
03457243617
03457241498
03457249958
03457247112
03457241485
03457246879
03457243855
03457242882
03457249285
03457249368
03457244368
03457243850
03457246334
03457244897
03457243469
03457242874
03457248707
03457242449
03457244302
03457244099
03457246436
03457243650
03457242385
03457249484
03457245145
03457245635
03457248392
03457246085
03457242174
03457244804
03457248624
03457243631
03457242778
03457242248
03457241405
03457245746
03457245185
03457241535
03457245717
03457244713
03457244884
03457242244
03457247833
03457249937
03457244840
03457246275
03457242127
03457249294
03457247603
03457242349
03457243843
03457243736
03457248754
03457248648
03457241247
03457247189
03457249973
03457249606
03457249588
03457241371
03457246100
03457241844
03457241842
03457247443
03457244429
03457247937
03457243619
03457247068
03457241933
03457241981
03457241639
03457246337
03457242718
03457244911
03457249594
03457243623
03457244903
03457244837
03457245758
03457244271
03457245156
03457248706
03457246910
03457243570
03457244082
03457242538
03457243137
03457242510
03457243497
03457245412
03457249762
03457245055
03457245938
03457244835
03457241310
03457245943
03457245548
03457246776
03457241634
03457244729
03457241906
03457244149
03457247056
03457249491
03457243431
03457249662
03457249546
03457246714
03457241530
03457244788
03457241227
03457247193
03457246962
03457243906
03457246761
03457248841
03457242104
03457249264
03457246281
03457246002
03457247557
03457244687
03457242145
03457243839
03457242903
03457243187
03457244388
03457245828
03457243037
03457249035
03457242053
03457248267
03457245575
03457248718
03457246668
03457249298
03457242049
03457243574
03457241680
03457245194
03457247080
03457242372
03457248856
03457244136
03457241326
03457249334
03457245101
03457249329
03457243082
03457248577
03457249194
03457247321
03457249451
03457249760
03457243192
03457244559
03457247544
03457249808
03457243349
03457241624
03457241197
03457245291
03457243929
03457249178
03457243925
03457243177
03457249784
03457247721
03457243531
03457248027
03457246599
03457248145
03457241091
03457245327
03457248889
03457245722
03457245895
03457241784
03457246927
03457243408
03457242682
03457241027
03457247489
03457245366
03457241781
03457246397
03457244208
03457247477
03457241250
03457245161
03457247850
03457243634
03457241340
03457244061
03457247159
03457248064
03457244815
03457249009
03457245188
03457247275
03457249996
03457243601
03457243618
03457242163
03457246622
03457249055
03457243293
03457241679
03457249347
03457241009
03457243868
03457249482
03457241351
03457248119
03457241254
03457242171
03457249232
03457246251
03457245087
03457241071
03457244995
03457244813
03457245044
03457248193
03457247698
03457245975
03457243595
03457249120
03457243285
03457242117
03457246221
03457242704
03457247090
03457246964
03457247693
03457244450
03457243182
03457245204
03457241039
03457249064
03457247659
03457244133
03457246711
03457248047
03457243100
03457243981
03457248030
03457247351
03457243218
03457245220
03457243742
03457249584
03457242534
03457247679
03457249971
03457243299
03457249052
03457248025
03457247482
03457243387
03457248690
03457241399
03457242167
03457249292
03457247246
03457242103
03457241348
03457245818
03457244068
03457242813
03457244876
03457249393
03457244748
03457244047
03457245955
03457245323
03457249830
03457246530
03457242342
03457247416
03457244771
03457245370
03457248958
03457246916
03457245916
03457243301
03457244984
03457245212
03457247943
03457249296
03457241463
03457245393
03457241762
03457246651
03457243705
03457248714
03457243914
03457242477
03457248512
03457241446
03457243414
03457245364
03457248379
03457241522
03457249110
03457248830
03457242204
03457244863
03457245646
03457249979
03457246828
03457247613
03457246819
03457245197
03457243441
03457246354
03457247917
03457242438
03457242055
03457243908
03457243236
03457249868
03457245326
03457245839
03457243011
03457247724
03457245799
03457248151
03457242714
03457248548
03457249010
03457242030
03457246347
03457241910
03457246872
03457248829
03457247715
03457245097
03457241502
03457244420
03457245864
03457243034
03457249323
03457244217
03457248261
03457243886
03457245041
03457241640
03457245360
03457243262
03457243296
03457242583
03457244062
03457245632
03457241683
03457243731
03457244549
03457249686
03457241988
03457246155
03457249672
03457243648
03457242674
03457248217
03457246125
03457241834
03457249252
03457248205
03457242282
03457243502
03457241782
03457245449
03457242628
03457249418
03457242557
03457243336
03457247451
03457241096
03457243749
03457243798
03457243477
03457243340
03457246635
03457246594
03457249517
03457246322
03457248080
03457246898
03457241724
03457249163
03457241526
03457242470
03457241831
03457246078
03457242270
03457245922
03457245529
03457249728
03457241343
03457247402
03457248808
03457249673
03457246579
03457247970
03457241285
03457247047
03457242188
03457244389
03457247176
03457247645
03457249751
03457243127
03457249854
03457248606
03457249342
03457244322
03457243728
03457241853
03457245354
03457244300
03457243462
03457249572
03457243105
03457243422
03457243012
03457245198
03457245899
03457243465
03457247907
03457247439
03457242737
03457246841
03457249409
03457249147
03457247506
03457248063
03457243381
03457244363
03457245920
03457248529
03457241931
03457244814
03457246860
03457241333
03457249507
03457248919
03457248642
03457245607
03457242598
03457247842
03457242415
03457244525
03457241589
03457248627
03457248312
03457241738
03457245567
03457246060
03457243602
03457241718
03457242286
03457241558
03457241386
03457247774
03457241764
03457241907
03457242478
03457249515
03457249708
03457245271
03457242705
03457242500
03457245015
03457248996
03457249647
03457245854
03457244416
03457248691
03457246247
03457246751
03457246814
03457246862
03457244909
03457247503
03457246351
03457245742
03457247015
03457249282
03457245058
03457248885
03457242259
03457247574
03457247520
03457245494
03457241016
03457249237
03457243899
03457244496
03457242498
03457248456
03457247781
03457246582
03457243222
03457246666
03457243988
03457248663
03457243254
03457246279
03457243633
03457249017
03457244094
03457242649
03457249928
03457241303
03457244893
03457245335
03457246686
03457249969
03457247527
03457248476
03457246290
03457242218
03457243745
03457241095
03457249514
03457241294
03457247616
03457248922
03457242906
03457249169
03457243481
03457245131
03457241918
03457241622
03457243328
03457249933
03457248190
03457241580
03457244579
03457248633
03457243687
03457245971
03457244962
03457246378
03457246488
03457247157
03457241823
03457244371
03457242781
03457247766
03457247682
03457243773
03457242226
03457247305
03457244131
03457245681
03457248019
03457248594
03457247486
03457243445
03457249185
03457243333
03457248449
03457246101
03457248141
03457241382
03457249073
03457244522
03457248282
03457242390
03457242228
03457246509
03457244349
03457248893
03457248029
03457247248
03457245355
03457247053
03457243382
03457243007
03457245470
03457249651
03457245921
03457246917
03457242471
03457247819
03457241011
03457241924
03457245802
03457246398
03457245832
03457245328
03457244467
03457249167
03457249660
03457241659
03457245116
03457243424
03457247431
03457242753
03457249362
03457245936
03457245253
03457249638
03457242192
03457241080
03457247326
03457244459
03457244848
03457247750
03457242810
03457248394
03457242543
03457246808
03457243063
03457248320
03457243116
03457247540
03457245217
03457242575
03457243668
03457241408
03457242908
03457243021
03457243231
03457249006
03457242021
03457242923
03457249920
03457245956
03457248575
03457248153
03457247666
03457248383
03457249617
03457247412
03457245918
03457242091
03457247624
03457244518
03457243941
03457241633
03457247330
03457243884
03457243142
03457248303
03457241412
03457244155
03457246641
03457248719
03457242632
03457245515
03457242626
03457247994
03457244638
03457245615
03457241468
03457245687
03457243306
03457246748
03457245162
03457246139
03457246312
03457241030
03457245240
03457246985
03457242176
03457249465
03457247188
03457248903
03457246486
03457249254
03457249870
03457247121
03457247375
03457242304
03457246302
03457241089
03457241153
03457249256
03457246321
03457246437
03457241283
03457249559
03457246258
03457243956
03457246162
03457248925
03457249592
03457242666
03457247791
03457242600
03457241246
03457247177
03457248280
03457242134
03457244989
03457241076
03457248347
03457242688
03457247832
03457241709
03457246643
03457249305
03457249205
03457243393
03457245322
03457246195
03457248409
03457241662
03457246154
03457242922
03457244898
03457245061
03457249912
03457243413
03457243104
03457245468
03457243970
03457245866
03457243341
03457248565
03457246583
03457241567
03457245996
03457244063
03457243835
03457247643
03457242463
03457246706
03457241311
03457241577
03457248610
03457247768
03457241605
03457244751
03457245067
03457243713
03457249677
03457246925
03457248131
03457245849
03457246996
03457249877
03457241859
03457242547
03457249311
03457249622
03457243546
03457242292
03457247895
03457249142
03457247279
03457247366
03457241728
03457242736
03457246682
03457244376
03457249420
03457249974
03457243872
03457248955
03457241708
03457246396
03457243808
03457241848
03457244765
03457244253
03457241422
03457241114
03457245180
03457244861
03457248562
03457242969
03457244042
03457241495
03457243672
03457249103
03457242317
03457243334
03457249561
03457241356
03457244866
03457243015
03457245571
03457247320
03457249936
03457249834
03457245260
03457243575
03457248306
03457249098
03457248109
03457245416
03457247976
03457243637
03457246373
03457242458
03457245728
03457245907
03457249431
03457245305
03457248962
03457245369
03457242466
03457243380
03457245313
03457242857
03457248039
03457243905
03457244366
03457247376
03457245483
03457242399
03457245787
03457247960
03457247262
03457249946
03457242003
03457244708
03457249885
03457248881
03457247886
03457249426
03457244975
03457248258
03457245969
03457246667
03457249525
03457241660
03457243324
03457248221
03457248593
03457242937
03457241804
03457244053
03457243335
03457246818
03457249853
03457249611
03457249079
03457243878
03457244969
03457249432
03457243927
03457245215
03457241753
03457242521
03457244949
03457245580
03457242048
03457242835
03457244900
03457244413
03457247089
03457243294
03457248928
03457243176
03457244221
03457249078
03457246193
03457242242
03457242819
03457241543
03457244234
03457249158
03457243679
03457246662
03457247526
03457247160
03457242231
03457246531
03457249891
03457244959
03457242261
03457245113
03457243467
03457243526
03457242815
03457246135
03457247806
03457243677
03457249387
03457246361
03457246048
03457249615
03457242129
03457248879
03457246016
03457241732
03457247905
03457246371
03457248318
03457241411
03457242646
03457244587
03457246679
03457241302
03457248986
03457247010
03457242071
03457245680
03457245129
03457243195
03457246522
03457248967
03457249395
03457247384
03457242888
03457242519
03457241705
03457248363
03457249643
03457247554
03457245968
03457242079
03457245637
03457248107
03457244342
03457246707
03457245193
03457243483
03457245124
03457241887
03457246268
03457242684
03457244857
03457246276
03457241288
03457248439
03457242606
03457241749
03457245806
03457249060
03457242935
03457249685
03457245020
03457247634
03457249221
03457243842
03457244919
03457247036
03457245435
03457248125
03457247637
03457243826
03457241563
03457243550
03457242518
03457243810
03457249833
03457246967
03457244502
03457249240
03457246529
03457244481
03457241344
03457246848
03457242825
03457247171
03457245950
03457247202
03457249876
03457242143
03457247357
03457244405
03457242042
03457243946
03457249676
03457242465
03457248783
03457244373
03457245730
03457243636
03457241674
03457249379
03457245664
03457247291
03457247404
03457241649
03457246400
03457241136
03457247167
03457242829
03457248507
03457241771
03457242441
03457245453
03457246270
03457247663
03457241455
03457244475
03457244168
03457244892
03457242706
03457249207
03457241608
03457241960
03457245363
03457247607
03457243123
03457242403
03457244311
03457246987
03457246180
03457247371
03457247649
03457248431
03457243598
03457242572
03457243703
03457244539
03457244230
03457248656
03457243205
03457243620
03457249204
03457247739
03457249183
03457246109
03457244049
03457247863
03457244632
03457244640
03457245858
03457249259
03457245906
03457248932
03457244520
03457244330
03457249065
03457249280
03457248335
03457241355
03457245981
03457245239
03457248070
03457248963
03457246365
03457246336
03457248798
03457241653
03457241788
03457249332
03457244117
03457243484
03457242735
03457249986
03457243298
03457247903
03457247286
03457241158
03457246073
03457241450
03457249460
03457242844
03457248676
03457243776
03457242742
03457244921
03457241754
03457244761
03457248459
03457248708
03457249030
03457243737
03457248853
03457248043
