03338766520
03338763212
03338763924
03338762489
03338765810
03338762960
03338762208
03338767430
03338765976
03338766576
03338762833
03338761810
03338768483
03338763297
03338763814
03338763543
03338769566
03338769072
03338763470
03338766367
03338761265
03338763533
03338762783
03338764977
03338766035
03338765278
03338765738
03338762994
03338765808
03338762940
03338768908
03338764376
03338768592
03338761706
03338766417
03338766095
03338767269
03338762836
03338766238
03338762976
03338767604
03338766205
03338766324
03338767087
03338765699
03338765553
03338769729
03338762962
03338769926
03338768416
03338766493
03338768732
03338763054
03338762987
03338768946
03338766454
03338767222
03338769213
03338767295
03338763636
03338763925
03338767434
03338769891
03338761591
03338767396
03338767447
03338762297
03338766236
03338767231
03338763391
03338763660
03338767327
03338762577
03338768652
03338768947
03338769579
03338763264
03338767172
03338765882
03338764524
03338762414
03338765643
03338765538
03338768718
03338765988
03338767148
03338762304
03338769016
03338763762
03338766037
03338766569
03338762399
03338769653
03338765807
03338763961
03338762332
03338765514
03338767629
03338762180
03338769261
03338765341
03338769393
03338765659
03338767852
03338767507
03338767037
03338765949
03338764285
03338769112
03338761510
03338761790
03338764353
03338762873
03338761408
03338761482
03338763931
03338768215
03338769628
03338763350
03338761290
03338766007
03338766252
03338769293
03338763771
03338766222
03338761658
03338768253
03338762344
03338763153
03338766144
03338763058
03338768136
03338766854
03338763307
03338761351
03338761979
03338767813
03338761751
03338767456
03338767863
03338761454
03338761088
03338765215
03338766146
03338768248
03338761046
03338765712
03338766042
03338764369
03338761844
03338764041
03338768213
03338767180
03338765017
03338768463
03338766032
03338766768
03338768357
03338761487
03338768208
03338769814
03338763272
03338763445
03338768175
03338762579
03338761815
03338763163
03338769539
03338768550
03338765363
03338761430
03338762317
03338765133
03338766443
03338762106
03338764095
03338762107
03338764590
03338768689
03338766291
03338762812
03338765093
03338764171
03338761164
03338762795
03338761723
03338765719
03338762531
03338766375
03338763245
03338761274
03338767652
03338761770
03338767971
03338765668
03338764810
03338763897
03338762879
03338764829
03338763293
03338768678
03338766783
03338764863
03338765681
03338765010
03338762020
03338762672
03338766250
03338766897
03338768106
03338761124
03338766980
03338763081
03338768408
03338765071
03338769019
03338761439
03338763820
03338767862
03338762831
03338765054
03338763859
03338762354
03338764672
03338764135
03338768426
03338767296
03338762998
03338764134
03338768310
03338769308
03338765483
03338767785
03338769703
03338761793
03338768015
03338766281
03338769478
03338765138
03338761137
03338764889
03338767260
03338769738
03338764878
03338761009
03338765430
03338765846
03338761728
03338765791
03338761822
03338762656
03338767347
03338769790
03338764245
03338768953
03338767264
03338763981
03338766498
03338764771
03338769099
03338769588
03338761233
03338761736
03338762026
03338769846
03338766549
03338765575
03338763933
03338763709
03338761681
03338763535
03338769246
03338761166
03338767558
03338765813
03338765783
03338762850
03338767567
03338768287
03338766581
03338763517
03338765129
03338762355
03338762002
03338763770
03338767328
03338763273
03338764254
03338762885
03338766690
03338764639
03338768160
03338763644
03338768983
03338765584
03338769297
03338766153
03338761857
03338768113
03338763812
03338763079
03338761394
03338765101
03338764414
03338766414
03338768210
03338768190
03338765582
03338765927
03338766104
03338769381
03338766076
03338769220
03338762302
03338769679
03338764990
03338768895
03338769128
03338763005
03338767409
03338762168
03338766079
03338763866
03338761983
03338768990
03338761659
03338765547
03338764154
03338768542
03338761458
03338765934
03338762882
03338769153
03338768470
03338766428
03338761927
03338764221
03338767540
03338768958
03338769507
03338763850
03338762178
03338767289
03338765983
03338764917
03338761416
03338763984
03338768222
03338769021
03338764431
03338767761
03338763923
03338761949
03338768565
03338765385
03338763286
03338769420
03338762353
03338764714
03338762467
03338767200
03338763188
03338764628
03338765757
03338764908
03338762475
03338768913
03338766577
03338769481
03338768258
03338768171
03338763625
03338764659
03338767922
03338765845
03338767207
03338764166
03338768654
03338763841
03338765591
03338769483
03338764122
03338766789
03338764430
03338761652
03338764936
03338761269
03338762450
03338764215
03338769645
03338763593
03338763263
03338765639
03338761955
03338761183
03338764441
03338762121
03338763778
03338767213
03338768523
03338764768
03338761337
03338764760
03338768868
03338765259
03338763034
03338761773
03338769347
03338769037
03338766274
03338764514
03338768353
03338762124
03338762147
03338767828
03338763322
03338766901
03338761174
03338765826
03338761153
03338761065
03338766867
03338762283
03338763889
03338762982
03338764212
03338761719
03338761813
03338762269
03338761869
03338769353
03338765452
03338769669
03338761258
03338762401
03338767190
03338761180
03338767871
03338761449
03338764556
03338766989
03338763602
03338768182
03338769036
03338766612
03338768798
03338766876
03338766038
03338762697
03338763796
03338763694
03338763526
03338764978
03338768358
03338767560
03338767627
03338767224
03338764004
03338762645
03338768999
03338766672
03338762477
03338766570
03338762817
03338764500
03338764645
03338763099
03338766509
03338769878
03338761158
03338763946
03338767599
03338762921
03338766230
03338769172
03338765556
03338765268
03338765975
03338767731
03338767422
03338768832
03338761128
03338763821
03338767332
03338762984
03338768479
03338764603
03338761509
03338766558
03338765981
03338762376
03338762054
03338768051
03338767185
03338763647
03338764692
03338769639
03338766106
03338769960
03338764706
03338762287
03338767773
03338763473
03338763443
03338761404
03338766502
03338768839
03338764458
03338767078
03338765151
03338762788
03338769176
03338766893
03338762679
03338765683
03338767208
03338767387
03338767557
03338766939
03338762560
03338764176
03338761120
03338764859
03338764788
03338768789
03338764083
03338767369
03338762730
03338769193
03338765022
03338769115
03338765045
03338765210
03338765005
03338761160
03338761203
03338761522
03338765297
03338766902
03338764534
03338767908
03338764598
03338768009
03338766754
03338768309
03338769008
03338762430
03338762402
03338767766
03338769727
03338763597
03338762352
03338768583
03338766616
03338767712
03338764755
03338767089
03338764347
03338765958
03338768494
03338762437
03338766766
03338764130
03338761682
03338767673
03338764523
03338767103
03338767331
03338766354
03338765416
03338767262
03338767273
03338766586
03338766951
03338767329
03338769059
03338763721
03338766762
03338766304
03338767948
03338761348
03338765318
03338761612
03338762652
03338762576
03338763489
03338762343
03338766447
03338764433
03338766039
03338765470
03338767831
03338763878
03338764485
03338765327
03338761386
03338766047
03338762350
03338762464
03338765766
03338761632
03338766426
03338766931
03338767425
03338768029
03338769196
03338762190
03338764489
03338765417
03338768812
03338765021
03338761946
03338763613
03338764988
03338769906
03338766312
03338766329
03338761480
03338762358
03338762258
03338768423
03338769236
03338761435
03338761900
03338768998
03338762853
03338765288
03338766886
03338767063
03338765411
03338769022
03338766403
03338761748
03338763848
03338762413
03338765065
03338765001
03338765614
03338762538
03338761714
03338766398
03338766141
03338761367
03338766152
03338769995
03338765218
03338764067
03338765166
03338769606
03338761389
03338767760
03338767272
03338762588
03338766419
03338765959
03338764781
03338768135
03338761002
03338769576
03338764579
03338764581
03338766698
03338769945
03338761836
03338767257
03338762809
03338769720
03338768519
03338765759
03338767630
03338766700
03338765293
03338761667
03338762996
03338765382
03338763855
03338766797
03338768934
03338763987
03338766575
03338768392
03338765993
03338769105
03338767479
03338761535
03338765165
03338766821
03338765257
03338766788
03338765413
03338768520
03338768192
03338767909
03338766796
03338764690
03338768040
03338768753
03338766829
03338769259
03338769487
03338766467
03338763552
03338764194
03338767028
03338767781
03338767053
03338762105
03338763951
03338765329
03338765162
03338764555
03338761698
03338766535
03338769879
03338763146
03338761139
03338768874
03338767189
03338765945
03338764243
03338765947
03338767822
03338761563
03338767204
03338761011
03338761325
03338762627
03338768228
03338769007
03338763110
03338764819
03338768396
03338767547
03338765461
03338761467
03338769527
03338763484
03338767055
03338766327
03338767947
03338762723
03338769608
03338763320
03338769070
03338764678
03338767004
03338761082
03338767780
03338764647
03338762300
03338766747
03338762884
03338766305
03338764318
03338763837
03338762943
03338762273
03338761834
03338763425
03338765060
03338764750
03338763592
03338768703
03338761727
03338765073
03338768533
03338764716
03338762462
03338765235
03338769256
03338767123
03338761123
03338767690
03338762255
03338766933
03338765622
03338767145
03338761226
03338763423
03338764566
03338765690
03338767984
03338764054
03338766112
03338769298
03338764547
03338768570
03338765477
03338765974
03338765277
03338766009
03338768093
03338762184
03338761534
03338765307
03338767490
03338765761
03338765181
03338766627
03338761581
03338763448
03338765128
03338763123
03338764887
03338766587
03338765280
03338769150
03338761385
03338769025
03338761921
03338762782
03338761181
03338763144
03338767824
03338769119
03338766777
03338761136
03338762207
03338767987
03338764561
03338761697
03338765932
03338766815
03338769385
03338764109
03338764531
03338764536
03338768925
03338765504
03338766174
03338769660
03338769916
03338768889
03338766127
03338765501
03338767861
03338769068
03338768751
03338764125
03338764346
03338767936
03338768605
03338767508
03338764803
03338765050
03338763102
03338763991
03338768628
03338766899
03338764092
03338764890
03338762334
03338761122
03338764916
03338767390
03338768245
03338767639
03338761650
03338766916
03338769202
03338767888
03338764217
03338765634
03338764118
03338763139
03338767725
03338767571
03338761586
03338768879
03338763012
03338769305
03338769480
03338761433
03338764934
03338766875
03338762760
03338765824
03338763999
03338761346
03338763793
03338764379
03338766997
03338764152
03338762871
03338761870
03338766706
03338766286
03338761689
03338768305
03338766915
03338764786
03338768885
03338764510
03338767777
03338769174
03338768281
03338767319
03338763454
03338765610
03338767910
03338766812
03338767321
03338766392
03338764155
03338763377
03338768918
03338761254
03338767120
03338768987
03338764853
03338765304
03338765701
03338764879
03338762592
03338769090
03338762390
03338764694
03338762548
03338762365
03338767480
03338763585
03338767542
03338766680
03338763584
03338764037
03338769144
03338768541
03338764961
03338763693
03338764548
03338765942
03338769894
03338767533
03338764928
03338763026
03338765867
03338768460
03338767102
03338767389
03338768790
03338764321
03338762977
03338761617
03338761252
03338763220
03338763216
03338764263
03338768398
03338768911
03338765834
03338767209
03338765333
03338767217
03338767975
03338761610
03338761152
03338768936
03338762698
03338761556
03338769777
03338769364
03338768826
03338764087
03338769474
03338764976
03338768690
03338769264
03338764565
03338765062
03338769476
03338762785
03338765998
03338765321
03338761744
03338769429
03338763804
03338767544
03338766963
03338769093
03338765816
03338768374
03338769885
03338769413
03338768344
03338764429
03338763945
03338768164
03338769695
03338763368
03338764390
03338761270
03338763422
03338761305
03338762146
03338764631
03338761977
03338765124
03338768146
03338767348
03338761392
03338761715
03338764592
03338763547
03338768292
03338765713
03338765562
03338764835
03338763198
03338764597
03338766757
03338761312
03338763089
03338762630
03338761465
03338767354
03338769254
03338762534
03338765657
03338767823
03338763670
03338765902
03338767764
03338765453
03338767436
03338766282
03338769186
03338763117
03338762553
03338766448
03338765103
03338762683
03338766097
03338764462
03338767859
03338769875
03338766470
03338768071
03338767549
03338767874
03338761342
03338769346
03338763658
03338762926
03338764813
03338768935
03338762860
03338769877
03338762389
03338767949
03338768125
03338767125
03338768552
03338764011
03338761479
03338764204
03338767986
03338769946
03338761156
03338761257
03338764791
03338766262
03338769187
03338769752
03338766120
03338768027
03338768466
03338764111
03338768090
03338769561
03338765490
03338766259
03338768303
03338765283
03338765494
03338766168
03338769822
03338763707
03338766513
03338767546
03338769734
03338762750
03338767917
03338764059
03338766069
03338764434
03338763356
03338769399
03338762502
03338769535
03338768134
03338761007
03338769747
03338763108
03338763756
03338764361
03338769482
03338767563
03338763062
03338767751
03338763176
03338768920
03338769368
03338761818
03338768278
03338763305
03338766528
03338765692
03338764357
03338764032
03338767059
03338765955
03338764342
03338764275
03338765427
03338766420
03338766714
03338766675
03338769345
03338767030
03338767523
03338769698
03338765187
03338764855
03338766307
03338762893
03338764749
03338765066
03338761538
03338769275
03338761777
03338761985
03338769855
03338764479
03338761932
03338768478
03338767415
03338763705
03338765450
03338769269
03338761344
03338767107
03338769626
03338768834
03338763941
03338765398
03338763409
03338764049
03338768203
03338761248
03338765782
03338762947
03338766413
03338769384
03338767157
03338769607
03338768966
03338769216
03338769415
03338765282
03338763969
03338768269
03338763687
03338769796
03338763494
03338767941
03338762969
03338769341
03338761580
03338768254
03338764683
03338767747
03338766681
03338766140
03338765866
03338767727
03338763782
03338768607
03338764872
03338767649
03338768984
03338762065
03338768031
03338766547
03338766484
03338761929
03338765221
03338763138
03338761356
03338765146
03338764848
03338764110
03338761080
03338768862
03338769667
03338767528
03338768475
03338768264
03338768665
03338762703
03338763098
03338769503
03338767841
03338763076
03338763548
03338767555
03338769662
03338768814
03338764509
03338765876
03338761267
03338766422
03338768944
03338765096
03338768201
03338766424
03338769461
03338764609
03338765325
03338768912
03338765255
03338768683
03338761755
03338766646
03338764920
03338768939
03338767343
03338769173
03338763399
03338765328
03338768642
03338766976
03338768380
03338767666
03338762951
03338761694
03338766332
03338762701
03338765937
03338762843
03338764658
03338769917
03338764571
03338769327
03338762051
03338768802
03338764055
03338767378
03338764186
03338764248
03338767163
03338764392
03338765266
03338761470
03338762973
03338763788
03338762476
03338765939
03338766453
03338761224
03338768043
03338761795
03338763630
03338764740
03338761988
03338765002
03338764367
03338768016
03338767122
03338761917
03338769343
03338767950
03338769262
03338766644
03338762584
03338766758
03338767684
03338764861
03338769728
03338762148
03338769103
03338766903
03338761685
03338761865
03338768118
03338768103
03338764008
03338767007
03338762397
03338763747
03338761607
03338761695
03338762423
03338762880
03338768919
03338766355
03338765850
03338761871
03338763133
03338767989
03338763710
03338761407
03338764973
03338768639
03338761455
03338765036
03338763973
03338762659
03338767717
03338762824
03338762591
03338767999
03338762008
03338763137
03338766248
03338769913
03338763114
03338764909
03338766945
03338764203
03338767655
03338764948
03338769056
03338765294
03338763706
03338767838
03338767421
03338764615
03338763877
03338765970
03338768914
03338767974
03338769463
03338762552
03338761971
03338761087
03338768871
03338769831
03338769290
03338768616
03338767126
03338763540
03338762736
03338766961
03338766187
03338763786
03338766055
03338766459
03338765917
03338763345
03338767748
03338767198
03338766552
03338768044
03338766309
03338762314
03338762028
03338763094
03338762329
03338763103
03338762938
03338768522
03338763115
03338763765
03338766077
03338769224
03338766004
03338762834
03338769222
03338764508
03338767866
03338761141
03338763315
03338769782
03338765127
03338761918
03338763998
03338767227
03338766117
03338764773
03338763042
03338767579
03338769924
03338767517
03338767261
03338766287
03338764446
03338767003
03338763090
03338762175
03338764023
03338767665
03338762289
03338766693
03338767341
03338764914
03338766257
03338763536
03338768442
03338767805
03338762245
03338767966
03338768681
03338764331
03338768165
03338766650
03338766186
03338768742
03338765056
03338762934
03338765848
03338767505
03338764775
03338769291
03338762117
03338764457
03338763616
03338768776
03338769889
03338765613
03338769506
03338769136
03338762119
03338768518
03338765016
03338769810
03338765765
03338761126
03338768759
03338765858
03338761014
03338766103
03338764229
03338764986
03338768599
03338769857
03338765041
03338766030
03338763666
03338768838
03338769707
03338763509
03338765064
03338765342
03338765555
03338765868
03338761368
03338761036
03338767049
03338763726
03338765245
03338767057
03338766378
03338766016
03338763433
03338761102
03338763860
03338763524
03338769387
03338761756
03338765204
03338763475
03338765469
03338763280
03338768811
03338766301
03338765095
03338765784
03338763203
03338764490
03338769977
03338769054
03338761798
03338764873
03338764611
03338767983
03338769652
03338767650
03338766290
03338769648
03338767256
03338765677
03338769794
03338765377
03338765836
03338769612
03338765832
03338767092
03338761579
03338761962
03338769382
03338762000
03338768942
03338763831
03338764470
03338769190
03338763749
03338765420
03338763772
03338763823
03338767819
03338766990
03338762536
03338765861
03338766652
03338765989
03338767826
03338764712
03338764145
03338762937
03338767474
03338769444
03338766034
03338765667
03338766020
03338769057
03338764837
03338764289
03338767901
03338765817
03338762786
03338766487
03338766044
03338765839
03338763269
03338763759
03338763761
03338761840
03338762291
03338764124
03338764359
03338764604
03338767288
03338764064
03338766978
03338766995
03338769746
03338766328
03338769753
03338767752
03338763935
03338764765
03338762700
03338765205
03338767960
03338765051
03338768535
03338769944
03338767753
03338764295
03338769039
03338763192
03338763715
03338765682
03338765581
03338763375
03338761895
03338766583
03338764452
03338769850
03338767001
03338763267
03338764923
03338765790
03338766741
03338769716
03338768086
03338767017
03338768503
03338761060
03338766634
03338761456
03338765823
03338767232
03338762992
03338765025
03338764063
03338766211
03338766377
03338765856
03338767351
03338763132
03338761937
03338767038
03338765911
03338769260
03338761794
03338766950
03338763632
03338761163
03338764622
03338768041
03338762822
03338769793
03338762617
03338768241
03338767136
03338763697
03338762510
03338762677
03338768969
03338764591
03338762229
03338769666
03338768191
03338767645
03338765361
03338764696
03338767978
03338765545
03338769811
03338764029
03338769359
03338764072
03338767611
03338769441
03338761800
03338768169
03338764459
03338766591
03338761690
03338763696
03338769901
03338762213
03338766750
03338769116
03338762359
03338768722
03338766508
03338762972
03338764249
03338766372
03338763011
03338766730
03338765362
03338762335
03338764648
03338764168
03338769524
03338763634
03338763236
03338767168
03338766421
03338769826
03338769195
03338763074
03338767672
03338767130
03338761000
03338768076
03338763331
03338763061
03338764912
03338763172
03338767923
03338765350
03338767090
03338765049
03338767551
03338768105
03338769861
03338765157
03338768179
03338767041
03338768579
03338764582
03338765880
03338764089
03338769521
03338763434
03338765300
03338768162
03338765590
03338763248
03338761987
03338763040
03338769949
03338761817
03338762189
03338764412
03338764636
03338768818
03338768422
03338766544
03338767118
03338763055
03338769617
03338768315
03338761739
03338763213
03338762515
03338768951
03338766628
03338761473
03338767699
03338764752
03338769032
03338769082
03338765822
03338767668
03338764589
03338764302
03338766118
03338762967
03338763767
03338762405
03338761954
03338762034
03338767463
03338764471
03338767622
03338769210
03338768961
03338761775
03338764287
03338761469
03338763107
03338762426
03338764754
03338768465
03338765315
03338762197
03338766694
03338765169
03338769547
03338765184
03338764223
03338765745
03338762718
03338761016
03338766207
03338764610
03338764363
03338762709
03338765468
03338769005
03338767676
03338765628
03338762527
03338761830
03338768603
03338769860
03338761340
03338768259
03338761200
03338767280
03338764358
03338769156
03338765425
03338761086
03338761255
03338763237
03338764026
03338764738
03338761010
03338765569
03338766578
03338768496
03338768063
03338763306
03338765749
03338762555
03338762837
03338769937
03338769912
03338769686
03338763843
03338765963
03338763053
03338764544
03338765438
03338763785
03338761849
03338765454
03338768938
03338761622
03338762396
03338765767
03338763649
03338761516
03338763287
03338761187
03338768150
03338768679
03338761363
03338763276
03338766823
03338767894
03338761531
03338764675
03338761520
03338765058
03338761149
03338763550
03338768774
03338767956
03338766668
03338764728
03338769125
03338769813
03338769981
03338768906
03338761948
03338761271
03338767079
03338768749
03338761232
03338768322
03338769140
03338762869
03338763907
03338769109
03338769086
03338763879
03338763451
03338762216
03338763466
03338762115
03338763560
03338769289
03338761056
03338763950
03338768321
03338764150
03338767010
03338766868
03338766984
03338761549
03338765768
03338769572
03338768415
03338763905
03338765227
03338769615
03338769634
03338765087
03338766224
03338764400
03338763955
03338769339
03338769863
03338763651
03338767765
03338765439
03338769833
03338767711
03338767790
03338767693
03338767282
03338766416
03338762129
03338766001
03338769665
03338762357
03338763340
03338763990
03338765901
03338768073
03338763351
03338766988
03338763851
03338762481
03338768472
03338761941
03338764831
03338769550
03338764365
03338768905
03338767670
03338763332
03338763784
03338769739
03338767384
03338767553
03338766623
03338765226
03338763199
03338767504
03338767682
03338769965
03338769344
03338761266
03338764827
03338761588
03338769239
03338765849
03338762861
03338766938
03338767732
03338765635
03338767511
03338768997
03338768573
03338761017
03338766605
03338763366
03338767482
03338766728
03338761762
03338764258
03338769706
03338765906
03338769560
03338766404
03338762176
03338763032
03338763007
03338768741
03338762387
03338768145
03338764339
03338761845
03338768891
03338769590
03338765688
03338763045
03338761350
03338761205
03338762626
03338763359
03338763631
03338767899
03338767345
03338763571
03338769013
03338762375
03338769853
03338761896
03338761825
03338761235
03338768053
03338766820
03338763299
03338765565
03338764270
03338768629
03338761373
03338761521
03338767836
03338762171
03338764964
03338761930
03338769296
03338762907
03338765672
03338768501
03338763279
03338761040
03338765929
03338768505
03338763994
03338762748
03338763384
03338767065
03338768355
03338767737
03338764991
03338763268
03338766935
03338763997
03338764899
03338762257
03338765734
03338766841
03338765971
03338766223
03338768730
03338768546
03338769548
03338761989
03338763838
03338761571
03338766465
03338768617
03338768625
03338761572
03338763483
03338763816
03338767226
03338766027
03338764856
03338765944
03338761565
03338769281
03338763671
03338762126
03338767152
03338761833
03338769567
03338767735
03338763725
03338764654
03338765717
03338765443
03338761279
03338768155
03338765379
03338764731
03338764806
03338766994
03338764963
03338763025
03338768745
03338763506
03338764528
03338763827
03338767164
03338764052
03338768348
03338767636
03338764419
03338769050
03338762432
03338767846
03338768828
03338762252
03338765655
03338761508
03338761495
03338764748
03338767789
03338761095
03338763902
03338761410
03338767320
03338767358
03338768763
03338764126
03338763088
03338766061
03338763206
03338763446
03338767489
03338764108
03338767368
03338768021
03338763643
03338764101
03338763736
03338765838
03338762298
03338766959
03338762710
03338767370
03338767236
03338762010
03338769780
03338763183
03338762490
03338762642
03338768308
03338761543
03338762989
03338769225
03338764324
03338761339
03338761547
03338764140
03338763474
03338761105
03338766542
03338765256
03338767574
03338769192
03338766052
03338766756
03338765851
03338764050
03338763426
03338761420
03338763891
03338761466
03338769060
03338767920
03338763365
03338762752
03338763338
03338763072
03338764746
03338762559
03338766826
03338769712
03338763096
03338768536
03338768675
03338766641
03338768437
03338767787
03338763530
03338767339
03338761085
03338765296
03338765691
03338765799
03338767271
03338763444
03338769918
03338769106
03338765080
03338767739
03338763789
03338764235
03338767802
03338766340
03338762755
03338765513
03338762518
03338761720
03338768180
03338762280
03338769907
03338764399
03338769114
03338766908
03338765742
03338762851
03338769851
03338761115
03338768719
03338768956
03338762603
03338762936
03338761048
03338766859
03338769310
03338763002
03338762145
03338767373
03338765459
03338766333
03338769835
03338768766
03338768748
03338768687
03338765457
03338765190
03338764739
03338762530
03338763815
03338767559
03338762551
03338766242
03338768500
03338767303
03338768189
03338767597
03338767603
03338764656
03338765609
03338765475
03338766518
03338767494
03338763716
03338768724
03338762366
03338763250
03338763262
03338763221
03338767412
03338768197
03338769300
03338766235
03338768554
03338761699
03338762753
03338761130
03338761899
03338767832
03338763398
03338768861
03338762541
03338768131
03338761593
03338766921
03338768340
03338768835
03338768238
03338769890
03338767470
03338768991
03338761314
03338769043
03338761897
03338761902
03338764478
03338763575
03338768685
03338763728
03338764854
03338766183
03338764232
03338765402
03338765090
03338765819
03338768114
03338768892
03338768672
03338765291
03338761615
03338769979
03338764515
03338768138
03338761601
03338762554
03338763507
03338769219
03338768782
03338763549
03338766819
03338768543
03338768816
03338769696
03338762442
03338764764
03338763834
03338762458
03338763980
03338765537
03338764005
03338764895
03338764071
03338769355
03338763282
03338763752
03338761974
03338766131
03338761583
03338766072
03338762633
03338767413
03338764209
03338764112
03338766123
03338769934
03338761530
03338764127
03338765904
03338767634
03338764442
03338766705
03338762367
03338769436
03338769864
03338762675
03338763450
03338763764
03338765260
03338765441
03338767778
03338766101
03338762790
03338762903
03338766592
03338766029
03338766075
03338764575
03338767150
03338768444
03338767902
03338767475
03338766877
03338768441
03338763396
03338769182
03338763648
03338768948
03338768671
03338768345
03338769142
03338765429
03338769680
03338761223
03338761958
03338769726
03338763916
03338768395
03338761489
03338768100
03338766614
03338766816
03338767538
03338763914
03338767660
03338767521
03338762459
03338762829
03338769154
03338764511
03338762944
03338767080
03338766787
03338767403
03338769602
03338769146
03338764634
03338767469
03338767220
03338768960
03338762961
03338766571
03338766872
03338767472
03338769294
03338761275
03338761703
03338767033
03338762132
03338767377
03338761132
03338765228
03338767768
03338767221
03338768394
03338762803
03338767817
03338764789
03338761608
03338768887
03338761886
03338768954
03338762845
03338769145
03338769595
03338769362
03338764364
03338764987
03338767879
03338769215
03338762017
03338765910
03338764947
03338769410
03338766270
03338761559
03338761377
03338766157
03338768119
03338761782
03338765264
03338768584
03338767407
03338761110
03338766342
03338768857
03338762537
03338762192
03338763678
03338763166
03338762233
03338764858
03338764924
03338766000
03338765061
03338769841
03338762616
03338765115
03338767576
03338768897
03338769027
03338766401
03338766245
03338768964
03338769306
03338765384
03338766402
03338763160
03338768022
03338762410
03338767218
03338767881
03338764697
03338768014
03338763967
03338766960
03338762320
03338766926
03338761940
03338763066
03338765967
03338765994
03338768765
03338766831
03338761768
03338763164
03338765368
03338767433
03338765310
03338765831
03338768731
03338763127
03338762639
03338767039
03338767431
03338764979
03338768116
03338762446
03338764340
03338762878
03338764374
03338766800
03338767794
03338762038
03338767365
03338762318
03338769046
03338764107
03338769031
03338764053
03338769131
03338765464
03338767323
03338769870
03338762182
03338765236
03338763833
03338769887
03338767851
03338761654
03338765886
03338762456
03338768107
03338764967
03338765370
03338763508
03338765463
03338765395
03338769685
03338767382
03338766310
03338768007
03338761998
03338768875
03338764503
03338768700
03338761564
03338764718
03338765607
03338764244
03338762151
03338762855
03338764231
03338768220
03338763872
03338765673
03338763204
03338767315
03338764407
03338766786
03338765551
03338765694
03338763369
03338761879
03338767720
03338767159
03338768866
03338762636
03338762778
03338767952
03338769406
03338763403
03338769263
03338761231
03338762811
03338765273
03338768262
03338762438
03338767082
03338762243
03338765780
03338766683
03338768240
03338761913
03338766013
03338769023
03338765135
03338767071
03338763717
03338767889
03338765919
03338761518
03338762270
03338761071
03338763975
03338764015
03338764796
03338766604
03338763086
03338767578
03338766094
03338762091
03338767857
03338767492
03338761627
03338769525
03338768389
03338764159
03338769094
03338763497
03338761922
03338762909
03338766519
03338765564
03338768844
03338762895
03338767381
03338765611
03338768077
03338766919
03338767938
03338765735
03338761592
03338766778
03338769943
03338765474
03338768530
03338762155
03338764197
03338765798
03338768062
03338764025
03338764881
03338769287
03338768144
03338769017
03338764880
03338766780
03338765509
03338761106
03338769232
03338764013
03338769554
03338761653
03338762747
03338768445
03338765375
03338763487
03338762003
03338768462
03338769299
03338761676
03338767110
03338768456
03338763963
03338767808
03338769536
03338768094
03338765389
03338769932
03338763057
03338768955
03338766083
03338765530
03338766241
03338761451
03338764001
03338769762
03338761784
03338767124
03338763227
03338764846
03338764657
03338767013
03338763995
03338762894
03338762101
03338764081
03338766496
03338763952
03338767074
03338762914
03338769133
03338762717
03338765298
03338765326
03338761331
03338767067
03338761441
03338768924
03338767253
03338765274
03338766639
03338761474
03338762249
03338761677
03338769575
03338768548
03338766973
03338768557
03338769787
03338764669
03338767703
03338762415
03338763537
03338767926
03338766461
03338762181
03338761920
03338768668
03338764623
03338763059
03338761453
03338761729
03338764847
03338764550
03338768806
03338761702
03338765397
03338763339
03338765743
03338761994
03338768234
03338767243
03338767623
03338767242
03338765387
03338763334
03338764427
03338768243
03338769292
03338763008
03338764951
03338763913
03338768057
03338767051
03338768896
03338761944
03338768117
03338769303
03338768139
03338764587
03338766197
03338764467
03338764676
03338761045
03338762427
03338766341
03338765520
03338765472
03338767718
03338761613
03338761931
03338762388
03338768387
03338762662
03338761829
03338764891
03338766347
03338768726
03338768313
03338767247
03338769700
03338768082
03338765653
03338761963
03338767570
03338766390
03338761062
03338761716
03338763424
03338764225
03338766503
03338767371
03338765751
03338766199
03338762466
03338769984
03338762434
03338762083
03338764114
03338768335
03338767758
03338761421
03338766271
03338764816
03338766726
03338765302
03338761072
03338764472
03338763532
03338768974
03338768540
03338767234
03338762768
03338768098
03338768075
03338768101
03338765486
03338765835
03338762621
03338765088
03338765950
03338763619
03338765381
03338766194
03338763600
03338769360
03338761523
03338767618
03338767015
03338768413
03338765140
03338767598
03338762239
03338765567
03338767374
03338765432
03338765331
03338769654
03338764065
03338766348
03338764605
03338761499
03338767582
03338765354
03338766169
03338763158
03338769167
03338761023
03338766574
03338767275
03338762629
03338764475
03338765023
03338768510
03338767592
03338762605
03338765684
03338763553
03338764477
03338766802
03338766406
03338764583
03338769785
03338761429
03338769081
03338761745
03338766399
03338766350
03338762888
03338768149
03338764233
03338765554
03338768755
03338765512
03338763959
03338761621
03338761317
03338762798
03338765827
03338768068
03338765168
03338769871
03338763594
03338765847
03338763121
03338762742
03338768682
03338765658
03338766397
03338769194
03338761001
03338764868
03338765721
03338766109
03338765854
03338769807
03338765973
03338766462
03338769181
03338765033
03338767967
03338765985
03338762322
03338762787
03338765515
03338761077
03338768598
03338766124
03338762908
03338762769
03338765276
03338763695
03338765224
03338763912
03338766216
03338766021
03338768903
03338767077
03338769717
03338767174
03338764016
03338765203
03338763455
03338763940
03338767709
03338763730
03338764074
03338766407
03338769557
03338766873
03338767647
03338761874
03338762813
03338768539
03338768124
03338765347
03338766735
03338762060
03338766253
03338762965
03338767081
03338765612
03338767060
03338763395
03338762669
03338763523
03338761529
03338766292
03338768971
03338767029
03338761178
03338769049
03338768467
03338769204
03338763131
03338768521
03338768768
03338766648
03338768585
03338762863
03338763478
03338764213
03338769205
03338763064
03338769064
03338761154
03338763432
03338765600
03338766673
03338763572
03338766203
03338761426
03338766562
03338763638
03338764927
03338764230
03338766539
03338765792
03338767934
03338766710
03338762066
03338763428
03338765493
03338764160
03338764974
03338768410
03338767313
03338765771
03338766839
03338767530
03338764300
03338768304
03338765196
03338766596
03338761444
03338766809
03338769982
03338767931
03338766524
03338764993
03338764183
03338763219
03338767844
03338763244
03338764723
03338769411
03338762228
03338761229
03338765156
03338769279
03338767614
03338768458
03338768284
03338766490
03338769637
03338762478
03338766942
03338764178
03338769892
03338764018
03338763416
03338764093
03338762019
03338768994
03338763996
03338761055
03338763581
03338765785
03338764368
03338764886
03338763654
03338761524
03338763496
03338766036
03338763896
03338768290
03338764397
03338765898
03338766729
03338765365
03338768276
03338769041
03338765232
03338765152
03338761138
03338769948
03338769104
03338763520
03338766439
03338768864
03338767299
03338764652
03338766275
03338764751
03338768824
03338761812
03338766005
03338762654
03338766395
03338761171
03338764276
03338767364
03338767905
03338763628
03338765720
03338762014
03338765800
03338762032
03338763495
03338765084
03338768056
03338763637
03338769586
03338761982
03338766541
03338766463
03338764782
03338762578
03338765112
03338764828
03338766156
03338761811
03338765285
03338768852
03338761884
03338761213
03338761004
03338766285
03338768316
03338763418
03338768589
03338767569
03338768339
03338762867
03338769433
03338762293
03338766910
03338767973
03338766092
03338762731
03338762594
03338762566
03338766011
03338761259
03338766551
03338764027
03338761311
03338764785
03338769240
03338763185
03338765009
03338767600
03338767491
03338769990
03338763887
03338768052
03338764826
03338766284
03338761264
03338768273
03338763691
03338765750
03338767330
03338761018
03338762093
03338764105
03338762195
03338767669
03338766830
03338761109
03338762964
03338768491
03338767704
03338765239
03338763476
03338762012
03338766560
03338763258
03338769958
03338764306
03338767976
03338766565
03338763956
03338765507
03338763405
03338761576
03338769805
03338767893
03338762183
03338763986
03338767300
03338763559
03338763033
03338763930
03338765317
03338768699
03338769693
03338768712
03338761912
03338764985
03338768972
03338762983
03338764298
03338763681
03338767361
03338761075
03338765972
03338765723
03338767005
03338764416
03338769533
03338764935
03338764705
03338762328
03338762449
03338761883
03338769705
03338769000
03338764316
03338762986
03338766943
03338766817
03338769338
03338763048
03338764448
03338769438
03338768048
03338769593
03338761352
03338768553
03338767048
03338763295
03338766972
03338761375
03338762689
03338765155
03338763978
03338766721
03338769233
03338767992
03338763367
03338762990
03338761566
03338766606
03338766657
03338763071
03338768385
03338764551
03338766268
03338769337
03338769644
03338768042
03338767075
03338769845
03338767962
03338768194
03338769069
03338764272
03338768793
03338767608
03338766225
03338765191
03338768362
03338769121
03338765580
03338762418
03338762420
03338766466
03338765488
03338764542
03338767076
03338769129
03338761175
03338767050
03338761369
03338765027
03338763372
03338766485
03338767587
03338763283
03338768799
03338765733
03338766213
03338763442
03338761282
03338764381
03338767818
03338761496
03338764632
03338764527
03338767195
03338763522
03338769465
03338766432
03338763004
03338763822
03338763386
03338765460
03338762296
03338761424
03338766684
03338766662
03338769165
03338762046
03338764989
03338765794
03338764945
03338761688
03338766711
03338763531
03338761598
03338761853
03338766879
03338761603
03338762210
03338763208
03338762542
03338768921
03338767459
03338763065
03338766393
03338767972
03338762330
03338762586
03338761414
03338761401
03338764520
03338761316
03338763392
03338769803
03338764151
03338763607
03338769743
03338769821
03338764474
03338768297
03338766999
03338762632
03338766024
03338763452
03338768622
03338761114
03338768738
03338762021
03338769266
03338768829
03338766834
03338761772
03338765348
03338761891
03338769149
03338763311
03338761754
03338761081
03338765314
03338767716
03338763498
03338764033
03338763082
03338764354
03338763554
03338762461
03338768495
03338762067
03338762694
03338762278
03338768371
03338768581
03338768602
03338769953
03338769619
03338762949
03338765107
03338766564
03338769702
03338761832
03338765736
03338765240
03338761629
03338767167
03338765466
03338766184
03338766682
03338766647
03338764372
03338769197
03338766871
03338764939
03338769541
03338767694
03338766952
03338761792
03338761083
03338769459
03338762728
03338767904
03338763852
03338766331
03338761718
03338767736
03338768156
03338766438
03338763271
03338762971
03338765322
03338769668
03338765909
03338761624
03338764869
03338769736
03338763281
03338767589
03338769836
03338766006
03338766685
03338768777
03338763744
03338765491
03338766949
03338767478
03338769134
03338761808
03338766221
03338764422
03338769244
03338766165
03338765758
03338767114
03338765352
03338764700
03338764493
03338769522
03338762719
03338768431
03338764348
03338769816
03338761483
03338766918
03338768858
03338763608
03338766790
03338764668
03338762457
03338764211
03338768578
03338767985
03338767442
03338769552
03338768059
03338765665
03338769928
03338763805
03338763068
03338768695
03338765118
03338764896
03338768715
03338761637
03338769200
03338761129
03338766538
03338766958
03338763748
03338765915
03338761537
03338769390
03338761757
03338762377
03338769301
03338768801
03338767958
03338768929
03338769314
03338769862
03338767466
03338768785
03338762448
03338761100
03338765357
03338762068
03338765478
03338761378
03338762732
03338764250
03338765528
03338765727
03338766338
03338762336
03338768307
03338767022
03338764711
03338762847
03338766053
03338763606
03338762441
03338762912
03338767019
03338765414
03338761173
03338766580
03338767070
03338762191
03338761611
03338769779
03338767357
03338766317
03338767959
03338768778
03338768174
03338763087
03338766622
03338769319
03338762892
03338764288
03338769664
03338764546
03338764267
03338761236
03338765481
03338768476
03338762274
03338762092
03338762583
03338761116
03338767199
03338762792
03338762784
03338764720
03338766956
03338767945
03338763412
03338764301
03338767356
03338765812
03338763157
03338767585
03338762830
03338763078
03338766048
03338766818
03338766082
03338769423
03338761143
03338766433
03338767632
03338766911
03338765423
03338768237
03338769838
03338768326
03338768450
03338764688
03338767014
03338768037
03338761151
03338764894
03338761390
03338769661
03338769426
03338761526
03338766909
03338768218
03338766852
03338763733
03338763567
03338764798
03338766396
03338764328
03338769185
03338763544
03338766177
03338762199
03338761814
03338768272
03338765741
03338768716
03338766771
03338767250
03338764423
03338764294
03338765337
03338764758
03338767210
03338762865
03338763735
03338766822
03338762841
03338768429
03338761398
03338763362
03338764482
03338769331
03338767825
03338766357
03338768762
03338769625
03338766944
03338769904
03338761517
03338761675
03338765660
03338768547
03338768019
03338762910
03338764391
03338763296
03338762826
03338766697
03338769042
03338767294
03338768448
03338763239
03338768525
03338769832
03338764491
03338762079
03338767443
03338765343
03338764012
03338768524
03338765465
03338764224
03338761863
03338763274
03338765410
03338769493
03338766226
03338764530
03338764559
03338763341
03338769551
03338763406
03338763400
03338762777
03338765137
03338763184
03338761354
03338768239
03338765029
03338765055
03338763499
03338768770
03338767545
03338767750
03338762460
03338765492
03338761880
03338767249
03338764334
03338765346
03338765183
03338765914
03338762288
03338767799
03338767696
03338767705
03338768065
03338763624
03338764599
03338761911
03338762482
03338763174
03338763169
03338761743
03338763766
03338765616
03338764078
03338767481
03338766456
03338764158
03338764625
03338763586
03338767068
03338767795
03338768256
03338769003
03338768515
03338764757
03338763558
03338764106
03338761292
03338766335
03338763257
03338766913
03338766130
03338769397
03338761249
03338762561
03338767285
03338767912
03338769647
03338766765
03338764380
03338769414
03338767153
03338761769
03338769321
03338764667
03338769643
03338762898
03338761313
03338764255
03338769126
03338763285
03338769585
03338768223
03338769987
03338764444
03338767525
03338766306
03338768074
03338767471
03338763917
03338765645
03338762738
03338761644
03338769569
03338768877
03338765649
03338768976
03338765319
03338765651
03338768351
03338761162
03338769417
03338762618
03338765918
03338762223
03338767281
03338768786
03338765197
03338765863
03338764393
03338761888
03338767252
03338768660
03338764516
03338762611
03338769508
03338762572
03338763652
03338761635
03338768108
03338767864
03338765456
03338761553
03338767772
03338764655
03338761599
03338764484
03338766940
03338768129
03338761625
03338768227
03338764901
03338762661
03338761098
03338762501
03338764900
03338765829
03338763427
03338761199
03338768636
03338765689
03338762211
03338762757
03338763538
03338763779
03338769055
03338762917
03338762391
03338768006
03338762194
03338761281
03338761091
03338764539
03338761726
03338765290
03338763161
03338763387
03338765844
03338763438
03338769818
03338765421
03338769004
03338766615
03338763775
03338764408
03338761219
03338762220
03338762758
03338767146
03338762169
03338768560
03338762170
03338761024
03338763051
03338766279
03338766904
03338769893
03338766874
03338762953
03338763349
03338761824
03338761225
03338768596
03338761273
03338762704
03338761490
03338766256
03338761606
03338761502
03338762590
03338766240
03338767286
03338769515
03338764975
03338762099
03338764337
03338769741
03338761058
03338769357
03338766073
03338762351
03338765873
03338768701
03338765505
03338762776
03338766772
03338762676
03338766713
03338764537
03338765630
03338761296
03338763251
03338766249
03338766182
03338764506
03338763562
03338761919
03338769942
03338764202
03338762056
03338766296
03338769443
03338769470
03338763989
03338762369
03338767726
03338761092
03338767223
03338765903
03338767679
03338768153
03338768698
03338768758
03338768574
03338762316
03338761291
03338763324
03338766779
03338761192
03338761663
03338764885
03338764799
03338766026
03338764832
03338765676
03338769273
03338761568
03338765415
03338762715
03338762974
03338762179
03338767767
03338766316
03338764710
03338763898
03338762923
03338768088
03338764815
03338767484
03338763911
03338765153
03338761349
03338762370
03338763037
03338768477
03338761910
03338768564
03338764793
03338765511
03338763830
03338768148
03338768648
03338766319
03338769087
03338769062
03338768713
03338762952
03338766233
03338769763
03338761357
03338765334
03338763294
03338768486
03338765311
03338765369
03338766953
03338761041
03338769199
03338766051
03338769389
03338767662
03338763512
03338766798
03338764541
03338767577
03338769884
03338765586
03338769450
03338766665
03338763799
03338763024
03338763718
03338768982
03338766065
03338762485
03338765040
03338766843
03338761436
03338768509
03338767186
03338765167
03338769376
03338768508
03338768635
03338768901
03338766385
03338769211
03338765671
03338763865
03338766449
03338767446
03338767657
03338769501
03338767326
03338762529
03338762606
03338765320
03338762188
03338766613
03338763242
03338767394
03338762890
03338761596
03338764586
03338764940
03338762277
03338766405
03338762037
03338764643
03338768337
03338767510
03338761326
03338762049
03338768206
03338762925
03338765650
03338763187
03338762052
03338766446
03338769783
03338762781
03338765079
03338762036
03338763095
03338761238
03338761778
03338765875
03338762610
03338769546
03338761660
03338767142
03338761752
03338769061
03338765085
03338767681
03338762946
03338768390
03338768323
03338769564
03338767554
03338765189
03338769927
03338762130
03338768230
03338766537
03338761722
03338766412
03338766480
03338761216
03338766212
03338761195
03338765154
03338762035
03338766166
03338762915
03338763948
03338765718
03338763333
03338769494
03338762224
03338765419
03338769802
03338761686
03338765289
03338762648
03338766209
03338767746
03338767173
03338762111
03338765063
03338766358
03338765185
03338769157
03338768893
03338768677
03338769034
03338769237
03338765999
03338767882
03338766603
03338761049
03338766855
03338763467
03338767847
03338764266
03338765825
03338769699
03338765871
03338768884
03338767865
03338761747
03338765859
03338763504
03338764315
03338765698
03338761852
03338766742
03338767094
03338764845
03338763411
03338763052
03338766941
03338769372
03338769755
03338764377
03338767246
03338763224
03338768464
03338762805
03338765706
03338762624
03338764946
03338762494
03338769642
03338764562
03338767840
03338766087
03338763001
03338762772
03338761431
03338768109
03338769929
03338769996
03338767219
03338763936
03338761388
03338762266
03338765920
03338765495
03338768851
03338765180
03338762761
03338767135
03338764036
03338766880
03338764469
03338762695
03338762498
03338768649
03338767342
03338763669
03338763904
03338764984
03338762345
03338761492
03338761260
03338766932
03338763330
03338769258
03338769117
03338766748
03338766767
03338765739
03338764507
03338767796
03338765473
03338768152
03338767165
03338762150
03338769102
03338766315
03338765211
03338767930
03338765527
03338766384
03338763612
03338761412
03338768274
03338766192
03338767810
03338762939
03338764612
03338764999
03338765786
03338765933
03338765177
03338764076
03338762339
03338763240
03338768772
03338768418
03338767869
03338762205
03338763768
03338768890
03338762664
03338768967
03338761673
03338769968
03338763493
03338768485
03338768372
03338761134
03338767216
03338764044
03338768926
03338768659
03338761915
03338762640
03338767774
03338768386
03338769519
03338761263
03338762407
03338766133
03338762670
03338765059
03338761641
03338762585
03338764962
03338766064
03338765661
03338762154
03338768705
03338764443
03338766525
03338767584
03338766773
03338769888
03338766749
03338766744
03338768904
03338766300
03338767419
03338763039
03338766394
03338761938
03338769179
03338766883
03338764080
03338766692
03338764057
03338765392
03338767021
03338764450
03338766632
03338763835
03338765220
03338761309
03338762404
03338761647
03338762668
03338762819
03338764181
03338762687
03338765119
03338768282
03338768111
03338764003
03338766017
03338769322
03338761662
03338761146
03338765207
03338761924
03338768403
03338762981
03338768975
03338762599
03338767512
03338764017
03338766602
03338766243
03338763113
03338763813
03338767994
03338761147
03338763027
03338764293
03338769663
03338761334
03338765386
03338768185
03338769212
03338765806
03338761242
03338762237
03338768923
03338762385
03338765778
03338762138
03338761403
03338765921
03338761026
03338767290
03338761561
03338763934
03338768532
03338768411
03338763988
03338769377
03338764119
03338767963
03338763720
03338765412
03338766629
03338767277
03338761504
03338769563
03338765560
03338761574
03338764864
03338769325
03338767913
03338765194
03338768368
03338763689
03338763598
03338764398
03338762491
03338769817
03338768151
03338763780
03338768708
03338764265
03338762483
03338766655
03338762999
03338768081
03338764061
03338764664
03338766227
03338763284
03338767424
03338769867
03338769915
03338767969
03338769015
03338766811
03338767793
03338762333
03338769856
03338766431
03338763036
03338761712
03338768673
03338767095
03338768393
03338767360
03338767741
03338768260
03338761735
03338762774
03338766188
03338764352
03338763713
03338764884
03338768225
03338766436
03338765916
03338764355
03338767615
03338763740
03338762528
03338769804
03338769719
03338763421
03338762708
03338767376
03338764410
03338767900
03338764959
03338768870
03338761957
03338767939
03338763385
03338762751
03338761127
03338766782
03338769976
03338769206
03338769371
03338761300
03338768420
03338767602
03338769074
03338763639
03338769895
03338769715
03338762152
03338766666
03338763124
03338767026
03338767111
03338763501
03338767516
03338768005
03338763109
03338767121
03338769351
03338762451
03338769111
03338769839
03338769952
03338765383
03338765534
03338767890
03338767633
03338761393
03338769317
03338765557
03338766495
03338761890
03338768064
03338766115
03338769161
03338761552
03338762725
03338762800
03338765126
03338761947
03338764214
03338764144
03338769980
03338764097
03338765966
03338762406
03338767497
03338761628
03338763794
03338764969
03338767552
03338763344
03338764533
03338765440
03338768781
03338763419
03338761696
03338767248
03338765576
03338766869
03338767792
03338767375
03338763440
03338762495
03338761096
03338766977
03338765039
03338763152
03338766751
03338769028
03338764535
03338765316
03338762547
03338761705
03338763303
03338766801
03338766474
03338764512
03338767779
03338761999
03338761336
03338761713
03338766084
03338761821
03338764096
03338763926
03338764002
03338765936
03338767429
03338767160
03338767601
03338765048
03338763590
03338763358
03338765833
03338767085
03338766719
03338766043
03338767024
03338761670
03338762957
03338767803
03338765874
03338769786
03338763202
03338764360
03338768421
03338764143
03338763570
03338763883
03338765390
03338762975
03338763122
03338765433
03338767483
03338768451
03338769230
03338764888
03338768933
03338764834
03338761877
03338766460
03338768620
03338763568
03338763348
03338765161
03338763928
03338765332
03338766181
03338764006
03338764824
03338767112
03338761693
03338768102
03338767784
03338763555
03338762235
03338769002
03338768233
03338766971
03338768440
03338766475
03338769649
03338768655
03338768538
03338769722
03338761452
03338764522
03338769526
03338762929
03338761970
03338762596
03338768267
03338768161
03338764552
03338762360
03338768820
03338768261
03338764504
03338766122
03338768819
03338766739
03338769475
03338761661
03338765636
03338764115
03338767641
03338766864
03338766261
03338769026
03338761413
03338765620
03338769650
03338761059
03338765489
03338765262
03338767820
03338769529
03338765338
03338762089
03338762842
03338763627
03338764465
03338762635
03338763431
03338761358
03338765552
03338768137
03338764382
03338766137
03338765804
03338768567
03338763657
03338764784
03338766219
03338765092
03338769683
03338765984
03338763929
03338764972
03338763583
03338762963
03338767706
03338764070
03338765139
03338769970
03338768647
03338766968
03338762512
03338768459
03338762749
03338766320
03338768575
03338762261
03338768163
03338761044
03338766121
03338763232
03338765503
03338769435
03338768300
03338762242
03338766185
03338766892
03338761837
03338765905
03338762931
03338762714
03338767692
03338767609
03338761341
03338765957
03338769542
03338761907
03338762574
03338766049
03338761073
03338769428
03338766738
03338766356
03338766477
03338765953
03338762279
03338763246
03338764161
03338766724
03338762699
03338762854
03338762424
03338763482
03338761642
03338763180
03338766510
03338768950
03338764543
03338761783
03338761749
03338766573
03338766808
03338768224
03338769558
03338768549
03338768433
03338765233
03338762284
03338763665
03338768293
03338769162
03338768166
03338766318
03338767786
03338763979
03338769011
03338764526
03338767139
03338769600
03338765770
03338768375
03338761457
03338765578
03338763457
03338761763
03338766764
03338763093
03338762864
03338767254
03338767311
03338761630
03338765535
03338765752
03338763871
03338768692
03338769824
03338765837
03338769419
03338762149
03338763003
03338768710
03338766023
03338768338
03338763673
03338764451
03338768513
03338765301
03338767728
03338764146
03338761781
03338768867
03338768825
03338765608
03338767620
03338761472
03338765870
03338767093
03338768544
03338763960
03338764702
03338765696
03338768003
03338761222
03338767132
03338768611
03338762311
03338768402
03338769058
03338762979
03338761419
03338764903
03338769971
03338765024
03338769657
03338769812
03338761711
03338769961
03338767849
03338769933
03338767807
03338765303
03338767848
03338761202
03338767307
03338767350
03338769518
03338763401
03338765890
03338762891
03338765935
03338765340
03338762877
03338765199
03338767175
03338768455
03338762504
03338762883
03338762948
03338769379
03338766848
03338767853
03338764958
03338764742
03338761859
03338763223
03338762507
03338763145
03338764931
03338764436
03338766294
03338769067
03338764206
03338765879
03338763604
03338762094
03338765123
03338767925
03338769737
03338764492
03338763461
03338764839
03338765674
03338761804
03338769623
03338768301
03338766992
03338761645
03338768407
03338768507
03338768318
03338764737
03338768369
03338768401
03338763313
03338763755
03338769517
03338769713
03338763319
03338761928
03338766366
03338764009
03338769226
03338763674
03338769528
03338767228
03338764501
03338765497
03338762658
03338768490
03338762469
03338768587
03338766280
03338762064
03338761089
03338764343
03338768810
03338763304
03338765722
03338769143
03338764727
03338764167
03338763727
03338764191
03338763621
03338768024
03338767594
03338765186
03338768928
03338762945
03338768438
03338762902
03338763659
03338769938
03338761186
03338764922
03338768779
03338768761
03338765057
03338762546
03338764704
03338765764
03338764860
03338763806
03338762088
03338761636
03338767467
03338763845
03338764772
03338763802
03338769403
03338769756
03338761648
03338763394
03338762666
03338762919
03338769973
03338766135
03338769076
03338767205
03338761076
03338764007
03338762745
03338762643
03338769358
03338761961
03338767047
03338766858
03338761070
03338762818
03338769988
03338766482
03338768221
03338763856
03338769245
03338766015
03338763143
03338764375
03338761135
03338762550
03338767640
03338766218
03338766619
03338767138
03338769137
03338763210
03338761734
03338761848
03338761402
03338768038
03338769921
03338763500
03338769445
03338765788
03338764983
03338764938
03338765912
03338762347
03338762285
03338767344
03338765011
03338763091
03338765030
03338763436
03338767302
03338763159
03338761908
03338767101
03338763614
03338763857
03338767266
03338766924
03338766795
03338762218
03338769902
03338769681
03338769392
03338762308
03338768095
03338763126
03338763075
03338767837
03338769975
03338762500
03338767359
03338767336
03338766857
03338767309
03338761620
03338764595
03338761218
03338765522
03338761306
03338768013
03338768945
03338764756
03338767411
03338762655
03338769079
03338766601
03338763798
03338762706
03338768957
03338769844
03338767605
03338768312
03338767757
03338762236
03338768251
03338764660
03338768669
03338764487
03338763352
03338769925
03338763985
03338764602
03338762663
03338767104
03338765223
03338761111
03338762993
03338765997
03338764406
03338763810
03338766842
03338768349
03338766195
03338763573
03338764253
03338763449
03338763703
03338769178
03338763469
03338768226
03338769869
03338766760
03338762380
03338769614
03338765675
03338767355
03338768736
03338765518
03338763101
03338761906
03338768869
03338768092
03338764123
03338765401
03338764387
03338768172
03338766785
03338767651
03338767202
03338761119
03338767898
03338764271
03338766898
03338765487
03338765100
03338764103
03338768686
03338765003
03338768295
03338762372
03338767531
03338761442
03338761860
03338769365
03338769160
03338765364
03338764277
03338762125
03338767503
03338769674
03338769992
03338766805
03338762685
03338763505
03338761536
03338769473
03338762470
03338768907
03338761131
03338766283
03338768289
03338766824
03338767194
03338761616
03338764944
03338761099
03338766964
03338764911
03338762341
03338767539
03338768757
03338768354
03338767151
03338767197
03338765796
03338768058
03338764502
03338766865
03338765075
03338769577
03338762509
03338766566
03338768744
03338762264
03338768725
03338767683
03338763591
03338768621
03338763105
03338769138
03338765498
03338763582
03338764640
03338765730
03338768927
03338767177
03338769638
03338769249
03338761570
03338768002
03338768244
03338761445
03338763792
03338765707
03338766833
03338764577
03338763629
03338764867
03338766638
03338761945
03338768528
03338764193
03338766246
03338762007
03338763542
03338769967
03338762157
03338767495
03338765893
03338767427
03338769030
03338764563
03338762935
03338763347
03338762870
03338769250
03338766755
03338767154
03338763186
03338765943
03338766527
03338762905
03338761733
03338769765
03338764386
03338769009
03338768231
03338766965
03338768130
03338764852
03338768970
03338766593
03338763225
03338764620
03338765269
03338763513
03338769472
03338769495
03338768800
03338766934
03338761067
03338769537
03338768296
03338766263
03338761066
03338769540
03338765872
03338767708
03338763402
03338764394
03338768979
03338768995
03338769018
03338761032
03338765399
03338761943
03338763015
03338769553
03338765480
03338765083
03338763906
03338762681
03338763599
03338764188
03338761786
03338761771
03338763125
03338768412
03338767954
03338762071
03338766349
03338764137
03338766353
03338766636
03338769284
03338762857
03338768319
03338764686
03338761799
03338767754
03338761758
03338769130
03338769348
03338766278
03338766045
03338762118
03338766162
03338765525
03338762337
03338764691
03338766116
03338763623
03338761057
03338764844
03338764495
03338768032
03338765885
03338769840
03338765499
03338761353
03338763714
03338761984
03338764797
03338762913
03338767432
03338768388
03338765339
03338766314
03338761280
03338763754
03338769479
03338765524
03338763688
03338768709
03338768200
03338768110
03338762859
03338769697
03338766254
03338763982
03338766993
03338767646
03338767933
03338769594
03338761680
03338765356
03338768666
03338766193
03338768263
03338769781
03338763043
03338761462
03338764919
03338766912
03338767452
03338761438
03338767595
03338768157
03338768506
03338761179
03338763734
03338763363
03338761068
03338765371
03338764157
03338766098
03338768883
03338766559
03338762651
03338765543
03338765082
03338764338
03338768443
03338765789
03338768011
03338768036
03338767883
03338764317
03338765028
03338768183
03338765617
03338763289
03338761541
03338769859
03338762443
03338762114
03338769677
03338765506
03338764513
03338765496
03338767573
03338769641
03338764759
03338767335
03338769708
03338766383
03338761638
