03227252733
03227256234
03227253893
03227258041
03227257131
03227254221
03227255344
03227255830
03227252850
03227255454
03227253079
03227253699
03227257858
03227251903
03227251681
03227256378
03227252831
03227254269
03227254015
03227258513
03227259273
03227251930
03227256490
03227257639
03227253985
03227258907
03227251603
03227253285
03227257053
03227253330
03227258373
03227255715
03227252458
03227252969
03227257513
03227254100
03227258282
03227259038
03227258578
03227251873
03227257739
03227253484
03227253447
03227252117
03227254048
03227253377
03227259130
03227255167
03227256469
03227258651
03227253249
03227253460
03227254304
03227257402
03227253145
03227253336
03227256436
03227254227
03227259565
03227258401
03227252938
03227259484
03227256187
03227259222
03227253409
03227255317
03227253618
03227259914
03227251922
03227258751
03227254154
03227258767
03227254858
03227258226
03227254155
03227251885
03227253671
03227254678
03227255124
03227252254
03227258154
03227255566
03227257111
03227257505
03227251845
03227254810
03227259013
03227253472
03227254801
03227253116
03227253963
03227255930
03227254825
03227259968
03227253812
03227251548
03227256554
03227258420
03227251326
03227252766
03227254247
03227256247
03227252608
03227254568
03227251577
03227256001
03227255409
03227256515
03227259266
03227255690
03227254360
03227253932
03227251068
03227257842
03227258206
03227256112
03227259149
03227258385
03227251680
03227256584
03227253949
03227251038
03227256574
03227252837
03227258257
03227257116
03227256258
03227253797
03227259488
03227253906
03227256914
03227254897
03227256195
03227258809
03227253604
03227256956
03227255535
03227257426
03227259603
03227251997
03227253757
03227252125
03227255606
03227255436
03227257404
03227254215
03227251085
03227257663
03227254702
03227255209
03227256034
03227251731
03227251544
03227257743
03227255066
03227256179
03227252149
03227259431
03227254444
03227257161
03227257342
03227251215
03227252954
03227258118
03227258302
03227258076
03227259627
03227258414
03227253612
03227256971
03227256276
03227256132
03227254736
03227254900
03227259711
03227256223
03227259582
03227258402
03227256242
03227252212
03227255653
03227258863
03227254463
03227258723
03227251066
03227258537
03227253385
03227257994
03227259040
03227257553
03227256595
03227251197
03227258263
03227254220
03227254450
03227251916
03227255913
03227253009
03227258036
03227256288
03227251597
03227259063
03227255268
03227251610
03227251278
03227252437
03227253208
03227256041
03227258715
03227251688
03227252352
03227258490
03227259394
03227257235
03227259538
03227258849
03227255028
03227255618
03227257930
03227253286
03227259680
03227254935
03227256472
03227255261
03227254306
03227253669
03227255393
03227255924
03227254056
03227259800
03227253572
03227253455
03227259455
03227258207
03227259499
03227254785
03227258060
03227251512
03227255676
03227252481
03227251867
03227255960
03227252521
03227258677
03227253470
03227259187
03227251259
03227255979
03227251132
03227257605
03227255587
03227256675
03227253856
03227257176
03227258902
03227257310
03227252712
03227252791
03227257632
03227252552
03227254918
03227255939
03227257780
03227251330
03227259350
03227254080
03227259870
03227251773
03227254003
03227252453
03227259898
03227258812
03227259300
03227251784
03227254992
03227251923
03227259019
03227254664
03227258077
03227258667
03227255966
03227257867
03227252779
03227254350
03227258900
03227253770
03227255883
03227252964
03227259690
03227258942
03227259315
03227251042
03227256582
03227252139
03227259836
03227257179
03227255146
03227251262
03227255831
03227251583
03227254222
03227253958
03227251786
03227257876
03227257117
03227252318
03227253692
03227258127
03227259555
03227253885
03227258951
03227258071
03227255000
03227256980
03227254949
03227259120
03227251039
03227252763
03227259496
03227258258
03227255202
03227254094
03227259783
03227259182
03227257484
03227252930
03227257405
03227256284
03227258557
03227257114
03227255894
03227258765
03227258430
03227252141
03227259271
03227251562
03227259387
03227255430
03227252090
03227258511
03227255896
03227255159
03227256869
03227254922
03227251459
03227253003
03227252289
03227259617
03227251915
03227258224
03227258939
03227254510
03227256624
03227256480
03227258816
03227251787
03227256443
03227256588
03227253335
03227254415
03227256184
03227251767
03227251200
03227251567
03227254066
03227256168
03227256690
03227258198
03227254624
03227259795
03227252734
03227255263
03227255212
03227255739
03227257098
03227257388
03227254824
03227256277
03227256849
03227253201
03227254761
03227258950
03227253273
03227256723
03227259453
03227258571
03227256051
03227252454
03227254012
03227251451
03227256155
03227258777
03227251435
03227258222
03227253449
03227255224
03227254315
03227254714
03227253890
03227251216
03227256047
03227259344
03227259199
03227258510
03227258138
03227259334
03227257005
03227258804
03227255116
03227252895
03227259966
03227258744
03227256053
03227253743
03227258161
03227258721
03227259057
03227256962
03227256839
03227255953
03227256602
03227252827
03227251625
03227258886
03227258873
03227257733
03227259668
03227259371
03227257541
03227254316
03227251771
03227259977
03227252630
03227253106
03227255257
03227251281
03227258261
03227251866
03227255168
03227254547
03227259084
03227252505
03227253246
03227251908
03227255310
03227257709
03227256680
03227256958
03227259388
03227259931
03227257382
03227253226
03227259290
03227258635
03227256682
03227256202
03227253844
03227254043
03227252845
03227258468
03227255191
03227256862
03227253322
03227253495
03227252273
03227256367
03227258899
03227259075
03227259025
03227253704
03227255120
03227251592
03227257603
03227256125
03227255633
03227259006
03227256969
03227253908
03227254812
03227252699
03227255724
03227257327
03227255967
03227252645
03227251579
03227254769
03227258021
03227251125
03227254559
03227256079
03227255643
03227259923
03227258413
03227253036
03227251341
03227251404
03227256055
03227257883
03227256226
03227257052
03227258105
03227257697
03227251032
03227254838
03227257074
03227252181
03227254560
03227256273
03227257770
03227254946
03227256253
03227259045
03227251004
03227252579
03227255770
03227259041
03227257699
03227251960
03227256201
03227257220
03227255970
03227255627
03227259259
03227257852
03227256929
03227258671
03227259221
03227258269
03227251612
03227251022
03227254200
03227253182
03227254050
03227252377
03227251519
03227253515
03227259369
03227258089
03227255150
03227257010
03227253576
03227259358
03227253647
03227251282
03227259064
03227259998
03227259072
03227254354
03227253348
03227258868
03227251446
03227252922
03227256707
03227253448
03227254150
03227259099
03227252130
03227254640
03227258022
03227257821
03227258528
03227253393
03227257522
03227254183
03227252590
03227256901
03227256578
03227257880
03227254686
03227254108
03227253352
03227252825
03227258270
03227252540
03227256667
03227254314
03227252603
03227259454
03227254811
03227253321
03227255149
03227251542
03227252364
03227258810
03227258988
03227251537
03227255118
03227257889
03227255814
03227256481
03227257453
03227256770
03227256760
03227258814
03227255865
03227255180
03227251325
03227251710
03227255567
03227253859
03227252100
03227251354
03227259254
03227253506
03227253938
03227252710
03227254117
03227259268
03227251751
03227255035
03227255515
03227255875
03227253598
03227251853
03227259882
03227259329
03227257706
03227258614
03227252455
03227256059
03227259214
03227253325
03227255843
03227258946
03227259970
03227258140
03227253824
03227259831
03227256797
03227254950
03227258409
03227257633
03227258030
03227259193
03227253950
03227258832
03227251697
03227257212
03227255702
03227251734
03227255472
03227255215
03227254011
03227255851
03227252210
03227256952
03227251403
03227252140
03227255174
03227253298
03227253763
03227254147
03227251127
03227257927
03227255203
03227258718
03227255188
03227254219
03227255666
03227251298
03227258512
03227255549
03227259782
03227258846
03227253512
03227252345
03227257853
03227254958
03227255424
03227254934
03227259756
03227257620
03227259844
03227253547
03227252368
03227255493
03227257849
03227259112
03227255068
03227257549
03227256084
03227257774
03227256531
03227256754
03227259959
03227259791
03227254553
03227255106
03227256661
03227257170
03227257194
03227258628
03227252828
03227252327
03227255122
03227257874
03227258828
03227254390
03227258838
03227257722
03227257583
03227258874
03227257377
03227252820
03227258726
03227256625
03227259400
03227254713
03227252761
03227255737
03227251099
03227254999
03227255396
03227255143
03227255208
03227257736
03227255099
03227252673
03227252902
03227255173
03227256865
03227256213
03227255522
03227253989
03227252777
03227256240
03227253159
03227257246
03227258947
03227257879
03227252582
03227257207
03227251065
03227257922
03227251104
03227255705
03227251764
03227252456
03227257436
03227254433
03227252890
03227257013
03227251228
03227252477
03227253685
03227259181
03227251102
03227252622
03227256623
03227256200
03227254475
03227257646
03227251860
03227257926
03227255411
03227252120
03227258473
03227255684
03227256866
03227253219
03227252417
03227258189
03227254077
03227257286
03227256631
03227259393
03227259195
03227255465
03227253974
03227254293
03227253866
03227252554
03227253977
03227256143
03227257429
03227252324
03227251679
03227258106
03227259560
03227259205
03227257510
03227253178
03227259644
03227253982
03227257386
03227258917
03227257206
03227258009
03227254287
03227259607
03227251895
03227254470
03227253228
03227257428
03227255982
03227259009
03227256905
03227257885
03227251212
03227253632
03227251820
03227255919
03227256072
03227258254
03227254542
03227251539
03227254310
03227258629
03227254872
03227259776
03227253453
03227259551
03227256235
03227258079
03227251823
03227256768
03227259052
03227256159
03227256011
03227252946
03227252081
03227251673
03227254201
03227254895
03227255696
03227259096
03227252655
03227251319
03227256297
03227259545
03227258749
03227257823
03227258063
03227251314
03227255604
03227253395
03227255658
03227254735
03227252119
03227251016
03227254129
03227257877
03227259747
03227255081
03227251117
03227252159
03227257348
03227255384
03227255808
03227252972
03227253990
03227257698
03227254053
03227259647
03227255213
03227255973
03227253553
03227253478
03227251727
03227258171
03227256765
03227252277
03227257816
03227259815
03227252764
03227258210
03227259962
03227257017
03227255948
03227258166
03227257573
03227254138
03227252197
03227253364
03227252014
03227255090
03227257323
03227251847
03227254898
03227255956
03227258181
03227259685
03227251182
03227258640
03227257108
03227253778
03227256150
03227251575
03227254165
03227252804
03227253300
03227258711
03227257532
03227252620
03227255455
03227254028
03227257041
03227253981
03227252629
03227259894
03227257047
03227258399
03227253350
03227259340
03227256985
03227259712
03227253081
03227259441
03227252918
03227257491
03227259189
03227254582
03227257028
03227251321
03227253548
03227256293
03227254372
03227254001
03227255426
03227256559
03227253295
03227254805
03227253327
03227251134
03227251285
03227257831
03227255397
03227256792
03227256437
03227258494
03227254723
03227252373
03227251219
03227258343
03227258038
03227254787
03227252706
03227253493
03227257687
03227251761
03227253046
03227253630
03227256449
03227253913
03227257046
03227256241
03227253153
03227252752
03227256146
03227255624
03227252001
03227254164
03227258457
03227259382
03227259196
03227252021
03227258150
03227259500
03227254430
03227255878
03227259277
03227252395
03227256519
03227254207
03227256320
03227252705
03227251772
03227252595
03227251312
03227251565
03227258088
03227257655
03227251382
03227255387
03227258351
03227253284
03227255741
03227258576
03227256749
03227258380
03227257055
03227259885
03227254590
03227255404
03227258536
03227255342
03227258187
03227257331
03227259643
03227253768
03227251234
03227259930
03227259705
03227253535
03227251381
03227255557
03227254311
03227258772
03227252598
03227253248
03227255359
03227257814
03227256633
03227259799
03227258949
03227251146
03227255646
03227257152
03227256434
03227258115
03227254058
03227259904
03227255041
03227254234
03227255565
03227254319
03227256420
03227255681
03227257625
03227257015
03227255583
03227253019
03227259608
03227254456
03227256637
03227259231
03227253676
03227254051
03227255543
03227259237
03227256185
03227259506
03227253067
03227251792
03227252553
03227254290
03227255420
03227255013
03227256098
03227258340
03227253730
03227258364
03227257683
03227255306
03227256363
03227252173
03227251934
03227259243
03227257681
03227258529
03227252695
03227259797
03227258884
03227252690
03227255853
03227255803
03227258049
03227251252
03227259659
03227253127
03227253334
03227251594
03227256889
03227257366
03227254097
03227255877
03227256092
03227258954
03227258191
03227258369
03227254358
03227253098
03227253369
03227257303
03227256942
03227254952
03227255386
03227252379
03227253262
03227259858
03227254493
03227256536
03227252322
03227252762
03227257913
03227251623
03227259787
03227254474
03227256703
03227257824
03227252353
03227259111
03227252651
03227254320
03227258978
03227252754
03227257057
03227258499
03227251106
03227255866
03227258453
03227256396
03227253269
03227258841
03227255058
03227254566
03227256722
03227257565
03227256183
03227257950
03227255777
03227257330
03227258404
03227253895
03227257654
03227255274
03227254531
03227256963
03227254588
03227259883
03227255070
03227253267
03227253255
03227253650
03227255844
03227258002
03227253783
03227257045
03227259427
03227259208
03227253920
03227256020
03227254554
03227259996
03227255281
03227257786
03227258346
03227252749
03227252928
03227254701
03227252287
03227251323
03227257480
03227252526
03227251535
03227256517
03227251222
03227255185
03227255785
03227259213
03227256564
03227255327
03227258522
03227256569
03227256813
03227254483
03227257347
03227254534
03227251682
03227256801
03227252321
03227255909
03227252429
03227253556
03227257577
03227252460
03227258328
03227257891
03227259294
03227253125
03227254521
03227254539
03227256067
03227255407
03227252229
03227257600
03227256178
03227254256
03227256699
03227257803
03227252550
03227253975
03227257992
03227259853
03227259715
03227258474
03227254845
03227259876
03227257585
03227255053
03227255657
03227258986
03227256998
03227253878
03227257518
03227251358
03227257039
03227252826
03227259728
03227255614
03227255579
03227256129
03227252739
03227259730
03227258173
03227253438
03227255752
03227255027
03227258485
03227258037
03227252974
03227259609
03227254650
03227255989
03227254644
03227256954
03227259751
03227252235
03227254929
03227251275
03227255547
03227259180
03227256444
03227255510
03227251148
03227254239
03227254136
03227253555
03227258383
03227252105
03227259411
03227251615
03227253959
03227251992
03227258149
03227256662
03227252593
03227257909
03227256708
03227251049
03227258182
03227259224
03227259976
03227255204
03227253343
03227251199
03227258815
03227252138
03227257795
03227254257
03227259307
03227259516
03227257336
03227252223
03227252072
03227253798
03227258837
03227256267
03227253884
03227254497
03227257543
03227258136
03227258276
03227252936
03227253126
03227252953
03227259473
03227251270
03227259736
03227254461
03227252966
03227251356
03227258287
03227259035
03227252355
03227259567
03227259967
03227255963
03227251616
03227257357
03227254442
03227254656
03227255925
03227254589
03227258795
03227252066
03227251856
03227257165
03227253684
03227251840
03227254698
03227255689
03227258199
03227251230
03227258321
03227252987
03227259570
03227255055
03227254369
03227253785
03227254762
03227258044
03227253697
03227256700
03227253916
03227258534
03227255926
03227259907
03227253834
03227258280
03227257200
03227259349
03227254157
03227257407
03227259413
03227259296
03227257295
03227259282
03227259675
03227256446
03227254336
03227255726
03227254092
03227253877
03227254732
03227251026
03227259386
03227255059
03227254033
03227254021
03227258159
03227253740
03227255754
03227251061
03227254790
03227251232
03227259983
03227258489
03227258850
03227257072
03227253573
03227257759
03227255087
03227251191
03227257338
03227252317
03227259605
03227252822
03227252148
03227253801
03227252631
03227256408
03227258881
03227254447
03227257993
03227258544
03227251254
03227255555
03227254047
03227254132
03227259546
03227254494
03227254109
03227255388
03227252917
03227257659
03227252381
03227251627
03227255199
03227253867
03227253465
03227253607
03227251703
03227258553
03227251347
03227253123
03227254652
03227256784
03227251990
03227256348
03227256949
03227257527
03227254718
03227253712
03227257271
03227251954
03227255495
03227257434
03227256141
03227255612
03227258129
03227252793
03227258273
03227255079
03227252700
03227254637
03227252947
03227252784
03227253636
03227259039
03227252611
03227254853
03227258477
03227256033
03227257915
03227254244
03227256596
03227251511
03227252728
03227253880
03227253058
03227253483
03227251868
03227255205
03227252872
03227253964
03227258075
03227255225
03227255845
03227259618
03227258170
03227256474
03227251221
03227257243
03227253376
03227258394
03227256619
03227255431
03227257135
03227252095
03227254904
03227258549
03227251676
03227253568
03227253787
03227257801
03227259642
03227251154
03227251078
03227257579
03227257924
03227251691
03227255856
03227253745
03227257385
03227259007
03227258859
03227257150
03227256074
03227255484
03227253766
03227259681
03227255089
03227255249
03227259774
03227257475
03227251904
03227255685
03227259059
03227256398
03227251657
03227256645
03227258043
03227259975
03227258926
03227259530
03227251386
03227256368
03227257430
03227259233
03227255153
03227256389
03227257754
03227252475
03227251554
03227253279
03227254035
03227259961
03227256065
03227255829
03227257804
03227254685
03227252276
03227254565
03227255728
03227258883
03227257027
03227257464
03227255483
03227251572
03227254098
03227257398
03227259227
03227257658
03227256015
03227254620
03227253628
03227259543
03227251305
03227254844
03227258378
03227258342
03227254008
03227252861
03227253855
03227252786
03227258101
03227259742
03227251683
03227258177
03227252865
03227253505
03227251521
03227255425
03227259392
03227259114
03227256992
03227259982
03227252519
03227254204
03227256636
03227258406
03227259814
03227253184
03227259362
03227256158
03227253380
03227254105
03227259720
03227257349
03227255289
03227256955
03227258869
03227254166
03227253608
03227252696
03227252882
03227251050
03227254792
03227252510
03227255660
03227254236
03227251015
03227251178
03227254862
03227255858
03227254137
03227257371
03227259279
03227254454
03227254041
03227259601
03227258738
03227253584
03227254071
03227253144
03227256232
03227258469
03227254948
03227256681
03227254295
03227256511
03227251503
03227251322
03227259684
03227253614
03227253702
03227252927
03227251491
03227251151
03227259584
03227259589
03227259566
03227253094
03227257432
03227252294
03227257412
03227256978
03227251647
03227256355
03227257190
03227253713
03227255481
03227254334
03227256882
03227254355
03227252815
03227259595
03227256737
03227255036
03227251661
03227255938
03227251144
03227258286
03227255080
03227258885
03227255236
03227251779
03227259027
03227253509
03227251966
03227253218
03227258208
03227254717
03227256045
03227256507
03227258336
03227253134
03227259994
03227258872
03227252829
03227253578
03227259695
03227251474
03227255834
03227253361
03227251690
03227258304
03227252780
03227257219
03227256572
03227253788
03227252940
03227256890
03227255788
03227258524
03227255672
03227257907
03227255098
03227251778
03227257528
03227256743
03227255751
03227256364
03227254285
03227257622
03227252083
03227258301
03227257122
03227252035
03227256871
03227258605
03227259257
03227251432
03227255428
03227254472
03227259935
03227256852
03227254548
03227253104
03227259999
03227257040
03227257281
03227251170
03227252316
03227253566
03227251582
03227254162
03227255042
03227251842
03227252934
03227258058
03227254488
03227251982
03227256665
03227256530
03227254864
03227258025
03227257096
03227254734
03227251843
03227252195
03227255556
03227257834
03227257244
03227255984
03227256135
03227257022
03227255095
03227253585
03227252305
03227255446
03227254869
03227257882
03227259289
03227253085
03227259731
03227252416
03227254291
03227255032
03227256470
03227256000
03227259739
03227253486
03227252847
03227256996
03227254007
03227257515
03227257717
03227253575
03227255997
03227255774
03227252436
03227253882
03227253245
03227258475
03227254663
03227254439
03227259220
03227255806
03227254312
03227254748
03227256735
03227257925
03227251692
03227251998
03227257283
03227251608
03227253542
03227258656
03227259577
03227253075
03227252186
03227251871
03227252108
03227259202
03227256485
03227259073
03227253940
03227256189
03227259852
03227254423
03227257250
03227253571
03227253342
03227257680
03227253516
03227254305
03227259916
03227253747
03227255962
03227259826
03227254932
03227256007
03227254861
03227257033
03227257841
03227254525
03227256934
03227252204
03227259414
03227255545
03227257661
03227253984
03227253869
03227256563
03227253928
03227255007
03227252193
03227253232
03227254796
03227258354
03227252192
03227256414
03227259246
03227254990
03227255730
03227258817
03227256330
03227251292
03227255807
03227259646
03227252465
03227258481
03227257183
03227252022
03227255898
03227259925
03227258080
03227254543
03227255338
03227253045
03227256170
03227252367
03227253000
03227259624
03227254976
03227253687
03227254544
03227258676
03227256612
03227256605
03227251460
03227251939
03227258708
03227252101
03227253711
03227258271
03227258501
03227259082
03227251552
03227256415
03227252685
03227252647
03227256318
03227258314
03227253623
03227251109
03227252878
03227255959
03227255616
03227253936
03227251158
03227256350
03227256899
03227252716
03227251248
03227251468
03227257937
03227251862
03227257462
03227256301
03227251818
03227251123
03227251585
03227256401
03227252992
03227258116
03227258147
03227252474
03227254803
03227252358
03227258298
03227252982
03227259061
03227258158
03227251920
03227251601
03227257833
03227252509
03227257673
03227254552
03227258113
03227256037
03227251804
03227259985
03227257811
03227254936
03227254373
03227253041
03227258202
03227254425
03227258890
03227253170
03227254955
03227253527
03227252800
03227255897
03227254712
03227253780
03227256526
03227259897
03227259522
03227254434
03227253891
03227255319
03227253563
03227259518
03227257288
03227256689
03227252340
03227252260
03227251177
03227251249
03227253222
03227258375
03227257270
03227258830
03227256523
03227253718
03227257175
03227252718
03227258943
03227257463
03227257554
03227254145
03227252731
03227254332
03227253491
03227251906
03227256875
03227253421
03227255323
03227255625
03227259478
03227258684
03227257136
03227251223
03227256550
03227253162
03227251551
03227252675
03227256337
03227256509
03227257696
03227256186
03227252346
03227251715
03227259117
03227253488
03227251173
03227251811
03227256786
03227256816
03227252356
03227258933
03227259901
03227257871
03227256346
03227254954
03227251947
03227253204
03227255033
03227251495
03227252392
03227253776
03227254135
03227255794
03227257140
03227258117
03227251662
03227257758
03227259933
03227254451
03227257666
03227251897
03227258866
03227257701
03227251976
03227254506
03227253261
03227253680
03227256328
03227254562
03227254491
03227259140
03227251145
03227252307
03227256724
03227252561
03227251611
03227256730
03227252680
03227254533
03227253054
03227253544
03227256209
03227258588
03227255020
03227252961
03227258752
03227259379
03227253136
03227259719
03227252628
03227254691
03227254577
03227259269
03227257721
03227256520
03227253727
03227251302
03227257999
03227254580
03227255809
03227251442
03227251033
03227252999
03227256424
03227254260
03227256054
03227255166
03227254333
03227254646
03227251476
03227257470
03227257740
03227256362
03227255738
03227259761
03227252588
03227257591
03227252033
03227253291
03227252469
03227255091
03227259927
03227251272
03227251752
03227253793
03227258963
03227255974
03227254767
03227257555
03227257970
03227252079
03227258295
03227254393
03227258307
03227256244
03227259049
03227255987
03227256390
03227251659
03227255563
03227258238
03227256571
03227253221
03227253850
03227258999
03227253132
03227251791
03227252163
03227257711
03227253060
03227252894
03227255502
03227252703
03227254340
03227255064
03227251247
03227256435
03227251988
03227257963
03227254984
03227256224
03227256042
03227257016
03227253537
03227259612
03227256188
03227252391
03227258555
03227251378
03227253403
03227252362
03227254367
03227255234
03227258003
03227256309
03227256345
03227255801
03227252050
03227251802
03227256532
03227252713
03227257011
03227252679
03227258148
03227254919
03227255147
03227254174
03227256705
03227259606
03227251630
03227258546
03227254072
03227254232
03227256140
03227254061
03227254837
03227259960
03227258675
03227255482
03227259697
03227251214
03227251486
03227253017
03227253752
03227251543
03227258699
03227255254
03227257133
03227257442
03227257167
03227256702
03227254558
03227254171
03227259088
03227254933
03227257729
03227252300
03227252174
03227252719
03227255222
03227252687
03227254834
03227257082
03227254262
03227256406
03227251412
03227256630
03227255947
03227252274
03227254392
03227252792
03227251972
03227257490
03227255138
03227257043
03227252398
03227258083
03227256101
03227256023
03227253558
03227253466
03227255869
03227255980
03227255781
03227257050
03227252220
03227256726
03227255610
03227252955
03227255282
03227259133
03227254084
03227258527
03227254357
03227258728
03227258218
03227257781
03227259926
03227257500
03227258732
03227251058
03227254362
03227254410
03227256846
03227258442
03227258781
03227259017
03227252208
03227256005
03227252958
03227257572
03227259556
03227251744
03227254924
03227254830
03227252842
03227257650
03227251588
03227258281
03227252136
03227259837
03227257216
03227256878
03227259026
03227256038
03227253367
03227256543
03227257902
03227259995
03227251881
03227252182
03227257300
03227258483
03227254078
03227253930
03227252789
03227256988
03227256134
03227251905
03227259129
03227252228
03227252343
03227259905
03227257008
03227251225
03227251909
03227251902
03227253679
03227256251
03227256169
03227256427
03227259591
03227251029
03227251654
03227251748
03227258234
03227252948
03227258833
03227259798
03227258057
03227255906
03227254500
03227256219
03227259890
03227252892
03227259636
03227257672
03227254238
03227255559
03227255391
03227257097
03227253540
03227252232
03227257651
03227254339
03227251686
03227251135
03227255239
03227257899
03227252410
03227255742
03227251555
03227256540
03227252545
03227254216
03227256725
03227252012
03227258844
03227258754
03227255353
03227256714
03227256094
03227253819
03227259702
03227254959
03227255491
03227255293
03227259855
03227252813
03227255084
03227254651
03227254996
03227253894
03227256117
03227253014
03227254255
03227254231
03227259701
03227253388
03227257682
03227258896
03227254971
03227255040
03227253580
03227254335
03227256039
03227254979
03227255978
03227253809
03227259534
03227253911
03227257361
03227255795
03227253847
03227252637
03227253080
03227257403
03227253620
03227255471
03227252541
03227254177
03227252172
03227251510
03227252581
03227251070
03227257855
03227259521
03227256647
03227252817
03227258034
03227254235
03227257723
03227259540
03227255045
03227259176
03227251959
03227256176
03227251338
03227255560
03227253805
03227252299
03227256953
03227256069
03227256290
03227254883
03227253186
03227254782
03227251007
03227252977
03227255046
03227259126
03227257231
03227255152
03227256161
03227252683
03227255584
03227257127
03227255251
03227251250
03227258665
03227254894
03227256004
03227257257
03227257232
03227254471
03227254089
03227254250
03227256353
03227253142
03227256199
03227256913
03227257049
03227255415
03227255177
03227257959
03227256164
03227256677
03227255703
03227252478
03227251395
03227254431
03227252556
03227257493
03227255002
03227255719
03227257813
03227254655
03227253141
03227252787
03227257626
03227258283
03227256864
03227252109
03227252466
03227257845
03227257223
03227253004
03227257282
03227251067
03227257793
03227251578
03227256056
03227257640
03227253796
03227252769
03227255320
03227259100
03227252393
03227257173
03227254513
03227257550
03227256709
03227256462
03227257881
03227259813
03227254938
03227254775
03227254937
03227251308
03227253550
03227251887
03227255620
03227251929
03227256957
03227258437
03227256745
03227256099
03227251208
03227254055
03227251570
03227251213
03227255871
03227254486
03227254095
03227253901
03227255607
03227251987
03227252069
03227255451
03227257137
03227257360
03227255453
03227251335
03227257980
03227252103
03227256803
03227254747
03227256486
03227257148
03227256279
03227258362
03227252041
03227252354
03227255531
03227253986
03227255965
03227255496
03227253394
03227255717
03227251036
03227259168
03227252949
03227259238
03227258098
03227258392
03227258260
03227256475
03227255622
03227257618
03227253559
03227258882
03227253995
03227254405
03227252146
03227256822
03227254726
03227255438
03227252577
03227256946
03227259945
03227259920
03227253150
03227257529
03227256902
03227255839
03227252262
03227257634
03227258959
03227255509
03227258387
03227258888
03227259803
03227256649
03227259990
03227251559
03227258311
03227259157
03227258770
03227253414
03227259523
03227258178
03227256919
03227251357
03227257001
03227257390
03227253767
03227256771
03227251313
03227256338
03227255076
03227259060
03227257818
03227254504
03227253271
03227255969
03227258591
03227255069
03227255075
03227258973
03227253492
03227257652
03227255710
03227255955
03227255986
03227253442
03227252654
03227257530
03227252802
03227252956
03227257062
03227254788
03227257844
03227251757
03227255596
03227257418
03227257481
03227258603
03227254907
03227253760
03227254893
03227256685
03227252315
03227254794
03227255275
03227251060
03227257230
03227251633
03227255016
03227258488
03227255892
03227253241
03227256097
03227251180
03227252471
03227254998
03227252056
03227258292
03227257383
03227255301
03227259682
03227257761
03227254764
03227256116
03227258242
03227253728
03227257893
03227252517
03227258300
03227255351
03227255870
03227258993
03227251666
03227257662
03227259299
03227254214
03227254075
03227257316
03227252768
03227258756
03227257943
03227251951
03227258645
03227255763
03227253305
03227255659
03227257452
03227255572
03227259954
03227252337
03227256556
03227251864
03227252594
03227252421
03227259480
03227254672
03227253634
03227252019
03227254049
03227255464
03227251901
03227254167
03227256555
03227258567
03227259137
03227254573
03227257472
03227256706
03227254421
03227252564
03227255223
03227257051
03227255328
03227256259
03227253726
03227251737
03227255713
03227257752
03227251742
03227259276
03227253270
03227259932
03227254596
03227255743
03227256491
03227255380
03227254865
03227255158
03227259796
03227259856
03227257621
03227258306
03227257789
03227257641
03227256641
03227258802
03227256824
03227259861
03227256558
03227252110
03227254121
03227254681
03227253426
03227258855
03227257608
03227259767
03227257291
03227258879
03227256872
03227259578
03227251946
03227255018
03227255649
03227251265
03227256806
03227258561
03227259356
03227259726
03227256061
03227258918
03227254587
03227253048
03227255114
03227256429
03227255402
03227253574
03227252760
03227254446
03227258761
03227255946
03227256387
03227259223
03227254878
03227254842
03227251390
03227255292
03227255303
03227255324
03227256718
03227259128
03227257985
03227254564
03227258689
03227252284
03227257188
03227257506
03227255526
03227256831
03227254060
03227259616
03227252074
03227256127
03227258785
03227254114
03227251150
03227253779
03227259674
03227254040
03227255753
03227258424
03227253197
03227258213
03227257744
03227258491
03227259789
03227259710
03227255589
03227258196
03227252369
03227254131
03227253272
03227258758
03227258880
03227253696
03227258047
03227256063
03227255226
03227253579
03227255262
03227255086
03227254729
03227255568
03227255349
03227258310
03227252806
03227254649
03227258984
03227256377
03227259087
03227258974
03227257035
03227254349
03227257837
03227254654
03227256635
03227255993
03227259689
03227256505
03227257934
03227251227
03227255060
03227254142
03227257278
03227255389
03227257720
03227255994
03227254745
03227257582
03227254185
03227259784
03227259118
03227251005
03227251714
03227251884
03227257093
03227257332
03227257248
03227251863
03227258094
03227257691
03227257516
03227254746
03227258655
03227258446
03227252479
03227251532
03227251153
03227255846
03227251981
03227252418
03227259206
03227258659
03227255638
03227259053
03227251675
03227251399
03227254987
03227257975
03227257751
03227259363
03227255983
03227256966
03227256450
03227259762
03227257548
03227252266
03227256050
03227253032
03227253937
03227256670
03227259024
03227251507
03227259466
03227257887
03227253203
03227255423
03227253999
03227255092
03227255840
03227253346
03227253668
03227259170
03227254006
03227255015
03227253756
03227251822
03227259444
03227251052
03227251111
03227253372
03227251091
03227254728
03227256468
03227255154
03227259864
03227255811
03227258747
03227256160
03227252451
03227255503
03227253921
03227257297
03227257077
03227254407
03227252269
03227253969
03227251413
03227252664
03227254009
03227257750
03227257643
03227258443
03227256078
03227252091
03227253339
03227258617
03227257704
03227254002
03227254739
03227251220
03227253010
03227253446
03227257090
03227251304
03227256319
03227254600
03227255656
03227254034
03227258964
03227257329
03227259678
03227252064
03227258717
03227257511
03227251421
03227252669
03227254069
03227258509
03227251886
03227251709
03227259173
03227258680
03227253074
03227258352
03227257742
03227258403
03227259218
03227256918
03227251324
03227252920
03227253086
03227255304
03227255160
03227256464
03227256552
03227255750
03227255284
03227255192
03227252495
03227258551
03227258940
03227252191
03227254609
03227256349
03227255920
03227257965
03227257261
03227254579
03227252271
03227258500
03227254626
03227252247
03227256012
03227253952
03227255245
03227254102
03227252127
03227251940
03227257790
03227256510
03227255857
03227255922
03227254197
03227259462
03227254281
03227254254
03227252371
03227255825
03227253794
03227253707
03227253013
03227259005
03227253994
03227257193
03227256304
03227259513
03227258620
03227258239
03227259364
03227252246
03227256024
03227253169
03227254514
03227251813
03227258563
03227253319
03227258016
03227259472
03227251928
03227259790
03227258914
03227259598
03227253659
03227259228
03227253360
03227254776
03227257504
03227256533
03227254768
03227254325
03227256432
03227255074
03227256399
03227251502
03227257395
03227254997
03227259533
03227252065
03227256513
03227254014
03227254961
03227259010
03227251937
03227255373
03227254798
03227254661
03227255786
03227252488
03227255279
03227252000
03227252122
03227253357
03227254986
03227254523
03227257260
03227251858
03227258326
03227253276
03227253830
03227259779
03227257971
03227253789
03227251379
03227254854
03227258133
03227251345
03227252387
03227253205
03227251829
03227256701
03227251348
03227257169
03227252996
03227257410
03227254462
03227253156
03227257700
03227254146
03227253610
03227252096
03227258613
03227255273
03227251996
03227252092
03227254995
03227255216
03227251723
03227259450
03227252693
03227252844
03227256660
03227256782
03227255334
03227258223
03227257014
03227257199
03227258776
03227251108
03227256921
03227256873
03227252426
03227257904
03227253941
03227252407
03227255077
03227258001
03227256632
03227259576
03227252697
03227252177
03227255394
03227251301
03227251985
03227254308
03227251830
03227259529
03227259470
03227252886
03227251660
03227256439
03227252529
03227256138
03227258649
03227252170
03227254940
03227256088
03227251735
03227256790
03227253914
03227251619
03227256356
03227257343
03227255017
03227254673
03227253416
03227251429
03227253528
03227253224
03227256360
03227254302
03227252725
03227253049
03227253441
03227257734
03227256095
03227253405
03227259648
03227257438
03227259922
03227256592
03227258760
03227253282
03227256416
03227258395
03227259536
03227253631
03227253902
03227255221
03227258922
03227259319
03227255372
03227253157
03227253008
03227252264
03227252222
03227254010
03227254288
03227259910
03227259679
03227258486
03227252507
03227258679
03227258144
03227257160
03227258125
03227253236
03227253992
03227251000
03227253690
03227256376
03227255101
03227255501
03227257298
03227257941
03227252503
03227254384
03227251196
03227259071
03227251147
03227257792
03227257708
03227251331
03227255694
03227257228
03227254882
03227254602
03227254212
03227254819
03227255437
03227257601
03227257676
03227256404
03227254409
03227258934
03227251229
03227253581
03227255964
03227251883
03227257644
03227252088
03227252858
03227258668
03227256823
03227259406
03227258272
03227254127
03227252415
03227256142
03227257684
03227254366
03227253594
03227258564
03227252667
03227258565
03227256738
03227253709
03227253143
03227255155
03227252113
03227252183
03227252998
03227256567
03227256938
03227251159
03227253818
03227254742
03227259008
03227259580
03227259780
03227256136
03227257714
03227258183
03227255651
03227258492
03227259330
03227259078
03227255350
03227259949
03227251449
03227255524
03227251668
03227257293
03227256089
03227259416
03227253538
03227256477
03227251975
03227256524
03227258851
03227258784
03227259947
03227251419
03227256663
03227252898
03227254799
03227257488
03227251209
03227252230
03227251487
03227257912
03227252486
03227259253
03227251705
03227253675
03227251967
03227258666
03227253401
03227253517
03227258589
03227253933
03227251835
03227258033
03227255005
03227254395
03227251290
03227256431
03227259737
03227258989
03227255314
03227255267
03227257364
03227256298
03227255991
03227251649
03227259714
03227253816
03227254695
03227251398
03227255916
03227256840
03227259062
03227256691
03227258296
03227259652
03227255450
03227252906
03227258091
03227258560
03227258987
03227253287
03227256652
03227253399
03227251648
03227256153
03227257690
03227251069
03227253996
03227254192
03227256939
03227255671
03227252121
03227259891
03227252285
03227253820
03227253237
03227251794
03227258575
03227252267
03227251799
03227253088
03227259274
03227256997
03227258042
03227259749
03227258225
03227255958
03227253198
03227252907
03227252625
03227257531
03227251233
03227252596
03227257929
03227258864
03227254740
03227259740
03227254823
03227258192
03227258441
03227257069
03227255789
03227255544
03227253851
03227256397
03227255123
03227253688
03227254292
03227255594
03227258595
03227253344
03227258824
03227259670
03227258348
03227253523
03227256076
03227256009
03227251556
03227251156
03227257156
03227257408
03227257362
03227255900
03227256227
03227252408
03227257545
03227258599
03227258722
03227259145
03227258471
03227252326
03227258840
03227257056
03227255999
03227259131
03227255512
03227259458
03227258028
03227252873
03227259047
03227252899
03227253320
03227258585
03227254741
03227254437
03227251187
03227255981
03227252923
03227257772
03227259341
03227251677
03227258713
03227255051
03227253750
03227251948
03227254194
03227253475
03227253354
03227254645
03227254707
03227258349
03227251139
03227258194
03227251074
03227252759
03227255838
03227253835
03227259314
03227256300
03227255296
03227253310
03227253451
03227259291
03227259848
03227254411
03227257196
03227253638
03227254653
03227253753
03227259510
03227251434
03227257636
03227258236
03227255550
03227255532
03227258064
03227253694
03227251968
03227255746
03227258345
03227254427
03227256077
03227258642
03227251805
03227251119
03227257197
03227254530
03227252649
03227253326
03227253860
03227254297
03227256627
03227258428
03227253502
03227251977
03227254429
03227258329
03227255083
03227256384
03227258994
03227252085
03227254380
03227255358
03227252291
03227254413
03227255378
03227256496
03227257130
03227255592
03227252790
03227257799
03227255140
03227254173
03227253007
03227252841
03227251055
03227251789
03227259447
03227259991
03227251774
03227259917
03227251268
03227254846
03227255538
03227256083
03227258055
03227251360
03227254263
03227254993
03227253854
03227257616
03227251236
03227253742
03227254706
03227255600
03227259757
03227256087
03227254130
03227258134
03227259326
03227254170
03227257302
03227252615
03227251776
03227255727
03227258905
03227252932
03227253862
03227252991
03227258377
03227256527
03227257560
03227257512
03227252298
03227257163
03227254243
03227257229
03227259634
03227256231
03227253445
03227254237
03227251126
03227254277
03227255519
03227259872
03227257100
03227255609
03227256756
03227257018
03227251083
03227256933
03227255835
03227255178
03227251640
03227253199
03227251410
03227257447
03227254758
03227255276
03227254139
03227254388
03227256433
03227255833
03227251643
03227258634
03227253117
03227254982
03227256422
03227252512
03227254030
03227251077
03227252424
03227251580
03227251480
03227257473
03227251613
03227253682
03227256694
03227257569
03227256591
03227257846
03227254498
03227258523
03227256570
03227251719
03227254874
03227258854
03227251423
03227254597
03227256943
03227257534
03227258550
03227257784
03227259200
03227259862
03227257067
03227252200
03227255902
03227254942
03227256124
03227252189
03227251515
03227259353
03227255010
03227255976
03227252626
03227256336
03227259620
03227252985
03227253242
03227255298
03227252879
03227251861
03227253592
03227252152
03227252805
03227252951
03227259034
03227254279
03227257590
03227254085
03227258764
03227258338
03227259871
03227251807
03227256573
03227259671
03227257983
03227252185
03227259946
03227251198
03227258312
03227252881
03227251206
03227256121
03227256151
03227258636
03227258350
03227254891
03227256676
03227252162
03227255341
03227253280
03227257865
03227258724
03227255581
03227252184
03227252205
03227251606
03227251202
03227258052
03227252883
03227255642
03227254230
03227258637
03227254780
03227251307
03227252004
03227251205
03227254605
03227257917
03227254017
03227257977
03227255302
03227254246
03227256845
03227258455
03227254321
03227251563
03227259640
03227254572
03227255473
03227254110
03227258096
03227259698
03227254669
03227251527
03227257205
03227257766
03227251825
03227257409
03227257599
03227253689
03227256016
03227253331
03227251107
03227255456
03227254682
03227259984
03227259492
03227259242
03227259023
03227257073
03227257258
03227252280
03227257894
03227253108
03227259348
03227258919
03227252328
03227258250
03227255601
03227257892
03227259943
03227253268
03227257476
03227256721
03227253624
03227251240
03227258035
03227253925
03227252640
03227258386
03227254684
03227252034
03227258743
03227252544
03227258542
03227255104
03227255682
03227257870
03227252692
03227254412
03227253667
03227258779
03227259854
03227254545
03227256903
03227251765
03227252301
03227259198
03227251040
03227254270
03227251466
03227256885
03227252808
03227251035
03227257586
03227254029
03227256828
03227252785
03227251482
03227255810
03227256197
03227256441
03227253345
03227257502
03227257002
03227251713
03227252606
03227252003
03227257526
03227255193
03227256228
03227258819
03227254116
03227252160
03227256678
03227254211
03227259903
03227251978
03227259421
03227256611
03227257143
03227252359
03227251953
03227255873
03227252203
03227256313
03227259301
03227253507
03227255761
03227253965
03227257519
03227257172
03227254037
03227258169
03227254253
03227253290
03227259734
03227253379
03227251984
03227256451
03227254248
03227258050
03227258858
03227259957
03227251725
03227254910
03227256395
03227255485
03227256216
03227253717
03227257499
03227253939
03227252574
03227259292
03227255849
03227253349
03227252483
03227258572
03227252967
03227252849
03227251892
03227258660
03227251986
03227254079
03227259102
03227252528
03227258379
03227254535
03227253518
03227256002
03227252549
03227251674
03227254576
03227252866
03227258056
03227256626
03227255392
03227258757
03227252060
03227254324
03227258467
03227259494
03227257848
03227252422
03227256487
03227256372
03227258330
03227252383
03227254064
03227251243
03227256606
03227251931
03227253771
03227252496
03227257535
03227257947
03227256091
03227253179
03227254385
03227255634
03227257061
03227251759
03227259874
03227257007
03227252638
03227258229
03227251712
03227259550
03227256102
03227258831
03227257245
03227252040
03227252838
03227254969
03227259412
03227258211
03227253775
03227259110
03227259936
03227257847
03227252621
03227259717
03227255381
03227251342
03227259531
03227257817
03227252045
03227255003
03227253244
03227257669
03227252498
03227259833
03227259613
03227251241
03227251239
03227257494
03227252542
03227255903
03227253112
03227255026
03227252843
03227253849
03227253195
03227254428
03227259969
03227252701
03227258109
03227253404
03227258504
03227258070
03227257988
03227254551
03227258610
03227251103
03227259050
03227252231
03227254967
03227252104
03227252704
03227254680
03227251498
03227258540
03227257805
03227253130
03227259287
03227254615
03227259766
03227252462
03227257449
03227259528
03227255170
03227259016
03227253957
03227259058
03227257806
03227255695
03227255932
03227258662
03227252313
03227256126
03227255700
03227255264
03227257525
03227256245
03227256111
03227252876
03227257938
03227254120
03227258920
03227253833
03227253836
03227255780
03227258748
03227256762
03227253746
03227252390
03227255322
03227256728
03227259868
03227257776
03227258625
03227256036
03227254399
03227256426
03227258604
03227252412
03227251201
03227252275
03227251175
03227253822
03227253240
03227258910
03227251143
03227253312
03227257110
03227258007
03227255942
03227257154
03227256064
03227256448
03227252363
03227254532
03227255836
03227254452
03227256157
03227255299
03227251189
03227258569
03227253615
03227258692
03227258801
03227254662
03227258690
03227255488
03227251685
03227256766
03227255258
03227256215
03227256898
03227255855
03227257730
03227259169
03227251694
03227252573
03227253281
03227253494
03227254537
03227251280
03227251523
03227258464
03227255355
03227256874
03227259070
03227254467
03227257798
03227255931
03227256830
03227255318
03227256717
03227259879
03227257800
03227256805
03227251210
03227257767
03227254193
03227256704
03227259250
03227253978
03227254692
03227259357
03227254555
03227251938
03227256442
03227256785
03227257247
03227252167
03227256668
03227254863
03227256777
03227253040
03227251591
03227253815
03227259106
03227252856
03227254876
03227257763
03227258548
03227255879
03227251952
03227255024
03227255961
03227252161
03227259669
03227259558
03227255977
03227255126
03227259185
03227258741
03227254754
03227252944
03227259973
03227255541
03227253422
03227252499
03227251678
03227255885
03227256590
03227253128
03227259021
03227254196
03227252338
03227259316
03227258746
03227259321
03227252165
03227255109
03227254252
03227252401
03227256739
03227251110
03227254804
03227257514
03227254813
03227259655
03227256832
03227256218
03227253477
03227254099
03227258412
03227256229
03227251581
03227255876
03227259989
03227253987
03227254507
03227253897
03227257024
03227256488
03227252282
03227254057
03227254511
03227257351
03227252605
03227257162
03227251788
03227251841
03227255157
03227251120
03227259373
03227253971
03227259807
03227252714
03227259729
03227251195
03227253970
03227252070
03227258587
03227251362
03227253487
03227257125
03227259794
03227253693
03227254896
03227251924
03227252098
03227252497
03227257120
03227251605
03227257886
03227258632
03227256287
03227256538
03227253192
03227255629
03227254180
03227256118
03227251351
03227257038
03227254070
03227259944
03227256772
03227254024
03227251872
03227251889
03227254839
03227258317
03227259614
03227256981
03227256008
03227257884
03227254855
03227259503
03227251704
03227256295
03227252255
03227252445
03227254352
03227253621
03227258427
03227257679
03227258237
03227253257
03227254365
03227258419
03227258067
03227257311
03227253804
03227253467
03227255923
03227251284
03227258396
03227253926
03227254516
03227259476
03227257307
03227256327
03227251217
03227252741
03227255321
03227257113
03227252995
03227256879
03227253351
03227258983
03227258641
03227252650
03227255210
03227252168
03227257142
03227256128
03227259840
03227254888
03227251739
03227257421
03227251824
03227258482
03227253655
03227251529
03227259660
03227257456
03227258381
03227254943
03227256826
03227252672
03227254158
03227253519
03227252747
03227256613
03227255911
03227257272
03227255652
03227259505
03227254816
03227255139
03227252981
03227258327
03227256467
03227257827
03227254036
03227254387
03227251844
03227257580
03227253616
03227258444
03227259825
03227256382
03227253543
03227252024
03227259352
03227252639
03227258829
03227253637
03227257350
03227254420
03227251875
03227255135
03227256712
03227253387
03227257559
03227252599
03227256888
03227257087
03227255172
03227255490
03227259445
03227254143
03227255364
03227255187
03227251006
03227252717
03227257791
03227256402
03227256265
03227255065
03227253905
03227252634
03227258400
03227258241
03227259252
03227255683
03227256492
03227258961
03227253954
03227251732
03227253206
03227255445
03227254781
03227257023
03227251081
03227256512
03227259902
03227255580
03227255595
03227256334
03227256634
03227255479
03227251267
03227252855
03227251045
03227257571
03227255934
03227255110
03227259735
03227259249
03227259952
03227258763
03227254670
03227254808
03227259211
03227257392
03227252732
03227257738
03227253657
03227254526
03227259857
03227254716
03227253481
03227251517
03227255291
03227255635
03227254711
03227253807
03227251089
03227255231
03227255950
03227251826
03227255305
03227256268
03227252268
03227253874
03227253073
03227252994
03227258434
03227257422
03227256476
03227258121
03227256489
03227257187
03227255163
03227258040
03227256618
03227259410
03227257213
03227252562
03227251716
03227253229
03227255385
03227256936
03227251796
03227252116
03227259155
03227251729
03227258146
03227251368
03227253259
03227256233
03227255414
03227254569
03227252543
03227253720
03227257263
03227259184
03227251520
03227254859
03227253247
03227259309
03227255513
03227254693
03227255071
03227256109
03227255537
03227259066
03227255553
03227252388
03227256329
03227254242
03227253714
03227256672
03227252931
03227251891
03227259579
03227258460
03227257006
03227252457
03227254541
03227256796
03227258530
03227252470
03227255432
03227252671
03227259965
03227258020
03227259770
03227252025
03227256220
03227258408
03227255782
03227251256
03227253781
03227252131
03227251626
03227252463
03227253183
03227253662
03227259020
03227258596
03227255290
03227252452
03227257373
03227254424
03227259278
03227258318
03227259284
03227256836
03227255889
03227258762
03227253935
03227257306
03227252071
03227254852
03227256458
03227258842
03227256358
03227252558
03227254665
03227256575
03227251017
03227253383
03227256407
03227252591
03227253924
03227252348
03227254443
03227255039
03227253124
03227256347
03227253131
03227256684
03227258086
03227254687
03227257966
03227258018
03227252442
03227257112
03227258266
03227253297
03227258164
03227253161
03227251728
03227251971
03227251534
03227251762
03227253189
03227251105
03227251912
03227255063
03227257020
03227257032
03227252859
03227259217
03227252619
03227255406
03227259919
03227253644
03227252218
03227256812
03227252959
03227257940
03227253927
03227252143
03227258156
03227258878
03227256019
03227255630
03227251700
03227259900
03227254944
03227259964
03227251136
03227252286
03227254737
03227253817
03227251407
03227254440
03227257433
03227256154
03227251181
03227258339
03227253656
03227252243
03227259661
03227253292
03227259396
03227255246
03227253464
03227253593
03227259028
03227254905
03227253063
03227254881
03227253111
03227254495
03227259721
03227255631
03227251226
03227256972
03227254829
03227259042
03227257838
03227253991
03227257613
03227251387
03227254141
03227258228
03227255235
03227256180
03227255011
03227253476
03227251803
03227259777
03227257321
03227251097
03227255952
03227259192
03227256648
03227258027
03227254422
03227253029
03227259104
03227251415
03227258325
03227257104
03227254039
03227256931
03227252943
03227252155
03227259422
03227258221
03227255052
03227258861
03227256740
03227254738
03227255884
03227258152
03227254403
03227255346
03227255232
03227255345
03227257058
03227256876
03227256249
03227259806
03227255554
03227258423
03227255230
03227258778
03227258466
03227259892
03227252988
03227253600
03227257537
03227251310
03227256794
03227251655
03227254276
03227256452
03227255867
03227257949
03227258903
03227258097
03227255661
03227256026
03227256817
03227254496
03227254617
03227253660
03227259256
03227258506
03227256811
03227252447
03227251418
03227259587
03227255707
03227254218
03227259286
03227251076
03227256895
03227254749
03227257158
03227252450
03227259658
03227259788
03227255142
03227258693
03227255156
03227259215
03227259098
03227254908
03227255828
03227254179
03227258180
03227259335
03227259044
03227252788
03227256654
03227255088
03227258618
03227255842
03227255025
03227254642
03227254546
03227259708
03227255650
03227252249
03227256622
03227256310
03227253601
03227259563
03227252925
03227255821
03227252823
03227259562
03227256788
03227251155
03227251663
03227251629
03227253256
03227255447
03227258452
03227259673
03227259313
03227257653
03227256659
03227253027
03227256502
03227259204
03227255440
03227256747
03227254586
03227259585
03227251174
03227259877
03227252341
03227258454
03227257918
03227253100
03227259161
03227259429
03227253898
03227258081
03227256646
03227258602
03227258945
03227259247
03227257854
03227253873
03227251549
03227255847
03227256191
03227258068
03227252484
03227253402
03227252389
03227258253
03227256504
03227252053
03227258284
03227258611
03227256908
03227253546
03227255034
03227252583
03227255917
03227254106
03227251172
03227255542
03227253425
03227259203
03227253715
03227257594
03227259687
03227255129
03227253171
03227254567
03227257556
03227256494
03227255125
03227253960
03227255590
03227257021
03227258335
03227256175
03227253428
03227256687
03227259407
03227259822
03227257221
03227257911
03227259482
03227258704
03227252135
03227255602
03227257716
03227258320
03227259048
03227252707
03227251504
03227258107
03227254835
03227252770
03227259948
03227254466
03227251999
03227254027
03227259272
03227254478
03227253275
03227256886
03227257517
03227252350
03227259125
03227255539
03227256711
03227258451
03227253879
03227255716
03227259775
03227251086
03227256585
03227257026
03227255242
03227256688
03227254915
03227252308
03227257765
03227259706
03227259649
03227258285
03227254583
03227257201
03227252438
03227254172
03227256308
03227254902
03227253561
03227257783
03227257863
03227254209
03227253114
03227251795
03227258791
03227254140
03227258073
03227257191
03227253698
03227252803
03227251353
03227254445
03227256987
03227259884
03227252908
03227258374
03227259260
03227255791
03227258682
03227252534
03227258835
03227259709
03227254112
03227251231
03227257234
03227259645
03227252009
03227258082
03227252253
03227254957
03227252565
03227255165
03227259380
03227256742
03227253288
03227258212
03227253800
03227253772
03227256418
03227252297
03227251561
03227255529
03227251854
03227257369
03227257942
03227259174
03227257423
03227257595
03227251530
03227257083
03227255044
03227258714
03227256973
03227257819
03227259491
03227259987
03227253264
03227251646
03227256454
03227251917
03227252775
03227252030
03227251019
03227255720
03227258887
03227254697
03227251566
03227256305
03227254719
03227254595
03227257878
03227258823
03227254330
03227257829
03227256006
03227252546
03227258131
03227251469
03227259210
03227259281
03227255196
03227258179
03227258289
03227251428
03227252819
03227252428
03227258174
03227253691
03227258892
03227259097
03227252402
03227259134
03227253736
03227257075
03227253479
03227255640
03227257960
03227257935
03227256156
03227255820
03227252708
03227254766
03227256352
03227254363
03227258547
03227257264
03227257794
03227252351
03227254610
03227253456
03227254763
03227255361
03227253497
03227259365
03227253001
03227255073
03227258970
03227259032
03227255366
03227258514
03227251124
03227254657
03227259405
03227258508
03227258012
03227255049
03227259953
03227254793
03227258188
03227251574
03227255578
03227258612
03227254689
03227258661
03227253603
03227253005
03227258797
03227258363
03227259564
03227259452
03227252061
03227251736
03227256746
03227259532
03227253176
03227257178
03227259542
03227256473
03227254468
03227253239
03227257132
03227258019
03227252044
03227251943
03227251263
03227258787
03227258248
03227257394
03227252627
03227253044
03227251914
03227252914
03227256576
03227258895
03227258415
03227258820
03227252319
03227254635
03227251433
03227259792
03227253103
03227252506
03227257320
03227254217
03227254709
03227251179
03227257241
03227258633
03227252261
03227258013
03227252576
03227253806
03227254879
03227256324
03227259811
03227256388
03227251095
03227252684
03227257106
03227253784
03227252551
03227253328
03227251253
03227252306
03227259327
03227255315
03227252504
03227254406
03227255283
03227255872
03227256375
03227255708
03227255347
03227254721
03227254752
03227254126
03227251043
03227258078
03227256393
03227255528
03227257368
03227257485
03227253695
03227256586
03227258782
03227259911
03227256086
03227253904
03227252601
03227259508
03227258916
03227254240
03227252522
03227252490
03227253250
03227258478
03227254841
03227255957
03227257771
03227255476
03227254963
03227257400
03227259662
03227253021
03227253564
03227251894
03227251869
03227254074
03227258503
03227251113
03227255121
03227257998
03227253077
03227256732
03227251092
03227255772
03227253764
03227254778
03227257313
03227258532
03227259981
03227251827
03227255348
03227253317
03227257344
03227254518
03227258792
03227258297
03227252432
03227258552
03227253724
03227253799
03227256589
03227257121
03227253158
03227257969
03227257775
03227258533
03227253418
03227253390
03227255985
03227257337
03227251271
03227254784
03227253529
03227252916
03227259194
03227255179
03227254503
03227255901
03227256774
03227251063
03227255637
03227258647
03227251513
03227259629
03227259741
03227258217
03227252097
03227255207
03227253988
03227258650
03227253557
03227257277
03227256250
03227253091
03227259816
03227254629
03227256383
03227253440
03227252816
03227255078
03227258230
03227258928
03227255757
03227256257
03227255162
03227254928
03227254283
03227257280
03227259535
03227258672
03227259432
03227256541
03227258299
03227258051
03227255085
03227253082
03227257334
03227252376
03227257353
03227257214
03227258630
03227259156
03227251689
03227258293
03227253166
03227257665
03227255136
03227253093
03227258531
03227256577
03227253562
03227257746
03227253436
03227253934
03227255295
03227251392
03227258719
03227253545
03227256986
03227251329
03227258516
03227253370
03227258594
03227251927
03227251343
03227258957
03227255137
03227258590
03227252501
03227255787
03227259283
03227256643
03227256911
03227256139
03227252493
03227254574
03227259841
03227259653
03227251911
03227258538
03227258278
03227254557
03227253309
03227259127
03227254751
03227258891
03227259436
03227258965
03227253459
03227255029
03227259285
03227252089
03227252380
03227257923
03227257440
03227256991
03227252002
03227255921
03227259079
03227252809
03227256561
03227253889
03227256501
03227253427
03227255335
03227255874
03227257379
03227258788
03227252662
03227251450
03227251056
03227259657
03227255365
03227257944
03227259381
03227253643
03227251800
03227252807
03227251656
03227254974
03227253583
03227251416
03227256483
03227253324
03227255954
03227259924
03227257928
03227252656
03227252661
03227257712
03227252211
03227258937
03227253043
03227257964
03227258520
03227253011
03227253947
03227258368
03227257099
03227253096
03227255701
03227259693
03227251964
03227255655
03227252238
03227258729
03227253721
03227253919
03227256018
03227251008
03227253946
03227256032
03227251857
03227252440
03227257990
03227259938
03227256829
03227252386
03227259665
03227258909
03227258742
03227255968
03227256263
03227251255
03227259091
03227257520
03227251238
03227252643
03227257192
03227251965
03227251471
03227253565
03227257276
03227259408
03227251635
03227258683
