03009617462
03009614842
03009617343
03009618922
03009618603
03009613089
03009617043
03009613397
03009615523
03009611561
03009613232
03009616421
03009615712
03009614988
03009612189
03009619079
03009614618
03009613835
03009613722
03009614754
03009612916
03009611558
03009615570
03009617234
03009614055
03009616166
03009612925
03009613982
03009617288
03009618336
03009611455
03009611446
03009616961
03009615726
03009615791
03009618106
03009614668
03009615767
03009616509
03009612570
03009611887
03009618993
03009613585
03009619923
03009616736
03009613507
03009615200
03009613849
03009615484
03009619584
03009617827
03009618288
03009617506
03009614113
03009616455
03009619133
03009612195
03009614256
03009613541
03009615228
03009618117
03009614998
03009618826
03009613429
03009615615
03009613839
03009618247
03009615790
03009614011
03009613000
03009615347
03009615062
03009612580
03009613001
03009617245
03009617064
03009614828
03009614882
03009617605
03009611274
03009611476
03009611376
03009617898
03009617503
03009612899
03009613993
03009618213
03009616634
03009614314
03009611740
03009617630
03009615451
03009618357
03009611805
03009611737
03009611397
03009611924
03009619694
03009615573
03009614827
03009612940
03009612444
03009611533
03009617305
03009619209
03009612069
03009617366
03009615947
03009616650
03009612267
03009613751
03009616740
03009617100
03009611323
03009611622
03009613233
03009619156
03009619696
03009611259
03009617717
03009619610
03009614222
03009611196
03009615507
03009615667
03009614750
03009615297
03009617596
03009619349
03009611782
03009615803
03009613071
03009614563
03009612459
03009613301
03009619003
03009614564
03009616947
03009615792
03009613183
03009614605
03009615064
03009614637
03009619547
03009617962
03009616776
03009611889
03009615876
03009613567
03009615222
03009612833
03009617310
03009616108
03009613701
03009616402
03009612615
03009619054
03009612917
03009611969
03009614028
03009616759
03009619162
03009619931
03009611031
03009614591
03009612749
03009615466
03009616738
03009616426
03009619617
03009616131
03009615593
03009615203
03009617335
03009617460
03009611244
03009619926
03009619503
03009619341
03009617621
03009615149
03009617192
03009615301
03009618161
03009614332
03009615141
03009612636
03009614126
03009613314
03009619472
03009618799
03009616844
03009615945
03009613127
03009618100
03009618483
03009616406
03009617693
03009619977
03009612832
03009617411
03009613315
03009618234
03009615457
03009611011
03009614524
03009617417
03009612453
03009614013
03009612738
03009615729
03009616430
03009618417
03009614814
03009616160
03009616980
03009612004
03009612278
03009615731
03009618535
03009613975
03009616601
03009615299
03009616798
03009611402
03009611214
03009617456
03009617215
03009612469
03009617352
03009616920
03009611826
03009613690
03009614809
03009611912
03009613115
03009616085
03009615896
03009617018
03009614785
03009614106
03009615129
03009619515
03009614710
03009617776
03009613669
03009617972
03009612572
03009618531
03009611680
03009614780
03009614259
03009618855
03009615425
03009614213
03009613121
03009616559
03009611239
03009616557
03009613259
03009619077
03009611496
03009618498
03009611123
03009611350
03009615068
03009618889
03009614175
03009616381
03009618712
03009613749
03009619868
03009611472
03009615783
03009612087
03009613626
03009617188
03009616743
03009619242
03009619897
03009618821
03009615239
03009617046
03009619431
03009615953
03009616487
03009618901
03009612963
03009619337
03009615779
03009618228
03009618583
03009611869
03009613213
03009619277
03009612545
03009618895
03009615644
03009619083
03009618397
03009612149
03009612968
03009611030
03009614390
03009617382
03009619641
03009612125
03009619494
03009619371
03009619813
03009616280
03009613362
03009616257
03009611452
03009611692
03009615397
03009618580
03009619987
03009611211
03009617044
03009612933
03009615520
03009611285
03009619603
03009615345
03009618873
03009614349
03009614642
03009612072
03009611098
03009611500
03009616671
03009612271
03009616015
03009615041
03009618570
03009616845
03009613468
03009619965
03009615508
03009618414
03009612302
03009618506
03009616956
03009617824
03009613498
03009617063
03009619095
03009617185
03009615104
03009615509
03009613104
03009617779
03009614295
03009613251
03009615145
03009614728
03009618199
03009618714
03009616121
03009611862
03009613584
03009613985
03009615437
03009616651
03009616826
03009611735
03009613211
03009617742
03009617078
03009617424
03009617106
03009618983
03009611096
03009615164
03009611917
03009616524
03009613789
03009618573
03009614035
03009611064
03009611566
03009612236
03009611936
03009612550
03009613524
03009618323
03009615237
03009617308
03009619699
03009616180
03009616644
03009616596
03009612970
03009612387
03009614202
03009616672
03009615328
03009615883
03009619442
03009618026
03009612610
03009618403
03009614121
03009616682
03009619131
03009611334
03009618620
03009619625
03009614679
03009615057
03009617547
03009612018
03009611749
03009614930
03009614714
03009616035
03009619185
03009619687
03009619419
03009611841
03009617406
03009612802
03009614452
03009618568
03009618946
03009614137
03009619586
03009611901
03009618706
03009615180
03009614872
03009613540
03009619626
03009612102
03009617815
03009614108
03009613419
03009619703
03009614297
03009617683
03009615020
03009619096
03009614578
03009611221
03009619487
03009616143
03009616195
03009616184
03009612494
03009611318
03009612230
03009614482
03009611352
03009617724
03009615972
03009619876
03009612675
03009618477
03009612122
03009612828
03009616899
03009611926
03009615766
03009617497
03009619716
03009617543
03009612432
03009612386
03009611678
03009615356
03009613989
03009617725
03009616680
03009611264
03009612563
03009618985
03009614849
03009617355
03009617132
03009611105
03009616496
03009611877
03009612856
03009619802
03009615220
03009612945
03009619958
03009619047
03009611246
03009616100
03009619098
03009614628
03009612588
03009618710
03009618697
03009618641
03009618611
03009619640
03009616874
03009616573
03009614662
03009617802
03009611253
03009616460
03009613409
03009617825
03009611122
03009614990
03009611722
03009612909
03009617695
03009614496
03009614598
03009612473
03009613338
03009618935
03009617888
03009618626
03009612052
03009617510
03009612553
03009612186
03009614543
03009617070
03009616856
03009615003
03009616283
03009615139
03009611691
03009615638
03009618595
03009614978
03009614107
03009612905
03009612185
03009618661
03009617467
03009611002
03009615809
03009614043
03009617587
03009615272
03009619208
03009617939
03009618684
03009616036
03009615750
03009613743
03009613906
03009611223
03009613282
03009612408
03009617920
03009619228
03009613546
03009615045
03009616626
03009612556
03009612906
03009618975
03009617700
03009614518
03009619146
03009615324
03009613892
03009614718
03009619285
03009618733
03009614670
03009619482
03009617222
03009617648
03009617598
03009619103
03009611667
03009617948
03009619591
03009614414
03009619750
03009615312
03009616187
03009613677
03009618639
03009613616
03009618445
03009618730
03009611136
03009618612
03009617571
03009617599
03009615774
03009611517
03009616603
03009618418
03009616504
03009611319
03009614549
03009617737
03009618437
03009612006
03009615897
03009617980
03009619028
03009613453
03009615411
03009614958
03009619383
03009613285
03009615027
03009618330
03009615469
03009616684
03009613878
03009613534
03009619650
03009618517
03009619465
03009611824
03009617585
03009619529
03009619577
03009617910
03009618431
03009614833
03009617750
03009611670
03009612741
03009615635
03009611812
03009614992
03009613319
03009616177
03009614285
03009618804
03009612571
03009615435
03009613186
03009611133
03009611734
03009619738
03009612626
03009614546
03009617566
03009612355
03009617380
03009618515
03009617204
03009615868
03009615429
03009619806
03009615375
03009611895
03009614264
03009615505
03009613798
03009613942
03009614641
03009612065
03009615847
03009616683
03009617357
03009611641
03009615364
03009619712
03009616893
03009616388
03009614398
03009613930
03009617795
03009619839
03009615284
03009617951
03009616216
03009619315
03009615361
03009617119
03009614608
03009619124
03009612972
03009619422
03009618910
03009616909
03009618307
03009619930
03009612606
03009617334
03009617791
03009615097
03009614632
03009617862
03009615925
03009616990
03009617668
03009611469
03009616416
03009617634
03009619966
03009613943
03009618047
03009614873
03009614483
03009618581
03009617521
03009617457
03009616723
03009613710
03009616609
03009612218
03009616454
03009618586
03009616458
03009611791
03009616595
03009614742
03009614723
03009618353
03009613785
03009614257
03009612324
03009617692
03009615496
03009613793
03009617654
03009616556
03009613113
03009619455
03009618819
03009612965
03009615056
03009612209
03009612851
03009617575
03009613103
03009617908
03009614152
03009613706
03009614865
03009613036
03009614357
03009619677
03009619820
03009615224
03009615367
03009619693
03009611088
03009616138
03009612159
03009612025
03009613664
03009619068
03009617154
03009613495
03009612763
03009617635
03009619836
03009618326
03009619581
03009613744
03009617166
03009611619
03009615410
03009614201
03009613549
03009611787
03009612826
03009612460
03009619435
03009617976
03009615483
03009614230
03009613451
03009612341
03009613968
03009616071
03009618320
03009615550
03009619439
03009618839
03009616998
03009616741
03009612901
03009615029
03009614709
03009612954
03009616076
03009616835
03009618058
03009613747
03009615214
03009615492
03009617538
03009615587
03009618062
03009619564
03009614228
03009611092
03009618011
03009618532
03009614183
03009617495
03009617761
03009617433
03009613510
03009613052
03009612474
03009611616
03009612180
03009616570
03009617203
03009616808
03009619607
03009618886
03009617797
03009616481
03009617880
03009618647
03009616172
03009619704
03009617126
03009615073
03009616429
03009615985
03009615211
03009617747
03009616580
03009618729
03009612411
03009618718
03009617533
03009616948
03009616585
03009613023
03009614361
03009616441
03009611567
03009618644
03009618289
03009615980
03009611485
03009611813
03009613212
03009619757
03009619363
03009612359
03009614479
03009612688
03009611004
03009613027
03009612732
03009612216
03009615630
03009616969
03009618822
03009618078
03009617196
03009611295
03009617636
03009614286
03009619730
03009618136
03009618482
03009616784
03009615699
03009614503
03009618834
03009619992
03009614171
03009617463
03009614535
03009616822
03009619365
03009614238
03009617165
03009614516
03009613557
03009612144
03009614597
03009619821
03009617666
03009612651
03009618783
03009611317
03009611010
03009616787
03009611916
03009612121
03009615077
03009612628
03009616342
03009611886
03009615904
03009615305
03009618524
03009613897
03009612223
03009611459
03009619505
03009614287
03009613800
03009618713
03009617144
03009615929
03009613098
03009616543
03009616443
03009617344
03009612141
03009618920
03009613539
03009618660
03009619117
03009613047
03009615719
03009617517
03009619991
03009613160
03009612618
03009614701
03009614288
03009617422
03009617896
03009615279
03009618355
03009619210
03009615033
03009616394
03009619921
03009619351
03009615092
03009615534
03009613866
03009613937
03009611639
03009615387
03009616902
03009614467
03009614179
03009614776
03009612935
03009613708
03009613225
03009616786
03009612257
03009612804
03009616379
03009612231
03009618298
03009618828
03009611668
03009619099
03009614424
03009619721
03009618033
03009617819
03009618187
03009617232
03009612703
03009612220
03009619568
03009618447
03009613126
03009615251
03009619109
03009614080
03009612129
03009618693
03009618439
03009619924
03009613714
03009615093
03009612054
03009611568
03009616953
03009612229
03009617689
03009611053
03009616263
03009613865
03009614766
03009619513
03009617354
03009613110
03009611475
03009613826
03009614139
03009614355
03009611534
03009613147
03009618723
03009614249
03009619142
03009619605
03009618494
03009613229
03009619174
03009616007
03009612939
03009615765
03009616618
03009614531
03009612183
03009619260
03009619596
03009612163
03009614775
03009614006
03009612413
03009617223
03009616963
03009616097
03009619574
03009611955
03009613805
03009613505
03009618546
03009611447
03009617768
03009615592
03009615909
03009613317
03009619661
03009612830
03009611001
03009612891
03009616183
03009615624
03009612171
03009611049
03009613551
03009616560
03009619474
03009615136
03009611271
03009616265
03009613077
03009612433
03009616433
03009612201
03009613809
03009616584
03009616474
03009616968
03009615170
03009615984
03009617067
03009614415
03009618623
03009614892
03009613155
03009616254
03009612751
03009614392
03009615961
03009613206
03009614454
03009613949
03009618566
03009611117
03009618984
03009616945
03009616290
03009613410
03009614255
03009614371
03009612514
03009614007
03009619475
03009612212
03009619508
03009613076
03009616356
03009614033
03009617721
03009618556
03009617756
03009612213
03009616157
03009619113
03009614448
03009614440
03009616879
03009619871
03009617978
03009612483
03009613635
03009612691
03009617600
03009616220
03009618879
03009612574
03009612812
03009617918
03009614252
03009612377
03009619148
03009616778
03009618147
03009611179
03009619675
03009618035
03009611928
03009615485
03009615393
03009618903
03009619858
03009616639
03009617177
03009618961
03009619815
03009614067
03009612643
03009616028
03009616991
03009618577
03009616816
03009615476
03009614010
03009618841
03009617623
03009615744
03009619837
03009617961
03009613779
03009611247
03009613527
03009613268
03009614765
03009618843
03009618375
03009614386
03009617090
03009612825
03009613787
03009614773
03009616361
03009613382
03009611701
03009613613
03009612996
03009618301
03009619734
03009613119
03009619786
03009619570
03009614363
03009614198
03009617899
03009617917
03009616643
03009616633
03009619648
03009618610
03009613112
03009616211
03009615693
03009615049
03009615692
03009618257
03009612306
03009619901
03009615751
03009613028
03009613774
03009617140
03009612747
03009611536
03009614045
03009618128
03009613740
03009611394
03009618905
03009617089
03009617441
03009611853
03009612845
03009615725
03009617751
03009615490
03009617947
03009617527
03009614492
03009619885
03009613819
03009613496
03009614125
03009617289
03009612622
03009616901
03009613166
03009615002
03009619372
03009614817
03009616788
03009619830
03009615234
03009615217
03009614976
03009616023
03009611650
03009616090
03009614800
03009614009
03009613283
03009612568
03009617315
03009613854
03009617570
03009616818
03009613167
03009618239
03009614466
03009612418
03009619679
03009617268
03009611131
03009613463
03009617697
03009619257
03009615595
03009617425
03009611151
03009618519
03009618102
03009616931
03009617852
03009616532
03009612100
03009619882
03009612434
03009615518
03009617241
03009619217
03009617412
03009613011
03009612067
03009612274
03009611919
03009611479
03009614253
03009618754
03009619460
03009611336
03009616312
03009614026
03009611606
03009611719
03009616428
03009616419
03009618550
03009618715
03009616235
03009617933
03009616992
03009619796
03009614100
03009615379
03009613431
03009611914
03009616050
03009614685
03009617190
03009618686
03009614844
03009618441
03009614265
03009619347
03009617471
03009616875
03009611574
03009615856
03009619089
03009619587
03009612798
03009618861
03009614296
03009615831
03009612816
03009613480
03009614487
03009615964
03009614653
03009614081
03009617545
03009613044
03009615285
03009611627
03009612919
03009619212
03009615772
03009619368
03009618764
03009613511
03009616359
03009617675
03009617878
03009613940
03009617461
03009612653
03009613843
03009619115
03009611359
03009616799
03009612028
03009613953
03009619939
03009614693
03009613389
03009619329
03009618530
03009615478
03009617486
03009619020
03009617907
03009614573
03009618166
03009617026
03009614576
03009614927
03009617066
03009618376
03009616457
03009615805
03009616767
03009618502
03009612000
03009613702
03009613928
03009618096
03009611238
03009616120
03009614846
03009618897
03009615258
03009615832
03009615983
03009614675
03009615374
03009614181
03009617829
03009612196
03009614919
03009619554
03009618079
03009618123
03009612089
03009612612
03009615461
03009614292
03009618422
03009616219
03009613172
03009619799
03009612692
03009615598
03009615627
03009614601
03009617381
03009616247
03009613544
03009611786
03009619726
03009619268
03009615116
03009611193
03009618593
03009614195
03009618627
03009613608
03009611847
03009618947
03009613921
03009619667
03009611838
03009615776
03009611184
03009617698
03009619275
03009612677
03009617914
03009612660
03009611982
03009619776
03009618553
03009613227
03009614144
03009611375
03009618352
03009614019
03009615208
03009612600
03009614226
03009616943
03009612611
03009611128
03009611324
03009618771
03009615931
03009615394
03009611896
03009614087
03009616591
03009617201
03009618269
03009611915
03009615642
03009615400
03009618794
03009612071
03009615567
03009611880
03009611465
03009613471
03009612332
03009616785
03009615333
03009613845
03009613158
03009613674
03009619015
03009613680
03009617902
03009612264
03009611150
03009612363
03009611610
03009616939
03009618584
03009611542
03009613816
03009619056
03009619671
03009613203
03009615118
03009613513
03009611820
03009619902
03009613776
03009618118
03009617075
03009615058
03009618070
03009614935
03009611456
03009617499
03009617665
03009618548
03009618579
03009619854
03009613628
03009614887
03009616249
03009617729
03009615661
03009618726
03009619645
03009618643
03009612486
03009613771
03009613064
03009619783
03009615739
03009615166
03009612614
03009616101
03009616606
03009617940
03009619395
03009612172
03009615537
03009612783
03009613241
03009616273
03009615877
03009615728
03009617328
03009612686
03009616712
03009611413
03009615051
03009619343
03009612838
03009616292
03009614626
03009616217
03009614435
03009617881
03009612808
03009619995
03009613413
03009615319
03009611748
03009618786
03009614182
03009618308
03009613489
03009614469
03009612156
03009616861
03009615402
03009611909
03009619362
03009612455
03009615464
03009618453
03009613122
03009616829
03009613270
03009613262
03009614551
03009616032
03009613177
03009617736
03009617656
03009613761
03009612788
03009619827
03009615257
03009614525
03009616942
03009613145
03009611966
03009615616
03009617923
03009617187
03009615977
03009617129
03009616855
03009615426
03009611947
03009614959
03009612013
03009613868
03009613757
03009611037
03009617911
03009615752
03009616813
03009618394
03009614073
03009615574
03009616652
03009612971
03009618769
03009619309
03009612431
03009612829
03009615198
03009616248
03009616082
03009617285
03009619424
03009616322
03009616417
03009614868
03009613060
03009619606
03009618578
03009611419
03009618208
03009614579
03009617712
03009612170
03009613767
03009618793
03009611903
03009615315
03009614157
03009618085
03009616707
03009616116
03009619516
03009612130
03009616997
03009618671
03009618237
03009614443
03009612133
03009611589
03009614583
03009611976
03009613591
03009613365
03009618973
03009615289
03009617851
03009612480
03009615381
03009614109
03009618243
03009614746
03009618236
03009616113
03009616063
03009612647
03009613181
03009617522
03009612446
03009616123
03009617054
03009619183
03009616817
03009614609
03009611236
03009617894
03009617734
03009616083
03009611664
03009617013
03009613969
03009616190
03009612442
03009617386
03009613353
03009611187
03009618470
03009619404
03009611907
03009617968
03009617528
03009612430
03009617766
03009615405
03009618992
03009615973
03009613297
03009616709
03009619500
03009617007
03009613954
03009616194
03009614016
03009619660
03009615724
03009612093
03009614744
03009614005
03009614499
03009615080
03009615059
03009612770
03009615867
03009616764
03009616641
03009613707
03009618361
03009611942
03009616258
03009618021
03009617995
03009612892
03009618169
03009616146
03009615434
03009613012
03009618440
03009615388
03009612247
03009612243
03009617685
03009613537
03009616221
03009612584
03009613059
03009619945
03009612858
03009613299
03009619989
03009614251
03009619144
03009613226
03009613401
03009617703
03009614097
03009611851
03009615836
03009614178
03009613665
03009619646
03009619758
03009612272
03009612024
03009614397
03009618273
03009616476
03009618103
03009615912
03009611799
03009617889
03009615109
03009616200
03009617975
03009612134
03009617838
03009613022
03009619296
03009612161
03009618845
03009614540
03009615833
03009617701
03009611287
03009617034
03009613039
03009616463
03009619231
03009611035
03009615428
03009618461
03009615026
03009614917
03009613176
03009617775
03009618958
03009615123
03009617489
03009616207
03009611543
03009615689
03009617511
03009612976
03009619863
03009615671
03009619857
03009616936
03009619111
03009615188
03009613151
03009615063
03009617194
03009615335
03009618658
03009619997
03009614074
03009617107
03009612920
03009619846
03009612966
03009617037
03009611356
03009618635
03009614290
03009616974
03009613309
03009611344
03009615527
03009614928
03009619097
03009611172
03009618604
03009618090
03009614064
03009612586
03009615806
03009617549
03009611545
03009617206
03009616175
03009616890
03009617167
03009612639
03009614315
03009611807
03009612137
03009611879
03009619535
03009612266
03009615608
03009619560
03009612662
03009612902
03009611014
03009619017
03009615781
03009614530
03009616977
03009611062
03009618067
03009617580
03009612744
03009616102
03009615168
03009614059
03009612836
03009611930
03009614695
03009618346
03009615442
03009616282
03009619522
03009613999
03009618028
03009617988
03009618882
03009613750
03009616192
03009615266
03009611386
03009618023
03009611108
03009618108
03009615848
03009613253
03009613153
03009614227
03009617807
03009611815
03009614411
03009618206
03009612772
03009617967
03009614555
03009615571
03009613526
03009612734
03009613322
03009619672
03009616452
03009613033
03009613107
03009613862
03009616571
03009619909
03009613736
03009611728
03009615143
03009616586
03009612498
03009614229
03009612055
03009611715
03009617360
03009612187
03009619195
03009611739
03009618652
03009614700
03009617253
03009617114
03009617577
03009619396
03009614635
03009613945
03009615243
03009616737
03009611043
03009611380
03009612056
03009619297
03009611607
03009613170
03009619234
03009612946
03009617376
03009619289
03009618162
03009615084
03009611335
03009614474
03009619008
03009613102
03009611970
03009617420
03009617770
03009619062
03009615438
03009617650
03009611144
03009617870
03009619534
03009617139
03009617238
03009612441
03009617973
03009613092
03009612372
03009614407
03009619057
03009617006
03009619126
03009615401
03009617867
03009616578
03009618574
03009615590
03009616568
03009614458
03009618953
03009611412
03009615115
03009613836
03009618874
03009615679
03009612547
03009614900
03009615561
03009619775
03009611363
03009613411
03009612050
03009615721
03009617111
03009618242
03009615656
03009614963
03009615055
03009616772
03009617001
03009612484
03009612049
03009619847
03009616815
03009614575
03009613412
03009617162
03009618185
03009615825
03009617326
03009619255
03009616692
03009611859
03009614156
03009611444
03009614038
03009617586
03009617629
03009614527
03009612852
03009618479
03009612592
03009615603
03009618801
03009614907
03009616449
03009611240
03009611873
03009613194
03009615053
03009618746
03009615199
03009617950
03009612051
03009616225
03009618395
03009612396
03009618986
03009616329
03009618963
03009612742
03009619888
03009613518
03009615704
03009617957
03009619196
03009611367
03009614223
03009618971
03009614611
03009619392
03009613277
03009619376
03009617266
03009613473
03009612191
03009612762
03009613497
03009611360
03009612698
03009614151
03009616087
03009611337
03009615578
03009614457
03009613605
03009619274
03009615028
03009615018
03009612930
03009617879
03009612501
03009611302
03009613685
03009614523
03009616228
03009613339
03009618774
03009616849
03009618923
03009616795
03009613566
03009611381
03009611552
03009611892
03009617847
03009619656
03009614738
03009618258
03009616445
03009612911
03009614311
03009618260
03009615418
03009618174
03009612748
03009614481
03009616804
03009613329
03009617159
03009616809
03009615708
03009613647
03009614233
03009612110
03009612803
03009618708
03009615581
03009616563
03009618400
03009613905
03009616531
03009618565
03009612492
03009618217
03009618709
03009613306
03009617205
03009611322
03009612645
03009619143
03009613366
03009616989
03009618203
03009611409
03009618125
03009613808
03009613988
03009614025
03009614334
03009618846
03009614280
03009612679
03009617017
03009614268
03009611391
03009611988
03009616288
03009611047
03009615111
03009618450
03009614325
03009612401
03009618866
03009616664
03009617377
03009615153
03009612543
03009618163
03009611776
03009616490
03009616069
03009618109
03009619862
03009611753
03009614526
03009618349
03009614960
03009611378
03009617155
03009616298
03009619674
03009611586
03009613236
03009618392
03009615158
03009614869
03009616622
03009617615
03009619833
03009615302
03009618341
03009616742
03009618848
03009616019
03009619798
03009618587
03009616122
03009616937
03009617263
03009615286
03009611018
03009613383
03009611331
03009611200
03009617176
03009613240
03009611920
03009619223
03009619486
03009614205
03009613387
03009618940
03009611166
03009612177
03009611087
03009613359
03009613895
03009613780
03009613995
03009619359
03009612329
03009618814
03009616142
03009613555
03009617892
03009616828
03009618467
03009613777
03009619825
03009615535
03009618727
03009613415
03009615010
03009616883
03009618322
03009614120
03009618043
03009619559
03009617255
03009614330
03009616689
03009613180
03009613881
03009613105
03009614143
03009615463
03009615495
03009617848
03009614337
03009612435
03009619470
03009612211
03009617181
03009618885
03009616897
03009611036
03009618209
03009618698
03009619927
03009616629
03009616299
03009617873
03009616761
03009617340
03009611777
03009616357
03009611466
03009617277
03009615621
03009619272
03009615009
03009613446
03009616233
03009618053
03009619782
03009617681
03009619642
03009613773
03009617149
03009612735
03009612844
03009617105
03009611086
03009616996
03009612043
03009614273
03009616589
03009613875
03009612285
03009612391
03009618427
03009611016
03009617394
03009619838
03009616868
03009619612
03009615834
03009613909
03009618622
03009617229
03009611213
03009612166
03009614936
03009614612
03009611883
03009619386
03009612785
03009617024
03009617262
03009619499
03009618884
03009611217
03009619240
03009616726
03009618672
03009619859
03009612280
03009611620
03009613391
03009619711
03009617481
03009617555
03009611474
03009616208
03009618916
03009615651
03009613316
03009615376
03009615741
03009618939
03009617672
03009618779
03009611959
03009611176
03009615641
03009613992
03009619794
03009612576
03009613356
03009617983
03009618849
03009612147
03009615974
03009616341
03009615609
03009617822
03009614702
03009618634
03009614402
03009612876
03009617912
03009612527
03009617186
03009611390
03009618345
03009613848
03009615841
03009617787
03009611079
03009618383
03009611104
03009615979
03009619398
03009619916
03009617658
03009612621
03009619498
03009611102
03009617690
03009615350
03009619310
03009617707
03009617553
03009613286
03009614236
03009619038
03009614377
03009613263
03009613114
03009616806
03009614231
03009612415
03009613007
03009616872
03009612224
03009611147
03009614895
03009615182
03009615236
03009619629
03009618424
03009612538
03009616012
03009614903
03009614170
03009616810
03009612281
03009619495
03009611156
03009612994
03009614538
03009617859
03009618287
03009613550
03009611961
03009616701
03009619300
03009617840
03009612864
03009612591
03009611512
03009613427
03009617082
03009615698
03009618020
03009615338
03009618077
03009619129
03009613025
03009614912
03009616453
03009617247
03009614969
03009614719
03009616660
03009618674
03009618193
03009615882
03009617396
03009616765
03009611026
03009613617
03009617821
03009618472
03009614260
03009612952
03009615818
03009619158
03009619464
03009617227
03009614387
03009612032
03009615281
03009612190
03009618143
03009617569
03009619346
03009616676
03009611312
03009613296
03009613575
03009611652
03009616439
03009613873
03009614358
03009611429
03009618409
03009614504
03009617195
03009612316
03009611494
03009616009
03009614732
03009616760
03009611426
03009614755
03009615294
03009617494
03009614914
03009615594
03009618673
03009618540
03009613788
03009618469
03009615861
03009619743
03009612782
03009618809
03009617513
03009615460
03009613781
03009613639
03009617753
03009615416
03009617029
03009617108
03009616178
03009612792
03009616579
03009612745
03009612961
03009615370
03009616358
03009618945
03009618862
03009611657
03009618763
03009612755
03009619869
03009616304
03009617452
03009611440
03009615391
03009618496
03009619628
03009613924
03009617644
03009611116
03009617540
03009612077
03009614636
03009617884
03009618486
03009612495
03009615748
03009613116
03009616782
03009613438
03009619216
03009619002
03009618650
03009613802
03009613912
03009612923
03009611449
03009615717
03009612921
03009619245
03009617307
03009613117
03009619036
03009614254
03009618817
03009617594
03009616582
03009618902
03009618001
03009619845
03009617469
03009613732
03009618192
03009616091
03009616360
03009611714
03009612818
03009611708
03009616502
03009614581
03009619999
03009617745
03009616128
03009619184
03009614423
03009611881
03009619791
03009617033
03009619134
03009612251
03009614610
03009612325
03009611837
03009615648
03009615193
03009616062
03009612726
03009612511
03009617458
03009618551
03009617618
03009616645
03009616583
03009612773
03009615777
03009612409
03009615421
03009615440
03009614022
03009613941
03009612863
03009617225
03009619463
03009611796
03009615152
03009617098
03009611800
03009618624
03009614351
03009612551
03009611626
03009614422
03009611269
03009618683
03009617200
03009619326
03009615819
03009618833
03009612293
03009616904
03009616397
03009611170
03009613198
03009613668
03009613048
03009611587
03009611453
03009617088
03009612232
03009615695
03009618105
03009613509
03009611164
03009612753
03009611768
03009611857
03009614674
03009616302
03009618264
03009619506
03009616347
03009618526
03009614003
03009618344
03009618864
03009612116
03009619816
03009616354
03009618952
03009618402
03009611510
03009613394
03009617602
03009615061
03009619018
03009611811
03009618607
03009612910
03009615610
03009616003
03009613188
03009616311
03009616301
03009617942
03009618890
03009614101
03009612438
03009614644
03009619048
03009612936
03009615413
03009613517
03009611745
03009613149
03009617536
03009618325
03009618745
03009613465
03009612192
03009619736
03009619448
03009616112
03009616627
03009619370
03009612375
03009619960
03009619511
03009619072
03009618749
03009615480
03009619647
03009615501
03009614250
03009611726
03009618034
03009612854
03009615652
03009618315
03009611996
03009616029
03009614867
03009612701
03009618691
03009616309
03009619155
03009612374
03009611981
03009611224
03009618063
03009619575
03009614879
03009615547
03009617482
03009613818
03009615486
03009613257
03009611727
03009616385
03009617374
03009619828
03009613931
03009614086
03009612513
03009614717
03009616371
03009616910
03009619171
03009614276
03009616346
03009617691
03009612268
03009619971
03009617087
03009617117
03009616999
03009614463
03009612874
03009619678
03009613643
03009612769
03009615000
03009612152
03009617293
03009613977
03009613254
03009618637
03009618311
03009619541
03009614434
03009613217
03009613725
03009611441
03009616170
03009612334
03009617985
03009615384
03009612479
03009614933
03009616703
03009617231
03009613838
03009613576
03009613208
03009615994
03009613832
03009618549
03009616840
03009618883
03009611816
03009618362
03009615349
03009613997
03009611432
03009613508
03009611308
03009614784
03009619324
03009611908
03009611497
03009611258
03009613395
03009613922
03009618597
03009611405
03009614472
03009618908
03009611743
03009613101
03009615447
03009612337
03009617684
03009615493
03009619101
03009614855
03009615270
03009613723
03009614739
03009618792
03009617946
03009611300
03009617290
03009613445
03009614961
03009613218
03009616957
03009615762
03009613157
03009611171
03009611415
03009615814
03009615682
03009616303
03009614857
03009611083
03009611673
03009619066
03009613327
03009617682
03009619733
03009619583
03009616687
03009613796
03009612309
03009612048
03009614140
03009615221
03009617509
03009617256
03009617710
03009615978
03009614262
03009614633
03009612552
03009613323
03009611643
03009615934
03009614541
03009616060
03009615894
03009619890
03009613573
03009618241
03009619809
03009611005
03009611021
03009613765
03009611541
03009611082
03009617348
03009617372
03009619855
03009613974
03009614432
03009614042
03009615130
03009616409
03009616074
03009613577
03009612153
03009616375
03009612650
03009618246
03009615330
03009613357
03009613683
03009619469
03009616169
03009615676
03009612301
03009618585
03009617168
03009616204
03009611233
03009611461
03009619619
03009617498
03009614663
03009612210
03009616331
03009619810
03009616245
03009616925
03009613295
03009619114
03009614015
03009619525
03009618297
03009619790
03009615038
03009616330
03009612008
03009611592
03009617790
03009617505
03009616446
03009614854
03009615606
03009614089
03009613737
03009614806
03009618512
03009613466
03009617296
03009616756
03009616056
03009619443
03009616057
03009619106
03009615511
03009611168
03009612654
03009616064
03009614420
03009618825
03009619543
03009613363
03009616510
03009616268
03009615025
03009613957
03009615580
03009611013
03009614830
03009613034
03009614757
03009618051
03009613512
03009613735
03009618319
03009614352
03009618508
03009614459
03009612670
03009616127
03009613424
03009614982
03009618225
03009615016
03009612151
03009612448
03009619046
03009618471
03009617212
03009616917
03009614665
03009611762
03009614445
03009612875
03009619382
03009618918
03009619281
03009614473
03009618941
03009613428
03009618564
03009615784
03009615035
03009615821
03009617839
03009613385
03009612011
03009611972
03009615076
03009618977
03009613998
03009615696
03009616544
03009612321
03009612113
03009611040
03009612226
03009618012
03009612346
03009611854
03009614083
03009611406
03009612443
03009619409
03009611286
03009611580
03009615398
03009619644
03009613657
03009615650
03009619159
03009619471
03009616478
03009613580
03009614258
03009612242
03009616863
03009613199
03009614123
03009616690
03009611716
03009616286
03009618164
03009611835
03009615879
03009619972
03009613252
03009614993
03009619536
03009616614
03009615419
03009619483
03009611076
03009617557
03009616485
03009616351
03009618495
03009612344
03009618765
03009617595
03009611840
03009619244
03009614596
03009619864
03009613908
03009613272
03009612119
03009611480
03009611822
03009619770
03009619292
03009614477
03009611115
03009611514
03009616965
03009612759
03009615786
03009618266
03009615230
03009619934
03009613630
03009617963
03009618657
03009613069
03009618283
03009616928
03009614008
03009619707
03009614940
03009615098
03009612705
03009617363
03009611029
03009618653
03009616095
03009619203
03009618277
03009611228
03009618756
03009619081
03009613601
03009614014
03009614850
03009618752
03009611486
03009613461
03009615283
03009614770
03009616691
03009615395
03009619565
03009619135
03009614427
03009619685
03009617429
03009619527
03009617846
03009618731
03009612505
03009619662
03009611226
03009612277
03009612633
03009613919
03009613603
03009617539
03009612064
03009614036
03009613772
03009616717
03009615498
03009619769
03009614471
03009618240
03009618521
03009614876
03009617564
03009615951
03009615529
03009614186
03009612188
03009618339
03009617964
03009612376
03009613006
03009613730
03009614161
03009612661
03009616370
03009614966
03009618962
03009617291
03009618735
03009615713
03009612985
03009614795
03009615206
03009612015
03009619042
03009614430
03009617488
03009617651
03009612009
03009618926
03009615697
03009615808
03009614271
03009618995
03009614706
03009618293
03009611573
03009614497
03009615859
03009617156
03009616567
03009616894
03009615353
03009613168
03009617239
03009619484
03009611653
03009611747
03009615354
03009611721
03009612664
03009615971
03009612861
03009612585
03009615564
03009616156
03009617273
03009616666
03009615441
03009619555
03009617032
03009614447
03009616546
03009616685
03009619880
03009612030
03009618789
03009612123
03009617833
03009611044
03009618050
03009615014
03009614309
03009616529
03009613920
03009618687
03009618599
03009614621
03009613472
03009619344
03009613894
03009617454
03009619013
03009615795
03009616774
03009614032
03009616229
03009616674
03009615031
03009614324
03009612740
03009618950
03009612311
03009613614
03009611192
03009616314
03009614168
03009617943
03009617504
03009618554
03009615292
03009614965
03009619732
03009617145
03009611464
03009618227
03009618244
03009619305
03009617035
03009614544
03009611925
03009619589
03009617588
03009612958
03009613840
03009616678
03009619480
03009612605
03009616088
03009615197
03009616442
03009615913
03009616548
03009613008
03009617401
03009619767
03009617485
03009614084
03009613828
03009614308
03009611205
03009614388
03009618088
03009614613
03009615828
03009617294
03009613935
03009613054
03009619849
03009614539
03009613030
03009618101
03009613676
03009613307
03009615556
03009612424
03009611977
03009612948
03009617993
03009619531
03009612521
03009612057
03009615091
03009618027
03009617999
03009615280
03009614044
03009618929
03009613775
03009618619
03009619954
03009617552
03009618514
03009612109
03009614241
03009611307
03009614781
03009615336
03009617055
03009615260
03009613851
03009614985
03009614404
03009616161
03009616512
03009615542
03009614071
03009617487
03009614625
03009618004
03009611804
03009619867
03009611894
03009613752
03009618224
03009618954
03009617124
03009619943
03009611874
03009616762
03009618790
03009619318
03009619421
03009619760
03009612352
03009617392
03009614733
03009613303
03009618699
03009617236
03009611694
03009615845
03009611051
03009613983
03009613090
03009615548
03009616179
03009618229
03009618837
03009615241
03009619388
03009617806
03009612197
03009618371
03009617652
03009615738
03009619451
03009611126
03009615134
03009618590
03009613190
03009611278
03009619232
03009613936
03009612779
03009613769
03009615497
03009618145
03009615039
03009614890
03009611600
03009612807
03009615799
03009615614
03009615191
03009616617
03009617945
03009611952
03009611968
03009617320
03009612340
03009614558
03009613093
03009616908
03009615948
03009618448
03009617531
03009613724
03009617796
03009613274
03009616836
03009613571
03009615060
03009619895
03009615549
03009616922
03009611527
03009618138
03009611142
03009615487
03009613458
03009613586
03009619243
03009617050
03009618938
03009615488
03009617163
03009613621
03009617280
03009619009
03009615380
03009616483
03009611502
03009614987
03009613032
03009612228
03009617364
03009615303
03009619688
03009617593
03009613235
03009612957
03009618054
03009612073
03009616039
03009614713
03009611198
03009619444
03009611055
03009613592
03009619265
03009613951
03009613904
03009612620
03009611860
03009614374
03009619005
03009616027
03009613519
03009611158
03009611770
03009618572
03009617614
03009613588
03009618867
03009611173
03009611185
03009616038
03009614359
03009614559
03009611482
03009619052
03009619452
03009617327
03009619338
03009618555
03009616414
03009611493
03009613850
03009615019
03009611137
03009613687
03009616975
03009616336
03009612238
03009617798
03009616398
03009617523
03009615382
03009618988
03009614645
03009614442
03009618386
03009611199
03009613148
03009617373
03009617322
03009611975
03009616165
03009613422
03009612617
03009613844
03009618134
03009615853
03009618393
03009618541
03009612915
03009618468
03009619381
03009616031
03009617777
03009616491
03009615714
03009616958
03009614864
03009615822
03009618778
03009619980
03009614905
03009617349
03009614838
03009613154
03009612482
03009619295
03009616640
03009611183
03009617073
03009618853
03009612593
03009619715
03009616930
03009617297
03009618894
03009613879
03009611091
03009618561
03009617039
03009618010
03009612950
03009615295
03009611023
03009619851
03009613230
03009616934
03009615271
03009619900
03009619512
03009616045
03009618002
03009615943
03009612458
03009619450
03009612761
03009612184
03009612913
03009612222
03009617632
03009618049
03009617258
03009613970
03009618692
03009617079
03009612400
03009619342
03009611191
03009615226
03009618296
03009612898
03009614381
03009611572
03009618775
03009611006
03009612569
03009614712
03009613667
03009617639
03009615179
03009612642
03009618966
03009612059
03009612014
03009612533
03009616281
03009617395
03009614153
03009612842
03009611032
03009614617
03009612214
03009616839
03009619588
03009613061
03009612097
03009619920
03009618387
03009614163
03009619684
03009616724
03009616914
03009614792
03009616066
03009614703
03009614176
03009615932
03009619973
03009615399
03009617952
03009616659
03009612497
03009615802
03009618976
03009613185
03009618678
03009615218
03009611121
03009614266
03009614310
03009612135
03009611488
03009612942
03009617053
03009611235
03009613087
03009616698
03009612888
03009617423
03009614154
03009618434
03009613731
03009613051
03009613058
03009613991
03009614373
03009615924
03009617254
03009615538
03009618231
03009618131
03009612345
03009613666
03009614464
03009611509
03009611922
03009613654
03009619835
03009618504
03009618937
03009613063
03009619030
03009611487
03009615620
03009618069
03009611207
03009619749
03009617774
03009617303
03009613981
03009616517
03009614736
03009619191
03009617813
03009613374
03009619080
03009619266
03009611129
03009619403
03009614155
03009611658
03009615569
03009617419
03009612105
03009617009
03009614439
03009617023
03009617812
03009619623
03009613335
03009614715
03009614619
03009619673
03009614237
03009616700
03009615976
03009613768
03009619745
03009615249
03009612221
03009614856
03009616163
03009613440
03009616946
03009615668
03009616972
03009617844
03009618388
03009617267
03009612168
03009614550
03009617027
03009619918
03009614957
03009619592
03009613650
03009613056
03009616471
03009619582
03009611648
03009619894
03009618662
03009618066
03009612700
03009616392
03009618875
03009616500
03009615248
03009611905
03009611403
03009619029
03009617670
03009612074
03009616244
03009613847
03009613890
03009618812
03009611521
03009614119
03009611353
03009618805
03009616949
03009618351
03009613624
03009618960
03009618475
03009613525
03009617150
03009615479
03009613144
03009615404
03009615584
03009616046
03009613520
03009619254
03009616513
03009615647
03009619763
03009616896
03009618280
03009618544
03009616065
03009618868
03009611953
03009612718
03009618458
03009611843
03009617991
03009618411
03009618363
03009612669
03009612676
03009617051
03009616637
03009612947
03009618039
03009616811
03009612903
03009619706
03009618560
03009613221
03009617387
03009614851
03009612904
03009612003
03009617913
03009612885
03009618098
03009612685
03009614203
03009615467
03009618149
03009615911
03009614970
03009611731
03009613125
03009616821
03009611733
03009617984
03009619161
03009616597
03009614839
03009613559
03009613487
03009619765
03009614638
03009614165
03009618491
03009615706
03009612608
03009613913
03009617436
03009613812
03009612536
03009614908
03009613590
03009611489
03009614261
03009618030
03009619929
03009618153
03009611501
03009617845
03009614924
03009612298
03009611114
03009613686
03009619327
03009612708
03009611505
03009614060
03009616307
03009611732
03009618852
03009615290
03009612416
03009619149
03009616390
03009613258
03009616915
03009617074
03009615307
03009612046
03009612673
03009611973
03009617440
03009618582
03009616378
03009617125
03009611270
03009615643
03009613719
03009613404
03009617030
03009613209
03009616713
03009618614
03009614658
03009615327
03009618222
03009618364
03009614501
03009619150
03009613340
03009616797
03009615804
03009619663
03009619948
03009614943
03009615238
03009611868
03009617764
03009613164
03009614389
03009615930
03009616768
03009612881
03009613312
03009613689
03009618832
03009611717
03009616412
03009618608
03009618854
03009613663
03009619408
03009613420
03009616994
03009614888
03009618538
03009611075
03009617831
03009617342
03009617895
03009619402
03009619861
03009619035
03009616781
03009615640
03009615688
03009612462
03009614408
03009612509
03009612860
03009614774
03009616011
03009611000
03009618068
03009618516
03009619819
03009617099
03009618022
03009613720
03009612167
03009615032
03009612426
03009614514
03009613423
03009618013
03009618401
03009616892
03009616711
03009618788
03009616252
03009619676
03009619937
03009614393
03009618510
03009614490
03009611283
03009614240
03009616860
03009617093
03009615662
03009613207
03009619922
03009617576
03009612035
03009613914
03009618455
03009616119
03009616661
03009618032
03009619540
03009611821
03009618313
03009611408
03009619182
03009617783
03009611152
03009616550
03009619618
03009618347
03009613220
03009614142
03009616469
03009618717
03009612360
03009613425
03009618373
03009618405
03009611730
03009616814
03009617534
03009611457
03009617183
03009614893
03009618513
03009612233
03009618534
03009615296
03009615090
03009613324
03009613013
03009617574
03009614810
03009613758
03009613695
03009616115
03009613447
03009618856
03009619735
03009615686
03009619132
03009611332
03009611575
03009613966
03009612704
03009615957
03009617002
03009611713
03009617446
03009611068
03009616982
03009617426
03009619537
03009616155
03009616592
03009618115
03009614192
03009616054
03009615359
03009615999
03009614607
03009619792
03009618259
03009611306
03009619702
03009611034
03009617731
03009614322
03009611685
03009615890
03009614350
03009614148
03009614428
03009619279
03009617434
03009618476
03009612809
03009616353
03009618156
03009615579
03009616139
03009619843
03009619492
03009619519
03009615121
03009611067
03009612342
03009613792
03009612506
03009611008
03009611850
03009615363
03009618980
03009615194
03009615133
03009615304
03009612080
03009619044
03009613224
03009614680
03009613651
03009615545
03009616047
03009614858
03009616745
03009614158
03009616260
03009615023
03009619842
03009613642
03009615344
03009616305
03009616598
03009614187
03009611027
03009617439
03009618638
03009611267
03009611288
03009616960
03009614117
03009616150
03009613872
03009618617
03009614822
03009618933
03009611160
03009618740
03009619336
03009611946
03009619045
03009619669
03009614600
03009617611
03009618758
03009613717
03009614291
03009613500
03009619630
03009613343
03009619193
03009613094
03009613441
03009614369
03009612012
03009616278
03009611095
03009615600
03009611478
03009613939
03009613955
03009617338
03009611530
03009614676
03009612587
03009611943
03009616889
03009618598
03009616004
03009612405
03009619417
03009613713
03009618340
03009612890
03009618072
03009618782
03009612849
03009614748
03009614500
03009615446
03009619804
03009614941
03009617886
03009613727
03009619772
03009616043
03009613536
03009618176
03009613815
03009612880
03009618492
03009617935
03009614841
03009618840
03009611689
03009611785
03009617221
03009614515
03009617954
03009617173
03009614574
03009616199
03009616034
03009617228
03009615986
03009614283
03009611210
03009619317
03009612178
03009617915
03009611227
03009614533
03009614909
03009612312
03009616505
03009616363
03009613602
03009619729
03009616841
03009618807
03009611611
03009619236
03009611921
03009614944
03009611775
03009615042
03009614378
03009611243
03009616658
03009618084
03009611125
03009614916
03009613813
03009614318
03009618968
03009611991
03009615743
03009619401
03009617367
03009612857
03009611463
03009615120
03009614971
03009616728
03009619724
03009616695
03009611458
03009617249
03009616636
03009616657
03009612655
03009619705
03009618880
03009616924
03009618836
03009611723
03009617548
03009615074
03009618770
03009612090
03009613552
03009615612
03009614749
03009617451
03009611374
03009619634
03009611593
03009615842
03009619085
03009611757
03009614901
03009618195
03009619253
03009618232
03009611958
03009611310
03009615144
03009612174
03009613745
03009614093
03009611428
03009616315
03009618389
03009617104
03009613255
03009614977
03009614556
03009618830
03009614724
03009612276
03009617459
03009616167
03009612096
03009618613
03009613421
03009617664
03009613673
03009613766
03009612938
03009613448
03009618781
03009617893
03009618055
03009612001
03009619410
03009613247
03009618369
03009617014
03009616348
03009617789
03009614039
03009613002
03009618797
03009614476
03009613711
03009616498
03009612249
03009611602
03009616803
03009617702
03009616831
03009615383
03009612420
03009614799
03009616757
03009611598
03009617072
03009618295
03009615884
03009613831
03009618071
03009618899
03009611483
03009611772
03009618255
03009615502
03009617160
03009611645
03009611790
03009619311
03009612537
03009619420
03009613729
03009618202
03009619225
03009612929
03009612877
03009616638
03009618596
03009613530
03009617679
03009611103
03009619597
03009617202
03009611038
03009612357
03009612286
03009615758
03009613478
03009614410
03009619668
03009615169
03009612244
03009617295
03009611520
03009614945
03009618702
03009615099
03009618742
03009614111
03009617153
03009611090
03009617562
03009611674
03009614232
03009618186
03009612837
03009617135
03009613861
03009614112
03009619520
03009612609
03009619076
03009615066
03009619086
03009616927
03009619194
03009613057
03009613320
03009612106
03009618680
03009618111
03009612261
03009614734
03009611601
03009613041
03009614169
03009612975
03009617809
03009615424
03009611094
03009619166
03009615759
03009615368
03009611396
03009612061
03009619779
03009616679
03009611755
03009618654
03009611923
03009613742
03009617312
03009614832
03009615325
03009612162
03009615024
03009618064
03009616681
03009612260
03009614050
03009613896
03009611065
03009614339
03009616715
03009611074
03009614047
03009612499
03009618309
03009614321
03009613017
03009616391
03009611617
03009611398
03009619312
03009613679
03009615933
03009616372
03009613996
03009619380
03009616753
03009611963
03009616694
03009617083
03009617311
03009616238
03009612333
03009612737
03009618087
03009616714
03009619689
03009615282
03009616697
03009612457
03009614437
03009614667
03009616732
03009612564
03009619697
03009613842
03009616092
03009613195
03009615119
03009619657
03009619690
03009618218
03009619919
03009617041
03009616978
03009611801
03009617404
03009616903
03009618928
03009617011
03009619666
03009615155
03009611195
03009619105
03009615778
03009614818
03009618198
03009612204
03009615649
03009617633
03009617554
03009612634
03009619031
03009617613
03009613491
03009617101
03009611992
03009617660
03009612427
03009617274
03009614875
03009619556
03009614076
03009618275
03009611132
03009611906
03009618795
03009611395
03009613014
03009613326
03009616410
03009611417
03009618201
03009615348
03009612760
03009614520
03009616424
03009612848
03009615195
03009613197
03009611844
03009617928
03009611985
03009612259
03009612039
03009618253
03009619151
03009619800
03009614722
03009616202
03009612101
03009612364
03009618178
03009619789
03009618172
03009613870
03009613538
03009614342
03009614385
03009611279
03009618170
03009616368
03009612604
03009614983
03009618478
03009613721
03009617292
03009616549
03009611704
03009611817
03009616440
03009616209
03009615840
03009611311
03009614451
03009617226
03009612410
03009615396
03009615267
03009619014
03009617057
03009613987
03009618095
03009618107
03009613038
03009619818
03009613823
03009619865
03009613910
03009614688
03009618609
03009612908
03009612793
03009619914
03009617537
03009611864
03009612098
03009616308
03009617860
03009613392
03009619249
03009613171
03009616021
03009619307
03009614210
03009611297
03009611445
03009617722
03009614294
03009613801
03009614338
03009617720
03009618695
03009615386
03009616473
03009619273
03009619737
03009616771
03009613455
03009618824
03009614756
03009611767
03009616921
03009619521
03009614190
03009614376
03009614078
03009618558
03009613305
03009614972
03009612731
03009614041
03009619449
03009619600
03009613587
03009618252
03009613275
03009617084
03009613082
03009613746
03009616205
03009618385
03009615787
03009614562
03009612398
03009611070
03009617383
03009611052
03009612034
03009612320
03009611569
03009617994
03009619322
03009617836
03009618358
03009617974
03009614508
03009617997
03009612516
03009614803
03009614188
03009611662
03009611513
03009611555
03009612668
03009619899
03009613927
03009612850
03009614848
03009613075
03009619025
03009618456
03009613187
03009612282
03009617905
03009619853
03009611212
03009615539
03009611284
03009615088
03009611686
03009616944
03009617409
03009615646
03009616418
03009616686
03009613016
03009615996
03009612557
03009611220
03009619283
03009615680
03009619107
03009615732
03009619379
03009611659
03009617128
03009614585
03009619168
03009613599
03009617438
03009615415
03009612390
03009617157
03009614931
03009616006
03009618791
03009611361
03009615185
03009616075
03009614711
03009618430
03009611141
03009616613
03009615711
03009611695
03009611516
03009612879
03009612303
03009614364
03009614737
03009616226
03009616995
03009612565
03009616049
03009619887
03009616951
03009614004
03009618499
03009619807
03009615722
03009618955
03009614731
03009615966
03009619544
03009618286
03009616149
03009612991
03009617413
03009613009
03009617617
03009616174
03009616843
03009614925
03009614460
03009616871
03009612894
03009613375
03009618575
03009615216
03009613407
03009619375
03009613604
03009617743
03009616295
03009619840
03009618300
03009619975
03009612107
03009614840
03009619665
03009613267
03009619284
03009618520
03009612725
03009611967
03009612766
03009615360
03009615955
03009612757
03009614593
03009613400
03009618688
03009616979
03009612250
03009617466
03009614475
03009617010
03009613646
03009611261
03009618701
03009617208
03009614639
03009612865
03009616264
03009619524
03009614964
03009614769
03009611940
03009615445
03009614329
03009617687
03009613379
03009619979
03009615852
03009613249
03009619022
03009616514
03009617718
03009619611
03009612322
03009617403
03009618459
03009618359
03009615801
03009618200
03009616932
03009611188
03009615321
03009618120
03009615473
03009611421
03009614659
03009613933
03009612476
03009618767
03009614372
03009611624
03009619692
03009611057
03009611519
03009615082
03009619558
03009613464
03009612794
03009611576
03009618737
03009616285
03009618636
03009617871
03009617837
03009613414
03009617391
03009614177
03009611433
03009614918
03009612964
03009613128
03009613139
03009611471
03009618851
03009614942
03009614921
03009612041
03009611182
03009616355
03009618150
03009619123
03009611229
03009611249
03009619074
03009619436
03009616926
03009611724
03009612754
03009619427
03009618175
03009614129
03009616511
03009611697
03009616234
03009616655
03009612104
03009614569
03009619658
03009618931
03009618810
03009616941
03009616775
03009615015
03009616536
03009616383
03009618493
03009614821
03009614885
03009618404
03009619488
03009611448
03009617269
03009618529
03009618396
03009619112
03009613293
03009618092
03009613344
03009614643
03009613173
03009618415
03009617332
03009612068
03009611540
03009618245
03009614545
03009612007
03009617746
03009614510
03009618648
03009618679
03009616793
03009616588
03009618316
03009617582
03009613231
03009611348
03009614999
03009612199
03009615341
03009615675
03009612142
03009617502
03009611752
03009619139
03009611764
03009617663
03009617081
03009612635
03009618893
03009611789
03009611646
03009611621
03009616852
03009615942
03009612148
03009618914
03009617604
03009617524
03009617723
03009616332
03009613215
03009612367
03009611177
03009619774
03009612406
03009619990
03009616114
03009611590
03009619994
03009615183
03009616802
03009615677
03009616518
03009611871
03009613967
03009618542
03009613242
03009618924
03009612308
03009617164
03009611400
03009614627
03009612373
03009611932
03009619323
03009613634
03009616574
03009616777
03009619493
03009613637
03009614391
03009616389
03009618036
03009616253
03009616384
03009619466
03009619637
03009616310
03009619950
03009611050
03009618629
03009614934
03009618009
03009619050
03009616668
03009618372
03009612815
03009612296
03009615340
03009611814
03009613393
03009617324
03009616624
03009615727
03009615008
03009618379
03009617474
03009618676
03009617170
03009614495
03009612351
03009619892
03009613304
03009617916
03009618112
03009616837
03009617287
03009618451
03009614760
03009616630
03009619116
03009615958
03009614345
03009619545
03009619180
03009614272
03009611268
03009615915
03009617091
03009613015
03009611899
03009615366
03009618429
03009617590
03009613261
03009615342
03009619147
03009612208
03009615771
03009617563
03009619502
03009615101
03009613474
03009611679
03009612943
03009616870
03009613470
03009613334
03009615628
03009615926
03009612338
03009617410
03009612042
03009618278
03009619333
03009613990
03009618927
03009619136
03009619686
03009612371
03009612385
03009613615
03009618173
03009613662
03009611827
03009615443
03009611818
03009619090
03009611934
03009615449
03009612724
03009612252
03009614796
03009615755
03009616382
03009612365
03009611254
03009613784
03009613066
03009617455
03009615666
03009612010
03009616888
03009617515
03009611763
03009616411
03009616306
03009617589
03009615406
03009617979
03009619200
03009619429
03009612155
03009615459
03009612175
03009614098
03009618808
03009612941
03009615137
03009613705
03009613825
03009616350
03009614657
03009613627
03009615148
03009615037
03009615142
03009614131
03009613986
03009614344
03009617207
03009615355
03009619345
03009611309
03009613841
03009613079
03009613656
03009618006
03009612454
03009617930
03009616495
03009618912
03009613786
03009616758
03009618802
03009611699
03009616362
03009617987
03009619652
03009615371
03009614836
03009612158
03009616152
03009617938
03009615824
03009613402
03009612535
03009614001
03009615132
03009618736
03009616434
03009615044
03009612241
03009618423
03009612831
03009611781
03009614697
03009612806
03009617949
03009613944
03009617250
03009618543
03009619389
03009611369
03009614949
03009615430
03009614400
03009616984
03009615970
03009619602
03009615420
03009617828
03009618887
03009612646
03009615128
03009615334
03009611577
03009613354
03009614512
03009618254
03009616408
03009616274
03009612519
03009615813
03009615095
03009618732
03009617872
03009617669
03009612937
03009618421
03009611291
03009612063
03009616241
03009613244
03009613371
03009615991
03009611046
03009611383
03009614122
03009615829
03009616952
03009615309
03009617550
03009613704
03009611112
03009617986
03009616702
03009619230
03009613753
03009617042
03009616528
03009618497
03009618132
03009619220
03009614726
03009617925
03009615770
03009616769
03009616905
03009614513
03009611180
03009616642
03009614145
03009614891
03009612075
03009611803
03009617680
03009618780
03009611875
03009614646
03009611216
03009617622
03009617662
03009616521
03009617375
03009615709
03009611649
03009617869
03009617990
03009615075
03009618858
03009619764
03009616059
03009615320
03009615096
03009614767
03009613542
03009615981
03009616522
03009613003
03009612567
03009614412
03009617719
03009614319
03009612534
03009617131
03009611085
03009612126
03009618987
03009619956
03009611368
03009617785
03009616291
03009615352
03009617931
03009615582
03009613670
03009613681
03009618616
03009614629
03009616494
03009618433
03009612070
03009618827
03009619405
03009617175
03009611089
03009613300
03009614804
03009618659
03009617730
03009619269
03009612388
03009617358
03009613182
03009615317
03009619406
03009615326
03009619933
03009618798
03009617470
03009618525
03009614031
03009611993
03009613612
03009613811
03009617331
03009615858
03009615065
03009613118
03009615310
03009611333
03009615826
03009612262
03009611849
03009611155
03009612092
03009614815
03009615669
03009613284
03009618356
03009611189
03009612062
03009611705
03009615233
03009619356
03009617971
03009611769
03009614197
03009618428
03009618996
03009615184
03009613962
03009613754
03009611929
03009613248
03009615444
03009617535
03009618018
03009617944
03009612729
03009616587
03009619453
03009613276
03009618281
03009616237
03009616891
03009616541
03009611582
03009612253
03009614798
03009611711
03009611101
