03006584634
03006582757
03006583297
03006586240
03006581114
03006587565
03006587187
03006584627
03006586275
03006583139
03006583615
03006581967
03006583170
03006582061
03006582390
03006587523
03006586311
03006583947
03006581694
03006586727
03006589451
03006581069
03006589363
03006581379
03006582178
03006588856
03006587283
03006582451
03006588267
03006582400
03006587121
03006587742
03006581844
03006581000
03006587938
03006583843
03006584815
03006583765
03006581637
03006586868
03006588459
03006582355
03006584151
03006587296
03006589491
03006589783
03006587631
03006589291
03006585183
03006581688
03006583933
03006584861
03006588935
03006588709
03006589903
03006582176
03006588007
03006586494
03006584224
03006582232
03006581734
03006586523
03006588373
03006586879
03006582961
03006589033
03006589432
03006582495
03006583719
03006586501
03006583131
03006585154
03006588776
03006582616
03006589489
03006588450
03006585754
03006587066
03006583077
03006584907
03006586105
03006583861
03006588241
03006582487
03006586705
03006586226
03006583605
03006581117
03006589678
03006586329
03006586150
03006582255
03006581438
03006584411
03006585216
03006582207
03006586772
03006587022
03006589231
03006588122
03006587004
03006585773
03006586478
03006581476
03006589456
03006585296
03006585196
03006589100
03006587517
03006588533
03006582121
03006583744
03006587492
03006585879
03006589525
03006584380
03006587658
03006582938
03006588737
03006589604
03006587900
03006585628
03006588665
03006589691
03006583897
03006587088
03006581219
03006583255
03006582776
03006583369
03006589747
03006589144
03006583216
03006581316
03006585821
03006584481
03006589979
03006587229
03006585358
03006582548
03006583722
03006589316
03006587723
03006586328
03006587247
03006582641
03006581573
03006585184
03006583652
03006586874
03006581285
03006582488
03006583828
03006586630
03006585505
03006586875
03006582011
03006589571
03006584261
03006585757
03006588752
03006582812
03006587745
03006586735
03006586308
03006583064
03006581836
03006588456
03006588758
03006584891
03006584245
03006587643
03006584178
03006587998
03006581968
03006587569
03006589841
03006588577
03006581682
03006587591
03006585101
03006587278
03006582873
03006587859
03006587487
03006589190
03006588976
03006583103
03006585217
03006585787
03006588286
03006587964
03006587854
03006589978
03006589592
03006589577
03006589736
03006589509
03006588761
03006582628
03006583641
03006588310
03006588632
03006583537
03006589305
03006582169
03006582579
03006588165
03006583650
03006585534
03006584871
03006588875
03006585581
03006585576
03006582646
03006589479
03006585654
03006589673
03006588458
03006589356
03006586213
03006585746
03006581989
03006587977
03006588903
03006588999
03006581945
03006585592
03006588517
03006584217
03006582416
03006589970
03006585438
03006583798
03006583047
03006584793
03006585706
03006589798
03006586914
03006582319
03006585106
03006585356
03006584001
03006587090
03006583854
03006589087
03006584170
03006584285
03006582096
03006581770
03006588488
03006581547
03006581328
03006583266
03006581994
03006587301
03006588058
03006587017
03006584626
03006584658
03006583164
03006585605
03006582088
03006584041
03006581856
03006586625
03006583665
03006583649
03006586414
03006588832
03006587823
03006586883
03006587260
03006583546
03006584998
03006584854
03006581737
03006589429
03006586074
03006589932
03006588200
03006582068
03006583891
03006582470
03006589781
03006582798
03006585072
03006582496
03006588855
03006585302
03006586058
03006582191
03006588395
03006585002
03006583206
03006581998
03006582461
03006585682
03006584663
03006584067
03006589719
03006586995
03006585779
03006583686
03006586320
03006587587
03006588552
03006584725
03006582844
03006587405
03006589386
03006586844
03006583918
03006589976
03006582521
03006586403
03006581202
03006581355
03006586602
03006589852
03006589738
03006586968
03006585569
03006589297
03006584637
03006585262
03006581403
03006589227
03006588402
03006585803
03006589293
03006588810
03006582535
03006587714
03006581927
03006581333
03006589347
03006584982
03006583057
03006582612
03006585617
03006589638
03006582057
03006581763
03006588143
03006588259
03006582865
03006588364
03006585926
03006583277
03006586582
03006582983
03006585427
03006588207
03006582143
03006588615
03006586782
03006585062
03006589283
03006585107
03006587441
03006584807
03006584476
03006589868
03006582008
03006585611
03006584869
03006587351
03006587125
03006581350
03006585930
03006587239
03006582300
03006583260
03006585537
03006581698
03006585410
03006583366
03006585533
03006585952
03006587094
03006588944
03006585905
03006581139
03006588847
03006586366
03006582135
03006581629
03006588835
03006584575
03006582773
03006586656
03006585520
03006583336
03006583782
03006582996
03006586356
03006584781
03006581056
03006585925
03006589268
03006587052
03006588188
03006585333
03006589842
03006585355
03006589953
03006585446
03006585083
03006589652
03006585917
03006589574
03006581488
03006587712
03006585532
03006583963
03006586764
03006588502
03006585215
03006585496
03006582515
03006581354
03006584465
03006586217
03006586780
03006589924
03006587184
03006582540
03006585342
03006582309
03006589607
03006586496
03006587825
03006581891
03006587717
03006585806
03006589004
03006581011
03006582181
03006586183
03006583751
03006584923
03006586856
03006587082
03006584031
03006585623
03006588250
03006589032
03006585487
03006588016
03006582554
03006583959
03006586752
03006585698
03006589115
03006583062
03006585431
03006582769
03006582905
03006589741
03006589023
03006583607
03006589966
03006584992
03006589886
03006586246
03006585061
03006587760
03006587491
03006583034
03006589313
03006588764
03006586431
03006587608
03006589135
03006582748
03006584300
03006588934
03006583507
03006589854
03006589755
03006588897
03006582536
03006581072
03006586193
03006583994
03006586690
03006585941
03006585580
03006589412
03006584009
03006585900
03006583249
03006587115
03006589039
03006585737
03006584608
03006582786
03006587675
03006584645
03006587988
03006589267
03006586113
03006589980
03006581130
03006583834
03006589397
03006589887
03006586410
03006583851
03006582455
03006588813
03006587448
03006582252
03006588370
03006581818
03006581910
03006583621
03006586036
03006584755
03006584359
03006582019
03006583709
03006588563
03006584325
03006589427
03006582356
03006584692
03006581221
03006587890
03006583084
03006586926
03006587881
03006586710
03006585627
03006584449
03006585578
03006583880
03006584121
03006586046
03006586583
03006586923
03006587160
03006582055
03006588437
03006583151
03006584054
03006588609
03006583233
03006588736
03006581753
03006587961
03006586605
03006582567
03006589508
03006588675
03006589158
03006589847
03006584564
03006585729
03006584370
03006581660
03006586191
03006587461
03006588043
03006582155
03006581041
03006584962
03006585973
03006581639
03006587165
03006587372
03006581541
03006587166
03006589280
03006589851
03006588189
03006586127
03006588748
03006589021
03006581882
03006586069
03006585204
03006583662
03006585435
03006586198
03006582018
03006581194
03006586638
03006586163
03006582246
03006585690
03006586011
03006586454
03006582599
03006587695
03006586791
03006581988
03006582342
03006583087
03006587617
03006582681
03006585284
03006585877
03006582332
03006588243
03006582911
03006587169
03006585579
03006581973
03006586951
03006586970
03006584723
03006589774
03006584024
03006586976
03006581671
03006585850
03006581155
03006582826
03006587251
03006589335
03006586760
03006589541
03006583726
03006586716
03006585299
03006582621
03006583517
03006586734
03006585316
03006584306
03006587919
03006587483
03006585076
03006584037
03006589502
03006585629
03006582089
03006582213
03006584373
03006581816
03006584464
03006586110
03006588464
03006581766
03006581525
03006582457
03006588626
03006581837
03006588907
03006586151
03006587628
03006584624
03006588246
03006586396
03006582102
03006586257
03006588371
03006585129
03006586220
03006586104
03006589493
03006586595
03006585739
03006587117
03006583324
03006581622
03006588404
03006587267
03006584547
03006585168
03006582251
03006586835
03006581991
03006584277
03006582468
03006589011
03006581332
03006585486
03006585791
03006589233
03006581783
03006585955
03006586001
03006585352
03006585595
03006588359
03006586617
03006581868
03006586027
03006584407
03006589133
03006587003
03006583432
03006581640
03006581604
03006582459
03006586335
03006587983
03006581932
03006583471
03006581247
03006584265
03006584094
03006588438
03006587092
03006588161
03006589147
03006581326
03006584056
03006582389
03006586621
03006588591
03006589167
03006585119
03006586314
03006583892
03006587846
03006584966
03006584826
03006587584
03006585144
03006589686
03006589036
03006587371
03006589728
03006584988
03006581334
03006589455
03006581284
03006587300
03006588312
03006588718
03006581690
03006581907
03006581267
03006582721
03006585774
03006583081
03006584614
03006586811
03006584339
03006583013
03006583292
03006589031
03006584091
03006584085
03006588504
03006586420
03006586681
03006588950
03006584715
03006589721
03006588432
03006584158
03006588918
03006581870
03006582772
03006585088
03006588309
03006588582
03006586900
03006587259
03006588205
03006584470
03006582624
03006589390
03006582245
03006589052
03006584502
03006585071
03006582224
03006583031
03006586715
03006581695
03006582302
03006589434
03006587192
03006583215
03006589807
03006582297
03006585008
03006582956
03006588162
03006587128
03006581545
03006588562
03006581210
03006582304
03006589526
03006588501
03006585756
03006586112
03006586032
03006585550
03006581466
03006584695
03006586258
03006587368
03006588882
03006583680
03006582490
03006581717
03006582462
03006586615
03006582435
03006581872
03006586285
03006584303
03006587341
03006581079
03006589366
03006583683
03006582196
03006583291
03006587763
03006585545
03006583723
03006587274
03006585663
03006583884
03006585726
03006588519
03006583548
03006584929
03006582830
03006584074
03006584482
03006584855
03006588305
03006586099
03006588775
03006586724
03006587653
03006589471
03006584220
03006581729
03006588208
03006585328
03006582575
03006585172
03006588886
03006581118
03006588134
03006588767
03006589415
03006581115
03006586799
03006585139
03006588550
03006589853
03006583352
03006584952
03006589061
03006585561
03006582703
03006586224
03006581060
03006587583
03006581955
03006584516
03006581039
03006587892
03006587803
03006586381
03006585676
03006585339
03006583191
03006589757
03006583943
03006582955
03006586347
03006585870
03006585440
03006587190
03006589299
03006586871
03006585047
03006588115
03006585159
03006581501
03006585221
03006585504
03006584162
03006584268
03006584991
03006585044
03006581611
03006584733
03006582866
03006584445
03006582874
03006584513
03006583979
03006581598
03006585118
03006587273
03006589213
03006586833
03006583870
03006588284
03006586853
03006584291
03006584168
03006583591
03006589687
03006581222
03006582432
03006585471
03006581176
03006588922
03006585981
03006586540
03006589572
03006582875
03006586433
03006587350
03006582357
03006584138
03006581068
03006586516
03006584227
03006586007
03006588670
03006583378
03006586707
03006586363
03006585911
03006586650
03006586368
03006581923
03006583510
03006588973
03006582701
03006581239
03006587997
03006585058
03006584397
03006583108
03006586955
03006581412
03006581850
03006586197
03006586941
03006581810
03006589452
03006587607
03006581181
03006588204
03006589463
03006587798
03006588524
03006589274
03006589494
03006586963
03006589454
03006584456
03006581904
03006588946
03006585999
03006584648
03006589020
03006582899
03006583070
03006581458
03006584495
03006589830
03006582662
03006586423
03006588985
03006584856
03006583137
03006584101
03006587197
03006588753
03006582328
03006582229
03006581200
03006585538
03006582714
03006588723
03006584881
03006586051
03006587433
03006583653
03006581551
03006585050
03006582466
03006585851
03006584514
03006582293
03006582789
03006586553
03006584536
03006581712
03006586685
03006586564
03006588838
03006581374
03006589539
03006584417
03006582862
03006582256
03006585695
03006586618
03006583769
03006582172
03006583448
03006583482
03006584347
03006586577
03006588444
03006582397
03006589245
03006581111
03006581372
03006586519
03006585650
03006581311
03006587040
03006585643
03006583855
03006582945
03006582361
03006584164
03006583174
03006584305
03006589694
03006584570
03006581396
03006585855
03006581899
03006585848
03006582082
03006588845
03006589307
03006586367
03006585135
03006585976
03006587318
03006587727
03006583020
03006585412
03006584360
03006585513
03006581612
03006581470
03006589914
03006589226
03006581086
03006589318
03006587011
03006581707
03006588750
03006587826
03006587848
03006585256
03006589473
03006586922
03006583308
03006582004
03006584276
03006584035
03006581905
03006587402
03006587878
03006588892
03006584181
03006583019
03006589784
03006584384
03006585788
03006584873
03006582167
03006583115
03006587758
03006589989
03006583427
03006589490
03006588150
03006589469
03006582349
03006588490
03006581052
03006583514
03006589547
03006587335
03006587435
03006584205
03006583572
03006582035
03006583599
03006586452
03006585155
03006586857
03006581148
03006581198
03006584569
03006584806
03006588063
03006583684
03006585797
03006584754
03006584240
03006582014
03006584920
03006583887
03006588478
03006587911
03006586157
03006582163
03006583634
03006587804
03006583472
03006582449
03006586949
03006581582
03006581300
03006589516
03006581306
03006584833
03006582499
03006588998
03006582228
03006584921
03006583343
03006581405
03006581599
03006586843
03006586551
03006583735
03006587532
03006582414
03006585727
03006585661
03006582307
03006587442
03006584289
03006581521
03006589053
03006581742
03006583902
03006585614
03006583922
03006584497
03006584622
03006582933
03006587181
03006582420
03006584888
03006586249
03006582990
03006586384
03006584751
03006586790
03006581252
03006586667
03006588596
03006581392
03006585940
03006583400
03006585639
03006582073
03006583312
03006583446
03006588252
03006581018
03006582009
03006587677
03006584741
03006582054
03006589113
03006586340
03006589993
03006588660
03006589477
03006582670
03006585922
03006582690
03006583725
03006584730
03006587800
03006584078
03006583145
03006582509
03006585394
03006588858
03006586796
03006588602
03006585916
03006583869
03006588974
03006586635
03006585763
03006581971
03006584375
03006588959
03006582886
03006582049
03006589198
03006587554
03006588412
03006585052
03006585589
03006584740
03006586377
03006582968
03006581902
03006589383
03006588581
03006585645
03006584173
03006587340
03006588509
03006586614
03006587155
03006588494
03006583195
03006582316
03006581581
03006586481
03006581019
03006582024
03006583713
03006583730
03006586524
03006584732
03006587457
03006589804
03006585781
03006585890
03006584893
03006589219
03006585288
03006583329
03006588423
03006583462
03006588747
03006585731
03006583554
03006586002
03006585237
03006586831
03006584628
03006589108
03006582716
03006582663
03006582268
03006585652
03006582453
03006585899
03006587042
03006587649
03006582607
03006581051
03006586810
03006584674
03006581373
03006588625
03006587305
03006587422
03006582362
03006581193
03006587689
03006589562
03006585290
03006587237
03006583786
03006589126
03006582600
03006581286
03006587901
03006582828
03006583065
03006587205
03006584538
03006583566
03006589388
03006586286
03006584813
03006585816
03006582410
03006584073
03006584357
03006588696
03006587815
03006584469
03006586830
03006587915
03006583154
03006587373
03006585031
03006586569
03006587346
03006584442
03006586362
03006584705
03006588223
03006586114
03006588157
03006588308
03006581420
03006582884
03006588795
03006587626
03006581804
03006584748
03006582836
03006584197
03006583903
03006583431
03006585997
03006582781
03006589911
03006589831
03006588590
03006587968
03006582896
03006582825
03006582615
03006588451
03006581110
03006584187
03006584835
03006585915
03006586049
03006583508
03006585012
03006584930
03006585673
03006589203
03006589928
03006588405
03006587899
03006583732
03006589760
03006586597
03006582574
03006582890
03006581274
03006582225
03006583333
03006582973
03006588397
03006581588
03006585093
03006584915
03006584801
03006589188
03006589558
03006586297
03006588362
03006588000
03006584993
03006584700
03006588891
03006588540
03006587757
03006586794
03006586670
03006585255
03006581505
03006588385
03006584236
03006583136
03006586228
03006585560
03006589836
03006581961
03006581502
03006582942
03006587651
03006581920
03006589918
03006584401
03006582107
03006589536
03006589564
03006584766
03006581896
03006581885
03006581646
03006584349
03006583516
03006585430
03006586662
03006587718
03006586891
03006589656
03006586708
03006582763
03006588573
03006588526
03006588677
03006586498
03006582051
03006587048
03006588769
03006588525
03006582392
03006589748
03006584884
03006589398
03006582395
03006588820
03006588369
03006584331
03006588155
03006589659
03006586531
03006584839
03006585223
03006582263
03006583210
03006587010
03006585828
03006587774
03006582118
03006581369
03006581010
03006584848
03006583116
03006582673
03006585824
03006583038
03006582833
03006587493
03006587261
03006587887
03006582174
03006584394
03006584242
03006588592
03006582206
03006582146
03006581659
03006586827
03006586288
03006586505
03006585762
03006589189
03006582766
03006588028
03006581385
03006587933
03006589271
03006589482
03006585038
03006586986
03006585386
03006583492
03006587924
03006585323
03006581585
03006583525
03006581843
03006588803
03006588740
03006587573
03006585886
03006588560
03006586611
03006586910
03006586634
03006584559
03006586473
03006584940
03006589464
03006585876
03006582903
03006588739
03006584759
03006585953
03006581605
03006584140
03006581419
03006588653
03006583734
03006584437
03006583021
03006581503
03006582028
03006588356
03006584978
03006585191
03006589240
03006586185
03006582581
03006589193
03006581697
03006589767
03006588427
03006588751
03006586227
03006587019
03006582984
03006582323
03006583802
03006585369
03006584257
03006583877
03006586826
03006581919
03006587703
03006587384
03006583839
03006581449
03006585108
03006586470
03006584605
03006586203
03006581494
03006583279
03006583294
03006581206
03006588971
03006583837
03006587526
03006581530
03006585388
03006581634
03006582114
03006582377
03006585069
03006587771
03006584478
03006588152
03006584363
03006587321
03006588481
03006589106
03006587858
03006588318
03006585383
03006583319
03006584145
03006585524
03006583235
03006581497
03006585831
03006584610
03006583051
03006584905
03006582988
03006583301
03006582314
03006582193
03006583088
03006589334
03006586319
03006582730
03006581401
03006586834
03006581724
03006583342
03006585385
03006583505
03006584797
03006588097
03006581652
03006583347
03006588453
03006584207
03006587925
03006581242
03006585167
03006587515
03006588697
03006586545
03006584720
03006589573
03006585163
03006581062
03006586931
03006586167
03006583003
03006584769
03006588984
03006589064
03006582203
03006587311
03006588299
03006582182
03006587850
03006587992
03006585724
03006587733
03006582957
03006589703
03006584251
03006584535
03006589093
03006582464
03006587025
03006582341
03006585573
03006588716
03006587622
03006582151
03006588178
03006584322
03006586573
03006588630
03006581669
03006589389
03006583619
03006585721
03006583930
03006586867
03006583928
03006589664
03006582625
03006582972
03006588812
03006587501
03006585016
03006585321
03006584466
03006585094
03006585978
03006588313
03006589196
03006581442
03006584403
03006581261
03006586148
03006584003
03006583527
03006581418
03006587093
03006582639
03006581959
03006581125
03006582582
03006585145
03006585474
03006586743
03006587141
03006588413
03006585908
03006586091
03006584649
03006583439
03006587097
03006586829
03006587549
03006582354
03006583536
03006582684
03006589381
03006581402
03006587947
03006589216
03006584459
03006588734
03006586137
03006581207
03006585878
03006586172
03006585542
03006583890
03006582738
03006585483
03006587722
03006587952
03006585820
03006589899
03006583288
03006584175
03006586792
03006587030
03006587822
03006588098
03006586453
03006581173
03006589310
03006583557
03006583523
03006589275
03006581744
03006581180
03006587198
03006582284
03006588407
03006589438
03006589771
03006588770
03006581199
03006587897
03006583207
03006584090
03006582066
03006585859
03006585583
03006583295
03006582784
03006586093
03006587226
03006581154
03006582185
03006586637
03006581400
03006583470
03006584963
03006582321
03006582649
03006586267
03006581558
03006589545
03006586382
03006581410
03006588021
03006585830
03006585228
03006584387
03006585313
03006584925
03006587973
03006586490
03006583953
03006586043
03006584072
03006585647
03006587772
03006588037
03006585017
03006582987
03006586449
03006581630
03006582532
03006583781
03006586038
03006586912
03006582576
03006587935
03006583132
03006586354
03006586712
03006585743
03006589083
03006589649
03006589776
03006586495
03006587604
03006582241
03006589791
03006581773
03006588345
03006586392
03006586303
03006581572
03006587279
03006588294
03006583831
03006582696
03006589690
03006585979
03006581935
03006583315
03006585116
03006583074
03006586018
03006582910
03006581864
03006585934
03006585157
03006586017
03006582101
03006586130
03006581853
03006584927
03006581540
03006589459
03006589155
03006588567
03006584980
03006583866
03006581631
03006581560
03006589074
03006588417
03006581912
03006583476
03006589959
03006582411
03006589104
03006584660
03006583421
03006589331
03006588446
03006589744
03006586480
03006583552
03006581149
03006586440
03006589266
03006587768
03006589065
03006586824
03006587670
03006589208
03006588642
03006588388
03006587455
03006585198
03006585026
03006589689
03006587193
03006581143
03006583341
03006582208
03006581013
03006584520
03006582086
03006584522
03006581344
03006581976
03006582645
03006585707
03006589413
03006584166
03006584356
03006584524
03006584213
03006587980
03006589803
03006589628
03006588092
03006588354
03006585260
03006584124
03006589247
03006588123
03006584427
03006589217
03006583149
03006582661
03006585613
03006588893
03006583042
03006589261
03006587470
03006582680
03006588042
03006585470
03006584948
03006582669
03006582668
03006586930
03006586143
03006587959
03006584892
03006583993
03006581518
03006581960
03006586084
03006582306
03006583801
03006582729
03006581280
03006582557
03006585640
03006581591
03006588911
03006585319
03006584155
03006588719
03006589085
03006581798
03006582157
03006584961
03006582883
03006584400
03006581454
03006586579
03006581192
03006588283
03006588256
03006588668
03006586933
03006586958
03006586954
03006586916
03006585811
03006582948
03006581399
03006585485
03006584959
03006585219
03006583356
03006583756
03006581987
03006585508
03006582124
03006586161
03006582735
03006586557
03006589076
03006581683
03006587473
03006582346
03006586149
03006582503
03006585075
03006583335
03006583026
03006584817
03006587196
03006581764
03006582168
03006585987
03006584013
03006589476
03006589181
03006581477
03006582822
03006589581
03006586296
03006587119
03006585882
03006584404
03006585521
03006587536
03006587857
03006585275
03006589481
03006589661
03006589618
03006585556
03006582456
03006587949
03006588939
03006583225
03006584790
03006583743
03006589955
03006583526
03006584567
03006587081
03006581151
03006582501
03006585995
03006581866
03006583326
03006583748
03006586700
03006582808
03006586620
03006587814
03006587280
03006581921
03006582283
03006587598
03006586325
03006589590
03006585610
03006583919
03006585467
03006589037
03006581456
03006582530
03006583883
03006583375
03006584231
03006585519
03006583485
03006581701
03006582747
03006585836
03006585010
03006582697
03006582869
03006581460
03006583847
03006583936
03006588957
03006583162
03006585684
03006583464
03006589336
03006589443
03006587392
03006585195
03006586439
03006585819
03006587419
03006586825
03006583822
03006588797
03006584895
03006589990
03006583720
03006583908
03006581171
03006589631
03006589249
03006587520
03006583658
03006588636
03006581915
03006583569
03006586561
03006587293
03006581021
03006589309
03006583367
03006586892
03006588477
03006586506
03006585142
03006583033
03006586387
03006587590
03006583721
03006587462
03006583856
03006585048
03006581990
03006586052
03006583899
03006581815
03006587218
03006583733
03006586559
03006587124
03006586055
03006587761
03006589532
03006582800
03006589838
03006589850
03006581527
03006583098
03006585242
03006587856
03006584489
03006586530
03006589930
03006587390
03006584783
03006584914
03006589251
03006586106
03006586526
03006587842
03006581513
03006584968
03006585409
03006583657
03006584744
03006589946
03006588017
03006586978
03006586732
03006585301
03006584973
03006587645
03006584133
03006581563
03006587369
03006582426
03006589828
03006581644
03006588265
03006589528
03006589344
03006584229
03006587832
03006584428
03006586192
03006583424
03006582059
03006586471
03006589552
03006583197
03006588708
03006581031
03006586438
03006585768
03006582868
03006583867
03006581169
03006583404
03006588039
03006581231
03006589666
03006589845
03006585793
03006588301
03006587531
03006586999
03006587449
03006588707
03006587387
03006581071
03006585958
03006587333
03006584475
03006582074
03006585091
03006587817
03006588190
03006588687
03006587739
03006581826
03006583760
03006587049
03006585476
03006583060
03006586389
03006583579
03006584704
03006589153
03006584527
03006589472
03006585529
03006585809
03006581017
03006581576
03006589818
03006588435
03006588393
03006583677
03006589094
03006583041
03006582106
03006585552
03006587688
03006585705
03006586152
03006583689
03006581657
03006581911
03006588011
03006583814
03006585648
03006583753
03006581036
03006587546
03006585618
03006585714
03006582660
03006582877
03006586721
03006586632
03006585325
03006588656
03006583965
03006586166
03006581473
03006589152
03006581465
03006588822
03006583871
03006583898
03006583005
03006586652
03006588511
03006588159
03006588564
03006584681
03006588622
03006582694
03006584507
03006588100
03006585384
03006585777
03006588650
03006583696
03006589520
03006583000
03006584046
03006587699
03006586898
03006589739
03006586317
03006582280
03006589570
03006588724
03006582298
03006588789
03006588979
03006583716
03006583122
03006583848
03006588067
03006589157
03006582417
03006583420
03006581538
03006581230
03006586088
03006583374
03006582814
03006585125
03006583799
03006583785
03006588952
03006588419
03006582247
03006588003
03006582823
03006587206
03006589121
03006581668
03006582655
03006588124
03006581452
03006587720
03006582966
03006584279
03006585239
03006588201
03006585086
03006587244
03006586756
03006588499
03006587918
03006585193
03006584757
03006584169
03006588913
03006585429
03006588242
03006582031
03006586086
03006589594
03006583024
03006584453
03006589947
03006582109
03006584420
03006584689
03006585277
03006582347
03006582329
03006587904
03006587330
03006584672
03006586373
03006587161
03006586209
03006589223
03006589954
03006583673
03006583927
03006588485
03006589210
03006584418
03006585632
03006584868
03006582034
03006581255
03006588253
03006582976
03006586525
03006588321
03006584922
03006582363
03006587427
03006589496
03006585211
03006588658
03006582033
03006581272
03006589772
03006581128
03006584498
03006586273
03006588181
03006587510
03006582233
03006585479
03006586714
03006582851
03006586969
03006585295
03006583417
03006585587
03006581964
03006584184
03006584438
03006584233
03006584248
03006585744
03006585032
03006583659
03006581564
03006589483
03006588988
03006589206
03006586974
03006587444
03006589662
03006585096
03006581664
03006586287
03006581979
03006584795
03006584260
03006586587
03006589437
03006582070
03006583044
03006582132
03006586079
03006586952
03006583246
03006584473
03006587594
03006587039
03006585523
03006589468
03006589466
03006582613
03006588026
03006583244
03006588808
03006585407
03006587306
03006582864
03006583630
03006583290
03006589300
03006589984
03006589941
03006587661
03006586306
03006587162
03006582909
03006589717
03006585959
03006582500
03006589849
03006582623
03006584743
03006586820
03006589365
03006588177
03006586233
03006581047
03006587778
03006585810
03006589697
03006585738
03006581536
03006587652
03006583262
03006587416
03006587862
03006586029
03006586504
03006589091
03006585692
03006585558
03006584683
03006581434
03006588546
03006582479
03006581212
03006583944
03006588894
03006589882
03006586609
03006586299
03006584877
03006585626
03006588849
03006582065
03006587417
03006585525
03006581710
03006585666
03006587367
03006582458
03006581104
03006581054
03006588244
03006587067
03006582643
03006588203
03006588400
03006582467
03006581825
03006582994
03006589821
03006583125
03006585267
03006582880
03006582162
03006583251
03006588182
03006584150
03006585194
03006587381
03006581782
03006586893
03006583545
03006588960
03006583729
03006587766
03006583199
03006584894
03006581661
03006587123
03006582636
03006587978
03006581897
03006581799
03006581361
03006583009
03006589392
03006581382
03006585087
03006586785
03006588316
03006583298
03006586446
03006584337
03006582940
03006586276
03006584165
03006587852
03006589681
03006584651
03006587686
03006589533
03006581514
03006587215
03006581925
03006589982
03006584515
03006583873
03006586944
03006586876
03006584882
03006585100
03006586947
03006588447
03006583691
03006586158
03006581529
03006584182
03006586360
03006583813
03006584298
03006581680
03006586386
03006583788
03006582334
03006587252
03006586802
03006587795
03006582278
03006584113
03006584798
03006586950
03006589146
03006586204
03006583402
03006581863
03006581909
03006585683
03006582834
03006582925
03006584275
03006588374
03006583437
03006589692
03006588080
03006582720
03006583631
03006586336
03006585280
03006583520
03006587902
03006586882
03006584007
03006584641
03006589475
03006589248
03006581648
03006584392
03006583818
03006584376
03006583323
03006586855
03006589569
03006581215
03006584252
03006586718
03006589644
03006586426
03006587328
03006585190
03006582723
03006584299
03006582907
03006589881
03006586338
03006584006
03006582010
03006588917
03006583946
03006583961
03006584159
03006582913
03006586063
03006588901
03006589255
03006589350
03006581956
03006583901
03006586507
03006586665
03006585956
03006586687
03006589421
03006589843
03006588215
03006585615
03006589998
03006588741
03006584510
03006583171
03006589812
03006582365
03006581033
03006584406
03006582005
03006582893
03006582177
03006586731
03006584421
03006587525
03006588073
03006585840
03006586399
03006587319
03006582588
03006585789
03006584554
03006584102
03006585517
03006588543
03006582075
03006587690
03006582891
03006589089
03006586889
03006587550
03006589844
03006584501
03006583771
03006589876
03006585422
03006589775
03006589600
03006581293
03006582790
03006582492
03006585244
03006586488
03006581078
03006586866
03006586851
03006582596
03006588329
03006588436
03006581184
03006587524
03006589445
03006589834
03006585344
03006585913
03006588679
03006584827
03006587741
03006588768
03006582475
03006585349
03006587108
03006586596
03006587112
03006583071
03006587698
03006589890
03006588013
03006582693
03006587142
03006589302
03006582253
03006582888
03006582250
03006582541
03006589047
03006581848
03006581090
03006584432
03006582929
03006588689
03006581220
03006581428
03006581839
03006584071
03006584452
03006586751
03006586153
03006582337
03006588202
03006588633
03006587619
03006584787
03006582573
03006584852
03006586517
03006585620
03006583428
03006585259
03006587146
03006585506
03006583740
03006586353
03006589515
03006588081
03006588817
03006587023
03006588383
03006585097
03006586801
03006586229
03006585309
03006586487
03006589086
03006588483
03006581579
03006583068
03006584198
03006585961
03006584282
03006586333
03006581391
03006582047
03006587530
03006587394
03006581962
03006588686
03006588601
03006589537
03006582322
03006582159
03006586035
03006588597
03006586753
03006586450
03006582128
03006587266
03006585317
03006582120
03006584080
03006587425
03006587086
03006589029
03006587702
03006586231
03006587543
03006585771
03006582447
03006582860
03006584471
03006589154
03006583997
03006585799
03006583937
03006589580
03006587669
03006581288
03006586521
03006586566
03006584655
03006583368
03006588079
03006588610
03006581632
03006589963
03006583687
03006588425
03006582835
03006583692
03006586321
03006584244
03006584500
03006582484
03006589417
03006584986
03006586417
03006588765
03006584174
03006581185
03006581227
03006582149
03006584680
03006583339
03006589824
03006589616
03006586033
03006586723
03006587600
03006581954
03006589923
03006588096
03006585423
03006581819
03006581096
03006589896
03006583578
03006586125
03006582215
03006582290
03006581279
03006584448
03006587828
03006589759
03006587940
03006581492
03006584587
03006589915
03006585717
03006582982
03006584419
03006584883
03006586451
03006587386
03006584462
03006588841
03006584241
03006583967
03006587258
03006585268
03006584814
03006584130
03006582060
03006585376
03006581788
03006582266
03006588430
03006585507
03006581134
03006588206
03006588114
03006585477
03006588694
03006589674
03006589521
03006589949
03006581709
03006588194
03006587512
03006587764
03006585792
03006588075
03006586223
03006587562
03006589042
03006583095
03006585150
03006589575
03006589180
03006585480
03006585761
03006589143
03006584865
03006582421
03006583865
03006585169
03006583535
03006584191
03006586199
03006586633
03006584603
03006585263
03006583925
03006586434
03006585599
03006584523
03006583792
03006584829
03006587379
03006581298
03006588619
03006581472
03006588331
03006588931
03006583165
03006589650
03006581413
03006581005
03006587235
03006582460
03006587056
03006588819
03006581615
03006584558
03006584249
03006583917
03006581554
03006582436
03006581951
03006588214
03006583513
03006585697
03006582947
03006581122
03006585246
03006585944
03006581251
03006581140
03006582556
03006583189
03006584258
03006582561
03006583129
03006583094
03006587342
03006584414
03006586980
03006584951
03006588676
03006585324
03006585715
03006584287
03006581337
03006581809
03006585668
03006585646
03006585147
03006584863
03006585653
03006584193
03006586464
03006586134
03006589817
03006588279
03006588082
03006582402
03006588326
03006582384
03006583905
03006582543
03006588233
03006581914
03006587447
03006586401
03006585865
03006586021
03006585164
03006589298
03006584483
03006584718
03006583309
03006582239
03006581345
03006589870
03006587388
03006582676
03006583467
03006586370
03006582046
03006583489
03006583268
03006588062
03006587903
03006589040
03006586774
03006583114
03006588784
03006587752
03006588221
03006587932
03006586216
03006588561
03006582560
03006582700
03006585946
03006588781
03006585681
03006588384
03006583405
03006583974
03006581675
03006584195
03006586655
03006588604
03006586934
03006585187
03006582344
03006584273
03006584348
03006582369
03006584924
03006585245
03006587916
03006584528
03006584706
03006585362
03006584701
03006584899
03006581187
03006588389
03006581250
03006583550
03006581439
03006582755
03006585202
03006589617
03006581365
03006583487
03006582887
03006587989
03006583601
03006586570
03006584433
03006583311
03006582928
03006587687
03006588876
03006588144
03006581322
03006586467
03006589878
03006587445
03006587830
03006586849
03006586180
03006588793
03006581592
03006583827
03006586397
03006582343
03006581099
03006584688
03006581587
03006587921
03006582373
03006585406
03006581432
03006589802
03006585713
03006583920
03006585657
03006581808
03006583574
03006582840
03006586145
03006584070
03006585801
03006581308
03006586728
03006583443
03006582803
03006582756
03006586242
03006583752
03006587518
03006583387
03006588431
03006589242
03006583639
03006582171
03006587929
03006586291
03006586749
03006581847
03006585442
03006587271
03006586659
03006587408
03006582006
03006586359
03006581163
03006589414
03006587122
03006583549
03006587713
03006582145
03006589312
03006586472
03006586118
03006589137
03006588799
03006586511
03006582642
03006584594
03006584904
03006586425
03006587665
03006588078
03006582265
03006584872
03006588682
03006587729
03006584082
03006585126
03006581290
03006586398
03006589605
03006588613
03006582528
03006589141
03006587105
03006587636
03006589808
03006581287
03006587410
03006585140
03006586803
03006589601
03006587289
03006586901
03006583960
03006581741
03006589869
03006584717
03006583293
03006589049
03006583218
03006582904
03006588657
03006583988
03006581769
03006585160
03006588873
03006586442
03006586671
03006589985
03006587735
03006581793
03006588645
03006583697
03006588788
03006584758
03006585644
03006588514
03006582016
03006584957
03006589272
03006582388
03006584343
03006582839
03006583594
03006588068
03006586938
03006583186
03006589179
03006586629
03006583840
03006585134
03006582134
03006582924
03006584430
03006585847
03006589308
03006586812
03006585966
03006582771
03006582892
03006586034
03006589733
03006585450
03006583835
03006585459
03006589609
03006588549
03006583296
03006588175
03006589823
03006587138
03006587558
03006583637
03006586640
03006581262
03006583642
03006583212
03006588969
03006581512
03006582288
03006588255
03006584107
03006589683
03006588298
03006589205
03006587174
03006584821
03006585493
03006586701
03006586012
03006584201
03006583795
03006586988
03006588828
03006588475
03006584687
03006584735
03006586762
03006587195
03006585387
03006589470
03006589579
03006581008
03006584068
03006588840
03006588352
03006581067
03006588816
03006585124
03006583194
03006589938
03006585249
03006585869
03006589846
03006581718
03006584383
03006588314
03006587601
03006583519
03006582920
03006581102
03006586773
03006587704
03006588424
03006582052
03006586651
03006585004
03006583543
03006589727
03006586848
03006589988
03006585546
03006582692
03006585919
03006583568
03006587257
03006584710
03006589517
03006582586
03006587751
03006582012
03006583406
03006587219
03006587738
03006586019
03006586703
03006583363
03006583072
03006586543
03006584742
03006582326
03006584870
03006584395
03006585621
03006583981
03006587599
03006589352
03006583844
03006587031
03006584283
03006584186
03006589952
03006586411
03006586124
03006584266
03006581597
03006586404
03006586788
03006589629
03006585989
03006585527
03006584780
03006587024
03006582514
03006587191
03006582881
03006589425
03006589538
03006589660
03006587866
03006583893
03006582419
03006583410
03006583980
03006584938
03006588648
03006583330
03006585240
03006582144
03006582072
03006588497
03006581330
03006581719
03006587071
03006581218
03006583791
03006586865
03006581762
03006588357
03006583570
03006586845
03006582038
03006585815
03006581268
03006587640
03006585473
03006583213
03006585273
03006588566
03006585699
03006587466
03006581162
03006582562
03006585326
03006586339
03006585186
03006589200
03006586475
03006589057
03006586202
03006583477
03006583787
03006586061
03006588655
03006585722
03006589292
03006589430
03006583320
03006585945
03006585224
03006585965
03006585794
03006584117
03006589235
03006585353
03006589340
03006582211
03006582934
03006584163
03006581685
03006589212
03006587808
03006582507
03006589815
03006583270
03006589668
03006583092
03006586908
03006581865
03006589658
03006587253
03006585933
03006587816
03006589420
03006588317
03006583939
03006587411
03006583612
03006589647
03006581635
03006587955
03006587415
03006583457
03006586408
03006582524
03006588742
03006582385
03006583597
03006589745
03006582552
03006586909
03006583693
03006587228
03006581395
03006582527
03006582446
03006583086
03006581498
03006582257
03006585889
03006583444
03006581641
03006581533
03006586522
03006584044
03006587200
03006586778
03006581484
03006582895
03006589669
03006588074
03006587941
03006585336
03006585207
03006584909
03006583193
03006582852
03006588940
03006588212
03006587627
03006586987
03006585918
03006586065
03006588225
03006583107
03006583412
03006587332
03006589284
03006583284
03006581186
03006589156
03006587519
03006586407
03006582274
03006586221
03006583955
03006585404
03006581462
03006586539
03006581087
03006581030
03006582291
03006589716
03006583015
03006586959
03006587577
03006588009
03006588023
03006582444
03006588671
03006586441
03006589511
03006585950
03006585675
03006581949
03006585465
03006582572
03006588170
03006583900
03006589448
03006588365
03006581283
03006588197
03006581511
03006582148
03006584057
03006587875
03006581519
03006582161
03006588530
03006586915
03006588870
03006585009
03006584823
03006584913
03006588902
03006587679
03006589404
03006581580
03006588270
03006588239
03006586886
03006587585
03006589576
03006581852
03006581245
03006588831
03006588806
03006587294
03006584319
03006584917
03006584439
03006581571
03006583542
03006586369
03006589295
03006584532
03006584468
03006584023
03006582476
03006581827
03006582717
03006583362
03006589013
03006585415
03006589986
03006587116
03006586090
03006583061
03006587656
03006583032
03006588848
03006584286
03006587015
03006583322
03006584811
03006584042
03006588798
03006588606
03006589632
03006588866
03006586859
03006582489
03006583931
03006584931
03006587480
03006587322
03006585481
03006588295
03006581500
03006583425
03006584812
03006586177
03006585833
03006582137
03006585783
03006587753
03006584342
03006587223
03006588387
03006584212
03006587399
03006587972
03006584774
03006588390
03006588300
03006584721
03006585747
03006585490
03006586967
03006588131
03006586612
03006587224
03006589168
03006584079
03006581833
03006583120
03006587177
03006583138
03006588257
03006589908
03006589095
03006584239
03006585452
03006587835
03006586680
03006588846
03006587533
03006585463
03006586390
03006583440
03006581141
03006587514
03006583169
03006581775
03006585043
03006583886
03006587484
03006581213
03006584192
03006582678
03006586463
03006585839
03006586394
03006582727
03006584016
03006589931
03006587877
03006585233
03006589122
03006582795
03006584097
03006585468
03006581145
03006588132
03006584052
03006586847
03006584653
03006586140
03006588086
03006584763
03006583386
03006585177
03006588569
03006581375
03006587706
03006581807
03006586919
03006583698
03006587801
03006583547
03006587612
03006584990
03006586290
03006585935
03006586289
03006584582
03006582549
03006581254
03006586083
03006587624
03006588905
03006582733
03006582545
03006588145
03006589364
03006587507
03006585554
03006589839
03006585475
03006585439
03006581417
03006585455
03006584606
03006588824
03006584369
03006582443
03006582901
03006586171
03006588773
03006584615
03006583512
03006583703
03006587521
03006581813
03006583067
03006581266
03006586997
03006587844
03006582184
03006581427
03006583909
03006586154
03006587863
03006585701
03006586462
03006583011
03006589546
03006589382
03006589136
03006588094
03006585372
03006584014
03006581736
03006583272
03006587934
03006583647
03006584081
03006581177
03006587498
03006583987
03006582391
03006588059
03006587358
03006582442
03006581058
03006588782
03006585606
03006587256
03006587588
03006585893
03006584659
03006588154
03006586284
03006586598
03006589827
03006582831
03006589176
03006585395
03006589860
03006583418
03006589252
03006583337
03006585954
03006589497
03006584604
03006585896
03006583714
03006587657
03006586066
03006585283
03006584890
03006582838
03006587221
03006583539
03006581121
03006585443
03006585437
03006583012
03006586663
03006585823
03006585745
03006583838
03006588335
03006586044
03006585161
03006581277
03006584550
03006587324
03006584950
03006581352
03006588076
03006589241
03006582674
03006589221
03006587974
03006586694
03006588266
03006586485
03006585391
03006587891
03006584270
03006582726
03006585943
03006583797
03006585371
03006587606
03006587762
03006588586
03006584126
03006587006
03006585863
03006584656
03006587777
03006584412
03006588443
03006586514
03006584997
03006582867
03006584941
03006582602
03006589088
03006585345
03006584825
03006584234
03006582739
03006585723
03006586364
03006588069
03006589000
03006583671
03006589385
03006587188
03006586529
03006583037
03006583226
03006583273
03006589129
03006588663
03006582064
03006589311
03006584484
03006583850
03006584670
03006585704
03006588171
03006584190
03006584767
03006585996
03006588534
03006587782
03006586763
03006582071
03006587625
03006581276
03006584076
03006583104
03006586584
03006585149
03006585856
03006589207
03006584601
03006587176
03006583859
03006585054
03006589082
03006583718
03006586196
03006584789
03006589467
03006581348
03006582062
03006588106
03006588735
03006581627
03006585067
03006588183
03006586349
03006587310
03006583923
03006585938
03006581650
03006584033
03006588291
03006588353
03006581429
03006587151
03006581755
03006588863
03006586057
03006581703
03006581101
03006586136
03006588440
03006588120
03006589197
03006583461
03006584032
03006588012
03006582285
03006582111
03006584038
03006585929
03006585765
03006589005
03006589752
03006587035
03006582563
03006589319
03006587759
03006588491
03006585248
03006586282
03006585802
03006586740
03006584830
03006584320
03006583416
03006585858
03006581063
03006586993
03006587716
03006581986
03006589623
03006587080
03006582675
03006582698
03006589101
03006586673
03006581575
03006588692
03006584526
03006585491
03006589646
03006581803
03006585041
03006585432
03006583618
03006585095
03006585596
03006586327
03006588434
03006584562
03006581944
03006589073
03006582745
03006581331
03006585571
03006584556
03006582083
03006582340
03006587819
03006582039
03006583017
03006588523
03006585482
03006583712
03006581077
03006589163
03006584987
03006581009
03006584346
03006582687
03006588895
03006583401
03006585928
03006587126
03006583377
03006585014
03006587754
03006587269
03006587984
03006586590
03006585318
03006586189
03006584066
03006588231
03006586294
03006588269
03006581888
03006589568
03006581073
03006584060
03006581127
03006586260
03006581559
03006584226
03006583422
03006583228
03006589713
03006588127
03006586254
03006587376
03006581408
03006583025
03006585894
03006586412
03006588052
03006586067
03006588683
03006587557
03006581939
03006586683
03006582249
03006588754
03006588639
03006583846
03006585604
03006585960
03006582371
03006582015
03006584512
03006584999
03006588047
03006589858
03006585146
03006585818
03006586174
03006587355
03006584545
03006585812
03006588760
03006584972
03006587614
03006587880
03006587307
03006585716
03006581952
03006582091
03006588406
03006587000
03006587016
03006583493
03006587353
03006586491
03006587403
03006588771
03006582310
03006587958
03006585304
03006587118
03006587979
03006589777
03006585660
03006584944
03006583583
03006584083
03006586138
03006587396
03006587109
03006589667
03006582885
03006587851
03006583181
03006583102
03006584209
03006583101
03006587401
03006584114
03006581164
03006584062
03006587078
03006586691
03006584779
03006585484
03006586591
03006585503
03006582058
03006588598
03006584302
03006587920
03006583035
03006583141
03006586684
03006582589
03006583465
03006582482
03006589278
03006584296
03006585175
03006588869
03006587127
03006582396
03006588547
03006588968
03006584912
03006581035
03006588104
03006588685
03006582401
03006585238
03006585364
03006586054
03006582037
03006585377
03006582546
03006581407
03006589229
03006585873
03006585250
03006585310
03006584595
03006588289
03006589633
03006582952
03006583796
03006586129
03006584472
03006589937
03006589543
03006583707
03006587227
03006584667
03006583623
03006584636
03006585297
03006582916
03006584984
03006588962
03006582908
03006582811
03006584792
03006589927
03006581081
03006585444
03006581044
03006584777
03006582122
03006586800
03006585278
03006582807
03006588584
03006582001
03006584177
03006586376
03006581678
03006589326
03006589701
03006586499
03006588461
03006584652
03006589889
03006585845
03006584020
03006589706
03006583429
03006589359
03006584323
03006588414
03006589253
03006584232
03006588953
03006587098
03006588467
03006583940
03006587424
03006583800
03006584876
03006585897
03006588107
03006585720
03006586746
03006582827
03006582570
03006588713
03006587377
03006581624
03006583447
03006588570
03006586415
03006589797
03006584271
03006583705
03006589680
03006582042
03006583757
03006582667
03006585252
03006588644
03006589919
03006583351
03006581546
03006585338
03006586170
03006588121
03006582932
03006582632
03006584340
03006587407
03006584851
03006586142
03006586465
03006581480
03006582753
03006584519
03006588117
03006589620
03006588651
03006584314
03006582469
03006587494
03006584458
03006587776
03006587701
03006586350
03006585445
03006587843
03006582359
03006588975
03006582502
03006585635
03006584281
03006583280
03006583679
03006587026
03006581075
03006587220
03006588924
03006584211
03006587589
03006587836
03006585551
03006588647
03006583704
03006585817
03006586817
03006584093
03006582672
03006586144
03006586836
03006588678
03006588914
03006583307
03006581983
03006582273
03006586418
03006588851
03006588336
03006586497
03006583066
03006582138
03006581936
03006583423
03006589320
03006586982
03006584548
03006581347
03006588439
03006583278
03006583463
03006582445
03006584853
03006582750
03006589142
03006582299
03006588337
03006587315
03006589436
03006582688
03006588376
03006582977
03006586841
03006587241
03006583497
03006581625
03006587603
03006581917
03006581066
03006585028
03006589732
03006582590
03006589940
03006582960
03006583613
03006581123
03006582792
03006588090
03006587099
03006586413
03006582815
03006585113
03006587574
03006587075
03006589239
03006586581
03006583956
03006585398
03006584408
03006582555
03006582722
03006584280
03006588932
03006589819
03006582262
03006587633
03006581190
03006588251
03006582158
03006585785
03006585515
03006581015
03006583358
03006584345
03006589003
03006587818
03006588515
03006581166
03006583857
03006587050
03006586427
03006585231
03006588791
03006588142
03006581841
03006587360
03006583254
03006582746
03006584493
03006583028
03006585536
03006586648
03006588717
03006582000
03006589117
03006581823
03006588865
03006583305
03006581594
03006581643
03006588180
03006587468
03006587020
03006584727
03006583398
03006589695
03006582380
03006581393
03006584638
03006585862
03006581930
03006588160
03006589810
03006583989
03006583633
03006583383
03006581248
03006586556
03006587840
03006584390
03006589751
03006583222
03006587946
03006583503
03006583390
03006584310
03006581550
03006585229
03006589408
03006583524
03006584382
03006584837
03006582439
03006586798
03006587249
03006583906
03006588408
03006582497
03006584822
03006581083
03006587068
03006585098
03006582190
03006585937
03006589589
03006589867
03006584703
03006582474
03006589891
03006588536
03006589016
03006586466
03006589377
03006586173
03006589769
03006587074
03006581735
03006587602
03006582030
03006585902
03006584047
03006589259
03006584004
03006585039
03006582606
03006583473
03006582547
03006585370
03006583481
03006583359
03006584617
03006586482
03006584202
03006581455
03006585887
03006581806
03006581655
03006588380
03006585230
03006586003
03006585526
03006587838
03006584712
03006589187
03006584112
03006588557
03006587277
03006585089
03006589007
03006582817
03006588702
03006583121
03006586990
03006584284
03006588614
03006583382
03006589263
03006581364
03006583468
03006583479
03006585564
03006584131
03006586281
03006589912
03006588245
03006584635
03006582937
03006586837
03006589743
03006586945
03006581831
03006583688
03006588809
03006582919
03006582368
03006581619
03006582485
03006586503
03006583808
03006583185
03006588705
03006588426
03006581048
03006584702
03006584108
03006584843
03006584737
03006589795
03006587586
03006586770
03006583829
03006583302
03006586838
03006589962
03006584943
03006584492
03006588821
03006584367
03006584739
03006584800
03006581105
03006581801
03006583746
03006583392
03006585736
03006588909
03006581992
03006587568
03006581834
03006586071
03006588528
03006584784
03006589909
03006588690
03006584632
03006588471
03006587170
03006585033
03006587873
03006587975
03006581577
03006581437
03006585826
03006587837
03006588262
03006585001
03006587135
03006583833
03006588879
03006582494
03006583702
03006583656
03006584230
03006583300
03006586056
03006581739
03006585813
03006589343
03006581471
03006589603
03006583230
03006586568
03006588993
03006584778
03006586937
03006584134
03006586563
03006583130
03006585904
03006581103
03006586469
03006584034
03006582094
03006588163
03006589441
03006589750
03006583929
03006589035
03006581686
03006582209
03006589250
03006581273
03006588777
03006585366
03006583134
03006588049
03006584474
03006586102
03006587496
03006583976
03006582592
03006584679
03006581820
03006588015
03006585469
03006586869
03006584782
03006587430
03006588167
03006589222
03006589353
03006587439
03006582187
03006585166
03006583187
03006581720
03006587710
03006587895
03006584194
03006583112
03006587027
03006589080
03006588351
03006585775
03006588759
03006589329
03006584753
03006583238
03006585827
03006589971
03006581318
03006582281
03006588460
03006589565
03006587072
03006588391
03006585694
03006581759
03006584318
03006583380
03006582682
03006585531
03006581812
03006585990
03006582156
03006588965
03006584657
03006583241
03006585910
03006584571
03006588366
03006587971
03006585949
03006581708
03006589829
03006582311
03006584116
03006583393
03006587559
03006585380
03006585205
03006587737
03006584396
03006583016
03006583745
03006586374
03006583562
03006588140
03006584132
03006586255
03006581003
03006585077
03006587163
03006589257
03006583717
03006581941
03006584995
03006585170
03006586037
03006583645
03006584148
03006589435
03006584374
03006586755
03006583805
03006583616
03006586380
03006587018
03006587615
03006584292
03006587505
03006585393
03006585947
03006584019
03006589401
03006589535
03006586594
03006586939
03006588018
03006581743
03006587029
03006586739
03006583932
03006589826
03006587555
03006583409
03006585495
03006584144
03006588368
03006584269
03006581358
03006585991
03006585590
03006586232
03006586085
03006583564
03006587551
03006585582
03006581424
03006581980
03006582712
03006587886
03006586948
03006584517
03006582897
03006582711
03006581482
03006585948
03006587898
03006589128
03006589170
03006582734
03006589551
03006582289
03006588646
03006589935
03006587666
03006589173
03006587963
03006581172
03006582198
03006581082
03006581240
03006583123
03006585570
03006581208
03006589199
03006586445
03006586781
03006586733
03006583530
03006586588
03006589540
03006581461
03006587630
03006584771
03006581236
03006585931
03006582403
03006586448
03006587021
03006581016
03006586236
03006584365
03006586458
03006589973
03006583682
03006584553
03006588234
03006582809
03006581390
03006587970
03006583452
03006586468
03006582902
03006583173
03006581253
03006583229
03006584378
03006581975
03006582513
03006585174
03006585003
03006582407
03006583589
03006585378
03006587605
03006583001
03006581191
03006582577
03006581302
03006588958
03006585563
03006585796
03006587580
03006582879
03006582227
03006585875
03006581444
03006588992
03006587965
03006583983
03006587595
03006583816
03006586786
03006585027
03006582914
03006583147
03006588963
03006585964
03006586176
03006589357
03006581329
03006587756
03006588792
03006581746
03006584846
03006586092
03006582858
03006586416
03006584147
03006585020
03006585454
03006583237
03006584180
03006589524
03006581028
03006589917
03006581168
03006582926
03006588372
03006589548
03006587871
03006581459
03006582387
03006582216
03006586292
03006581608
03006587337
03006581324
03006582022
03006589642
03006581542
03006586896
03006589498
03006589957
03006588065
03006581309
03006588640
03006581317
03006588580
03006581993
03006584366
03006582259
03006583640
03006582742
03006581600
03006585078
03006586252
03006585735
03006585357
03006586528
03006582847
03006587230
03006588046
03006587437
03006581138
03006584756
03006588623
03006589400
03006582431
03006584160
03006584580
03006588346
03006587111
03006583135
03006589894
03006588967
03006586675
03006589877
03006582889
03006584596
03006588032
03006582448
03006587362
03006584223
03006586642
03006586072
03006588829
03006587320
03006586768
03006586894
03006584878
03006583762
03006587912
03006588652
03006583664
03006587582
03006589563
03006584578
03006588603
03006585898
03006582778
03006585671
03006584059
03006585428
03006587527
03006585553
03006581489
03006583807
03006587616
03006586509
03006582931
03006584518
03006589945
03006581649
03006585420
03006581880
03006586576
03006587982
03006581647
03006585007
03006583625
03006588236
03006587855
03006583622
03006589046
03006589355
03006584602
03006589641
03006584308
03006589270
03006588386
03006585081
03006589560
03006583672
03006585907
03006583313
03006588219
03006584364
03006583938
03006584773
03006588237
03006589185
03006589785
03006588712
03006588585
03006589630
03006583175
03006582271
03006586672
03006584386
03006589513
03006581676
03006587460
03006585276
03006584496
03006584804
03006588541
03006584161
03006585857
03006581849
03006583780
03006581256
03006587489
03006585122
03006585914
03006581020
03006588109
03006584215
03006583761
03006584633
03006588085
03006589422
03006581119
03006583168
03006582627
03006583161
03006587495
03006589140
03006582056
03006585498
03006584840
03006588051
03006582336
03006582819
03006581046
03006587839
03006588135
03006581150
03006588726
03006581817
03006587996
03006588691
03006588933
03006589950
03006582927
03006588888
03006586278
03006582230
03006586902
03006581004
03006589925
03006585300
03006581574
03006581602
03006581002
03006583050
03006582258
03006582922
03006587431
03006589635
03006588222
03006589110
03006588551
03006589148
03006588319
03006584639
03006588766
03006582370
03006583183
03006582240
03006584216
03006588099
03006588101
03006581702
03006583491
03006581380
03006581534
03006585314
03006585638
03006583299
03006586870
03006589720
03006585594
03006589079
03006587375
03006589879
03006586537
03006587064
03006584898
03006583128
03006583942
03006583610
03006585203
03006582841
03006583105
03006586135
03006586983
03006584831
03006582741
03006581539
03006589702
03006587467
03006581893
03006587834
03006583316
03006589161
03006583232
03006587132
03006586748
03006588837
03006581728
03006585243
03006586194
03006586474
03006585662
03006583010
03006583626
03006582656
03006586195
03006585608
03006584791
03006583773
03006583736
03006584749
03006586666
03006585226
03006581084
03006588275
03006583091
03006587429
03006586828
03006584724
03006584336
03006587613
03006582587
03006589906
03006587779
03006589999
03006586548
03006582296
03006583314
03006582705
03006584745
03006584576
03006588780
03006582818
03006589048
03006583040
03006584842
03006582214
03006584123
03006587853
03006583008
03006585541
03006585630
03006589264
03006587767
03006583978
03006583248
03006589391
03006585625
03006582566
03006586647
03006588983
03006583681
03006587736
03006581748
03006581161
03006583758
03006581797
03006589682
03006583999
03006581243
03006589439
03006583436
03006587383
03006588966
03006586326
03006583675
03006588972
03006581947
03006581029
03006585403
03006583456
03006584994
03006588296
03006581515
03006588311
03006583777
03006587572
03006587451
03006587120
03006584235
03006583361
03006584064
03006588056
03006583555
03006589531
03006586059
03006583490
03006585510
03006581312
03006581045
03006585363
03006581524
03006587352
03006581943
03006588350
03006581291
03006584012
03006586697
03006583166
03006587414
03006586139
03006589030
03006583915
03006581570
03006586330
03006582205
03006585844
03006584440
03006585622
03006585655
03006588826
03006585057
03006581233
03006588662
03006582412
03006582378
03006584435
03006587682
03006583376
03006582202
03006585331
03006587148
03006587225
03006587957
03006581791
03006583276
03006581135
03006582480
03006587182
03006582542
03006587787
03006582912
03006582175
03006589045
03006582471
03006588263
03006587908
03006581436
03006583344
03006584109
03006589518
03006589102
03006584764
03006581767
03006583286
03006582504
03006588529
03006588027
03006588938
03006588339
03006586300
03006582433
03006587953
03006585368
03006582571
03006589671
03006583466
03006588738
03006589487
03006587440
03006589371
03006581136
03006583046
03006582857
03006581183
03006583644
03006582706
03006584752
03006581544
03006582486
03006584585
03006581900
03006588156
03006584860
03006581297
03006586270
03006587203
03006581205
03006586745
