03453458244
03453456618
03453457860
03453457663
03453451092
03453456852
03453459065
03453451028
03453454792
03453453873
03453453326
03453455906
03453454008
03453457820
03453457660
03453458547
03453455768
03453458051
03453454046
03453459530
03453451690
03453454583
03453459075
03453454959
03453452192
03453454965
03453451263
03453453402
03453458691
03453455134
03453452779
03453454329
03453451074
03453457730
03453452083
03453459842
03453453229
03453457201
03453457475
03453454838
03453458883
03453457754
03453458110
03453455479
03453451609
03453455976
03453458553
03453459933
03453452638
03453455330
03453456869
03453458714
03453454927
03453453277
03453458588
03453456133
03453458520
03453451886
03453457801
03453457626
03453456100
03453458738
03453451577
03453452934
03453458115
03453457818
03453455318
03453458566
03453459207
03453453936
03453456473
03453453595
03453453350
03453456215
03453456412
03453451330
03453458281
03453459804
03453452689
03453457459
03453452359
03453452802
03453458806
03453451254
03453457095
03453458680
03453455588
03453457036
03453451256
03453451653
03453459371
03453454932
03453453042
03453458463
03453451818
03453454819
03453455091
03453456763
03453459514
03453457661
03453458067
03453456804
03453454992
03453452783
03453452305
03453455474
03453456471
03453456862
03453457819
03453458934
03453457856
03453454117
03453457287
03453459308
03453456564
03453458223
03453459885
03453454987
03453452171
03453459389
03453452282
03453457101
03453458662
03453453317
03453453173
03453457948
03453459512
03453455944
03453453190
03453453041
03453453175
03453459798
03453454291
03453451811
03453452001
03453456261
03453454312
03453456375
03453454393
03453453834
03453457076
03453455914
03453452468
03453451176
03453452509
03453458255
03453456868
03453456877
03453454527
03453455489
03453458678
03453458708
03453459703
03453456329
03453459465
03453459131
03453457526
03453456959
03453454629
03453455892
03453454681
03453454318
03453456282
03453455475
03453457306
03453453911
03453453509
03453454872
03453451606
03453454996
03453458448
03453456663
03453451586
03453457403
03453456772
03453457002
03453457688
03453456322
03453456163
03453458648
03453454308
03453455613
03453453102
03453452298
03453459932
03453454846
03453457243
03453452588
03453453605
03453453475
03453459205
03453454544
03453452394
03453451596
03453456186
03453455700
03453455202
03453457952
03453452957
03453453367
03453459654
03453453883
03453453681
03453453039
03453454742
03453452062
03453458427
03453459956
03453458307
03453459729
03453456033
03453452372
03453455007
03453459064
03453456266
03453452284
03453458000
03453451521
03453459243
03453452118
03453459192
03453455806
03453454518
03453451071
03453451799
03453459735
03453453364
03453452796
03453458993
03453451932
03453452842
03453459258
03453455190
03453452784
03453458816
03453451833
03453453649
03453454815
03453456360
03453451585
03453455517
03453453328
03453457582
03453453892
03453457369
03453455883
03453452160
03453451017
03453455550
03453456255
03453453908
03453459682
03453458157
03453453493
03453454942
03453456933
03453457039
03453459585
03453458736
03453455749
03453455179
03453456280
03453457449
03453454351
03453451275
03453458345
03453457303
03453452831
03453454220
03453459000
03453457743
03453451604
03453452153
03453459472
03453455694
03453451624
03453454541
03453459771
03453451825
03453458337
03453459640
03453456528
03453454907
03453452150
03453455491
03453456751
03453455955
03453457881
03453459320
03453452000
03453456781
03453453797
03453454445
03453452403
03453457612
03453459652
03453456918
03453451531
03453452671
03453453618
03453452718
03453452034
03453454908
03453451939
03453456552
03453451340
03453455469
03453451238
03453455415
03453455044
03453458965
03453457705
03453457412
03453455539
03453459751
03453452541
03453458300
03453458859
03453454524
03453452389
03453459421
03453453510
03453452220
03453452218
03453453945
03453457159
03453459750
03453451860
03453456042
03453454706
03453453009
03453458886
03453459153
03453454718
03453456921
03453454494
03453459999
03453458939
03453455410
03453456643
03453453905
03453456956
03453457816
03453456091
03453457033
03453456863
03453457110
03453458618
03453452672
03453454197
03453459813
03453457994
03453459393
03453451590
03453453609
03453455196
03453458552
03453452693
03453455257
03453452542
03453458088
03453459919
03453459114
03453451903
03453452778
03453459605
03453455264
03453454401
03453457853
03453452886
03453453999
03453458931
03453456088
03453452526
03453458871
03453457714
03453454680
03453457309
03453452216
03453459546
03453453819
03453456876
03453451446
03453453196
03453454921
03453457737
03453457539
03453454340
03453452602
03453454567
03453452752
03453457245
03453458378
03453451419
03453459602
03453454549
03453458287
03453459267
03453458704
03453459610
03453456264
03453454620
03453451697
03453457552
03453459680
03453455233
03453455872
03453455295
03453455027
03453451331
03453456408
03453455785
03453454641
03453451396
03453454364
03453455558
03453457584
03453455280
03453459102
03453458111
03453459021
03453452076
03453455115
03453457265
03453455181
03453458575
03453453224
03453457858
03453452168
03453457340
03453452025
03453459334
03453454656
03453452379
03453451950
03453453193
03453454207
03453459826
03453453482
03453454062
03453458213
03453451900
03453459062
03453454113
03453452272
03453459188
03453453069
03453452792
03453456211
03453453795
03453457761
03453456149
03453457833
03453457118
03453456478
03453452454
03453453616
03453457301
03453455029
03453455204
03453453330
03453457141
03453459014
03453454917
03453455923
03453457397
03453452249
03453456796
03453451053
03453459052
03453453281
03453459513
03453459110
03453457913
03453458670
03453459099
03453454548
03453451578
03453453122
03453452285
03453451769
03453455589
03453453937
03453455360
03453457089
03453455145
03453457371
03453459865
03453456760
03453458842
03453456871
03453458160
03453458908
03453458941
03453452046
03453454054
03453457874
03453454523
03453458814
03453451546
03453453297
03453459127
03453458709
03453452868
03453458319
03453458007
03453458565
03453453784
03453454517
03453452753
03453457793
03453451906
03453452919
03453451560
03453451552
03453455076
03453459557
03453458834
03453452252
03453454878
03453456930
03453454292
03453456410
03453451353
03453458971
03453456624
03453456673
03453457054
03453454307
03453459314
03453458987
03453452642
03453456879
03453451069
03453457040
03453459081
03453456579
03453453587
03453455348
03453454007
03453451049
03453454964
03453458119
03453455989
03453457381
03453458977
03453458317
03453455689
03453456562
03453456668
03453456367
03453454835
03453458499
03453456458
03453456966
03453457805
03453459594
03453456079
03453457598
03453453931
03453458917
03453454673
03453452516
03453459752
03453455672
03453451290
03453451581
03453459160
03453451445
03453453233
03453454211
03453451589
03453456131
03453456067
03453458356
03453451364
03453457745
03453452646
03453452619
03453457807
03453458379
03453454611
03453451276
03453456985
03453456428
03453455876
03453457928
03453457365
03453457393
03453452058
03453455819
03453454970
03453455800
03453455937
03453455377
03453454785
03453454551
03453459339
03453455012
03453453732
03453453593
03453458004
03453451027
03453453405
03453457723
03453459374
03453459853
03453458079
03453451311
03453451110
03453456293
03453459395
03453452442
03453458475
03453458687
03453454862
03453455705
03453452355
03453458850
03453454080
03453455840
03453453126
03453451096
03453452555
03453455427
03453456855
03453457268
03453457834
03453453256
03453459040
03453459599
03453456341
03453457683
03453458980
03453455400
03453452470
03453457511
03453459313
03453457353
03453459526
03453455575
03453453357
03453457461
03453452202
03453459079
03453452195
03453457892
03453451439
03453452309
03453455167
03453453946
03453452998
03453453477
03453457253
03453459795
03453456101
03453459706
03453459461
03453453235
03453456568
03453456527
03453451406
03453455773
03453455521
03453459198
03453457965
03453454652
03453456752
03453458754
03453451061
03453458550
03453458668
03453458449
03453456243
03453454102
03453454684
03453455037
03453456989
03453454513
03453458502
03453457269
03453459499
03453455779
03453457256
03453456669
03453452495
03453451054
03453455844
03453452575
03453454362
03453459105
03453459930
03453456787
03453455969
03453455981
03453454058
03453454722
03453456792
03453458702
03453451127
03453457652
03453455604
03453454776
03453453073
03453457112
03453452055
03453458025
03453454137
03453456273
03453458513
03453459742
03453451941
03453451296
03453452156
03453455698
03453452909
03453451016
03453455975
03453454305
03453457084
03453456210
03453454997
03453454753
03453453373
03453459068
03453451008
03453456167
03453454443
03453452546
03453452706
03453453569
03453454651
03453459603
03453452119
03453456891
03453456277
03453452771
03453452931
03453451650
03453452307
03453453339
03453455895
03453451417
03453457045
03453454027
03453456189
03453458359
03453451813
03453455775
03453452727
03453456822
03453458338
03453459699
03453458044
03453459916
03453455887
03453453581
03453453566
03453454944
03453455090
03453452338
03453459176
03453455265
03453459420
03453458084
03453454325
03453451997
03453453745
03453452165
03453453336
03453456327
03453455040
03453456323
03453459978
03453456084
03453457828
03453459035
03453453780
03453456283
03453456254
03453453071
03453454887
03453451734
03453456420
03453459758
03453459264
03453451954
03453451689
03453455507
03453458938
03453451675
03453457690
03453458402
03453454825
03453458024
03453458441
03453456686
03453453371
03453453003
03453453592
03453455909
03453457497
03453456635
03453454101
03453457262
03453453302
03453455395
03453458982
03453453166
03453457066
03453453197
03453452590
03453455577
03453453987
03453456009
03453452901
03453454373
03453453351
03453459054
03453457145
03453459057
03453459239
03453452440
03453452213
03453455756
03453457841
03453459567
03453451883
03453458141
03453452260
03453453447
03453452628
03453452371
03453454692
03453458386
03453455772
03453454608
03453454493
03453455811
03453459247
03453452835
03453452015
03453455540
03453459823
03453458998
03453452776
03453456854
03453451800
03453457396
03453451661
03453454258
03453451088
03453459639
03453451140
03453453598
03453457367
03453451314
03453454448
03453455066
03453451726
03453452561
03453454491
03453457113
03453451372
03453454746
03453456628
03453453755
03453459378
03453453740
03453452301
03453459744
03453452231
03453455365
03453453656
03453451908
03453451647
03453455232
03453457298
03453452173
03453457241
03453453178
03453451363
03453454181
03453451108
03453459453
03453455267
03453455331
03453459318
03453454687
03453452073
03453459741
03453458979
03453457351
03453452649
03453455033
03453451710
03453455899
03453458838
03453453854
03453456666
03453459083
03453451409
03453459817
03453453782
03453457666
03453456311
03453459199
03453457206
03453451568
03453459573
03453458269
03453454286
03453457034
03453454412
03453451382
03453457543
03453453292
03453453915
03453452929
03453454295
03453452583
03453455675
03453455587
03453454573
03453451963
03453458318
03453454095
03453452279
03453451291
03453458539
03453451548
03453457020
03453451841
03453453429
03453459779
03453451080
03453459768
03453453441
03453451612
03453451803
03453459441
03453455283
03453451539
03453455791
03453457494
03453456888
03453456619
03453452457
03453458106
03453459316
03453452079
03453455658
03453454348
03453456631
03453457473
03453452985
03453456802
03453456978
03453455747
03453456808
03453452864
03453451450
03453453149
03453454149
03453451502
03453455907
03453452145
03453452960
03453458877
03453455291
03453456488
03453455277
03453454402
03453451920
03453457769
03453453442
03453454941
03453456183
03453459080
03453458899
03453453514
03453453607
03453456782
03453454127
03453456463
03453455865
03453454995
03453456577
03453453972
03453457008
03453453738
03453452469
03453452198
03453452697
03453454189
03453452003
03453451339
03453456497
03453451524
03453453826
03453459038
03453459422
03453455582
03453451404
03453454250
03453457895
03453459125
03453454873
03453455681
03453455163
03453452299
03453451319
03453452148
03453458268
03453459451
03453456814
03453451243
03453453485
03453454891
03453456896
03453452174
03453458689
03453453888
03453452038
03453455956
03453457155
03453453415
03453455433
03453459072
03453455603
03453459488
03453453059
03453455443
03453454251
03453455601
03453459025
03453453378
03453453255
03453451911
03453454375
03453452224
03453458178
03453451782
03453456513
03453457354
03453458461
03453458839
03453452270
03453451793
03453455057
03453455144
03453457904
03453456105
03453453075
03453452665
03453451175
03453457618
03453458169
03453454994
03453457883
03453455866
03453457192
03453455311
03453455936
03453459346
03453451977
03453457662
03453458976
03453453295
03453454859
03453457290
03453459090
03453452133
03453453853
03453454234
03453453172
03453452458
03453454559
03453452116
03453457272
03453451273
03453456757
03453458469
03453455124
03453459819
03453453898
03453456307
03453453894
03453452903
03453452924
03453459816
03453457394
03453451246
03453455784
03453453575
03453459042
03453454246
03453459901
03453453935
03453451822
03453458297
03453457339
03453456048
03453452633
03453458038
03453454663
03453458756
03453451242
03453455263
03453458967
03453458170
03453453391
03453458444
03453451971
03453457063
03453459959
03453453150
03453454343
03453458391
03453457508
03453456026
03453455488
03453457015
03453451693
03453452511
03453458567
03453456074
03453456559
03453454597
03453457528
03453456270
03453455855
03453458239
03453454167
03453458574
03453456489
03453457200
03453456437
03453456206
03453452392
03453455130
03453457070
03453457182
03453459942
03453452604
03453451574
03453455655
03453451705
03453454241
03453452528
03453452012
03453459174
03453451740
03453459548
03453458394
03453456695
03453452892
03453454868
03453453518
03453456832
03453453846
03453454103
03453453091
03453456080
03453454068
03453456661
03453454131
03453451191
03453451070
03453459820
03453453095
03453451884
03453454622
03453455328
03453458625
03453453470
03453451728
03453452370
03453453287
03453453741
03453453842
03453452426
03453458094
03453453516
03453452687
03453455560
03453451284
03453452627
03453456388
03453455838
03453455493
03453451587
03453457574
03453453050
03453451458
03453456078
03453459856
03453454926
03453453065
03453458069
03453453140
03453457651
03453454462
03453451155
03453457051
03453454025
03453453653
03453455042
03453456883
03453459501
03453457132
03453457535
03453451995
03453452786
03453453957
03453456234
03453454279
03453454842
03453455317
03453452283
03453452986
03453452570
03453454099
03453455446
03453454885
03453458428
03453455036
03453451097
03453451471
03453459336
03453455578
03453455487
03453451839
03453456544
03453458961
03453456166
03453451956
03453455059
03453458542
03453459256
03453452930
03453454125
03453455465
03453456905
03453459620
03453455636
03453454768
03453458610
03453451038
03453451083
03453453536
03453451073
03453452096
03453457208
03453458470
03453454395
03453457735
03453455880
03453458358
03453454070
03453456590
03453453313
03453451168
03453451523
03453451664
03453451477
03453454693
03453454568
03453456967
03453455600
03453455424
03453451791
03453454168
03453452963
03453452105
03453458986
03453452405
03453454522
03453458074
03453456994
03453452510
03453453739
03453457278
03453456848
03453454441
03453452019
03453456595
03453459775
03453452632
03453455004
03453452577
03453459549
03453455576
03453459972
03453455034
03453454022
03453453638
03453452135
03453456566
03453459444
03453453627
03453454326
03453458763
03453456381
03453452089
03453452425
03453459013
03453456028
03453457738
03453457414
03453453703
03453454948
03453452987
03453455825
03453451591
03453451332
03453452531
03453453410
03453452432
03453452972
03453453500
03453453284
03453456947
03453454256
03453451011
03453456251
03453452915
03453454403
03453457221
03453458161
03453456269
03453456168
03453456310
03453459778
03453458309
03453455193
03453456330
03453456893
03453454255
03453459452
03453452527
03453454454
03453456702
03453456755
03453456556
03453453596
03453459544
03453454813
03453456540
03453453872
03453458127
03453459924
03453455248
03453454580
03453456803
03453458220
03453457189
03453455620
03453458637
03453456885
03453457295
03453459063
03453452525
03453459358
03453458660
03453451876
03453452767
03453451459
03453459777
03453458735
03453452572
03453451106
03453451497
03453451122
03453457315
03453452968
03453455268
03453455668
03453452312
03453451713
03453452648
03453455337
03453458833
03453458117
03453459261
03453454533
03453457019
03453455211
03453457156
03453453788
03453456649
03453454803
03453453806
03453454231
03453457114
03453455692
03453454497
03453455026
03453451768
03453459570
03453453794
03453456857
03453454514
03453456946
03453458050
03453456538
03453453933
03453455690
03453451395
03453451532
03453459474
03453454087
03453451365
03453453940
03453456129
03453456914
03453456717
03453451879
03453453517
03453457509
03453457906
03453458417
03453454805
03453459645
03453454335
03453456349
03453458674
03453454934
03453455617
03453458265
03453452690
03453451925
03453459712
03453453223
03453458098
03453455254
03453453271
03453454332
03453456193
03453453027
03453454327
03453454331
03453455638
03453452655
03453457609
03453455682
03453454978
03453459536
03453459632
03453453669
03453459598
03453455046
03453452857
03453454539
03453457299
03453453925
03453453804
03453452429
03453453438
03453454989
03453457004
03453454888
03453458262
03453454237
03453453573
03453451778
03453453778
03453456019
03453457324
03453455056
03453455182
03453459224
03453453057
03453452819
03453453625
03453459792
03453458893
03453459101
03453458580
03453451901
03453452199
03453457665
03453451197
03453452734
03453455298
03453455466
03453457408
03453451890
03453451575
03453458538
03453456838
03453457214
03453452243
03453458743
03453451126
03453453204
03453453205
03453456733
03453454185
03453458054
03453453824
03453453781
03453452676
03453456737
03453457026
03453454508
03453458511
03453458353
03453456720
03453454262
03453453984
03453455300
03453453758
03453455649
03453456364
03453451244
03453455873
03453453574
03453456650
03453457453
03453453547
03453458696
03453456419
03453454679
03453451474
03453451685
03453454077
03453459214
03453458792
03453454029
03453455823
03453458485
03453457980
03453454758
03453457903
03453459446
03453454731
03453452940
03453453457
03453456020
03453452181
03453451203
03453456680
03453452318
03453459283
03453453478
03453455812
03453456692
03453457421
03453454732
03453453418
03453457207
03453451571
03453457150
03453456405
03453455089
03453458669
03453458214
03453455644
03453459249
03453457086
03453456072
03453454545
03453452498
03453451224
03453455554
03453455314
03453458216
03453451063
03453453247
03453452032
03453457373
03453453160
03453453218
03453456534
03453454444
03453455438
03453452132
03453455160
03453459120
03453458010
03453456858
03453458659
03453458872
03453454708
03453454174
03453453698
03453452365
03453454026
03453451889
03453455421
03453454260
03453456181
03453451567
03453451875
03453453926
03453457345
03453456943
03453451628
03453459107
03453456064
03453451361
03453459386
03453454485
03453457479
03453454205
03453454588
03453452466
03453457323
03453455782
03453455683
03453453072
03453451214
03453451134
03453457230
03453456267
03453454686
03453455678
03453459878
03453457031
03453459765
03453454342
03453456537
03453454787
03453456365
03453456218
03453451391
03453458517
03453451794
03453458857
03453456093
03453454939
03453454381
03453451260
03453456034
03453459151
03453454930
03453454130
03453456797
03453457721
03453459597
03453451212
03453453847
03453457556
03453452701
03453452980
03453454936
03453455552
03453454198
03453459317
03453454526
03453452361
03453451313
03453458713
03453451754
03453456029
03453456175
03453458593
03453455131
03453456148
03453453730
03453455191
03453451607
03453456098
03453457989
03453456767
03453455006
03453453744
03453457544
03453455128
03453455024
03453459092
03453455155
03453451495
03453451942
03453456355
03453453673
03453459328
03453455417
03453457058
03453453568
03453458373
03453453108
03453459561
03453454874
03453451407
03453458970
03453457789
03453453329
03453459454
03453456208
03453452550
03453459520
03453458616
03453456184
03453453688
03453458477
03453451570
03453451020
03453458052
03453459997
03453453635
03453456676
03453459793
03453455863
03453457991
03453452947
03453455297
03453453199
03453459968
03453455370
03453454435
03453455567
03453451869
03453458087
03453451826
03453451086
03453454532
03453459391
03453456835
03453457049
03453457432
03453451729
03453454017
03453453110
03453455925
03453458198
03453451614
03453458913
03453451926
03453458773
03453453261
03453459350
03453459551
03453453246
03453457843
03453453538
03453456608
03453451447
03453452065
03453459194
03453457284
03453455001
03453458813
03453458951
03453456382
03453459809
03453459784
03453455951
03453455049
03453451325
03453459642
03453451951
03453451208
03453456161
03453452313
03453451270
03453455730
03453457283
03453451810
03453459206
03453456815
03453458190
03453454040
03453451349
03453454823
03453453354
03453457644
03453453253
03453458656
03453453912
03453453112
03453454778
03453459821
03453459565
03453453599
03453458196
03453456517
03453456353
03453455904
03453452705
03453454194
03453456941
03453455674
03453459607
03453453743
03453456425
03453458435
03453451128
03453451694
03453453680
03453456389
03453451037
03453451597
03453457296
03453453048
03453451709
03453452492
03453454391
03453453684
03453453614
03453452688
03453456604
03453453602
03453453801
03453455445
03453452117
03453453449
03453453670
03453452982
03453453504
03453451034
03453459060
03453459655
03453451130
03453456501
03453452837
03453454585
03453454756
03453452942
03453452855
03453459803
03453456636
03453456768
03453451989
03453459576
03453456919
03453454156
03453452823
03453451967
03453452990
03453459011
03453452992
03453457366
03453458614
03453456575
03453459543
03453453431
03453453938
03453459344
03453451213
03453459851
03453456054
03453458846
03453452589
03453451120
03453456541
03453453646
03453459674
03453456902
03453451144
03453456585
03453453131
03453454904
03453457630
03453458140
03453453459
03453453508
03453452606
03453454507
03453453182
03453456141
03453456366
03453453312
03453458729
03453455986
03453457423
03453452463
03453457068
03453456648
03453458101
03453453976
03453451107
03453457890
03453456450
03453456584
03453457621
03453455430
03453452958
03453458527
03453456308
03453457753
03453453604
03453456747
03453452872
03453454492
03453459277
03453457812
03453457781
03453453687
03453459479
03453459516
03453456482
03453456580
03453457739
03453455568
03453457057
03453456021
03453454104
03453452717
03453458519
03453453026
03453456219
03453453023
03453455229
03453451271
03453456615
03453451123
03453457091
03453458638
03453458803
03453456714
03453457405
03453456749
03453451060
03453451724
03453452654
03453456380
03453453463
03453452185
03453456546
03453451223
03453453556
03453458923
03453458020
03453457610
03453458224
03453453259
03453457193
03453459693
03453456581
03453451573
03453452381
03453459965
03453456616
03453458476
03453458419
03453457217
03453457389
03453451732
03453451113
03453454186
03453456911
03453451717
03453456645
03453452756
03453458599
03453457259
03453455074
03453459070
03453456053
03453457725
03453456929
03453453748
03453454479
03453456414
03453456847
03453453708
03453458126
03453454006
03453455252
03453458421
03453459369
03453452011
03453456303
03453459133
03453451321
03453454016
03453457507
03453451094
03453459322
03453456498
03453456906
03453454416
03453459405
03453457391
03453456637
03453451336
03453457257
03453453163
03453457238
03453458325
03453455908
03453457129
03453454593
03453452006
03453456652
03453454014
03453453689
03453451894
03453459257
03453452036
03453457222
03453453857
03453455157
03453454977
03453459508
03453452430
03453454302
03453457368
03453454415
03453452170
03453452112
03453458848
03453453785
03453454594
03453459226
03453453320
03453456500
03453459845
03453451280
03453453217
03453454229
03453456638
03453455496
03453457380
03453459300
03453456784
03453457044
03453457835
03453452080
03453454671
03453452826
03453453451
03453457224
03453458091
03453452237
03453451844
03453451576
03453453702
03453451087
03453454564
03453458251
03453454631
03453456153
03453453808
03453453697
03453456291
03453458201
03453457664
03453455238
03453459988
03453454615
03453455126
03453454277
03453456984
03453456135
03453453063
03453451115
03453456399
03453459868
03453459276
03453457607
03453459436
03453451640
03453452889
03453452936
03453454409
03453452815
03453451048
03453452413
03453451733
03453454356
03453454239
03453457953
03453454430
03453455162
03453458212
03453457236
03453454607
03453456718
03453453001
03453454951
03453455188
03453451512
03453458231
03453456233
03453458617
03453456200
03453454261
03453454650
03453454727
03453457172
03453453474
03453452713
03453452543
03453453982
03453452745
03453455271
03453455088
03453458632
03453451237
03453451655
03453452039
03453455748
03453453000
03453454341
03453459888
03453459457
03453451293
03453455859
03453452643
03453455500
03453455621
03453453692
03453457382
03453459909
03453451132
03453454005
03453454755
03453459019
03453459679
03453456432
03453455673
03453454577
03453454837
03453453200
03453451543
03453455423
03453458508
03453455878
03453457706
03453458531
03453457043
03453456502
03453457123
03453458852
03453454273
03453451975
03453455839
03453451868
03453458712
03453452246
03453454860
03453459303
03453456970
03453457187
03453452641
03453451463
03453452149
03453459469
03453454542
03453456010
03453455473
03453457712
03453459071
03453457703
03453459800
03453456192
03453452862
03453457029
03453452830
03453454554
03453456262
03453451594
03453458403
03453453860
03453451344
03453456120
03453453861
03453454370
03453459145
03453459382
03453458876
03453453637
03453451566
03453453238
03453451873
03453458352
03453455397
03453459824
03453451600
03453457169
03453455723
03453458745
03453455663
03453453167
03453453799
03453456441
03453454129
03453458654
03453452478
03453459925
03453455789
03453458320
03453452041
03453455072
03453453392
03453459592
03453458851
03453456201
03453451193
03453456690
03453455501
03453454082
03453458647
03453459928
03453451341
03453453213
03453459837
03453455125
03453459109
03453459698
03453454035
03453453279
03453458699
03453453679
03453458577
03453452330
03453459726
03453459894
03453453787
03453454798
03453453526
03453451974
03453456996
03453453779
03453456090
03453454572
03453453830
03453455860
03453457128
03453458193
03453453554
03453454639
03453458569
03453456503
03453457944
03453457157
03453453523
03453456670
03453456923
03453459376
03453456316
03453457554
03453458414
03453452647
03453452841
03453455374
03453455329
03453454191
03453459089
03453459869
03453458174
03453455595
03453459577
03453458776
03453455726
03453451324
03453453419
03453454816
03453453472
03453451759
03453457109
03453459166
03453455195
03453457513
03453452262
03453455657
03453456940
03453455687
03453457873
03453457803
03453455153
03453454378
03453451377
03453458855
03453458983
03453457092
03453455120
03453457540
03453452921
03453459419
03453456901
03453457830
03453453615
03453455025
03453452517
03453458655
03453453889
03453456452
03453458063
03453456461
03453454090
03453456945
03453457998
03453453181
03453455833
03453455544
03453455339
03453452626
03453459973
03453459341
03453454698
03453457521
03453451343
03453456932
03453459353
03453457280
03453452630
03453456465
03453459272
03453454422
03453453203
03453458667
03453459477
03453456459
03453452473
03453454363
03453453561
03453453719
03453453825
03453458275
03453458203
03453452398
03453459855
03453451601
03453458266
03453452694
03453459762
03453451538
03453456480
03453457592
03453454460
03453459367
03453456271
03453456813
03453458596
03453452881
03453455047
03453454940
03453457974
03453457517
03453456954
03453458646
03453458138
03453453440
03453452491
03453452187
03453452757
03453455647
03453459711
03453454880
03453459902
03453452843
03453457358
03453451389
03453453802
03453455385
03453459990
03453456086
03453459196
03453454284
03453458505
03453459202
03453453439
03453452869
03453455039
03453456187
03453458132
03453459189
03453453372
03453459219
03453457233
03453457722
03453454085
03453455344
03453459963
03453453152
03453453143
03453452052
03453453974
03453454244
03453458206
03453452208
03453451283
03453454242
03453456980
03453451909
03453458016
03453457697
03453459228
03453458151
03453451872
03453455918
03453452716
03453451473
03453453161
03453459238
03453453424
03453451089
03453457485
03453452063
03453455215
03453459128
03453457898
03453455538
03453454183
03453456834
03453455924
03453457105
03453453435
03453451845
03453455455
03453453914
03453451205
03453451257
03453454315
03453458783
03453457307
03453457335
03453453342
03453452953
03453458888
03453453690
03453459183
03453453125
03453455038
03453459994
03453454711
03453451553
03453453094
03453458697
03453451767
03453452030
03453459262
03453455279
03453459945
03453456357
03453459891
03453455018
03453456241
03453456640
03453459167
03453457333
03453453589
03453457199
03453458891
03453455656
03453452021
03453457702
03453451745
03453456139
03453451217
03453454913
03453455618
03453457205
03453458426
03453454726
03453458073
03453453390
03453454566
03453453396
03453458996
03453459907
03453458672
03453459315
03453458397
03453458969
03453455760
03453456137
03453452686
03453451333
03453456373
03453457240
03453453533
03453457410
03453455139
03453454224
03453454249
03453459036
03453454440
03453459201
03453454510
03453453942
03453459022
03453453803
03453459895
03453457902
03453451551
03453453348
03453455312
03453452532
03453452247
03453459152
03453454121
03453454519
03453454712
03453451033
03453459589
03453454928
03453454447
03453457847
03453456385
03453454812
03453454459
03453451817
03453457694
03453452791
03453454534
03453458493
03453451121
03453453293
03453453678
03453459230
03453454213
03453457104
03453457640
03453452970
03453453164
03453458926
03453457719
03453457788
03453457541
03453456426
03453451727
03453453661
03453457728
03453456297
03453456851
03453456707
03453454499
03453459103
03453454879
03453454937
03453451518
03453452586
03453453480
03453454482
03453452920
03453456931
03453456894
03453454890
03453459566
03453455103
03453458489
03453453701
03453452789
03453451421
03453457140
03453453116
03453456011
03453451716
03453452702
03453458628
03453457007
03453454749
03453458416
03453452945
03453457923
03453459403
03453451960
03453453827
03453451529
03453459547
03453452853
03453451236
03453451603
03453451937
03453453400
03453451984
03453452880
03453456909
03453454192
03453455251
03453458096
03453456479
03453457977
03453452053
03453451103
03453459370
03453451466
03453459098
03453456102
03453456431
03453452581
03453453831
03453459836
03453455210
03453456709
03453458589
03453451299
03453456872
03453459244
03453454884
03453451501
03453455422
03453459788
03453458671
03453455336
03453452726
03453454856
03453454488
03453457178
03453451180
03453452887
03453456245
03453452766
03453453709
03453453464
03453455316
03453454230
03453457614
03453455189
03453452484
03453458185
03453454754
03453457759
03453453805
03453453537
03453452851
03453454898
03453456345
03453456810
03453457674
03453452306
03453453816
03453451996
03453457372
03453452656
03453457362
03453454976
03453452754
03453455209
03453452806
03453459418
03453454368
03453457642
03453459349
03453457748
03453451347
03453453153
03453451917
03453454649
03453459731
03453458506
03453458060
03453458679
03453454287
03453455111
03453455528
03453458675
03453451493
03453456023
03453458561
03453459688
03453458504
03453457681
03453457937
03453456174
03453456025
03453452374
03453452925
03453456470
03453456198
03453457149
03453453060
03453457188
03453454770
03453457924
03453451467
03453457650
03453451658
03453454235
03453458370
03453455413
03453454110
03453452971
03453451133
03453459086
03453455750
03453457144
03453452891
03453458544
03453452091
03453453899
03453452539
03453457684
03453456736
03453459733
03453459591
03453451859
03453455503
03453454366
03453452838
03453458276
03453455769
03453459260
03453458471
03453452871
03453451735
03453457657
03453454216
03453458173
03453457620
03453455453
03453452922
03453458695
03453453750
03453459119
03453451852
03453457912
03453454844
03453454268
03453455864
03453451150
03453451112
03453455629
03453454719
03453457122
03453459284
03453453620
03453455366
03453456276
03453458879
03453455928
03453457442
03453451784
03453451752
03453455246
03453456371
03453454991
03453457006
03453451043
03453451167
03453458253
03453453104
03453453453
03453457305
03453452545
03453458331
03453455075
03453452722
03453458315
03453456485
03453457464
03453455965
03453458340
03453458422
03453457012
03453457619
03453453876
03453459329
03453456197
03453454293
03453453413
03453454020
03453459759
03453454199
03453452474
03453454806
03453454897
03453455805
03453458146
03453459030
03453454500
03453451530
03453458906
03453454053
03453458584
03453454294
03453454154
03453453980
03453457976
03453455435
03453453088
03453452134
03453459343
03453451662
03453458701
03453458555
03453452286
03453455092
03453451346
03453453524
03453456555
03453451206
03453459861
03453454828
03453451753
03453457643
03453459360
03453455436
03453456741
03453456830
03453453671
03453458802
03453458375
03453454613
03453459866
03453452707
03453451162
03453455294
03453453147
03453451334
03453451700
03453453265
03453453090
03453452242
03453458351
03453454515
03453454063
03453459449
03453453436
03453454166
03453452614
03453451371
03453456859
03453456653
03453457097
03453459028
03453457456
03453453683
03453459604
03453455771
03453452775
03453457102
03453454123
03453457062
03453455285
03453459971
03453455706
03453451515
03453453411
03453458191
03453458289
03453455412
03453451857
03453454766
03453457273
03453459525
03453454841
03453455648
03453455364
03453458788
03453453553
03453454458
03453454760
03453459312
03453457455
03453458881
03453453448
03453459380
03453451684
03453458535
03453459781
03453453249
03453452261
03453454173
03453459920
03453454826
03453456917
03453454783
03453453093
03453457359
03453454610
03453456926
03453452544
03453457310
03453458392
03453457889
03453451451
03453455391
03453459669
03453451392
03453457186
03453453460
03453457680
03453452101
03453451510
03453451305
03453453282
03453458960
03453459432
03453454019
03453459234
03453451101
03453455380
03453455261
03453456185
03453453579
03453451288
03453453991
03453451366
03453456664
03453452093
03453452417
03453452557
03453459678
03453453884
03453452508
03453459141
03453451706
03453454028
03453459431
03453456085
03453451102
03453458644
03453454369
03453459146
03453452419
03453455916
03453457930
03453452617
03453454968
03453452768
03453456816
03453457797
03453451422
03453458957
03453452316
03453451892
03453455988
03453456612
03453451351
03453451958
03453458333
03453459830
03453455203
03453452888
03453458019
03453457724
03453459593
03453451582
03453456592
03453451210
03453455183
03453452157
03453451411
03453453622
03453459251
03453453619
03453453240
03453454662
03453458786
03453457756
03453451472
03453457229
03453453968
03453454346
03453457510
03453454748
03453454201
03453454387
03453454162
03453457375
03453455724
03453454455
03453459940
03453457495
03453455367
03453459524
03453456589
03453458288
03453458405
03453455363
03453458121
03453456221
03453457613
03453456422
03453454576
03453457810
03453458791
03453452382
03453456111
03453454502
03453455245
03453456396
03453458853
03453454333
03453453062
03453459852
03453451850
03453453300
03453455662
03453454886
03453455735
03453455262
03453454330
03453459384
03453454233
03453459100
03453458165
03453454132
03453454259
03453456229
03453456644
03453451148
03453455112
03453454578
03453453127
03453453955
03453451040
03453453513
03453456667
03453454367
03453459753
03453451160
03453454004
03453454405
03453457005
03453455118
03453451012
03453454571
03453452827
03453455593
03453456655
03453454581
03453453765
03453456937
03453455870
03453457565
03453451637
03453459764
03453457035
03453453098
03453455670
03453452640
03453456687
03453459460
03453455831
03453457047
03453459383
03453452959
03453456207
03453451946
03453454161
03453452418
03453454140
03453454275
03453454084
03453457468
03453456453
03453453446
03453459050
03453456602
03453452347
03453452494
03453459950
03453454015
03453453695
03453453874
03453451756
03453456302
03453458724
03453457978
03453459691
03453454616
03453456340
03453454073
03453451394
03453452401
03453451046
03453457997
03453451847
03453457941
03453455996
03453458072
03453452404
03453457636
03453455041
03453458860
03453451269
03453458482
03453459359
03453456007
03453455256
03453453021
03453459144
03453452859
03453457127
03453451558
03453453791
03453451618
03453453198
03453453045
03453458703
03453451350
03453452254
03453459509
03453454495
03453453136
03453458943
03453452564
03453456070
03453458928
03453459857
03453452044
03453457436
03453452645
03453457466
03453457125
03453453948
03453451232
03453454690
03453457740
03453459874
03453456140
03453456623
03453451691
03453452692
03453452599
03453456951
03453455082
03453457176
03453452108
03453451907
03453458611
03453451403
03453457711
03453455437
03453452554
03453454973
03453457183
03453455021
03453459245
03453455727
03453454773
03453451204
03453453733
03453453559
03453457248
03453457765
03453455396
03453453186
03453455219
03453453979
03453455632
03453451701
03453458681
03453451161
03453453466
03453452154
03453452534
03453452885
03453454531
03453452863
03453456180
03453459111
03453451345
03453454954
03453451827
03453457130
03453458279
03453457338
03453451787
03453457531
03453453815
03453453768
03453459954
03453459502
03453451492
03453452571
03453452433
03453455002
03453454902
03453459216
03453454075
03453458306
03453454193
03453451797
03453456849
03453457352
03453459873
03453453289
03453458321
03453455934
03453458718
03453459116
03453453729
03453457597
03453459157
03453451843
03453453462
03453453296
03453453276
03453455770
03453458303
03453459225
03453451514
03453459622
03453451970
03453452742
03453455138
03453452698
03453459143
03453458219
03453451179
03453451065
03453451557
03453454918
03453456462
03453455813
03453458500
03453452253
03453456833
03453457698
03453459357
03453453487
03453459849
03453459096
03453457146
03453453393
03453459180
03453458467
03453456704
03453459631
03453456557
03453454153
03453459992
03453458836
03453459637
03453454705
03453455107
03453454809
03453452793
03453452763
03453453469
03453458082
03453458666
03453457195
03453457439
03453454473
03453459210
03453454470
03453453789
03453451969
03453454410
03453455594
03453458124
03453456182
03453458380
03453454347
03453454438
03453452591
03453454407
03453454411
03453453676
03453454676
03453455158
03453457346
03453452383
03453454365
03453455848
03453452736
03453453722
03453456342
03453453004
03453459517
03453456304
03453459121
03453455821
03453453585
03453454228
03453458407
03453454848
03453454431
03453457557
03453451024
03453453989
03453459877
03453453631
03453456052
03453451895
03453456319
03453458107
03453454555
03453459490
03453454012
03453453841
03453459962
03453451163
03453455270
03453455132
03453455943
03453455639
03453452952
03453459583
03453455008
03453456178
03453454664
03453452315
03453456077
03453456887
03453457288
03453459789
03453453022
03453455608
03453458429
03453452836
03453459423
03453454808
03453459363
03453454269
03453451199
03453455729
03453453783
03453455244
03453458847
03453456434
03453456780
03453453257
03453451481
03453451019
03453455231
03453458328
03453452130
03453458009
03453451153
03453458870
03453457244
03453452455
03453451807
03453457682
03453457524
03453453019
03453455531
03453451181
03453455143
03453458148
03453456055
03453451178
03453454892
03453453893
03453451550
03453459026
03453457232
03453456259
03453452329
03453457028
03453455402
03453455388
03453451821
03453459482
03453455635
03453454633
03453456338
03453454999
03453459221
03453451766
03453459158
03453452352
03453458305
03453452780
03453454169
03453456759
03453454830
03453457647
03453454975
03453454423
03453457427
03453456573
03453459473
03453457572
03453453641
03453451399
03453458559
03453451452
03453453049
03453452898
03453457082
03453458875
03453452206
03453451750
03453456791
03453452123
03453458984
03453453502
03453453983
03453455117
03453459301
03453458831
03453456597
03453457915
03453458480
03453457452
03453457467
03453459667
03453451780
03453452522
03453457212
03453451525
03453456248
03453452377
03453452214
03453452067
03453457589
03453454961
03453457896
03453454575
03453456334
03453454253
03453455602
03453451828
03453453725
03453452844
03453452082
03453458388
03453456824
03453458898
03453456289
03453455087
03453452714
03453457715
03453455701
03453458725
03453456151
03453459458
03453459556
03453453333
03453451152
03453459641
03453451468
03453454914
03453457271
03453454427
03453459532
03453455243
03453451247
03453457239
03453455667
03453455527
03453459953
03453458749
03453455671
03453455963
03453454993
03453451375
03453455186
03453458918
03453452106
03453458182
03453453829
03453457949
03453452085
03453454586
03453459802
03453453973
03453451189
03453451743
03453453121
03453459579
03453454988
03453457263
03453459572
03453459665
03453453507
03453453077
03453458270
03453453242
03453454721
03453452045
03453458541
03453459179
03453455868
03453453058
03453457979
03453455797
03453457846
03453458602
03453452047
03453453909
03453455857
03453454163
03453451511
03453457718
03453451509
03453457947
03453459697
03453457641
03453457932
03453455994
03453458324
03453455287
03453453704
03453455234
03453453245
03453457173
03453453488
03453455098
03453456632
03453455714
03453451195
03453458136
03453457218
03453454377
03453455166
03453458496
03453454871
03453455146
03453455856
03453459462
03453457865
03453451851
03453458202
03453459323
03453454697
03453451605
03453451561
03453453264
03453455447
03453455063
03453453157
03453454821
03453455208
03453457710
03453459743
03453458767
03453453863
03453451465
03453457472
03453457931
03453453458
03453454982
03453454055
03453453540
03453459104
03453455977
03453452183
03453457073
03453456404
03453453139
03453452820
03453457960
03453455470
03453459279
03453453630
03453458085
03453459805
03453452387
03453457451
03453454557
03453457559
03453452020
03453457687
03453458326
03453456284
03453456336
03453457166
03453454371
03453453103
03453459340
03453453278
03453451015
03453457267
03453451222
03453455982
03453453736
03453457545
03453458263
03453453052
03453453962
03453453374
03453451814
03453452373
03453451749
03453458478
03453458280
03453455709
03453451479
03453458360
03453451666
03453451156
03453458454
03453459005
03453451005
03453452547
03453456265
03453456063
03453451318
03453458442
03453456864
03453457857
03453459265
03453458099
03453452743
03453452678
03453457349
03453455375
03453455879
03453459222
03453457106
03453458299
03453452443
03453453542
03453452876
03453456873
03453451448
03453453866
03453455307
03453455484
03453456793
03453454390
03453451824
03453459917
03453454883
03453451147
03453452320
03453453823
03453457917
03453456421
03453452391
03453457210
03453454900
03453456095
03453456002
03453452997
03453451306
03453454955
03453452677
03453455457
03453453185
03453454338
03453451057
03453451221
03453451683
03453456694
03453455798
03453458800
03453457117
03453454614
03453455017
03453456598
03453454530
03453458597
03453457959
03453451014
03453456238
03453453361
03453454958
03453451714
03453456324
03453452704
03453457732
03453452358
03453456506
03453456041
03453459782
03453459558
03453455841
03453456586
03453453005
03453459368
03453452464
03453454300
03453452744
03453454980
03453455737
03453453837
03453459749
03453452290
03453451231
03453456679
03453451699
03453459117
03453455680
03453451274
03453459738
03453454157
03453452190
03453459893
03453453762
03453458966
03453452740
03453451322
03453457277
03453455990
03453455720
03453453097
03453454399
03453458797
03453458880
03453458975
03453458765
03453457988
03453454553
03453453705
03453459736
03453451580
03453456547
03453454344
03453457869
03453453220
03453455379
03453453017
03453455241
03453455359
03453453310
03453459719
03453457617
03453458364
03453458187
03453458021
03453455611
03453455401
03453459505
03453457886
03453453734
03453451508
03453458533
03453459879
03453454397
03453456827
03453455053
03453455031
03453457027
03453457808
03453454160
03453459957
03453455224
03453456531
03453452393
03453459653
03453454210
03453455736
03453455372
03453458159
03453451380
03453452110
03453455418
03453453700
03453452939
03453459766
03453456263
03453458885
03453456314
03453455322
03453454175
03453458176
03453457538
03453452493
03453457264
03453453195
03453455207
03453453086
03453456001
03453459587
03453458022
03453453843
03453454658
03453454421
03453455341
03453453155
03453456713
03453455497
03453452906
03453455537
03453458817
03453452623
03453455529
03453455242
03453457533
03453452193
03453454774
03453458590
03453456975
03453458914
03453454807
03453459773
03453457736
03453454558
03453457501
03453456675
03453459269
03453451656
03453456449
03453459754
03453458049
03453457658
03453458524
03453454478
03453453248
03453454956
03453451896
03453455506
03453451698
03453453995
03453457995
03453458861
03453457954
03453453600
03453457969
03453453949
03453456823
03453455998
03453453013
03453451249
03453457302
03453459658
03453455767
03453459281
03453457615
03453454247
03453456738
03453456829
03453458164
03453453770
03453458796
03453453838
03453455169
03453456560
03453456570
03453453503
03453459298
03453454119
03453455898
03453457520
03453458284
03453459047
03453456727
03453457570
03453457119
03453453693
03453452459
03453456576
03453455679
03453458316
03453459998
03453459217
03453451486
03453455381
03453459402
03453453499
03453456127
03453457523
03453456776
03453458642
03453459164
03453452651
03453452178
03453456190
03453452204
03453451789
03453457374
03453455472
03453457223
03453452022
03453456729
03453452013
03453453917
03453456083
03453451738
03453454314
03453459951
03453458452
03453459799
03453451142
03453456515
03453456409
03453458746
03453458208
03453452636
03453454112
03453455129
03453458698
03453451476
03453457131
03453456567
03453458570
03453458546
03453452670
03453454417
03453457411
03453454109
03453455884
03453451785
03453453941
03453451141
03453451281
03453451829
03453459184
03453452673
03453451268
03453459841
03453455697
03453451583
03453458536
03453459661
03453458218
03453459204
03453459468
03453451470
03453455592
03453453189
03453451526
03453455486
03453453965
03453457831
03453455801
03453454002
03453451744
03453458777
03453452897
03453459439
03453458487
03453455405
03453452765
03453457484
03453458606
03453458131
03453458226
03453457087
03453453667
03453453752
03453452735
03453455659
03453459730
03453457191
03453456571
03453454349
03453457784
03453452666
03453451831
03453459670
03453457567
03453455449
03453453870
03453459023
03453453099
03453454820
03453456448
03453453209
03453456588
03453452339
03453451748
03453454699
03453459635
03453453201
03453456807
03453455559
03453456400
03453457416
03453457576
03453451613
03453453227
03453459623
03453452574
03453452700
03453453869
03453457900
03453455113
03453459466
03453459337
03453459492
03453457922
03453451002
03453459969
03453457219
03453459889
03453457390
03453455610
03453451616
03453455094
03453453344
03453456362
03453452124
03453451998
03453458716
03453458339
03453452937
03453452086
03453453921
03453459493
03453452201
03453455332
03453451029
03453457202
03453452684
03453455309
03453454159
03453455686
03453456621
03453457879
03453455993
03453457951
03453456071
03453451985
03453453796
03453453648
03453451688
03453459414
03453453924
03453454065
03453454384
03453455853
03453459720
03453454200
03453456689
03453452652
03453454274
03453455214
03453454134
03453453696
03453451131
03453457434
03453454281
03453452616
03453455060
03453453997
03453455953
03453453495
03453455850
03453456076
03453453272
03453456771
03453458453
03453453252
03453452708
03453453236
03453459302
03453455964
03453451760
03453459012
03453458167
03453459926
03453455942
03453458462
03453452659
03453453306
03453455959
03453455849
03453451507
03453453142
03453451076
03453456774
03453454604
03453454764
03453457648
03453457972
03453453992
03453459135
03453453162
03453456154
03453456766
03453452834
03453452005
03453452804
03453455905
03453454476
03453453563
03453452948
03453458293
03453456136
03453458344
03453454147
03453454701
03453456376
03453458242
03453451118
03453452598
03453455874
03453451959
03453451742
03453451634
03453453337
03453456387
03453451648
03453457069
03453451413
03453455399
03453458472
03453452345
03453451910
03453459519
03453459563
03453453511
03453459807
03453459586
03453459774
03453455778
03453452441
03453459727
03453454525
03453456550
03453458854
03453454372
03453452798
03453456173
03453453906
03453455897
03453451598
03453453034
03453452363
03453455869
03453458900
03453453640
03453453311
03453454628
03453454301
03453458633
03453455715
03453451921
03453453490
03453456721
03453453002
03453453634
03453459248
03453456119
03453458204
03453458128
03453455119
03453459663
03453459487
03453459442
03453454638
03453451545
03453454734
03453452406
03453451265
03453454877
03453452732
03453455078
03453459834
03453458947
03453458083
03453456172
03453458002
03453456484
03453454271
03453457927
03453457158
03453451891
03453456939
03453453251
03453458404
03453453156
03453455425
03453459829
03453452295
03453453461
03453458562
03453459410
03453456191
03453455461
03453456022
03453455255
03453456103
03453452297
03453454845
03453456443
03453451715
03453458045
03453454938
03453453570
03453451720
03453458627
03453459725
03453454489
03453457292
03453453135
03453453549
03453455607
03453452943
03453454781
03453454857
03453456533
03453453030
03453458705
03453455431
03453455641
03453457578
03453456678
03453455345
03453459275
03453459980
03453455512
03453455530
03453451972
03453458653
03453455922
03453455712
03453457313
03453457350
03453451885
03453454864
03453459113
03453459770
03453452612
03453458790
03453455557
03453453327
03453451052
03453452884
03453451058
03453454617
03453455573
03453451151
03453455992
03453454793
03453457975
03453458095
03453452902
03453452918
03453451520
03453453096
03453458301
03453454584
03453456708
03453451848
03453451358
03453456563
03453453539
03453456539
03453454852
03453457639
03453459564
03453452107
03453454789
03453459863
03453454668
03453454490
03453457876
03453456955
03453452210
03453453918
03453452944
03453456617
03453458065
03453457037
03453455542
03453453531
03453452302
03453455010
03453452040
03453453786
03453454730
03453456867
03453452973
03453458579
03453457840
03453452621
03453455394
03453451072
03453454724
03453453610
03453452161
03453459053
03453452334
03453453423
03453452879
03453451615
03453453851
03453456971
03453454355
03453453850
03453452317
03453451483
03453451415
03453454469
03453453250
03453455637
03453456490
03453452461
03453454221
03453457529
03453457515
03453455676
03453459413
03453454433
03453459161
03453455699
03453452910
03453451770
03453459227
03453453036
03453457859
03453457457
03453459407
03453459716
03453456038
03453457864
03453452882
03453452721
03453452098
03453457623
03453459714
03453452537
03453456332
03453459921
03453454689
03453455083
03453459644
03453457777
03453459115
03453459808
03453454505
03453459293
03453453375
03453456279
03453459311
03453451649
03453459531
03453457490
03453459671
03453453322
03453458510
03453453525
03453454632
03453452785
03453454309
03453453923
03453456393
03453452622
03453459958
03453455104
03453456522
03453457716
03453453117
03453453244
03453453557
03453455661
03453458409
03453457757
03453454969
03453454278
03453456094
03453457469
03453457627
03453452551
03453455369
03453456982
03453452037
03453459918
03453458944
03453451592
03453456565
03453451874
03453455028
03453453363
03453458954
03453453067
03453455837
03453452994
03453455168
03453452126
03453459977
03453453404
03453451359
03453457234
03453457558
03453457936
03453455150
03453457377
03453452685
03453459717
03453451013
03453456415
03453451234
03453459043
03453455030
03453457791
03453453685
03453453718
03453459073
03453458459
03453455450
03453459633
03453452230
03453454303
03453452235
03453454691
03453455354
03453452263
03453453129
03453455080
03453452244
03453455888
03453459626
03453457334
03453456115
03453456878
03453458733
03453456983
03453453012
03453452814
03453452259
03453459660
03453454290
03453451342
03453452321
03453455217
03453454901
03453454009
03453455958
03453456895
03453458014
03453453158
03453455068
03453459554
03453453407
03453452111
03453457258
03453458420
03453457011
03453453455
03453456379
03453452158
03453454475
03453451991
03453458822
03453456275
03453451608
03453454634
03453451496
03453454881
03453453494
03453453969
03453455122
03453459448
03453456146
03453458311
03453451887
03453457276
03453451272
03453455549
03453459429
03453459220
03453457474
03453451964
03453456805
03453456826
03453452366
03453457017
03453456014
03453452081
03453456958
03453453849
03453455810
03453454796
03453453105
03453454031
03453457164
03453454116
03453453657
03453456819
03453454413
03453455483
03453459307
03453458722
03453451373
03453458526
03453453848
03453452984
03453451505
03453452362
03453452356
03453455201
03453455803
03453452453
03453456927
03453457668
03453451475
03453455546
03453457361
03453454436
03453451230
03453457591
03453458568
03453456603
03453454180
03453456558
03453456809
03453454974
03453458768
03453451914
03453453325
03453457897
03453457413
03453451039
03453453290
03453452601
03453459486
03453455235
03453452226
03453453793
03453455581
03453452737
03453453880
03453455266
03453455999
03453459835
03453455738
03453456913
03453457322
03453453283
03453452304
03453455159
03453455499
03453458077
03453454264
03453453645
03453454810
03453455247
03453452291
03453457822
03453451355
03453455281
03453452273
03453458981
03453452795
03453459424
03453458432
03453454289
03453454336
03453456350
03453456820
03453452563
03453456199
03453453268
03453457786
03453457635
03453454570
03453457151
03453453886
03453451119
03453453844
03453457023
03453454743
03453459342
03453459355
03453452609
03453453275
03453451652
03453451632
03453451312
03453459381
03453459913
03453455781
03453455713
03453456483
03453456016
03453457770
03453451081
03453459831
03453458381
03453455502
03453451856
03453454252
03453456856
03453457237
03453458105
03453454304
03453451572
03453458953
03453451527
03453455147
03453458036
03453457438
03453459218
03453451801
03453455693
03453459882
03453459029
03453455974
03453453020
03453457014
03453454165
03453457387
03453456938
03453455284
03453458374
03453455642
03453456402
03453452829
03453453043
03453457826
03453454715
03453459406
03453459002
03453451398
03453452209
03453456656
03453457030
03453459173
03453458779
03453452620
03453453934
03453456842
03453452007
03453452637
03453457489
03453451258
03453459904
03453455428
03453458012
03453453118
03453454728
03453454245
03453458302
03453456468
03453457355
03453455353
03453452159
03453458761
03453457727
03453456439
03453457914
03453458821
03453458466
03453453128
03453454061
03453453230
03453459689
03453458540
03453453582
03453452414
03453455003
03453456286
03453457126
03453455237
03453456593
03453458456
03453451771
03453455852
03453454716
03453457227
03453457001
03453456116
03453454903
03453454272
03453453967
03453451202
03453451320
03453451579
03453455467
03453458994
03453452423
03453455761
03453451863
03453456274
03453456144
03453455991
03453452233
03453457341
03453459896
03453459048
03453454752
03453455269
03453456104
03453458446
03453451986
03453459790
03453454071
03453458188
03453453776
03453455498
03453459828
03453454782
03453452059
03453457796
03453451677
03453458039
03453453133
03453453421
03453452222
03453457940
03453452075
03453458916
03453459685
03453451686
03453454645
03453453341
03453451994
03453455609
03453453621
03453453107
03453458717
03453451945
03453451400
03453455893
03453459122
03453458245
03453451225
03453454579
03453451619
03453456392
03453455640
03453451170
03453453543
03453456464
03453455389
03453454404
03453459282
03453454092
03453456794
03453453177
03453451030
03453458308
03453452951
03453456671
03453456583
03453454655
03453453420
03453457747
03453456839
03453456230
03453453355
03453452009
03453451490
03453459890
03453456224
03453452420
03453452593
03453453358
03453453471
03453458630
03453451916
03453453929
03453452138
03453459004
03453452024
03453459991
03453459271
03453454190
03453452322
03453454081
03453454953
03453454605
03453454765
03453451000
03453451491
03453454389
03453452505
03453459471
03453452759
03453451438
03453458369
03453459664
03453457059
03453452703
03453453902
03453457286
03453454024
03453452728
03453456525
03453459884
03453457542
03453453010
03453458651
03453457656
03453459015
03453455533
03453452662
03453456783
03453459347
03453458742
03453457593
03453459905
03453457175
03453459659
03453453473
03453459629
03453455000
03453456726
03453454202
03453453749
03453451718
03453458195
03453452533
03453454267
03453453109
03453458601
03453457038
03453452095
03453456750
03453459537
03453453772
03453453901
03453453742
03453453947
03453451075
03453455565
03453453712
03453456156
03453453820
03453456841
03453459058
03453452592
03453457534
03453455890
03453456108
03453453677
03453453211
03453455490
03453455121
03453457525
03453453070
03453457270
03453452696
03453455476
03453452996
03453455885
03453452928
03453457851
03453452245
03453458582
03453451055
03453456315
03453458093
03453455067
03453455164
03453457326
03453454957
03453452674
03453456988
03453456748
03453459045
03453452668
03453451114
03453459148
03453459333
03453451540
03453457929
03453452548
03453453590
03453453811
03453456290
03453457103
03453457500
03453452979
03453451105
03453459084
03453457751
03453452650
03453457235
03453458615
03453457760
03453453176
03453451544
03453457749
03453456372
03453452739
03453454484
03453452456
03453453046
03453456935
03453453425
03453454501
03453454850
03453455596
03453458086
03453456246
03453455095
03453458023
03453455371
03453451737
03453457970
03453455136
03453457065
03453452764
03453459630
03453456693
03453456529
03453457608
03453458285
03453451934
03453451304
03453456962
03453453978
03453454265
03453451082
03453454506
03453458005
03453455368
03453454657
03453454761
03453458408
03453455920
03453459984
03453455055
03453458029
03453455514
03453453169
03453458512
03453457075
03453458259
03453454769
03453453137
03453453386
03453459734
03453459059
03453453334
03453458760
03453459200
03453451262
03453456519
03453456548
03453453274
03453459581
03453453085
03453451337
03453454562
03453456397
03453455230
03453456123
03453455651
03453454047
03453453148
03453454350
03453457476
03453451711
03453453124
03453457242
03453457983
03453452049
03453455172
03453457204
03453454966
03453455561
03453458479
03453456491
03453459870
03453455534
03453459936
03453454985
03453455177
03453454685
03453458974
03453452730
03453452999
03453457329
03453454600
03453451837
03453458406
03453456607
03453459966
03453453777
03453454111
03453457563
03453459046
03453451386
03453457266
03453457133
03453452552
03453453871
03453458795
03453453551
03453457655
03453453452
03453451294
03453455347
03453455597
03453451056
03453455416
03453452850
03453455718
03453456298
03453459175
03453457081
03453455349
03453458740
03453459478
03453457667
03453454432
03453453903
03453457136
03453457832
03453459763
03453456252
03453453993
03453453771
03453452913
03453452977
03453452212
03453454990
03453458922
03453459995
03453457758
03453453613
03453456000
03453454353
03453456328
03453458910
03453456150
03453456440
03453458840
03453452800
03453458919
03453458774
03453453369
03453453362
03453451429
03453451434
03453458811
03453459898
03453454794
03453452277
03453457487
03453458804
03453458149
03453459066
03453456725
03453457060
03453458080
03453452788
03453454804
03453452610
03453459791
03453451708
03453452562
