03212119649
03212144009
03212120959
03212130171
03212161381
03212151001
03212140853
03212169026
03212122378
03212118640
03212117812
03212131013
03212182476
03212118271
03212187147
03212142722
03212121142
03212113326
03212158283
03212129517
03212113473
03212196924
03212175374
03212113373
03212168221
03212132171
03212156282
03212129522
03212158461
03212132884
03212191811
03212174826
03212192123
03212150860
03212193052
03212139893
03212175346
03212186843
03212119583
03212156755
03212177699
03212176516
03212198017
03212178801
03212113206
03212198784
03212135533
03212131628
03212161366
03212114491
03212190107
03212145585
03212116798
03212193159
03212168529
03212194718
03212111331
03212164404
03212163916
03212185756
03212126000
03212156187
03212190352
03212167410
03212194094
03212145795
03212126482
03212138700
03212172762
03212190921
03212197674
03212136857
03212170204
03212153369
03212143076
03212130737
03212122927
03212130445
03212160335
03212141609
03212147466
03212123095
03212182186
03212118314
03212124865
03212145424
03212140090
03212142086
03212191942
03212150515
03212141830
03212188448
03212189737
03212122665
03212141729
03212181129
03212118329
03212147910
03212179940
03212122955
03212115159
03212151641
03212180593
03212163754
03212140989
03212184501
03212195555
03212195851
03212188336
03212125801
03212146627
03212179733
03212163609
03212113835
03212127337
03212168888
03212148834
03212186342
03212128374
03212164921
03212197281
03212126047
03212199507
03212133189
03212196109
03212118606
03212120887
03212123279
03212199555
03212143154
03212159231
03212173224
03212164831
03212176336
03212154959
03212145978
03212119993
03212158062
03212121408
03212126128
03212196978
03212114391
03212112240
03212169494
03212142179
03212193598
03212194581
03212150237
03212154359
03212154546
03212164246
03212188391
03212187776
03212177245
03212167449
03212147071
03212136578
03212140611
03212162506
03212192551
03212147737
03212198289
03212131382
03212182395
03212164809
03212177288
03212167984
03212178098
03212199130
03212198948
03212153784
03212157376
03212149555
03212164649
03212152917
03212118864
03212110284
03212112090
03212193298
03212119050
03212167183
03212168732
03212132662
03212117471
03212110991
03212184830
03212121750
03212191966
03212168219
03212151884
03212119688
03212121757
03212143889
03212162216
03212112185
03212185428
03212177071
03212186562
03212186147
03212189260
03212188827
03212173031
03212158803
03212148737
03212189694
03212187022
03212139727
03212152094
03212121746
03212152222
03212180461
03212154439
03212179239
03212164199
03212113663
03212132146
03212159816
03212156993
03212193268
03212185310
03212130728
03212152330
03212188957
03212132027
03212113487
03212187339
03212152464
03212167489
03212141793
03212123722
03212125942
03212192560
03212129789
03212178355
03212195701
03212173859
03212168734
03212121296
03212197807
03212182022
03212139872
03212146473
03212199662
03212139227
03212167317
03212198016
03212198522
03212153281
03212117254
03212129568
03212192878
03212115427
03212182096
03212158099
03212120700
03212169845
03212116710
03212176207
03212199683
03212187263
03212184604
03212179952
03212128499
03212154519
03212161879
03212149450
03212185844
03212117961
03212158287
03212191082
03212135696
03212195461
03212167292
03212184255
03212152668
03212149730
03212164709
03212148838
03212189323
03212153942
03212114207
03212124539
03212194153
03212133064
03212177133
03212147692
03212120256
03212175000
03212152023
03212145088
03212198123
03212194758
03212155267
03212166520
03212171162
03212184708
03212115199
03212112172
03212180560
03212194994
03212126171
03212193871
03212197416
03212112138
03212114804
03212173843
03212168032
03212120115
03212152000
03212127369
03212110359
03212133321
03212170397
03212155413
03212134345
03212121454
03212184746
03212165587
03212142960
03212154274
03212139059
03212190608
03212197337
03212112024
03212117735
03212181505
03212165021
03212159271
03212133639
03212177150
03212173381
03212119212
03212198368
03212135647
03212164994
03212132888
03212146412
03212183897
03212117719
03212187763
03212161437
03212184869
03212111106
03212136817
03212163253
03212120692
03212113441
03212146584
03212137599
03212140720
03212187112
03212156108
03212186527
03212155093
03212192729
03212193730
03212133209
03212159939
03212151184
03212157045
03212134063
03212185807
03212119751
03212168868
03212119175
03212135992
03212170376
03212139035
03212172888
03212147091
03212127155
03212144687
03212138578
03212120197
03212130566
03212135782
03212178492
03212111255
03212197018
03212135568
03212161384
03212130109
03212190304
03212120441
03212128803
03212123989
03212154554
03212133684
03212154061
03212177445
03212144572
03212127409
03212170343
03212148076
03212130375
03212190505
03212156517
03212175624
03212149480
03212141839
03212153325
03212154150
03212173532
03212124157
03212172691
03212145789
03212137045
03212150239
03212158366
03212138759
03212128870
03212115550
03212141572
03212131742
03212148899
03212155019
03212145594
03212193470
03212152566
03212141933
03212124322
03212137638
03212134175
03212163179
03212166642
03212145062
03212154484
03212140824
03212178602
03212175478
03212153143
03212150456
03212151911
03212177340
03212160993
03212165708
03212127205
03212142573
03212198538
03212186056
03212128771
03212116334
03212181476
03212135486
03212110923
03212182154
03212196913
03212199905
03212129002
03212116511
03212197908
03212199485
03212189982
03212164542
03212182609
03212170402
03212153499
03212184275
03212188046
03212136948
03212166094
03212178598
03212198442
03212168253
03212132477
03212144294
03212176225
03212197117
03212195065
03212169811
03212148118
03212179377
03212146845
03212185166
03212193943
03212172330
03212143910
03212178697
03212146475
03212136631
03212152548
03212152425
03212187357
03212196450
03212125662
03212195305
03212122028
03212189073
03212121537
03212110492
03212149107
03212162676
03212137735
03212183033
03212132379
03212142669
03212149677
03212152619
03212123679
03212131885
03212121446
03212128096
03212194867
03212141863
03212185165
03212135764
03212185236
03212195600
03212159555
03212111944
03212144135
03212158251
03212119618
03212141967
03212145894
03212150681
03212180896
03212136026
03212118631
03212180920
03212175088
03212148274
03212194126
03212199011
03212116700
03212177197
03212151274
03212122652
03212191291
03212155017
03212114590
03212115185
03212124452
03212157558
03212145494
03212111284
03212189898
03212110069
03212126428
03212166356
03212190856
03212143058
03212195768
03212137138
03212181697
03212161773
03212113650
03212133987
03212142759
03212156797
03212115454
03212179822
03212142852
03212168464
03212126654
03212183102
03212118402
03212189292
03212152843
03212126782
03212121442
03212193122
03212135401
03212124742
03212128733
03212170850
03212148659
03212176474
03212138681
03212127769
03212173642
03212113341
03212195499
03212189500
03212157304
03212112258
03212157793
03212199730
03212144629
03212156817
03212142820
03212163243
03212126966
03212121235
03212120300
03212113513
03212187623
03212138030
03212168986
03212115696
03212188574
03212126371
03212188908
03212171908
03212138980
03212141141
03212172971
03212134697
03212194821
03212113313
03212118107
03212122902
03212118780
03212180289
03212195538
03212190975
03212147234
03212127051
03212176812
03212136305
03212132758
03212181921
03212165490
03212143884
03212140633
03212155238
03212118380
03212114256
03212120531
03212135611
03212144354
03212149298
03212163128
03212120094
03212152051
03212140349
03212149655
03212160750
03212183845
03212167944
03212147998
03212149929
03212185122
03212140011
03212117974
03212196647
03212190796
03212141934
03212138883
03212152268
03212193613
03212139762
03212128024
03212167504
03212183742
03212122760
03212158715
03212114166
03212159210
03212168959
03212168809
03212115977
03212155651
03212160195
03212143487
03212150625
03212197579
03212166301
03212173323
03212152460
03212164813
03212133922
03212115561
03212135025
03212155510
03212152782
03212178368
03212196282
03212123883
03212144814
03212110414
03212154656
03212169515
03212113107
03212112288
03212112325
03212182151
03212177007
03212180728
03212125130
03212153778
03212188787
03212180969
03212140049
03212169144
03212146803
03212179815
03212174486
03212146022
03212193217
03212175633
03212165560
03212199808
03212128799
03212173064
03212124200
03212192998
03212111993
03212130959
03212144391
03212162432
03212190282
03212114395
03212166539
03212158394
03212161321
03212186135
03212147088
03212131199
03212138299
03212189293
03212192595
03212127329
03212111035
03212145134
03212134591
03212194976
03212186365
03212198553
03212121796
03212177861
03212151597
03212126786
03212144854
03212154847
03212140716
03212140042
03212188087
03212119327
03212170157
03212146048
03212136336
03212162697
03212163496
03212174392
03212114430
03212181654
03212160667
03212132727
03212143287
03212177789
03212186339
03212172964
03212172478
03212117763
03212127929
03212189609
03212198021
03212125627
03212124979
03212145838
03212140636
03212112420
03212162798
03212139752
03212113540
03212145419
03212143111
03212118972
03212145269
03212143244
03212156258
03212164632
03212147538
03212170742
03212120161
03212113321
03212178542
03212145312
03212165825
03212178508
03212170139
03212173807
03212140446
03212171889
03212182368
03212122953
03212112113
03212198478
03212121305
03212144530
03212121068
03212190497
03212122060
03212151075
03212111593
03212174677
03212168114
03212115248
03212125682
03212188749
03212132519
03212143094
03212116705
03212170225
03212157186
03212169447
03212184700
03212147084
03212179667
03212180013
03212162127
03212142281
03212188991
03212199306
03212141650
03212124105
03212122466
03212194931
03212144632
03212197667
03212122176
03212165761
03212142571
03212196462
03212159149
03212145483
03212145207
03212177193
03212130063
03212140143
03212178332
03212181390
03212141287
03212197351
03212155183
03212174522
03212152727
03212154926
03212129030
03212136605
03212197445
03212141401
03212110484
03212159933
03212122602
03212175371
03212126464
03212177243
03212192782
03212130750
03212155543
03212131780
03212120918
03212150944
03212165275
03212173762
03212198037
03212123964
03212139492
03212169891
03212149603
03212139870
03212183795
03212160891
03212147703
03212186466
03212149583
03212169738
03212140005
03212115601
03212161061
03212180775
03212155277
03212182638
03212187668
03212136546
03212170111
03212118742
03212199949
03212137281
03212122789
03212190307
03212176433
03212178965
03212156888
03212197112
03212127554
03212191797
03212170613
03212176137
03212147903
03212174899
03212173417
03212139997
03212127660
03212123044
03212190745
03212139941
03212130020
03212128487
03212195667
03212182637
03212186093
03212161491
03212153852
03212120750
03212169941
03212112322
03212130477
03212161006
03212170583
03212138196
03212125521
03212182227
03212140336
03212190772
03212183116
03212110535
03212163949
03212175739
03212188977
03212184663
03212139764
03212161647
03212196694
03212178745
03212172289
03212114237
03212118647
03212182847
03212160287
03212181019
03212136289
03212126609
03212192871
03212195397
03212151213
03212176362
03212157612
03212179474
03212140136
03212115131
03212177320
03212136702
03212147895
03212157769
03212187323
03212132271
03212129406
03212166071
03212152748
03212151165
03212111004
03212176136
03212146329
03212199843
03212157157
03212142004
03212197652
03212198085
03212111830
03212178158
03212110296
03212157176
03212189232
03212173656
03212113726
03212197900
03212187718
03212159321
03212187586
03212118126
03212144527
03212191368
03212162444
03212124944
03212148799
03212120975
03212184965
03212181965
03212111018
03212153440
03212194215
03212128271
03212185123
03212197567
03212150472
03212146542
03212195554
03212194055
03212134357
03212159960
03212181389
03212128305
03212136973
03212167024
03212179526
03212158663
03212184113
03212173597
03212134371
03212119910
03212170084
03212178484
03212134621
03212141663
03212166477
03212184768
03212183885
03212174898
03212121028
03212112687
03212116119
03212124718
03212116080
03212128904
03212176089
03212163254
03212151358
03212192164
03212165265
03212153228
03212158166
03212128112
03212116221
03212154395
03212195419
03212145418
03212190135
03212136862
03212111368
03212147594
03212191108
03212183355
03212115730
03212193650
03212143460
03212131090
03212165703
03212162656
03212120655
03212185697
03212113329
03212147272
03212165270
03212127494
03212112254
03212150943
03212150622
03212110342
03212183013
03212127746
03212125255
03212176455
03212113550
03212150255
03212130373
03212188465
03212129480
03212118222
03212184166
03212168525
03212141362
03212135254
03212160648
03212144998
03212197550
03212188701
03212171508
03212179568
03212139899
03212110893
03212162842
03212188726
03212142140
03212144476
03212194795
03212135580
03212128838
03212164581
03212163361
03212178536
03212190474
03212117194
03212129909
03212180834
03212135330
03212174191
03212191174
03212167474
03212129162
03212145953
03212196744
03212117791
03212170892
03212150593
03212115367
03212193906
03212163025
03212112792
03212194311
03212156237
03212125250
03212185355
03212165561
03212150707
03212161529
03212188233
03212143988
03212134684
03212182642
03212155328
03212146341
03212162825
03212118059
03212130738
03212164164
03212162219
03212114509
03212180333
03212112094
03212110737
03212164940
03212166097
03212170935
03212171247
03212193882
03212179427
03212141674
03212165812
03212170269
03212153286
03212151633
03212179202
03212119304
03212147097
03212130202
03212156490
03212184831
03212173834
03212145659
03212192800
03212171449
03212140718
03212197308
03212163168
03212198860
03212150572
03212179801
03212175904
03212113155
03212174618
03212184609
03212190593
03212116985
03212150106
03212155256
03212140967
03212189515
03212112060
03212133675
03212139217
03212166425
03212151536
03212144859
03212115122
03212184307
03212123843
03212127262
03212136902
03212119281
03212173297
03212163180
03212153164
03212182119
03212178506
03212166952
03212137660
03212190467
03212131219
03212140131
03212130500
03212151012
03212194592
03212128711
03212130112
03212180096
03212143864
03212184319
03212133598
03212159125
03212132232
03212198527
03212135962
03212130882
03212111632
03212154000
03212135450
03212195494
03212152060
03212185892
03212137716
03212181339
03212111312
03212191107
03212153804
03212196941
03212173137
03212162461
03212122563
03212174399
03212143208
03212169407
03212174255
03212115413
03212156943
03212116148
03212185010
03212122610
03212183398
03212152583
03212185682
03212114172
03212167253
03212164652
03212117201
03212151236
03212166874
03212112951
03212194972
03212179158
03212154238
03212192784
03212169673
03212183279
03212137603
03212176307
03212183154
03212128095
03212181402
03212161756
03212159198
03212115917
03212124234
03212129120
03212161706
03212115469
03212154688
03212137852
03212150440
03212191283
03212129450
03212185132
03212195657
03212197140
03212123854
03212189151
03212179740
03212121901
03212195587
03212172189
03212148235
03212128839
03212115169
03212181471
03212145739
03212173664
03212178545
03212121056
03212194514
03212190827
03212126483
03212198254
03212143019
03212135532
03212155494
03212135766
03212175099
03212151770
03212149708
03212151744
03212174015
03212186139
03212113749
03212187156
03212185814
03212152144
03212187009
03212167681
03212195394
03212113951
03212180235
03212169729
03212181024
03212159307
03212141737
03212170227
03212134935
03212194305
03212169173
03212198885
03212153618
03212124245
03212186134
03212183402
03212134512
03212120419
03212144546
03212179131
03212163424
03212173820
03212171724
03212187524
03212164795
03212121546
03212117641
03212188320
03212116181
03212138682
03212139474
03212130573
03212147624
03212121581
03212175259
03212166036
03212131161
03212115791
03212110032
03212133461
03212114772
03212151246
03212113346
03212187253
03212132915
03212133537
03212179169
03212120059
03212117631
03212166589
03212123135
03212116263
03212150526
03212198005
03212193499
03212194511
03212120191
03212152586
03212146615
03212184316
03212155622
03212129699
03212168312
03212132037
03212148986
03212120098
03212152240
03212118720
03212110386
03212111084
03212164359
03212112177
03212160474
03212166882
03212131880
03212188009
03212138471
03212168260
03212113768
03212121051
03212172884
03212131361
03212171054
03212168844
03212168030
03212137661
03212121280
03212189841
03212180875
03212168156
03212166930
03212157723
03212175142
03212118941
03212199705
03212130183
03212199961
03212150171
03212198910
03212156202
03212112050
03212151904
03212138348
03212145941
03212131123
03212193228
03212162630
03212132182
03212114114
03212170547
03212134570
03212156814
03212160874
03212160982
03212180141
03212152067
03212114579
03212197440
03212120545
03212130209
03212196202
03212145247
03212191739
03212181329
03212132175
03212186509
03212168298
03212163596
03212122140
03212116681
03212195386
03212179456
03212132705
03212136906
03212144433
03212158649
03212157659
03212166761
03212189800
03212196382
03212123152
03212118327
03212158066
03212197857
03212140517
03212150041
03212147893
03212135592
03212135657
03212181841
03212155701
03212193101
03212143190
03212139384
03212111898
03212130455
03212145673
03212110056
03212112430
03212140132
03212165487
03212122391
03212128276
03212157239
03212115160
03212170146
03212138790
03212162886
03212163447
03212148864
03212179597
03212173411
03212123263
03212134318
03212145991
03212158247
03212120404
03212128004
03212120670
03212113545
03212123755
03212139604
03212179712
03212197522
03212132534
03212128194
03212111986
03212160935
03212179743
03212189431
03212110722
03212178194
03212192578
03212175465
03212112241
03212192802
03212132733
03212165446
03212162680
03212172770
03212118393
03212149299
03212144236
03212163593
03212165972
03212188635
03212196137
03212199681
03212147578
03212189652
03212178946
03212191759
03212159107
03212151942
03212198636
03212188671
03212177526
03212117638
03212137611
03212110595
03212150900
03212126658
03212159432
03212168874
03212195216
03212130684
03212158852
03212133749
03212165444
03212187671
03212162557
03212157990
03212195151
03212174455
03212195367
03212116118
03212131550
03212143898
03212132057
03212112304
03212113357
03212190091
03212110485
03212118962
03212119086
03212140635
03212176829
03212123569
03212115275
03212115094
03212127834
03212152084
03212121870
03212115881
03212122640
03212184803
03212170755
03212157951
03212137285
03212165932
03212182133
03212116389
03212133769
03212150853
03212156790
03212124180
03212193304
03212161407
03212186088
03212193713
03212178538
03212138596
03212189154
03212136566
03212148947
03212149912
03212176129
03212190048
03212110179
03212150169
03212172576
03212134722
03212186384
03212179270
03212151815
03212110563
03212121400
03212160794
03212185947
03212194772
03212146371
03212131223
03212188111
03212194096
03212185192
03212168233
03212152649
03212130265
03212153867
03212129006
03212134121
03212173545
03212183274
03212126726
03212186073
03212135856
03212144805
03212194625
03212167902
03212155262
03212155753
03212131964
03212129403
03212181666
03212127864
03212164469
03212177520
03212172365
03212182740
03212140007
03212125293
03212183766
03212192224
03212157930
03212148455
03212154851
03212164719
03212129373
03212179913
03212196301
03212143570
03212132359
03212152543
03212165741
03212174707
03212176594
03212166168
03212118044
03212139510
03212190618
03212199259
03212158707
03212112429
03212157328
03212180284
03212147525
03212113860
03212126354
03212189779
03212191049
03212168795
03212137618
03212181005
03212180086
03212186729
03212161699
03212125888
03212175839
03212135662
03212185833
03212181064
03212195504
03212161359
03212124976
03212163412
03212159124
03212189722
03212144256
03212158671
03212189747
03212142421
03212199878
03212149089
03212132388
03212182441
03212139857
03212174246
03212142580
03212183748
03212128123
03212193702
03212196508
03212179439
03212156345
03212113621
03212114779
03212163597
03212172874
03212131364
03212161824
03212142403
03212181348
03212173660
03212139491
03212150448
03212144588
03212136632
03212145523
03212189444
03212110124
03212147870
03212138583
03212172696
03212182596
03212161820
03212176798
03212143450
03212153220
03212145976
03212152924
03212141228
03212178500
03212114331
03212166904
03212179685
03212133376
03212130634
03212186826
03212195073
03212116872
03212111056
03212145566
03212161729
03212118530
03212175429
03212192896
03212131993
03212195268
03212137614
03212197056
03212122615
03212173623
03212180253
03212155118
03212123811
03212196843
03212194524
03212136822
03212171328
03212110376
03212126898
03212124546
03212193104
03212140120
03212195160
03212125160
03212183543
03212164902
03212114888
03212115050
03212130997
03212127527
03212127130
03212120866
03212143290
03212150553
03212121227
03212169203
03212155867
03212126683
03212167604
03212198247
03212159213
03212143092
03212182841
03212138851
03212193812
03212115497
03212184696
03212189974
03212136666
03212168624
03212178409
03212180268
03212167736
03212148449
03212130365
03212134359
03212182168
03212119998
03212158572
03212149255
03212127590
03212196681
03212175976
03212151234
03212135453
03212120774
03212189149
03212176191
03212155343
03212153032
03212166420
03212172515
03212165947
03212140451
03212182061
03212164403
03212121076
03212187120
03212130353
03212141023
03212141017
03212190463
03212152242
03212164880
03212121100
03212182817
03212172777
03212120341
03212134844
03212173699
03212148991
03212131622
03212146410
03212187617
03212158359
03212194722
03212195546
03212113782
03212131166
03212183634
03212148304
03212169955
03212161092
03212132877
03212128218
03212186573
03212123734
03212186354
03212114352
03212137957
03212116372
03212155850
03212120499
03212179332
03212159735
03212163483
03212147921
03212134325
03212194040
03212175196
03212176786
03212162717
03212192397
03212134806
03212127240
03212150038
03212158985
03212137745
03212181028
03212164779
03212172036
03212164888
03212112607
03212180812
03212140759
03212145048
03212140193
03212183130
03212144007
03212156765
03212179174
03212157932
03212110667
03212142468
03212142410
03212135433
03212167463
03212113957
03212173108
03212193169
03212198374
03212140480
03212193411
03212180991
03212176722
03212199388
03212173696
03212127368
03212176606
03212156928
03212151593
03212183813
03212155610
03212166725
03212185927
03212182670
03212189276
03212153847
03212192065
03212175523
03212118710
03212135631
03212155632
03212169308
03212199183
03212116575
03212113565
03212150821
03212198928
03212171719
03212114232
03212133327
03212187401
03212159768
03212168326
03212140804
03212173894
03212167400
03212199837
03212127580
03212174118
03212155056
03212137575
03212156541
03212159739
03212128270
03212178186
03212160110
03212181042
03212117645
03212179664
03212137779
03212111682
03212177538
03212196860
03212166126
03212110793
03212174294
03212143363
03212184885
03212183891
03212152493
03212152600
03212195269
03212147394
03212120950
03212113042
03212182630
03212151309
03212135794
03212128051
03212195189
03212144126
03212164952
03212151028
03212156835
03212174041
03212135378
03212190711
03212117885
03212154073
03212134567
03212128479
03212149621
03212148085
03212190787
03212143944
03212143308
03212163100
03212193106
03212156474
03212126808
03212189233
03212171165
03212185082
03212180876
03212157236
03212147067
03212198411
03212116016
03212128354
03212169053
03212116493
03212133412
03212131907
03212115097
03212153957
03212110060
03212167000
03212129818
03212117925
03212124121
03212145648
03212199309
03212130163
03212169097
03212139322
03212138528
03212158203
03212179320
03212172960
03212179869
03212147087
03212192366
03212193165
03212178141
03212143643
03212119473
03212138056
03212159425
03212139894
03212131592
03212157375
03212112037
03212128210
03212192853
03212148489
03212116747
03212122232
03212141347
03212167157
03212179819
03212118821
03212181566
03212127073
03212177969
03212159089
03212177488
03212170151
03212189733
03212110536
03212160451
03212152038
03212168009
03212161591
03212129843
03212166417
03212147526
03212191761
03212111712
03212164695
03212167717
03212172788
03212157060
03212111112
03212129384
03212165350
03212130830
03212184495
03212183723
03212131613
03212112712
03212167268
03212173544
03212111598
03212151068
03212165673
03212160384
03212160568
03212136061
03212169691
03212131409
03212121055
03212196923
03212159999
03212160200
03212147552
03212185765
03212118646
03212150330
03212174705
03212149585
03212155445
03212115123
03212113067
03212113849
03212154285
03212120909
03212147976
03212148103
03212158903
03212126812
03212128837
03212139325
03212195489
03212178774
03212187142
03212131193
03212175650
03212195004
03212174344
03212146661
03212175864
03212197061
03212150911
03212181832
03212179585
03212112183
03212134164
03212182027
03212157267
03212160477
03212197748
03212196783
03212144764
03212112407
03212112464
03212131260
03212110787
03212194243
03212168086
03212120673
03212159458
03212159505
03212190275
03212149587
03212187563
03212118392
03212179794
03212120119
03212138723
03212167187
03212178421
03212123847
03212197065
03212166271
03212125215
03212146719
03212189825
03212117794
03212146810
03212182058
03212148597
03212127569
03212197740
03212181991
03212155979
03212174735
03212118728
03212144389
03212184216
03212166924
03212152418
03212176388
03212191452
03212122326
03212189309
03212172311
03212184576
03212163634
03212177472
03212132024
03212121754
03212130561
03212118362
03212120916
03212115341
03212146193
03212164067
03212117594
03212176448
03212121276
03212138614
03212110861
03212131936
03212192534
03212157880
03212193608
03212112827
03212199663
03212135404
03212135902
03212171798
03212114768
03212170643
03212147459
03212135906
03212174408
03212196339
03212183175
03212116572
03212167179
03212163629
03212135062
03212159393
03212172535
03212138344
03212120148
03212149330
03212175970
03212186501
03212137773
03212180591
03212190389
03212196774
03212114431
03212190968
03212163971
03212142067
03212196122
03212149955
03212115792
03212147718
03212173456
03212170138
03212189659
03212112345
03212180108
03212138100
03212134029
03212194288
03212126121
03212125355
03212194251
03212158545
03212153433
03212127128
03212197059
03212115753
03212122468
03212138798
03212184141
03212125020
03212153555
03212139131
03212159977
03212114279
03212187712
03212119203
03212162517
03212120450
03212155859
03212151386
03212115910
03212161606
03212149664
03212170287
03212168206
03212130488
03212136984
03212195861
03212148401
03212186303
03212164268
03212171419
03212120179
03212132423
03212155193
03212136843
03212145007
03212180369
03212127487
03212176994
03212163577
03212163769
03212148693
03212131006
03212129682
03212198065
03212192396
03212118896
03212171511
03212173838
03212170261
03212173968
03212178341
03212196939
03212156841
03212128853
03212185264
03212185483
03212142936
03212135740
03212138717
03212189286
03212167712
03212139797
03212181856
03212132518
03212182360
03212117510
03212140080
03212128371
03212152333
03212197836
03212164956
03212121593
03212137200
03212138918
03212129504
03212112465
03212194006
03212197450
03212141838
03212135484
03212151424
03212180002
03212116154
03212195104
03212142003
03212134057
03212127836
03212157827
03212159406
03212163293
03212189885
03212116209
03212159878
03212136536
03212154001
03212133757
03212141890
03212199575
03212126007
03212199102
03212138813
03212135247
03212191652
03212184458
03212146565
03212139471
03212173709
03212126251
03212195279
03212170262
03212197958
03212146372
03212181093
03212144976
03212186367
03212140335
03212124496
03212140009
03212118964
03212162186
03212173907
03212110920
03212122709
03212143587
03212192968
03212178231
03212178708
03212152116
03212197874
03212115830
03212136381
03212112611
03212144754
03212124502
03212110646
03212195438
03212194586
03212121600
03212184117
03212119739
03212164126
03212193031
03212191926
03212169836
03212178784
03212134177
03212152645
03212188781
03212155522
03212159240
03212159093
03212119848
03212173060
03212117745
03212173537
03212123856
03212195883
03212113268
03212195478
03212147543
03212143163
03212172387
03212182128
03212168482
03212157603
03212176853
03212134329
03212190929
03212145749
03212155891
03212199224
03212198059
03212118993
03212152872
03212164803
03212158790
03212125585
03212189926
03212196594
03212138634
03212114318
03212177287
03212192763
03212171694
03212137108
03212171582
03212198702
03212188639
03212172196
03212120963
03212120643
03212159845
03212110302
03212176573
03212175792
03212154451
03212164592
03212113491
03212198616
03212120623
03212136869
03212154544
03212170983
03212131080
03212154477
03212169892
03212157616
03212146568
03212133753
03212167809
03212132703
03212175718
03212185909
03212170096
03212197221
03212119347
03212147046
03212194562
03212167252
03212127028
03212177096
03212160232
03212193026
03212154500
03212182216
03212149793
03212135475
03212132002
03212125142
03212115702
03212174085
03212172139
03212196693
03212169886
03212182564
03212167621
03212153855
03212118747
03212174394
03212186890
03212141988
03212127142
03212134583
03212190663
03212157230
03212145245
03212166444
03212135949
03212193594
03212197904
03212176637
03212145348
03212177956
03212176580
03212172260
03212122141
03212114566
03212152106
03212158617
03212189216
03212114656
03212118748
03212179425
03212140707
03212148504
03212112449
03212173341
03212167206
03212165884
03212119917
03212191552
03212144098
03212178244
03212186756
03212158698
03212111649
03212138135
03212178544
03212198788
03212193249
03212137215
03212122642
03212191041
03212181594
03212198648
03212192437
03212159828
03212178280
03212189881
03212168524
03212131004
03212126497
03212187019
03212163345
03212187445
03212181145
03212195203
03212112072
03212156662
03212180708
03212176000
03212143897
03212127810
03212149911
03212140457
03212120481
03212125034
03212190428
03212177440
03212196106
03212188384
03212159113
03212149855
03212120011
03212142872
03212195060
03212177324
03212197359
03212188913
03212190105
03212138613
03212135670
03212160259
03212171679
03212148303
03212150690
03212197398
03212189953
03212159074
03212110570
03212134378
03212122648
03212148540
03212132018
03212128368
03212149424
03212148043
03212111019
03212198524
03212165132
03212130390
03212198634
03212137589
03212161134
03212114712
03212167749
03212190602
03212137387
03212167550
03212178232
03212192154
03212169790
03212127636
03212117007
03212118366
03212185536
03212154005
03212158227
03212127207
03212171470
03212110854
03212166691
03212127900
03212149316
03212182944
03212179085
03212140088
03212170537
03212129868
03212173044
03212144070
03212113101
03212136264
03212151254
03212181718
03212158257
03212195857
03212166628
03212110283
03212185261
03212140314
03212164467
03212150136
03212157269
03212178252
03212178333
03212124176
03212181517
03212146766
03212144628
03212146005
03212110382
03212189663
03212141475
03212141543
03212172916
03212165395
03212184805
03212111516
03212197298
03212137688
03212137682
03212148083
03212156689
03212191371
03212135589
03212135289
03212160109
03212189678
03212187377
03212147943
03212141945
03212131156
03212146387
03212116555
03212170631
03212171064
03212154909
03212158571
03212123771
03212185013
03212128415
03212146601
03212140174
03212185341
03212130461
03212181823
03212198766
03212187963
03212126785
03212144949
03212121562
03212186961
03212188587
03212146228
03212186657
03212155176
03212157251
03212198061
03212168436
03212158506
03212195088
03212124988
03212194331
03212180194
03212156607
03212138727
03212113916
03212176771
03212150017
03212153969
03212144769
03212125810
03212195114
03212174767
03212159216
03212149177
03212153982
03212128530
03212119601
03212171605
03212161445
03212149501
03212117649
03212166322
03212112343
03212137114
03212129837
03212171164
03212134282
03212188094
03212114689
03212115186
03212183056
03212136130
03212142159
03212149235
03212188709
03212174117
03212168177
03212159168
03212167593
03212142191
03212162776
03212151113
03212111889
03212195959
03212151697
03212148883
03212114454
03212129976
03212175486
03212153382
03212140839
03212144830
03212162545
03212190285
03212126384
03212176802
03212122830
03212150012
03212119686
03212156675
03212111121
03212179928
03212191711
03212123086
03212139820
03212145484
03212181908
03212175457
03212161229
03212125224
03212133878
03212119466
03212151121
03212119828
03212158118
03212139202
03212161803
03212142216
03212191299
03212139083
03212151874
03212122851
03212111907
03212151286
03212162570
03212147906
03212185516
03212151655
03212171185
03212120178
03212172873
03212147772
03212141865
03212190155
03212130002
03212149954
03212138563
03212162922
03212187087
03212186739
03212165154
03212151577
03212188952
03212186140
03212198891
03212199858
03212198556
03212171918
03212118124
03212149494
03212131786
03212164841
03212155144
03212181894
03212127913
03212194197
03212140858
03212193121
03212134001
03212189940
03212151890
03212190043
03212161004
03212110119
03212167962
03212111849
03212128377
03212151996
03212165134
03212157696
03212160329
03212162334
03212176429
03212110263
03212148047
03212186959
03212179736
03212153061
03212170684
03212141086
03212182930
03212186720
03212127813
03212162242
03212135804
03212145441
03212128920
03212197146
03212134848
03212175110
03212146532
03212127947
03212114445
03212189635
03212189738
03212130594
03212162718
03212145840
03212112845
03212190009
03212124198
03212167584
03212131862
03212164428
03212182857
03212185954
03212172154
03212136982
03212134361
03212188763
03212122535
03212182306
03212173395
03212158211
03212199456
03212154849
03212130286
03212182585
03212113797
03212134387
03212161984
03212120628
03212158308
03212156365
03212117018
03212146787
03212124843
03212137678
03212170085
03212196710
03212194657
03212144667
03212162584
03212142966
03212194166
03212162694
03212138128
03212112170
03212125681
03212167099
03212124873
03212189322
03212187628
03212157995
03212159723
03212141612
03212153787
03212197475
03212162229
03212127645
03212155135
03212190195
03212182239
03212118678
03212125824
03212178690
03212111062
03212169453
03212158086
03212195627
03212160683
03212167592
03212144457
03212126357
03212136302
03212153528
03212150875
03212131491
03212127695
03212143266
03212137214
03212133726
03212112089
03212136987
03212162003
03212140870
03212142223
03212115320
03212147551
03212147933
03212125789
03212141274
03212128741
03212113810
03212119868
03212145434
03212192001
03212147461
03212197312
03212192130
03212197154
03212152160
03212171117
03212166141
03212176769
03212127439
03212146928
03212172303
03212148513
03212188837
03212116687
03212170192
03212162987
03212115862
03212195272
03212141169
03212113131
03212160033
03212196524
03212198974
03212129298
03212112253
03212122134
03212117681
03212197832
03212145213
03212186265
03212114776
03212144856
03212164848
03212188710
03212135348
03212176081
03212191654
03212138550
03212132428
03212180118
03212130349
03212177276
03212152437
03212112053
03212143618
03212156881
03212129571
03212196728
03212184180
03212132097
03212153186
03212170550
03212196447
03212154635
03212197441
03212119612
03212149095
03212127089
03212162248
03212143980
03212151839
03212181482
03212127638
03212139781
03212180703
03212179914
03212195518
03212168625
03212123291
03212128883
03212159815
03212110080
03212174062
03212150945
03212168261
03212148485
03212179973
03212130596
03212112759
03212164217
03212135524
03212164798
03212139237
03212195207
03212183915
03212134986
03212160506
03212151909
03212115028
03212160214
03212162136
03212129243
03212189789
03212193109
03212152182
03212184560
03212147258
03212144555
03212123379
03212168667
03212180833
03212178604
03212182274
03212161215
03212131220
03212187622
03212145957
03212162839
03212118704
03212145717
03212119408
03212143609
03212165365
03212120279
03212151357
03212149865
03212111926
03212121702
03212178471
03212155375
03212176301
03212127118
03212160577
03212159105
03212150963
03212117539
03212131277
03212158575
03212139359
03212111606
03212191839
03212171075
03212124654
03212132753
03212147388
03212177237
03212172592
03212116178
03212166403
03212189246
03212184698
03212184968
03212157759
03212132773
03212161502
03212119194
03212138996
03212187681
03212185273
03212194689
03212111453
03212146964
03212123228
03212134096
03212128516
03212145300
03212169265
03212149835
03212179344
03212134110
03212172533
03212140710
03212175508
03212172890
03212174120
03212177273
03212195747
03212155298
03212189225
03212170677
03212191333
03212169359
03212127803
03212197603
03212131768
03212178543
03212143596
03212173302
03212144669
03212144874
03212168713
03212126780
03212113292
03212144075
03212121183
03212121103
03212119980
03212134862
03212123648
03212188969
03212163487
03212114790
03212111152
03212117415
03212115705
03212191666
03212113136
03212152551
03212114639
03212164736
03212142839
03212130913
03212163226
03212166756
03212125669
03212176533
03212134674
03212133956
03212182695
03212139284
03212148728
03212159598
03212167526
03212133197
03212174563
03212134195
03212169244
03212135814
03212185709
03212145710
03212122598
03212153284
03212115056
03212128805
03212162149
03212127253
03212184448
03212153207
03212155577
03212148874
03212112140
03212148555
03212113162
03212157957
03212154346
03212158329
03212170948
03212189691
03212122509
03212185150
03212139199
03212114759
03212155191
03212143625
03212184218
03212157471
03212143892
03212116736
03212128930
03212119026
03212120240
03212122279
03212151700
03212196863
03212114383
03212149508
03212129487
03212148242
03212190409
03212136587
03212111043
03212120035
03212116606
03212179848
03212174933
03212177484
03212114761
03212156019
03212123483
03212114084
03212173613
03212118524
03212143035
03212143306
03212195736
03212111684
03212132137
03212183210
03212129528
03212143513
03212190883
03212148015
03212197447
03212143946
03212163527
03212140183
03212193022
03212136907
03212148789
03212178171
03212144148
03212139852
03212164182
03212124534
03212177623
03212168958
03212139252
03212114169
03212163006
03212120151
03212198795
03212151403
03212123249
03212195859
03212164384
03212133750
03212136557
03212158272
03212153376
03212181514
03212129152
03212168591
03212177201
03212177485
03212151233
03212115836
03212186576
03212165295
03212122124
03212129465
03212178671
03212178853
03212118771
03212118113
03212142725
03212192885
03212169041
03212166522
03212123361
03212192087
03212152157
03212151242
03212174198
03212148087
03212199142
03212133981
03212190517
03212124795
03212162633
03212179593
03212135030
03212155943
03212191473
03212162935
03212147170
03212113084
03212112219
03212130562
03212129278
03212193784
03212117187
03212185531
03212187429
03212115637
03212193831
03212165386
03212184334
03212114992
03212136897
03212137064
03212116433
03212125959
03212185450
03212152090
03212181854
03212147795
03212186225
03212174777
03212197329
03212166831
03212199077
03212143822
03212162828
03212117691
03212151252
03212187170
03212119351
03212110277
03212179867
03212121595
03212121963
03212180414
03212130899
03212113611
03212146551
03212143633
03212140460
03212147641
03212142695
03212197965
03212174461
03212188186
03212120264
03212110845
03212165315
03212165288
03212125993
03212155784
03212131949
03212126952
03212118110
03212141709
03212124601
03212197946
03212142579
03212178215
03212178228
03212195641
03212126620
03212157196
03212194837
03212122872
03212154550
03212138479
03212135303
03212179707
03212149647
03212156868
03212119190
03212156382
03212145856
03212123318
03212143230
03212163065
03212166906
03212195260
03212154035
03212144988
03212153874
03212165811
03212190014
03212153461
03212112789
03212171901
03212121950
03212145687
03212163939
03212146914
03212162232
03212116074
03212140768
03212144672
03212170465
03212165313
03212165713
03212172366
03212130012
03212161126
03212146286
03212175081
03212161727
03212195852
03212154716
03212179513
03212111309
03212182968
03212141605
03212181632
03212129026
03212113981
03212169411
03212141760
03212166577
03212113352
03212158475
03212115768
03212194636
03212167189
03212140308
03212178646
03212172764
03212197751
03212122893
03212124022
03212183862
03212159674
03212114932
03212145699
03212151062
03212176049
03212120667
03212190971
03212184425
03212135605
03212179263
03212110394
03212134442
03212137446
03212115646
03212156483
03212195902
03212123953
03212116659
03212130518
03212180445
03212140572
03212121419
03212190764
03212122636
03212181951
03212181762
03212110117
03212160074
03212117582
03212197769
03212195735
03212169351
03212199049
03212123711
03212190698
03212190527
03212192685
03212167503
03212131342
03212167126
03212115372
03212156794
03212167641
03212162999
03212116280
03212177239
03212117104
03212181211
03212177069
03212156269
03212134487
03212129642
03212185284
03212198030
03212125488
03212119189
03212192812
03212136672
03212141711
03212146294
03212157434
03212172191
03212133254
03212115261
03212123974
03212135147
03212199175
03212136278
03212165072
03212183778
03212115553
03212123123
03212159637
03212165671
03212142970
03212110219
03212116558
03212118666
03212113082
03212164561
03212118585
03212161056
03212194655
03212158484
03212128680
03212141638
03212196182
03212163982
03212169193
03212125930
03212158845
03212129657
03212143984
03212183388
03212146063
03212177893
03212119991
03212169415
03212121348
03212114088
03212162161
03212138393
03212143347
03212122748
03212192610
03212176218
03212182592
03212120113
03212133211
03212192873
03212153605
03212172198
03212110018
03212129318
03212176663
03212170495
03212194639
03212168889
03212119795
03212146360
03212197192
03212142931
03212150256
03212188893
03212141127
03212126830
03212170494
03212140772
03212193091
03212195146
03212197237
03212146967
03212143081
03212156261
03212115136
03212149028
03212119964
03212149079
03212183493
03212176052
03212171786
03212191824
03212154070
03212169400
03212125351
03212167727
03212164968
03212136522
03212172492
03212135091
03212155761
03212149618
03212182272
03212197727
03212156367
03212125230
03212166936
03212173057
03212161526
03212164564
03212145611
03212148925
03212138404
03212194307
03212159438
03212174204
03212117106
03212149302
03212172760
03212133374
03212167740
03212194621
03212195684
03212178113
03212160800
03212178614
03212133438
03212145311
03212184872
03212125628
03212199460
03212120613
03212143373
03212168245
03212119684
03212146555
03212124888
03212181012
03212142833
03212179739
03212151599
03212163147
03212170446
03212170661
03212136023
03212195669
03212198288
03212186610
03212185788
03212183000
03212148524
03212148897
03212172380
03212160682
03212188823
03212112256
03212182912
03212131125
03212164053
03212112775
03212197821
03212173693
03212116065
03212172607
03212124414
03212191747
03212193220
03212190541
03212188000
03212143021
03212132537
03212124776
03212135150
03212158700
03212199083
03212142628
03212150935
03212171715
03212170992
03212165139
03212159001
03212136064
03212168755
03212124961
03212111707
03212187546
03212150371
03212172624
03212196967
03212119958
03212123061
03212143768
03212116059
03212161374
03212191252
03212155304
03212158356
03212184379
03212160084
03212128145
03212137197
03212181371
03212187480
03212199967
03212195975
03212141599
03212164969
03212170147
03212146885
03212145072
03212195517
03212169986
03212188349
03212122991
03212168258
03212178833
03212155475
03212182165
03212136168
03212110483
03212159883
03212191381
03212142640
03212137709
03212151375
03212195631
03212113359
03212186612
03212130856
03212163367
03212154693
03212181275
03212124994
03212115732
03212137839
03212122576
03212180224
03212125738
03212194989
03212174886
03212115592
03212148250
03212146073
03212173024
03212187045
03212179522
03212175818
03212145980
03212170888
03212182662
03212140083
03212198959
03212127260
03212118772
03212188618
03212158459
03212164661
03212133656
03212141716
03212143264
03212163101
03212170721
03212132899
03212110429
03212115493
03212129931
03212144290
03212143130
03212196567
03212164684
03212183114
03212133836
03212110794
03212184875
03212162338
03212183804
03212198612
03212184910
03212111138
03212138880
03212195315
03212161451
03212174484
03212116426
03212113178
03212183589
03212139454
03212139368
03212126544
03212143781
03212116421
03212171710
03212144039
03212190599
03212155394
03212152730
03212195793
03212161463
03212162576
03212135658
03212142668
03212154781
03212147665
03212179786
03212144280
03212149851
03212143103
03212158354
03212151962
03212131841
03212137583
03212140489
03212135945
03212113505
03212131112
03212159541
03212157112
03212125315
03212156569
03212164804
03212128735
03212140836
03212171739
03212128410
03212145882
03212189117
03212149675
03212136488
03212132738
03212125793
03212131815
03212151590
03212168761
03212111209
03212195173
03212189516
03212183440
03212185426
03212164458
03212173255
03212134126
03212154653
03212146272
03212139225
03212164680
03212145279
03212137260
03212179088
03212177864
03212137365
03212141968
03212173233
03212138950
03212172541
03212121440
03212169237
03212195353
03212114695
03212157532
03212144743
03212119902
03212155738
03212161939
03212135799
03212173128
03212152957
03212132441
03212194608
03212117085
03212182138
03212124436
03212147754
03212191209
03212146705
03212153950
03212114224
03212126792
03212137976
03212164853
03212122631
03212168075
03212186219
03212116189
03212162170
03212177902
03212129281
03212188854
03212150524
03212188739
03212194481
03212144778
03212146182
03212183339
03212198487
03212184408
03212178624
03212155456
03212139302
03212190564
03212144800
03212154533
03212167990
03212150178
03212143307
03212117950
03212181925
03212190885
03212139307
03212167723
03212186909
03212163187
03212190786
03212154539
03212165327
03212148431
03212166561
03212193398
03212112174
03212179658
03212194016
03212140745
03212155463
03212129816
03212117266
03212159352
03212163188
03212167175
03212128773
03212195654
03212171388
03212173758
03212119914
03212120863
03212145431
03212176530
03212162852
03212155297
03212144032
03212133738
03212135299
03212193621
03212154987
03212113297
03212153232
03212188895
03212145903
03212178389
03212165142
03212152962
03212196274
03212115350
03212127245
03212194714
03212122573
03212127696
03212172132
03212138949
03212191254
03212191798
03212183148
03212180780
03212145412
03212127567
03212166215
03212147967
03212135644
03212116806
03212146273
03212163837
03212160277
03212121695
03212120164
03212136194
03212162278
03212146055
03212178279
03212182870
03212117264
03212154675
03212193618
03212131940
03212175846
03212140278
03212127600
03212171899
03212194788
03212127795
03212143500
03212110472
03212174207
03212167884
03212125664
03212122679
03212197936
03212142745
03212148336
03212132436
03212155072
03212174550
03212177297
03212138406
03212176518
03212117740
03212193852
03212156079
03212173989
03212185552
03212128473
03212140848
03212133949
03212160585
03212116026
03212159797
03212176527
03212118672
03212191938
03212165488
03212193899
03212125721
03212188071
03212178170
03212184291
03212155599
03212184933
03212174518
03212157910
03212147986
03212149491
03212188069
03212131079
03212154642
03212137439
03212163759
03212178046
03212138709
03212153806
03212157948
03212181999
03212170911
03212127035
03212191715
03212162094
03212181909
03212182947
03212171808
03212188016
03212140498
03212189583
03212111650
03212197887
03212151575
03212150335
03212198348
03212133448
03212138253
03212171146
03212199470
03212127642
03212180487
03212191357
03212145879
03212129505
03212161383
03212122358
03212112767
03212113891
03212126779
03212140092
03212118714
03212143722
03212117159
03212151134
03212192575
03212193504
03212191570
03212186101
03212159970
03212159907
03212176418
03212133192
03212187104
03212165411
03212176411
03212139793
03212167563
03212154335
03212130306
03212112664
03212135678
03212145835
03212132589
03212120525
03212160589
03212159040
03212179204
03212126606
03212162804
03212171557
03212179172
03212133176
03212147213
03212140872
03212144748
03212168121
03212141540
03212120516
03212153697
03212131449
03212169461
03212196312
03212158316
03212135253
03212147356
03212132400
03212174098
03212188408
03212142210
03212115455
03212146739
03212160915
03212182498
03212130981
03212127060
03212180766
03212177942
03212197103
03212154020
03212195214
03212153928
03212118197
03212135539
03212195044
03212199441
03212146436
03212188765
03212180995
03212158966
03212176374
03212136277
03212162209
03212125336
03212152508
03212185800
03212190763
03212165641
03212128681
03212131757
03212194132
03212183833
03212185623
03212176918
03212114480
03212139750
03212175755
03212134346
03212164600
03212142291
03212181325
03212129158
03212179053
03212159775
03212139320
03212199642
03212145527
03212111226
03212170365
03212124637
03212120289
03212115375
03212133962
03212125434
03212193515
03212119060
03212163256
03212129573
03212125246
03212186439
03212141406
03212111211
03212113817
03212169518
03212174285
03212141244
03212183211
03212169882
03212111774
03212193985
03212199107
03212144010
03212182525
03212149943
03212173454
03212143812
03212146479
03212191121
03212183153
03212123767
03212159195
03212165334
03212171273
03212199104
03212150320
03212140831
03212145539
03212179035
03212133528
03212156078
03212142719
03212155454
03212167841
03212169802
03212125357
03212119970
03212162316
03212141344
03212158591
03212130652
03212121181
03212161634
03212132850
03212184019
03212151979
03212149703
03212172580
03212172135
03212125147
03212142093
03212165908
03212152016
03212148483
03212198244
03212175180
03212135457
03212132890
03212129051
03212166234
03212114950
03212165579
03212187932
03212139806
03212194488
03212197854
03212176677
03212165764
03212184454
03212120837
03212179187
03212165176
03212128543
03212144152
03212166254
03212121768
03212198341
03212191128
03212172959
03212113985
03212176810
03212137816
03212115825
03212197474
03212150176
03212184513
03212129425
03212112292
03212192356
03212155601
03212173702
03212193043
03212189531
03212146365
03212151848
03212195903
03212140692
03212121255
03212152462
03212123473
03212188606
03212113688
03212134549
03212137923
03212193275
03212157198
03212173946
03212162995
03212156671
03212189788
03212115588
03212199941
03212191412
03212166894
03212172819
03212112841
03212188550
03212135936
03212173210
03212132236
03212151975
03212139279
03212177055
03212167688
03212190089
03212185353
03212192352
03212193143
03212182951
03212141249
03212170824
03212194875
03212174369
03212199081
03212198403
03212199755
03212130047
03212132859
03212156577
03212151468
03212190783
03212190782
03212140751
03212119826
03212179643
03212110632
03212115779
03212152670
03212135716
03212181452
03212182574
03212198643
03212116219
03212189510
03212181217
03212172905
03212171318
03212197436
03212122168
03212174338
03212129116
03212196536
03212192524
03212173738
03212190147
03212136180
03212143162
03212199377
03212187811
03212186272
03212126937
03212162885
03212170263
03212181720
03212177363
03212130280
03212189372
03212112301
03212175726
03212182861
03212118538
03212157141
03212161541
03212159141
03212144231
03212168614
03212116444
03212111634
03212133307
03212127302
03212125631
03212116490
03212192553
03212182074
03212187176
03212110832
03212129946
03212197774
03212162572
03212118331
03212165607
03212115716
03212129872
03212191887
03212168805
03212139743
03212184235
03212116797
03212190876
03212181254
03212186020
03212137836
03212136255
03212143579
03212117657
03212193302
03212115302
03212129578
03212199805
03212176277
03212151732
03212113790
03212112979
03212125124
03212164893
03212152915
03212146320
03212154499
03212195933
03212143425
03212114359
03212176727
03212147638
03212171891
03212149072
03212110504
03212144376
03212198848
03212144238
03212150921
03212112289
03212147269
03212188753
03212159682
03212165801
03212139439
03212178140
03212178097
03212155826
03212132445
03212159110
03212137961
03212134934
03212117434
03212131521
03212141902
03212192830
03212129220
03212140930
03212145663
03212143411
03212180506
03212132456
03212184776
03212175891
03212114942
03212163059
03212174203
03212197640
03212140625
03212197884
03212199050
03212111454
03212194816
03212130132
03212136218
03212198629
03212139445
03212189961
03212158600
03212177067
03212197684
03212181413
03212175011
03212158090
03212138033
03212171358
03212158808
03212127225
03212163547
03212170785
03212163154
03212149380
03212169386
03212184907
03212154263
03212197335
03212135883
03212136704
03212111769
03212188843
03212193001
03212142300
03212153851
03212190544
03212173856
03212178206
03212197912
03212131434
03212160722
03212116112
03212159607
03212169267
03212139076
03212195192
03212167591
03212140439
03212165432
03212142431
03212170058
03212179732
03212192869
03212173558
03212175433
03212138306
03212190567
03212169247
03212145031
03212129057
03212199891
03212117702
03212173315
03212185340
03212129625
03212117946
03212194656
03212128067
03212165739
03212140691
03212169113
03212162661
03212148404
03212127568
03212111420
03212133908
03212185490
03212169519
03212127976
03212185337
03212124353
03212158095
03212193127
03212170155
03212146864
03212114575
03212140209
03212134119
03212195300
03212185504
03212114221
03212155098
03212192559
03212124485
03212161393
03212136258
03212151664
03212127129
03212132867
03212172659
03212127905
03212120842
03212117462
03212193536
03212165983
03212132211
03212183850
03212145339
03212148519
03212171529
03212124818
03212138509
03212121930
03212180080
03212187858
03212131620
03212145390
03212117268
03212154891
03212186869
03212193306
03212135009
03212186934
03212172514
03212149232
03212159838
03212176311
03212158208
03212191485
03212185435
03212123933
03212142249
03212126022
03212197113
03212117977
03212140582
03212129317
03212153293
03212130371
03212130452
03212155095
03212144040
03212134320
03212199666
03212122884
03212114328
03212129600
03212163806
03212195508
03212187476
03212155391
03212114301
03212141035
03212127536
03212182453
03212121257
03212193469
03212182978
03212124011
03212169027
03212141794
03212157033
03212196259
03212195908
03212182967
03212169881
03212191037
03212116073
03212163975
03212124520
03212156416
03212138210
03212190969
03212166655
03212187267
03212149629
03212134904
03212130238
03212112504
03212162699
03212130044
03212198486
03212114659
03212196719
03212133980
03212135847
03212170314
03212161424
03212113300
03212187006
03212148226
03212198782
03212126625
03212118419
03212146632
03212193925
03212171403
03212191416
03212189781
03212184618
03212189325
03212191483
03212154601
03212119334
03212143839
03212148074
03212193773
03212156523
03212179095
03212153024
03212156049
03212195045
03212197421
03212168307
03212173161
03212157057
03212180225
03212193660
03212118161
03212194991
03212124910
03212118429
03212188485
03212123004
03212116484
03212183605
03212118578
03212158228
03212132605
03212138628
03212119850
03212116595
03212123176
03212142117
03212114646
03212192007
03212122240
03212112585
03212134205
03212192176
03212131580
03212120998
03212178325
03212120764
03212147413
03212191177
03212197755
03212171620
03212189626
03212164415
03212187521
03212136172
03212130848
03212120835
03212131589
03212110167
03212137944
03212117420
03212171402
03212178449
03212188261
03212145131
03212131043
03212142411
03212188217
03212171420
03212190090
03212190704
03212169981
03212126252
03212180956
03212191424
03212195486
03212197814
03212110815
03212141427
03212148230
03212126968
03212144745
03212135654
03212183797
03212171172
03212190650
03212166957
03212113339
03212113562
03212174756
03212136127
03212153130
03212132736
03212133194
03212189721
03212126335
03212166044
03212199536
03212173710
03212149892
03212129411
03212136103
03212140130
03212110051
03212178991
03212176548
03212123171
03212151480
03212143515
03212125098
03212158613
03212117045
03212180770
03212123132
03212177365
03212156418
03212151496
03212144828
03212138293
03212162749
03212172085
03212138468
03212114537
03212182185
03212127431
03212171034
03212118115
03212196024
03212133905
03212141761
03212197529
03212126827
03212134571
03212198207
03212112955
03212189220
03212123717
03212164623
03212146388
03212185914
03212145565
03212176403
03212196345
03212161121
03212158424
03212191117
03212173353
03212132802
03212140523
03212162011
03212140986
03212124048
03212172481
03212191361
03212129073
03212124707
03212175284
03212126223
03212196305
03212174077
03212121846
03212153288
03212131873
03212136643
03212173529
03212148368
03212143469
03212159423
03212152553
03212168971
03212119298
03212151027
03212174688
03212137600
03212128842
03212150643
03212181193
03212164727
03212194790
03212199048
03212194048
03212136196
03212171969
03212177600
03212116739
03212132356
03212135549
03212121681
03212110630
03212119342
03212157258
03212180098
03212122267
03212139274
03212173189
03212154474
03212199824
03212184433
03212188567
03212187969
03212193039
03212121687
03212173021
03212197792
03212134367
03212195865
03212124640
03212145030
03212140900
03212175029
03212127798
03212117091
03212159904
03212159042
03212156789
03212116011
03212137742
03212141923
03212162040
03212170929
03212152420
03212117718
03212132464
03212155652
03212196169
03212181368
03212180293
03212154233
03212143157
03212150282
03212118946
03212197988
03212144076
03212125815
03212185990
03212174311
03212116358
03212178582
03212147238
03212111476
03212188044
03212113285
03212195431
03212143034
03212168422
03212180647
03212146046
03212143410
03212159646
03212145371
03212116648
03212159009
03212140213
03212128470
03212163661
03212160606
03212195292
03212120795
03212121719
03212173934
03212154462
03212137843
03212118022
03212163843
03212111927
03212155933
03212175317
03212145681
03212192346
03212144419
03212142366
03212138333
03212111871
03212125575
03212147161
03212160032
03212199746
03212190635
03212173574
03212185066
03212185602
03212157519
03212110649
03212155752
03212183289
03212126442
03212189756
03212114109
03212140968
03212150399
03212116803
03212195144
03212190112
03212168092
03212113965
03212140189
03212110406
03212114589
03212197846
03212127732
03212125328
03212148735
03212169717
03212173633
03212161686
03212174187
03212118986
03212151974
03212164269
03212136682
03212178776
03212126324
03212198414
03212164667
03212189929
03212178739
03212116486
03212130310
03212138703
03212159769
03212133142
03212161471
03212152017
03212169919
03212131653
03212176670
03212192743
03212133385
03212170933
03212170477
03212187755
03212129786
03212185321
03212113571
03212152809
03212128069
03212139921
03212184676
03212188994
03212140922
03212113717
03212138027
03212168819
03212191698
03212124035
03212161449
03212193920
03212184279
03212159143
03212167963
03212192186
03212160946
03212121616
03212191767
03212142534
03212142316
03212159230
03212130883
03212165749
03212138568
03212168627
03212179346
03212195485
03212188416
03212190388
03212154026
03212170774
03212192219
03212170743
03212183197
03212178221
03212128228
03212152634
03212192056
03212171935
03212177013
03212186197
03212128612
03212161822
03212193134
03212119753
03212152624
03212131192
03212197387
03212142359
03212129763
03212110038
03212129728
03212130250
03212123071
03212124079
03212141122
03212135518
03212193891
03212197188
03212199966
03212139509
03212190203
03212138418
03212113546
03212114305
03212189682
03212167174
03212158948
03212188735
03212122101
03212186211
03212163159
03212142860
03212194737
03212152113
03212193000
03212111667
03212141011
03212182181
03212199786
03212141015
03212152946
03212155149
03212111511
03212186854
03212136416
03212171510
03212192306
03212123496
03212164634
03212193167
03212180244
03212162421
03212192774
03212122756
03212183081
03212152677
03212162589
03212151090
03212159232
03212120294
03212116266
03212137868
03212177963
03212162341
03212140781
03212153389
03212193449
03212156177
03212117785
03212139722
03212149187
03212185471
03212158396
03212110156
03212180320
03212122531
03212117225
03212129795
03212186459
