03009365605
03009364855
03009367944
03009362182
03009366449
03009361231
03009364636
03009367026
03009368018
03009363539
03009362783
03009369266
03009369865
03009361618
03009364830
03009362238
03009369402
03009362738
03009367707
03009366990
03009369448
03009366806
03009363650
03009365162
03009364152
03009366013
03009362250
03009364227
03009363503
03009365378
03009362206
03009365159
03009363170
03009368792
03009366000
03009366988
03009363705
03009368121
03009361438
03009363252
03009369941
03009365395
03009366247
03009368412
03009369543
03009366583
03009367123
03009369477
03009363790
03009365932
03009368271
03009366157
03009368049
03009364293
03009367020
03009362297
03009365217
03009362386
03009362799
03009366926
03009362639
03009361332
03009367623
03009366096
03009361073
03009365618
03009367842
03009368532
03009361281
03009361300
03009364455
03009367048
03009364053
03009366757
03009367402
03009366749
03009364609
03009369430
03009362009
03009367103
03009364026
03009361587
03009361719
03009369227
03009364899
03009362635
03009367951
03009362694
03009366685
03009365824
03009366220
03009367142
03009368468
03009367408
03009364914
03009363447
03009365510
03009364623
03009369280
03009362509
03009369186
03009361477
03009361222
03009362103
03009361291
03009366891
03009367687
03009365787
03009365695
03009362900
03009361051
03009369613
03009368396
03009361196
03009368438
03009367667
03009365148
03009361847
03009365456
03009365079
03009363590
03009369906
03009365584
03009369349
03009362487
03009365960
03009361162
03009363919
03009367386
03009367823
03009363080
03009369078
03009362532
03009367749
03009363677
03009366659
03009365802
03009366413
03009368137
03009361446
03009365568
03009366356
03009365301
03009362392
03009367072
03009366955
03009364132
03009369097
03009367052
03009364107
03009367887
03009361315
03009366519
03009361942
03009364403
03009364311
03009366524
03009361867
03009362991
03009367872
03009369819
03009361973
03009367080
03009367519
03009367906
03009361007
03009369345
03009365433
03009367319
03009364646
03009363102
03009368459
03009362992
03009367186
03009363567
03009368912
03009366847
03009363690
03009363982
03009362026
03009368425
03009369862
03009362361
03009364012
03009364717
03009361399
03009362102
03009361612
03009368565
03009367495
03009363574
03009365748
03009364383
03009368220
03009361745
03009364730
03009369165
03009365948
03009364786
03009363664
03009369732
03009369460
03009364784
03009362856
03009366502
03009368949
03009367216
03009367612
03009365020
03009362561
03009364181
03009365836
03009369946
03009368655
03009365158
03009363894
03009366290
03009367946
03009363331
03009365707
03009366080
03009365606
03009364885
03009364267
03009368608
03009368966
03009361821
03009367682
03009364481
03009368904
03009362293
03009368964
03009365077
03009369505
03009367509
03009365767
03009364182
03009361358
03009363999
03009363545
03009364934
03009369392
03009369911
03009364436
03009369565
03009369572
03009365270
03009369657
03009366839
03009364025
03009363380
03009369177
03009367970
03009362234
03009368250
03009368922
03009363431
03009367337
03009368080
03009365277
03009365518
03009367653
03009369690
03009365706
03009365653
03009366385
03009363763
03009361707
03009362535
03009365492
03009364356
03009364172
03009369400
03009364608
03009362411
03009364823
03009362064
03009369985
03009368267
03009365899
03009361534
03009365274
03009365426
03009365931
03009362436
03009366207
03009366854
03009364115
03009364393
03009366783
03009369874
03009365254
03009368885
03009369134
03009363075
03009368359
03009362318
03009368505
03009362478
03009367878
03009366168
03009368849
03009368061
03009368822
03009364925
03009363256
03009363212
03009365532
03009369385
03009364106
03009369806
03009364118
03009361110
03009365096
03009367832
03009369537
03009361139
03009366327
03009363818
03009361376
03009369963
03009367388
03009369526
03009363526
03009365688
03009368988
03009361625
03009364739
03009367394
03009369056
03009367396
03009369257
03009367082
03009364374
03009363597
03009368860
03009367397
03009365448
03009369800
03009367774
03009364037
03009365243
03009361179
03009364516
03009364686
03009361101
03009367915
03009368779
03009369323
03009362456
03009368133
03009367567
03009364223
03009363906
03009363437
03009369366
03009362412
03009365062
03009363714
03009365838
03009369393
03009365045
03009361102
03009369991
03009363758
03009365752
03009361651
03009363744
03009362803
03009364769
03009362707
03009367954
03009369480
03009367758
03009361918
03009363612
03009369882
03009366030
03009366679
03009364953
03009363960
03009366401
03009363035
03009364738
03009364059
03009368198
03009364493
03009363660
03009361786
03009369470
03009364466
03009366813
03009368788
03009365564
03009362298
03009367244
03009365646
03009365916
03009361103
03009368667
03009369143
03009369704
03009367107
03009364234
03009365360
03009363244
03009365780
03009365163
03009364190
03009363794
03009366148
03009366031
03009367357
03009367121
03009366149
03009361692
03009363452
03009369251
03009362983
03009368241
03009367326
03009362667
03009361690
03009362193
03009369619
03009366367
03009364235
03009366200
03009363850
03009365292
03009367257
03009367631
03009369825
03009362838
03009361502
03009366005
03009364307
03009366833
03009362757
03009368207
03009365176
03009361094
03009363954
03009362464
03009361227
03009361959
03009365684
03009368391
03009361463
03009369780
03009361566
03009363670
03009363624
03009369413
03009364076
03009367593
03009368518
03009367748
03009368727
03009366977
03009366444
03009367965
03009362003
03009368932
03009363986
03009364443
03009365273
03009367649
03009364972
03009361890
03009369608
03009368866
03009367851
03009368258
03009369167
03009366791
03009366592
03009366199
03009369240
03009368366
03009362018
03009368107
03009361386
03009362575
03009362087
03009361850
03009363479
03009363232
03009368706
03009361946
03009363497
03009369287
03009369563
03009364737
03009366810
03009369181
03009364139
03009366426
03009362621
03009361130
03009361233
03009361922
03009363608
03009367043
03009361935
03009363064
03009361766
03009361253
03009363636
03009366914
03009365879
03009363057
03009362697
03009368194
03009365799
03009361493
03009368658
03009366920
03009368370
03009368563
03009368695
03009364429
03009363893
03009367610
03009362452
03009362734
03009369772
03009366619
03009367958
03009366874
03009369463
03009361908
03009368478
03009366435
03009361296
03009368321
03009368881
03009361731
03009368034
03009365926
03009366124
03009361442
03009362451
03009361128
03009361749
03009364313
03009363552
03009364913
03009367017
03009363149
03009364325
03009367933
03009361994
03009364634
03009365678
03009366025
03009369005
03009363593
03009369715
03009365057
03009367361
03009362580
03009368038
03009366639
03009362768
03009366605
03009362962
03009361486
03009361009
03009369144
03009365490
03009366208
03009362560
03009365910
03009369804
03009363565
03009363386
03009363286
03009366971
03009368551
03009369736
03009363400
03009361797
03009361926
03009362530
03009362735
03009365232
03009366070
03009364388
03009367648
03009366274
03009366913
03009361573
03009362144
03009362839
03009366923
03009362849
03009369469
03009365366
03009367683
03009366150
03009362008
03009361771
03009362192
03009369487
03009366902
03009367129
03009362520
03009364808
03009361035
03009368956
03009367548
03009363912
03009369420
03009361820
03009363010
03009366286
03009368996
03009368230
03009361420
03009362975
03009363098
03009364131
03009363464
03009368504
03009366886
03009364256
03009366431
03009365482
03009364846
03009369669
03009366584
03009363223
03009364299
03009363997
03009366786
03009364444
03009369624
03009365602
03009369151
03009363882
03009366567
03009362498
03009368937
03009369722
03009362355
03009368687
03009362753
03009369033
03009368672
03009366258
03009362872
03009361741
03009368376
03009365553
03009364109
03009365120
03009367822
03009367554
03009369500
03009368985
03009363786
03009361795
03009367372
03009363946
03009366897
03009367949
03009364534
03009363129
03009364075
03009365324
03009366159
03009366915
03009361854
03009365627
03009367739
03009366728
03009369995
03009361571
03009367883
03009367226
03009363598
03009369773
03009361535
03009368248
03009364602
03009369826
03009364801
03009369701
03009368967
03009362934
03009361660
03009364725
03009366009
03009361829
03009364978
03009362066
03009368338
03009368612
03009364300
03009367950
03009363771
03009369108
03009366498
03009369493
03009363697
03009368989
03009362214
03009361017
03009364470
03009369700
03009369931
03009363303
03009369274
03009364667
03009366457
03009367947
03009368919
03009362529
03009361730
03009364898
03009367928
03009369271
03009362925
03009363370
03009361823
03009362108
03009362426
03009361750
03009365109
03009369742
03009363975
03009366959
03009366752
03009369022
03009361514
03009364377
03009365533
03009362366
03009368406
03009365309
03009365026
03009365560
03009361492
03009365823
03009363969
03009368591
03009368353
03009362873
03009361061
03009368981
03009364640
03009367221
03009368652
03009368909
03009362044
03009364822
03009363560
03009365299
03009367708
03009365745
03009361195
03009369897
03009361015
03009366196
03009364086
03009365561
03009364826
03009363962
03009367899
03009367810
03009366284
03009362237
03009367780
03009366517
03009361389
03009368048
03009369650
03009367770
03009364381
03009364292
03009367400
03009366881
03009361902
03009368463
03009364416
03009363584
03009369726
03009365746
03009364628
03009362953
03009362157
03009361840
03009362556
03009365499
03009364155
03009369322
03009369166
03009362625
03009369807
03009368304
03009362170
03009367250
03009363622
03009366094
03009363424
03009365515
03009366722
03009369124
03009369314
03009362183
03009361853
03009361145
03009361241
03009362213
03009368172
03009369958
03009364583
03009361655
03009361945
03009364827
03009364450
03009369232
03009361529
03009364151
03009363614
03009363702
03009364970
03009368233
03009368560
03009369277
03009368656
03009364246
03009365279
03009369578
03009362475
03009364229
03009369652
03009361204
03009364776
03009366230
03009362942
03009362842
03009369656
03009364353
03009362914
03009368465
03009361149
03009369208
03009363737
03009367861
03009365341
03009363853
03009362937
03009361042
03009362092
03009361943
03009369809
03009361812
03009361752
03009362906
03009363196
03009366898
03009365962
03009362634
03009365696
03009365728
03009364931
03009367169
03009368596
03009361508
03009366390
03009366551
03009369797
03009365236
03009363820
03009369025
03009368307
03009361425
03009366640
03009361433
03009362137
03009361395
03009362963
03009364477
03009362052
03009366750
03009367506
03009367454
03009366952
03009365831
03009365453
03009368805
03009366745
03009362345
03009366547
03009364490
03009361266
03009362145
03009366575
03009367932
03009361865
03009364598
03009362402
03009367993
03009364536
03009365993
03009364263
03009363591
03009367223
03009369055
03009364206
03009369455
03009364302
03009369801
03009363319
03009362342
03009363748
03009369405
03009365545
03009366017
03009367789
03009362159
03009369080
03009366942
03009365562
03009362286
03009366387
03009366545
03009366155
03009362151
03009365103
03009369461
03009362415
03009369837
03009361190
03009369888
03009361582
03009366486
03009362626
03009362889
03009362244
03009364689
03009369803
03009365359
03009367170
03009366320
03009369915
03009366809
03009362301
03009365834
03009365900
03009367320
03009362721
03009366769
03009367818
03009367573
03009369269
03009368147
03009368215
03009362881
03009361333
03009369567
03009367176
03009365657
03009364434
03009366326
03009369533
03009366190
03009367848
03009362253
03009362923
03009365759
03009369216
03009366980
03009363866
03009366240
03009365342
03009362802
03009363627
03009363937
03009363870
03009367166
03009369921
03009364693
03009365052
03009363620
03009364096
03009367039
03009369731
03009366921
03009367602
03009362388
03009365480
03009368686
03009366300
03009368051
03009365066
03009365901
03009369842
03009368602
03009365402
03009361907
03009362307
03009365412
03009369254
03009364373
03009365630
03009363306
03009368490
03009364513
03009361632
03009364947
03009364480
03009362569
03009363752
03009365214
03009363191
03009368837
03009361614
03009364591
03009363203
03009364859
03009364116
03009367693
03009365885
03009368803
03009367368
03009364020
03009364851
03009364460
03009368218
03009362189
03009364731
03009364318
03009369653
03009361972
03009369082
03009362172
03009368851
03009363739
03009361819
03009366696
03009369852
03009367064
03009366941
03009366987
03009366001
03009362199
03009361147
03009367448
03009361295
03009361927
03009366680
03009369744
03009364502
03009361121
03009366780
03009364881
03009364351
03009361562
03009368873
03009361170
03009363247
03009369642
03009365508
03009361031
03009369793
03009366007
03009365506
03009361586
03009368951
03009366956
03009367909
03009363077
03009368458
03009366019
03009367283
03009363022
03009365739
03009362973
03009362227
03009364579
03009361050
03009362071
03009368857
03009361799
03009362736
03009369369
03009367732
03009365894
03009363694
03009367345
03009361167
03009361353
03009361440
03009366421
03009365683
03009368158
03009365551
03009363537
03009368870
03009361803
03009361561
03009368332
03009363198
03009365850
03009365430
03009367414
03009369981
03009369319
03009363936
03009361519
03009363707
03009368651
03009369581
03009363030
03009364215
03009365732
03009367966
03009369688
03009365843
03009362104
03009369318
03009367289
03009364069
03009369028
03009366936
03009363200
03009367054
03009364013
03009362216
03009366170
03009361882
03009363420
03009369930
03009361186
03009362034
03009367503
03009369398
03009362713
03009367031
03009369308
03009365970
03009367328
03009364655
03009363595
03009363480
03009367355
03009363745
03009366112
03009363345
03009361900
03009369289
03009362383
03009364465
03009363469
03009364638
03009366632
03009363410
03009361148
03009365801
03009368402
03009368339
03009362706
03009366604
03009364760
03009363058
03009363363
03009364461
03009368545
03009366641
03009361384
03009368815
03009368136
03009366585
03009367662
03009361897
03009369651
03009366768
03009364932
03009369244
03009362393
03009362675
03009362559
03009366180
03009361876
03009363860
03009365193
03009369815
03009363178
03009369016
03009361039
03009369508
03009362725
03009368584
03009368842
03009367921
03009363482
03009366827
03009365248
03009364595
03009363011
03009361767
03009368002
03009367773
03009367360
03009367864
03009362085
03009367182
03009362584
03009364684
03009361448
03009368206
03009369798
03009367096
03009364842
03009367711
03009368001
03009368820
03009361729
03009364578
03009361449
03009362416
03009368287
03009367427
03009367963
03009363168
03009365629
03009361052
03009364453
03009365175
03009367445
03009363266
03009362147
03009364860
03009366499
03009368343
03009368743
03009365337
03009367504
03009365379
03009363389
03009367042
03009364797
03009365915
03009361404
03009362645
03009361215
03009365797
03009366272
03009366992
03009366323
03009364944
03009369577
03009364657
03009364014
03009361181
03009369661
03009366995
03009362668
03009362352
03009363830
03009362695
03009362850
03009367227
03009366392
03009367073
03009368681
03009367037
03009364897
03009363166
03009367253
03009364224
03009362534
03009362251
03009368902
03009367203
03009365282
03009361841
03009365808
03009364729
03009368382
03009363106
03009368383
03009364011
03009362444
03009368709
03009369795
03009369713
03009361441
03009368569
03009369880
03009369919
03009367642
03009367907
03009364680
03009364272
03009369368
03009366761
03009362730
03009369824
03009364127
03009366887
03009365491
03009369660
03009364668
03009362497
03009368010
03009365574
03009368653
03009364175
03009366373
03009365167
03009361062
03009361092
03009363681
03009369300
03009369296
03009367568
03009366439
03009367968
03009365651
03009363282
03009363923
03009369883
03009365197
03009363218
03009366773
03009366072
03009361870
03009369170
03009362067
03009369253
03009367898
03009368646
03009361593
03009367215
03009369260
03009363367
03009366735
03009365105
03009361366
03009367587
03009366194
03009366965
03009368229
03009364529
03009362358
03009364748
03009362292
03009366489
03009369970
03009362296
03009368834
03009364319
03009367609
03009367151
03009361363
03009367233
03009367793
03009366375
03009368435
03009366740
03009363581
03009363569
03009364778
03009367023
03009365262
03009367959
03009368543
03009361542
03009369511
03009364421
03009369774
03009364524
03009366635
03009361409
03009361622
03009364918
03009369629
03009369048
03009369126
03009366151
03009366868
03009362422
03009368154
03009368007
03009368711
03009364173
03009361711
03009361001
03009363572
03009362111
03009365775
03009366066
03009367639
03009367458
03009363461
03009368260
03009369324
03009364752
03009363516
03009366315
03009363951
03009361507
03009364442
03009366824
03009369173
03009367255
03009368393
03009365537
03009363388
03009365588
03009366334
03009369697
03009367467
03009369261
03009369645
03009366853
03009367518
03009363272
03009363060
03009363061
03009362895
03009363407
03009364162
03009361111
03009363401
03009362666
03009365858
03009364886
03009361827
03009365106
03009364401
03009365178
03009366574
03009367668
03009362677
03009362051
03009366396
03009367126
03009368562
03009361857
03009369462
03009366432
03009368235
03009361382
03009366510
03009366111
03009364359
03009364986
03009361374
03009366996
03009369986
03009365182
03009364721
03009366302
03009367684
03009364810
03009365639
03009364154
03009365244
03009361674
03009365604
03009368263
03009362533
03009365465
03009366281
03009365599
03009367910
03009366535
03009362230
03009368327
03009364430
03009364475
03009365715
03009365199
03009362691
03009366869
03009365806
03009367483
03009366650
03009363751
03009366218
03009361336
03009368626
03009367787
03009365488
03009362630
03009368247
03009363577
03009367860
03009364772
03009368705
03009365774
03009367742
03009362076
03009362490
03009367975
03009363253
03009366434
03009369923
03009363408
03009361081
03009361482
03009365744
03009367691
03009361393
03009366727
03009366405
03009367982
03009369630
03009361848
03009366573
03009363476
03009362138
03009362886
03009369389
03009361487
03009369425
03009362928
03009368222
03009363315
03009362117
03009367317
03009366294
03009367544
03009366305
03009369743
03009367698
03009363308
03009366850
03009361454
03009366790
03009369074
03009363926
03009364707
03009365502
03009365136
03009362524
03009366304
03009367785
03009361691
03009366319
03009367076
03009363171
03009363411
03009364287
03009363753
03009364530
03009368645
03009363094
03009364101
03009363276
03009365287
03009361431
03009362599
03009365498
03009368221
03009365112
03009367484
03009365267
03009362775
03009368125
03009361012
03009368509
03009367405
03009365852
03009366310
03009365694
03009366231
03009363439
03009363037
03009369395
03009367967
03009366856
03009362042
03009367352
03009362356
03009363028
03009369090
03009369092
03009367582
03009363782
03009361964
03009365686
03009368144
03009367306
03009363517
03009361239
03009364511
03009361826
03009369670
03009369594
03009364264
03009369562
03009362319
03009366102
03009368255
03009367111
03009365356
03009364938
03009365422
03009365769
03009367984
03009366011
03009368314
03009366760
03009368728
03009362603
03009361912
03009364266
03009367995
03009365295
03009369859
03009362059
03009369237
03009365877
03009365616
03009365862
03009368084
03009362371
03009368945
03009368419
03009363433
03009369530
03009364718
03009363528
03009363709
03009368575
03009362787
03009362367
03009365555
03009365086
03009362219
03009367750
03009367067
03009366494
03009361599
03009366553
03009364404
03009367502
03009363082
03009362638
03009361249
03009367271
03009362567
03009366476
03009367349
03009364550
03009365361
03009363488
03009367230
03009363465
03009367884
03009362507
03009367491
03009366503
03009364150
03009367517
03009368111
03009365303
03009368750
03009361834
03009362027
03009362180
03009361071
03009367325
03009365516
03009369079
03009367737
03009366857
03009369436
03009369632
03009369183
03009369111
03009362179
03009364045
03009366912
03009368931
03009362999
03009363138
03009362285
03009367264
03009368598
03009362716
03009361265
03009363067
03009365202
03009361285
03009363391
03009365372
03009369486
03009362094
03009367424
03009369361
03009363255
03009367590
03009365353
03009366120
03009364339
03009369638
03009369655
03009363508
03009361028
03009363248
03009364613
03009361124
03009364187
03009363230
03009362536
03009365053
03009369138
03009368266
03009365591
03009366369
03009365317
03009368346
03009365791
03009362739
03009369625
03009367055
03009369221
03009363573
03009362517
03009362339
03009366690
03009365547
03009366931
03009361143
03009369685
03009368960
03009361214
03009369558
03009364174
03009368036
03009368777
03009368361
03009363759
03009365155
03009367274
03009365068
03009362273
03009367006
03009361600
03009369570
03009362995
03009364094
03009367671
03009368640
03009366299
03009361392
03009365368
03009365205
03009367014
03009367378
03009361263
03009362178
03009363295
03009364065
03009361202
03009365242
03009369424
03009367270
03009363273
03009369924
03009368085
03009368946
03009363490
03009365271
03009366719
03009367305
03009364683
03009367688
03009363927
03009367460
03009367002
03009365888
03009363314
03009364222
03009368749
03009367391
03009366251
03009365487
03009364670
03009364629
03009366374
03009361714
03009366158
03009361539
03009364423
03009363004
03009362330
03009369689
03009367335
03009362911
03009364200
03009368146
03009363535
03009366579
03009369728
03009362143
03009363227
03009367501
03009363862
03009366099
03009365049
03009361817
03009367287
03009369297
03009363900
03009361085
03009363186
03009369719
03009365865
03009364533
03009368536
03009366706
03009363692
03009361413
03009363865
03009367341
03009361134
03009363822
03009364901
03009363147
03009361034
03009365615
03009363956
03009362317
03009362401
03009368037
03009369011
03009367115
03009362280
03009369362
03009362045
03009361191
03009365436
03009369534
03009369329
03009368783
03009364652
03009365130
03009368415
03009364476
03009368878
03009364396
03009367938
03009364831
03009368557
03009366893
03009362047
03009362750
03009362506
03009368666
03009362131
03009363376
03009365469
03009369116
03009362804
03009367571
03009365060
03009361772
03009361776
03009367786
03009366558
03009364090
03009362987
03009361359
03009365540
03009366710
03009363438
03009368935
03009363641
03009368334
03009367003
03009368180
03009367449
03009365152
03009362686
03009367028
03009367850
03009367197
03009365407
03009365535
03009362325
03009369415
03009367106
03009361689
03009362890
03009364326
03009363553
03009362208
03009364560
03009367209
03009365796
03009365228
03009369734
03009367134
03009362306
03009365800
03009369390
03009366624
03009364566
03009365099
03009368707
03009366892
03009366843
03009367451
03009364696
03009367294
03009366331
03009367246
03009362954
03009365444
03009362483
03009363450
03009365972
03009364869
03009366244
03009361245
03009368455
03009365476
03009362622
03009364001
03009365672
03009369014
03009363229
03009366525
03009361453
03009361804
03009366139
03009365065
03009367790
03009365315
03009365736
03009366712
03009366454
03009362513
03009368501
03009368896
03009365949
03009369823
03009362350
03009363417
03009362741
03009364723
03009366110
03009369622
03009365352
03009366084
03009361171
03009368833
03009363242
03009362181
03009364741
03009368604
03009369133
03009369532
03009364790
03009366800
03009363726
03009368052
03009368891
03009367324
03009363406
03009368035
03009369063
03009361416
03009369686
03009368167
03009362390
03009368761
03009362424
03009364565
03009362232
03009369147
03009368704
03009363768
03009364036
03009365081
03009362761
03009365191
03009369310
03009364838
03009362279
03009365206
03009366427
03009368776
03009362494
03009366823
03009369485
03009368232
03009364568
03009361653
03009362558
03009367652
03009363691
03009369718
03009365021
03009364283
03009363287
03009368324
03009365454
03009366224
03009369098
03009369768
03009366403
03009367586
03009361415
03009369928
03009361273
03009363123
03009362731
03009363903
03009364528
03009369040
03009368029
03009361657
03009362967
03009362903
03009367336
03009363334
03009362492
03009367902
03009362551
03009363396
03009366123
03009367977
03009362582
03009362282
03009365283
03009361142
03009366837
03009369626
03009363134
03009365093
03009363009
03009365821
03009368736
03009365592
03009366414
03009362687
03009361068
03009369042
03009368540
03009366865
03009369067
03009367030
03009368148
03009368923
03009362912
03009364133
03009365612
03009367376
03009367877
03009366999
03009368254
03009364820
03009363341
03009369769
03009362242
03009367545
03009367512
03009369484
03009366899
03009369185
03009364557
03009369864
03009362327
03009367081
03009369437
03009365716
03009364371
03009363615
03009363925
03009365493
03009367522
03009367716
03009365131
03009368821
03009362163
03009365443
03009366061
03009366863
03009364432
03009366825
03009368663
03009362023
03009361054
03009365550
03009369918
03009367136
03009366093
03009363426
03009361119
03009367847
03009362247
03009364525
03009362413
03009368690
03009367321
03009361456
03009362322
03009365431
03009368145
03009362859
03009364237
03009368620
03009364129
03009361892
03009368471
03009362389
03009366467
03009368903
03009365027
03009361011
03009369967
03009366595
03009363313
03009369514
03009363327
03009367351
03009364849
03009362299
03009367071
03009362747
03009361342
03009366219
03009362081
03009367058
03009362898
03009365811
03009368548
03009366137
03009361533
03009362648
03009364471
03009367302
03009364321
03009362832
03009369786
03009365348
03009365727
03009368668
03009362118
03009368630
03009365246
03009369145
03009367128
03009369628
03009367919
03009368122
03009362176
03009361845
03009362129
03009361419
03009364698
03009365043
03009369069
03009364238
03009362961
03009367486
03009368774
03009367526
03009366012
03009362039
03009363301
03009362387
03009365519
03009364843
03009362334
03009369382
03009365468
03009367941
03009363929
03009365269
03009363970
03009363587
03009364709
03009364702
03009367268
03009362819
03009366184
03009368079
03009361021
03009362825
03009368159
03009366116
03009363160
03009368117
03009361378
03009362310
03009365144
03009362488
03009363600
03009361778
03009363582
03009365019
03009368883
03009364877
03009361628
03009365187
03009362816
03009369174
03009366033
03009366259
03009366203
03009367440
03009367034
03009362642
03009368040
03009367254
03009364047
03009362084
03009365812
03009363891
03009361659
03009366309
03009363387
03009362221
03009366171
03009365489
03009369236
03009361164
03009369195
03009368358
03009369649
03009368213
03009365118
03009366106
03009367704
03009364862
03009362304
03009363738
03009361396
03009364836
03009362793
03009367736
03009361856
03009362200
03009363003
03009366234
03009365039
03009368244
03009368676
03009368968
03009368390
03009362120
03009367105
03009366260
03009363728
03009368773
03009365552
03009368525
03009366767
03009361751
03009362908
03009369767
03009361835
03009367229
03009361656
03009363938
03009369589
03009361540
03009368095
03009361067
03009364153
03009366776
03009363336
03009369276
03009367730
03009366532
03009368962
03009363274
03009363827
03009369136
03009366090
03009368791
03009364114
03009363884
03009361447
03009367311
03009365882
03009361213
03009363167
03009366671
03009362187
03009364485
03009364372
03009365621
03009366629
03009365302
03009369828
03009363139
03009367079
03009363498
03009362748
03009363980
03009365575
03009365329
03009361740
03009364407
03009364660
03009368063
03009364563
03009369861
03009365212
03009368284
03009361818
03009363836
03009368606
03009368492
03009364780
03009363571
03009364617
03009364735
03009367087
03009364134
03009368365
03009363172
03009369438
03009366697
03009368689
03009364661
03009364504
03009361996
03009362427
03009362065
03009365441
03009364616
03009364409
03009369328
03009366195
03009368319
03009361708
03009363711
03009361408
03009367005
03009365172
03009363928
03009366198
03009366688
03009365773
03009369175
03009362790
03009367531
03009365189
03009368129
03009365406
03009365249
03009362169
03009361209
03009367673
03009367384
03009363096
03009363774
03009364676
03009365788
03009368498
03009365867
03009368753
03009362823
03009368521
03009364428
03009364067
03009367138
03009369968
03009367957
03009363578
03009366708
03009361201
03009369635
03009364028
03009363444
03009366695
03009365631
03009368224
03009361004
03009361742
03009369376
03009368160
03009367383
03009369206
03009369163
03009366105
03009369110
03009363251
03009369010
03009362119
03009363806
03009364241
03009361895
03009362174
03009365040
03009365461
03009361838
03009365308
03009362146
03009362445
03009365842
03009361089
03009364252
03009366214
03009364809
03009363807
03009364201
03009363817
03009369101
03009366212
03009363953
03009367338
03009367584
03009367125
03009366445
03009363512
03009368618
03009369109
03009366841
03009365876
03009368392
03009364068
03009366273
03009368818
03009368986
03009367983
03009364857
03009368312
03009369605
03009365693
03009368078
03009369781
03009366764
03009369249
03009367885
03009367969
03009364561
03009365320
03009364297
03009369377
03009363385
03009361859
03009361979
03009361280
03009366416
03009364198
03009365230
03009364967
03009369355
03009362727
03009369012
03009368289
03009367059
03009369112
03009369598
03009366098
03009361451
03009369618
03009364166
03009366896
03009365432
03009369122
03009366702
03009361279
03009366699
03009367784
03009361988
03009369471
03009363158
03009369199
03009365853
03009366481
03009364018
03009362917
03009368614
03009365231
03009364177
03009363570
03009364221
03009367471
03009361225
03009367273
03009366724
03009364034
03009361083
03009369762
03009366108
03009367960
03009362653
03009363211
03009369541
03009361831
03009361206
03009365737
03009362631
03009365124
03009369617
03009364386
03009362114
03009362719
03009361060
03009366058
03009362481
03009363808
03009365473
03009365264
03009362075
03009369938
03009361631
03009364957
03009361842
03009367591
03009368439
03009363014
03009361734
03009368594
03009362148
03009366550
03009361466
03009364873
03009367647
03009364582
03009363789
03009367638
03009363950
03009364104
03009363056
03009361893
03009365115
03009362669
03009361723
03009361523
03009369230
03009362544
03009364522
03009361753
03009366229
03009367112
03009369466
03009362074
03009366879
03009365220
03009365064
03009368443
03009368484
03009367841
03009363054
03009363019
03009365382
03009369064
03009367594
03009364933
03009368320
03009362236
03009362329
03009363124
03009362829
03009367560
03009364961
03009361036
03009365218
03009362447
03009366828
03009366672
03009364185
03009363157
03009365735
03009368733
03009361567
03009369285
03009363427
03009366900
03009363858
03009368372
03009365318
03009365655
03009363908
03009368093
03009365082
03009367184
03009362935
03009361226
03009364878
03009365070
03009369292
03009365754
03009363710
03009362243
03009364095
03009362057
03009369137
03009362553
03009362160
03009364074
03009364093
03009361354
03009368529
03009362876
03009365954
03009368440
03009369994
03009368793
03009368131
03009364848
03009368357
03009367249
03009362618
03009369024
03009361560
03009362194
03009362851
03009365945
03009364630
03009365891
03009364468
03009364148
03009368861
03009369872
03009366349
03009369076
03009368639
03009366456
03009365654
03009362063
03009362920
03009365918
03009368795
03009364422
03009366901
03009363803
03009366792
03009361455
03009365069
03009368279
03009366969
03009364651
03009363760
03009367723
03009364588
03009366938
03009363971
03009365845
03009369932
03009363023
03009361782
03009363288
03009365927
03009366161
03009361041
03009363661
03009365905
03009366932
03009367149
03009365893
03009361592
03009369379
03009366908
03009361352
03009363932
03009361789
03009363394
03009361683
03009366217
03009362894
03009368326
03009364562
03009365294
03009364027
03009361063
03009367558
03009364458
03009364850
03009362526
03009361792
03009368876
03009366380
03009366820
03009361185
03009369943
03009364038
03009368823
03009367524
03009366975
03009368316
03009368417
03009367330
03009363043
03009367625
03009363604
03009367726
03009369449
03009367232
03009363432
03009368546
03009368199
03009368735
03009366890
03009369725
03009362587
03009362000
03009361901
03009367962
03009365620
03009367041
03009364603
03009363559
03009362217
03009365825
03009369373
03009367331
03009363392
03009366846
03009367618
03009361189
03009363542
03009361474
03009369870
03009362670
03009363318
03009365726
03009366513
03009367547
03009367663
03009363250
03009363879
03009366223
03009366329
03009362374
03009363816
03009369559
03009366333
03009369225
03009363765
03009362611
03009368091
03009362449
03009367981
03009366601
03009363259
03009369600
03009366490
03009365779
03009366422
03009361825
03009364122
03009364584
03009364368
03009367310
03009369046
03009363669
03009365251
03009363541
03009369992
03009368277
03009366984
03009369821
03009361344
03009369188
03009363540
03009361177
03009364874
03009365268
03009367278
03009366613
03009366623
03009369838
03009367535
03009368379
03009362210
03009361915
03009364719
03009362457
03009365720
03009365146
03009364958
03009363675
03009362636
03009362944
03009361863
03009369709
03009369100
03009368555
03009367056
03009368627
03009363700
03009362597
03009362501
03009364774
03009368526
03009364243
03009361331
03009368905
03009368028
03009364499
03009366179
03009366627
03009367272
03009362417
03009361558
03009363175
03009364692
03009361636
03009363718
03009369431
03009366384
03009361883
03009366163
03009367632
03009368732
03009366346
03009364910
03009365018
03009363815
03009366052
03009361459
03009366317
03009364590
03009367292
03009363536
03009368473
03009362364
03009363880
03009369009
03009361762
03009365507
03009369094
03009367859
03009367022
03009361864
03009366866
03009367446
03009365778
03009366664
03009368264
03009362343
03009368072
03009369279
03009362948
03009364841
03009363409
03009363799
03009364282
03009363119
03009365816
03009367159
03009369030
03009361271
03009364734
03009366934
03009365700
03009368921
03009368132
03009366479
03009369081
03009362482
03009364253
03009368766
03009363042
03009368064
03009363114
03009369979
03009363939
03009366643
03009361577
03009363481
03009366883
03009362448
03009365184
03009367480
03009366554
03009364289
03009365266
03009362410
03009361176
03009364358
03009363275
03009368099
03009367803
03009368973
03009365417
03009365717
03009368156
03009364033
03009366598
03009367021
03009363156
03009369925
03009366516
03009364408
03009362600
03009369965
03009364977
03009368840
03009361403
03009369443
03009361136
03009368572
03009367333
03009365044
03009364969
03009363053
03009363656
03009361757
03009361311
03009368485
03009363983
03009367753
03009363179
03009366364
03009368181
03009364009
03009361869
03009362281
03009366944
03009363525
03009365982
03009364337
03009363206
03009364920
03009366625
03009367180
03009367747
03009368997
03009362400
03009362808
03009366055
03009362820
03009368633
03009369446
03009365973
03009362979
03009367863
03009369528
03009369089
03009365712
03009364188
03009366973
03009362141
03009365974
03009369184
03009367218
03009364005
03009365011
03009369189
03009364136
03009362732
03009365123
03009367348
03009364891
03009362632
03009365628
03009361744
03009367651
03009361873
03009362837
03009362031
03009367231
03009361286
03009362659
03009368754
03009362806
03009363727
03009365375
03009368426
03009362082
03009366614
03009367018
03009369140
03009369086
03009365849
03009367213
03009361532
03009365345
03009361971
03009368813
03009362105
03009363135
03009361120
03009364193
03009364664
03009364514
03009365034
03009362276
03009361445
03009362724
03009361949
03009365012
03009367722
03009362902
03009365134
03009365445
03009363472
03009367764
03009362086
03009365763
03009361621
03009368454
03009364909
03009367453
03009367452
03009362420
03009364844
03009368522
03009361335
03009369256
03009367479
03009366864
03009368275
03009367093
03009369198
03009365986
03009369243
03009363455
03009368476
03009363412
03009363821
03009363992
03009361760
03009368211
03009363365
03009363802
03009366308
03009362878
03009363140
03009364379
03009363798
03009369472
03009363580
03009362946
03009369814
03009363810
03009364943
03009365609
03009367220
03009361551
03009363861
03009367943
03009365549
03009365435
03009366533
03009365718
03009366160
03009365977
03009366428
03009366615
03009363640
03009364665
03009364564
03009364998
03009366771
03009366782
03009361813
03009362165
03009362446
03009364935
03009364333
03009361161
03009368900
03009367925
03009363743
03009362936
03009361367
03009362789
03009368516
03009364433
03009361965
03009361327
03009365380
03009369761
03009368936
03009363097
03009364852
03009368337
03009361520
03009362391
03009362843
03009362049
03009362479
03009365765
03009365881
03009365139
03009365404
03009365201
03009363607
03009365681
03009368952
03009366652
03009366226
03009365803
03009363072
03009365405
03009361552
03009369846
03009361816
03009367038
03009361589
03009366483
03009369278
03009369429
03009369614
03009364742
03009369242
03009368673
03009364357
03009369733
03009366406
03009367119
03009367856
03009367777
03009362887
03009368537
03009366860
03009368829
03009366418
03009366252
03009369962
03009364669
03009365557
03009368162
03009363959
03009366142
03009364328
03009369338
03009369540
03009363924
03009362295
03009366493
03009369396
03009365953
03009367549
03009367991
03009367279
03009363278
03009363505
03009368882
03009363177
03009365008
03009364003
03009368799
03009362767
03009361570
03009363859
03009363448
03009363228
03009366986
03009365300
03009361243
03009366534
03009369758
03009366855
03009362184
03009366301
03009366677
03009368897
03009367259
03009366343
03009361469
03009363074
03009369454
03009364865
03009364758
03009367459
03009363495
03009364923
03009366948
03009364975
03009363689
03009361356
03009364050
03009368205
03009361118
03009367127
03009363418
03009362824
03009362864
03009363869
03009363585
03009363717
03009367516
03009363543
03009369542
03009362121
03009363783
03009363039
03009367812
03009364835
03009363617
03009361880
03009368495
03009365975
03009365321
03009364226
03009364615
03009364793
03009369620
03009365224
03009364341
03009362041
03009361894
03009364049
03009361337
03009364954
03009361258
03009366173
03009367795
03009361070
03009363855
03009368582
03009361350
03009366889
03009362004
03009366295
03009369746
03009362291
03009367637
03009363904
03009362943
03009368647
03009363649
03009368662
03009367628
03009367525
03009363719
03009369875
03009363723
03009367145
03009364872
03009367712
03009365004
03009364795
03009362545
03009365208
03009367161
03009363881
03009367564
03009369015
03009368012
03009365084
03009362006
03009364478
03009362576
03009365161
03009368331
03009362610
03009362831
03009368446
03009362368
03009363643
03009365520
03009363454
03009363460
03009366919
03009363634
03009366154
03009362733
03009365569
03009369132
03009369475
03009365989
03009368323
03009364144
03009365743
03009363651
03009365416
03009367476
03009368830
03009368734
03009368098
03009361059
03009369751
03009368621
03009365371
03009364685
03009363351
03009362341
03009362335
03009369592
03009362770
03009366014
03009366842
03009369489
03009366661
03009367900
03009361868
03009363551
03009369705
03009362574
03009365481
03009364112
03009364508
03009362891
03009364971
03009366875
03009362807
03009367680
03009364492
03009365141
03009366059
03009362720
03009364963
03009364217
03009368671
03009365336
03009363032
03009363520
03009368269
03009365442
03009369394
03009361505
03009364984
03009364517
03009364520
03009364498
03009369061
03009361606
03009369059
03009366985
03009363857
03009368356
03009366141
03009362152
03009368058
03009369171
03009365028
03009364236
03009368281
03009364537
03009369050
03009366918
03009361058
03009364164
03009364720
03009369233
03009367439
03009363754
03009363730
03009363972
03009362320
03009366989
03009369663
03009369913
03009363876
03009368631
03009366669
03009363837
03009369488
03009366239
03009364618
03009363943
03009364405
03009369123
03009365566
03009364713
03009369752
03009364303
03009365440
03009365887
03009361407
03009364624
03009363787
03009364389
03009364336
03009365450
03009366256
03009361199
03009368355
03009369787
03009363963
03009365094
03009369664
03009361104
03009363065
03009361357
03009366916
03009364496
03009364900
03009361450
03009363024
03009364400
03009369900
03009369590
03009367505
03009364078
03009366888
03009363672
03009367513
03009363513
03009361397
03009365073
03009361923
03009367978
03009369692
03009363834
03009367353
03009369490
03009367473
03009361987
03009369840
03009364806
03009366368
03009369330
03009369631
03009367588
03009365585
03009365724
03009367116
03009369340
03009367843
03009364459
03009362572
03009366922
03009362523
03009364708
03009366065
03009369849
03009361077
03009363285
03009364960
03009369333
03009362485
03009367442
03009366022
03009367550
03009367643
03009365355
03009364916
03009366087
03009363967
03009366717
03009361801
03009361647
03009361953
03009367267
03009362504
03009361839
03009369246
03009363264
03009369782
03009362135
03009367556
03009362300
03009363993
03009363066
03009368076
03009368716
03009365022
03009367607
03009368441
03009369348
03009366951
03009369495
03009369980
03009365305
03009368196
03009365415
03009368385
03009367799
03009362615
03009366772
03009363204
03009367617
03009365530
03009362245
03009364347
03009363150
03009363397
03009363916
03009361698
03009365349
03009363070
03009364497
03009366974
03009363085
03009365392
03009366237
03009368976
03009369607
03009365350
03009364991
03009361668
03009367536
03009367922
03009361701
03009368482
03009369334
03009365447
03009365340
03009363716
03009368559
03009367266
03009361611
03009368226
03009363985
03009365649
03009363996
03009361379
03009363453
03009362976
03009369997
03009365275
03009366539
03009367622
03009367091
03009368003
03009363484
03009367674
03009363635
03009365890
03009367725
03009367403
03009368397
03009362926
03009362809
03009361694
03009368721
03009361270
03009363045
03009361251
03009365071
03009362510
03009368877
03009367645
03009362070
03009362918
03009366747
03009361671
03009368894
03009369038
03009363944
03009368060
03009364813
03009367655
03009365009
03009362826
03009363305
03009361467
03009366473
03009364892
03009369520
03009367044
03009366398
03009364248
03009369149
03009366062
03009368507
03009362376
03009363325
03009368797
03009367697
03009361221
03009364819
03009368764
03009361646
03009364576
03009366788
03009366684
03009369374
03009365538
03009367561
03009363811
03009365322
03009363698
03009369831
03009364798
03009366312
03009362396
03009366321
03009364387
03009367195
03009368298
03009365160
03009362091
03009366945
03009361485
03009364573
03009366482
03009363002
03009361330
03009361236
03009369302
03009364140
03009368185
03009364988
03009363966
03009366026
03009369679
03009361478
03009361075
03009366834
03009361951
03009365470
03009367265
03009362542
03009369829
03009361024
03009366705
03009363902
03009364157
03009368124
03009368032
03009369304
03009364893
03009363742
03009364864
03009369525
03009364495
03009364688
03009361680
03009361633
03009366197
03009367084
03009363187
03009366917
03009369860
03009363352
03009367346
03009366581
03009364015
03009367613
03009367677
03009363449
03009364825
03009365874
03009362016
03009367964
03009366152
03009367132
03009361418
03009369667
03009366337
03009361774
03009364635
03009368933
03009369317
03009363443
03009363720
03009367541
03009361371
03009363153
03009364965
03009365276
03009362058
03009367131
03009361536
03009367199
03009364746
03009367297
03009362676
03009367314
03009363050
03009364089
03009363909
03009368208
03009362847
03009368503
03009361383
03009367137
03009369211
03009362740
03009361733
03009363361
03009367539
03009366145
03009361043
03009363436
03009367481
03009361205
03009368149
03009363328
03009363814
03009367507
03009365815
03009365539
03009368155
03009367937
03009363474
03009364743
03009365207
03009362692
03009364532
03009362062
03009361796
03009369160
03009369200
03009364271
03009361472
03009361298
03009364724
03009367583
03009365503
03009364414
03009361314
03009368119
03009365590
03009362737
03009365997
03009361684
03009367601
03009362010
03009367868
03009361462
03009366638
03009367382
03009361040
03009361756
03009363609
03009369934
03009368961
03009361858
03009363623
03009369288
03009366121
03009369711
03009369326
03009365896
03009367282
03009366840
03009363226
03009366132
03009365709
03009361235
03009369740
03009369673
03009362685
03009366836
03009364345
03009367350
03009368120
03009365211
03009368987
03009362136
03009364614
03009365957
03009368011
03009368306
03009363225
03009362385
03009363603
03009363917
03009366814
03009366552
03009369008
03009369585
03009364125
03009369000
03009366651
03009366395
03009368719
03009368015
03009367666
03009362098
03009368056
03009367948
03009366662
03009362373
03009363934
03009366447
03009363772
03009364202
03009364924
03009364425
03009367979
03009362550
03009364180
03009364531
03009361832
03009364286
03009361616
03009367756
03009368272
03009368865
03009369037
03009364178
03009365074
03009368151
03009369776
03009366425
03009363090
03009367438
03009361125
03009367566
03009363662
03009369555
03009365884
03009365501
03009367489
03009364249
03009363801
03009364398
03009368817
03009366028
03009368993
03009363532
03009367201
03009366713
03009367621
03009367147
03009366006
03009369482
03009363421
03009367009
03009364281
03009367122
03009362134
03009366720
03009362818
03009367406
03009367633
03009361763
03009363940
03009361976
03009365003
03009369426
03009369867
03009368352
03009368130
03009364767
03009367523
03009367389
03009364135
03009361746
03009361230
03009366904
03009361434
03009368600
03009367569
03009363068
03009369550
03009362467
03009369068
03009368770
03009364004
03009365125
03009369439
03009363202
03009362351
03009364619
03009369893
03009364555
03009365793
03009363213
03009368088
03009362788
03009364158
03009368722
03009364320
03009364209
03009361187
03009363236
03009361667
03009363100
03009367393
03009361246
03009363576
03009367024
03009369083
03009364070
03009361764
03009365883
03009365934
03009368363
03009364722
03009363757
03009366104
03009367308
03009365619
03009362336
03009362516
03009369007
03009369192
03009361163
03009361830
03009364449
03009364547
03009369386
03009367611
03009368717
03009366957
03009364802
03009368386
03009366465
03009369478
03009362256
03009364569
03009362239
03009369032
03009361898
03009365330
03009369210
03009369051
03009366718
03009369942
03009361512
03009363618
03009367714
03009363347
03009361904
03009369416
03009367876
03009364535
03009363475
03009366556
03009365354
03009364817
03009363069
03009361509
03009366478
03009361644
03009361985
03009366488
03009362122
03009363362
03009369854
03009362313
03009365967
03009363589
03009362779
03009363948
03009363221
03009362822
03009361156
03009368847
03009369976
03009369341
03009366873
03009367140
03009368804
03009361773
03009365234
03009361224
03009363564
03009361635
03009366053
03009368021
03009363088
03009361765
03009367248
03009366929
03009368583
03009366470
03009363655
03009361549
03009363632
03009361146
03009369270
03009361157
03009364021
03009365439
03009365964
03009364996
03009363260
03009369057
03009368214
03009365758
03009363534
03009363485
03009361602
03009362986
03009362406
03009362032
03009366781
03009362705
03009362252
03009369384
03009361053
03009365323
03009366812
03009367873
03009366394
03009367141
03009367133
03009361609
03009367150
03009366848
03009366777
03009369523
03009365942
03009366829
03009361306
03009367251
03009362499
03009364736
03009361432
03009365690
03009363027
03009369978
03009362966
03009366721
03009367428
03009366599
03009366591
03009364812
03009369459
03009363144
03009365857
03009367846
03009368189
03009363441
03009364017
03009369561
03009369258
03009362149
03009364285
03009366266
03009361715
03009361443
03009368581
03009366943
03009364183
03009362924
03009365504
03009367791
03009364312
03009369922
03009361800
03009366227
03009368210
03009367160
03009368170
03009366678
03009368907
03009362088
03009367744
03009366201
03009365731
03009368497
03009365265
03009369596
03009361770
03009366183
03009367836
03009364362
03009367624
03009366496
03009361188
03009362965
03009361178
03009368474
03009368826
03009362896
03009369912
03009362470
03009363721
03009366352
03009361464
03009365708
03009361768
03009365390
03009366612
03009362315
03009361283
03009366339
03009366746
03009362845
03009362765
03009366182
03009367920
03009363118
03009365365
03009365534
03009365289
03009363809
03009367575
03009369191
03009361861
03009363300
03009368708
03009368699
03009366463
03009364171
03009361914
03009367694
03009363667
03009361247
03009366136
03009361457
03009362207
03009366404
03009368128
03009364928
03009369672
03009368688
03009364305
03009368423
03009365740
03009361932
03009367608
03009361362
03009362704
03009361725
03009368292
03009367436
03009368756
03009367418
03009363115
03009369735
03009363509
03009368335
03009369853
03009364540
03009367192
03009363527
03009362397
03009368694
03009367426
03009362007
03009369835
03009364314
03009366580
03009368322
03009368816
03009365403
03009365659
03009361500
03009368664
03009368138
03009365107
03009366147
03009365411
03009369248
03009362228
03009368500
03009364929
03009365016
03009365543
03009368451
03009363712
03009366993
03009369784
03009366347
03009362617
03009361696
03009369760
03009368025
03009369039
03009361722
03009366903
03009367189
03009363049
03009368512
03009364168
03009365524
03009368045
03009363486
03009366363
03009364840
03009369432
03009369611
03009366803
03009365722
03009362947
03009365783
03009366101
03009362964
03009361886
03009364273
03009361990
03009368890
03009368928
03009366351
03009362616
03009363184
03009365573
03009363847
03009362110
03009365116
03009364331
03009366626
03009362811
03009361078
03009367955
03009367472
03009363619
03009364439
03009362175
03009361547
03009366122
03009364161
03009361704
03009367007
03009369879
03009369990
03009367918
03009363271
03009364766
03009366267
03009367634
03009362762
03009369693
03009366596
03009368665
03009366526
03009366480
03009367027
03009362941
03009369121
03009363222
03009361106
03009364071
03009363654
03009366362
03009367060
03009366804
03009364098
03009363063
03009361045
03009369410
03009363038
03009364763
03009363510
03009366442
03009364411
03009367046
03009361716
03009362395
03009367751
03009362303
03009369712
03009369419
03009368980
03009361937
03009364083
03009366057
03009363812
03009368067
03009364454
03009365293
03009368364
03009361815
03009369920
03009362913
03009368140
03009361347
03009365169
03009363294
03009364091
03009367178
03009361088
03009363192
03009363588
03009362030
03009369604
03009362382
03009361278
03009367829
03009364044
03009363298
03009364486
03009364625
03009366998
03009368579
03009369720
03009365813
03009361794
03009361693
03009365643
03009369621
03009361057
03009362812
03009364674
03009367769
03009368313
03009366378
03009368317
03009366113
03009369207
03009365061
03009369241
03009361465
03009366332
03009365464
03009366034
03009368767
03009363610
03009365253
03009363428
03009368978
03009362100
03009363349
03009361787
03009363800
03009369229
03009365596
03009362201
03009366785
03009365437
03009365622
03009361192
03009363127
03009362548
03009369001
03009364703
03009366593
03009362684
03009367277
03009363159
03009365572
03009369264
03009368679
03009366657
03009367869
03009366004
03009365446
03009364983
03009361131
03009364544
03009365607
03009367146
03009362997
03009368515
03009369501
03009363117
03009369388
03009369993
03009368483
03009365856
03009364633
03009369936
03009361769
03009361489
03009362931
03009361027
03009366588
03009367356
03009368407
03009363041
03009362915
03009368533
03009364417
03009362258
03009365671
03009367980
03009365377
03009366328
03009364251
03009367097
03009367135
03009365429
03009366336
03009369093
03009361591
03009369370
03009362260
03009364344
03009361414
03009369955
03009366492
03009368768
03009367985
03009368607
03009362079
03009365944
03009364902
03009365449
03009366292
03009364079
03009364397
03009369440
03009367334
03009363143
03009362888
03009369275
03009361049
03009363116
03009361983
03009366778
03009361598
03009368163
03009368350
03009368054
03009364467
03009363852
03009363791
03009365558
03009367051
03009369777
03009365880
03009368710
03009367540
03009366269
03009361718
03009367179
03009368421
03009368328
03009362399
03009368192
03009367936
03009361452
03009364092
03009362283
03009369639
03009363267
03009363309
03009364369
03009361401
03009366737
03009365665
03009363122
03009367148
03009368102
03009366024
03009365757
03009366285
03009368523
03009365475
03009368984
03009366040
03009363964
03009368924
03009361198
03009362186
03009368330
03009364824
03009363704
03009363332
03009368344
03009361294
03009366665
03009367546
03009361860
03009364137
03009363864
03009369150
03009361107
03009364138
03009363462
03009365110
03009368405
03009361613
03009363991
03009363838
03009366756
03009365281
03009369265
03009365637
03009367238
03009362581
03009365280
03009367366
03009367695
03009361735
03009365496
03009362985
03009364192
03009365664
03009368165
03009365699
03009368506
03009369282
03009364506
03009368948
03009361975
03009365388
03009361726
03009365420
03009369085
03009363234
03009361091
03009369157
03009369937
03009369820
03009368243
03009363189
03009361301
03009362662
03009361046
03009365334
03009369031
03009364395
03009364060
03009365691
03009368892
03009367699
03009368982
03009368286
03009364552
03009369790
03009365204
03009369646
03009364426
03009368401
03009362465
03009361925
03009364762
03009365181
03009367778
03009366409
03009368315
03009368762
03009361343
03009367416
03009367047
03009366358
03009368775
03009362904
03009361629
03009368027
03009368016
03009366067
03009369944
03009363741
03009368863
03009366419
03009361605
03009368649
03009367917
03009363665
03009369756
03009364543
03009369218
03009365819
03009367681
03009366511
03009362880
03009365810
03009369220
03009362710
03009361905
03009365210
03009365014
03009367494
03009364254
03009364317
03009364361
03009363921
03009369765
03009369176
03009365961
03009363335
03009365872
03009367198
03009369616
03009362641
03009364839
03009364546
03009368910
03009364204
03009366687
03009362215
03009362800
03009363440
03009369856
03009369315
03009369375
03009367433
03009367880
03009362601
03009363713
03009363185
03009368539
03009366647
03009368587
03009363249
03009368570
03009369336
03009366264
03009367743
03009366805
03009369759
03009363326
03009365129
03009361254
03009366518
03009369084
03009368846
03009361317
03009362514
03009368200
03009368564
03009365586
03009366248
03009368660
03009368055
03009367390
03009367570
03009363047
03009362776
03009367078
03009368442
03009368143
03009364896
03009366564
03009367012
03009364945
03009365005
03009363470
03009361639
03009361638
03009369223
03009363747
03009362688
03009369737
03009365215
03009366759
03009369517
03009361276
03009365721
03009361490
03009364700
03009368101
03009365625
03009366191
03009368884
03009363586
03009364695
03009366357
03009368524
03009367187
03009369730
03009368246
03009363831
03009363103
03009364523
03009361958
03009366815
03009364587
03009366947
03009362348
03009369155
03009362981
03009366254
03009369597
03009368296
03009365252
03009365393
03009369363
03009363190
03009366133
03009368371
03009362140
03009367992
03009363680
03009361084
03009365396
03009367879
03009364294
03009363796
03009369339
03009363463
03009367709
03009366600
03009366215
03009364807
03009366119
03009365474
03009361896
03009364791
03009365771
03009361203
03009365513
03009361099
03009368763
03009369957
03009363625
03009362505
03009362698
03009362773
03009363647
03009368174
03009367420
03009368772
03009365023
03009363833
03009366620
03009369602
03009366610
03009364837
03009363583
03009366162
03009365257
03009369391
03009362093
03009369238
03009361498
03009366663
03009369703
03009362225
03009362817
03009363740
03009368864
03009362196
03009366940
03009368104
03009366646
03009361640
03009362011
03009368636
03009365784
03009367457
03009368428
03009365122
03009362938
03009366730
03009363684
03009366275
03009367342
03009364642
03009369896
03009368730
03009362130
03009361066
03009367207
03009367675
03009366063
03009365466
03009366069
03009363733
03009361828
03009364298
03009361982
03009364995
03009368940
03009367053
03009369342
03009364600
03009362771
03009362813
03009365756
03009362344
03009366967
03009364463
03009364355
03009365126
03009363015
03009361105
03009361259
03009368941
03009364974
03009367733
03009364541
03009363296
03009367456
03009369707
03009362596
03009367177
03009365741
03009362474
03009363563
03009364648
03009364949
03009364081
03009369312
03009363976
03009362024
03009365648
03009361497
03009365636
03009361952
03009363356
03009367001
03009369935
03009362607
03009362586
03009364870
03009361967
03009368022
03009369465
03009368771
03009364745
03009361759
03009363676
03009369702
03009364007
03009361360
03009368808
03009366441
03009361319
03009363668
03009363750
03009364102
03009362884
03009367895
03009364030
03009363885
03009368790
03009366044
03009367410
03009369412
03009364597
03009362637
03009364833
03009366693
03009366089
03009368245
03009361289
03009364054
03009367263
03009368731
03009369822
03009363555
03009369070
03009364338
03009369504
03009366514
03009362028
03009366189
03009362112
03009366794
03009368456
03009367193
03009363905
03009368994
03009363907
03009368341
03009361941
03009369687
03009368209
03009365770
03009364847
03009368832
03009364659
03009369428
03009362171
03009362608
03009363033
03009365702
03009364261
03009368087
03009362949
03009365578
03009362469
03009367202
03009363025
03009363630
03009365844
03009369966
03009367061
03009363701
03009364479
03009369357
03009367399
03009365733
03009365259
03009365185
03009369510
03009365306
03009362248
03009365613
03009368682
03009362378
03009367252
03009366235
03009362745
03009367114
03009363217
03009365525
03009365921
03009364948
03009363519
03009368075
03009366754
03009363979
03009364487
03009369808
03009364110
03009363942
03009362272
03009364706
03009363390
03009368309
03009366924
03009368859
03009363216
03009368436
03009362726
03009369640
03009365698
03009364596
03009363974
03009367444
03009369219
03009367256
03009361208
03009369331
03009365101
03009361619
03009368202
03009364197
03009366243
03009368112
03009361626
03009363981
03009363052
03009366758
03009363311
03009369977
03009363208
03009361140
03009366314
03009361056
03009361879
03009365397
03009363898
03009364225
03009369553
03009363317
03009367011
03009363087
03009369347
03009361595
03009364191
03009361790
03009364176
03009368411
03009363207
03009368991
03009364255
03009362101
03009365924
03009368161
03009369794
03009364483
03009364257
03009369580
03009363888
03009362957
03009365261
03009366742
03009363006
03009365384
03009367630
03009363521
03009368724
03009368824
03009365870
03009362154
03009366700
03009362910
03009366353
03009361013
03009368053
03009363848
03009367359
03009365235
03009365661
03009361556
03009367849
03009361029
03009362646
03009364607
03009366770
03009367219
03009364365
03009361783
03009366472
03009363320
03009367990
03009367344
03009366796
03009364402
03009361038
03009364527
03009365667
03009363263
03009363419
03009366566
03009363107
03009363466
03009368282
03009369513
03009365314
03009366144
03009361940
03009364705
03009362990
03009366508
03009366115
03009363209
03009365907
03009364883
03009363878
03009366060
03009368427
03009363112
03009361137
03009368179
03009369675
03009365950
03009362014
03009365398
03009366731
03009366278
03009367881
03009365863
03009361151
03009367493
03009365577
03009368157
03009368751
03009368780
03009369309
03009364946
03009365076
03009365316
03009364997
03009365225
03009365597
03009367904
