03005787343
03005784334
03005782327
03005785095
03005785678
03005783578
03005788551
03005786925
03005788421
03005787378
03005785700
03005784400
03005784591
03005788274
03005789025
03005782187
03005781078
03005784921
03005789355
03005788469
03005787098
03005786610
03005783203
03005784124
03005789750
03005784157
03005785805
03005781260
03005786179
03005788871
03005787483
03005783316
03005786792
03005781185
03005789455
03005786455
03005787682
03005784993
03005789431
03005782805
03005788529
03005785684
03005781634
03005783925
03005785788
03005785535
03005781549
03005782687
03005788101
03005788874
03005787235
03005785717
03005784884
03005782475
03005786210
03005783828
03005784393
03005786785
03005782616
03005786118
03005789521
03005785529
03005787108
03005784957
03005783630
03005787839
03005782732
03005788465
03005781673
03005783475
03005787666
03005783804
03005781681
03005787519
03005782489
03005789488
03005784351
03005789710
03005783491
03005788608
03005786081
03005781075
03005786300
03005786979
03005783893
03005782627
03005783288
03005788207
03005786815
03005786686
03005789007
03005784525
03005785304
03005787948
03005782802
03005784221
03005786428
03005785399
03005789569
03005781912
03005784956
03005783720
03005784340
03005784161
03005782434
03005782345
03005786407
03005786029
03005784759
03005788499
03005788876
03005782554
03005781539
03005785752
03005787081
03005785838
03005788384
03005785267
03005787118
03005782673
03005787363
03005787964
03005784183
03005789937
03005786402
03005787467
03005789135
03005789270
03005783209
03005786511
03005789163
03005783097
03005782023
03005788286
03005789127
03005785773
03005784469
03005782978
03005785395
03005786026
03005787740
03005786409
03005787050
03005783493
03005788383
03005788044
03005788718
03005784794
03005787592
03005785756
03005784224
03005786031
03005784878
03005787272
03005786759
03005785289
03005782364
03005783391
03005788441
03005783729
03005786908
03005787551
03005789257
03005789494
03005786380
03005786839
03005789695
03005781968
03005781937
03005787754
03005782196
03005789992
03005785642
03005786296
03005783078
03005787793
03005784368
03005782568
03005784430
03005784416
03005788129
03005784902
03005789741
03005789591
03005783006
03005786219
03005784976
03005784063
03005784348
03005787967
03005783321
03005786584
03005788786
03005782337
03005787954
03005785623
03005783818
03005782402
03005782027
03005786038
03005784461
03005781629
03005785872
03005784122
03005782211
03005784571
03005789022
03005785873
03005789298
03005782492
03005789422
03005784354
03005789752
03005786789
03005783832
03005783476
03005786992
03005781201
03005783691
03005787848
03005782024
03005787095
03005789058
03005787509
03005782441
03005785456
03005786414
03005781734
03005788806
03005785727
03005782875
03005783703
03005785130
03005781377
03005788524
03005789492
03005785325
03005782094
03005784023
03005784092
03005781408
03005784432
03005785547
03005784121
03005787357
03005788631
03005788710
03005784179
03005784013
03005787366
03005782571
03005785816
03005786612
03005789769
03005789114
03005782608
03005784139
03005781894
03005783694
03005781478
03005786049
03005781659
03005782455
03005783129
03005786137
03005782676
03005784198
03005782522
03005789930
03005783072
03005784966
03005788646
03005783077
03005781557
03005789908
03005782292
03005784376
03005787981
03005787016
03005788696
03005789689
03005787763
03005784529
03005784242
03005788754
03005782717
03005783531
03005782197
03005787713
03005782953
03005784835
03005783888
03005781666
03005784227
03005782494
03005789940
03005784512
03005781656
03005784082
03005784294
03005787604
03005787170
03005783534
03005788212
03005789206
03005789762
03005783913
03005786678
03005782782
03005786359
03005783895
03005783649
03005788600
03005781895
03005783922
03005783820
03005789805
03005781975
03005789540
03005782768
03005786722
03005786019
03005787680
03005788041
03005782503
03005787040
03005785606
03005783469
03005787359
03005781171
03005782400
03005788192
03005783215
03005788284
03005781035
03005788475
03005789993
03005788017
03005785627
03005786017
03005781850
03005782107
03005784754
03005784836
03005786237
03005783411
03005781489
03005783187
03005789690
03005789613
03005782635
03005784174
03005785742
03005782447
03005781240
03005781187
03005783379
03005782649
03005787404
03005783783
03005786324
03005784483
03005789897
03005789952
03005788246
03005784521
03005781811
03005785189
03005783499
03005788715
03005786364
03005781122
03005787296
03005789052
03005787984
03005782710
03005788578
03005782412
03005786861
03005784428
03005787722
03005789567
03005785570
03005784386
03005789411
03005782638
03005788043
03005784445
03005788323
03005788429
03005786339
03005783458
03005783243
03005787160
03005787082
03005785091
03005785554
03005783849
03005782362
03005787253
03005781710
03005786082
03005783891
03005784327
03005784665
03005784694
03005785205
03005785744
03005782071
03005783035
03005785523
03005786459
03005787038
03005787670
03005789384
03005783768
03005785175
03005786012
03005784782
03005783837
03005785809
03005785628
03005783486
03005785025
03005788563
03005784498
03005783875
03005787856
03005789487
03005784268
03005785519
03005788310
03005783377
03005789751
03005783118
03005782684
03005788281
03005783303
03005787935
03005782719
03005787883
03005784464
03005788593
03005789808
03005782077
03005781424
03005785335
03005788518
03005783841
03005789065
03005781718
03005783508
03005788537
03005781647
03005788603
03005787550
03005785866
03005782151
03005781074
03005782057
03005787601
03005787730
03005785902
03005783089
03005785584
03005787141
03005784099
03005785904
03005784066
03005788392
03005786431
03005789416
03005788932
03005785465
03005789792
03005789536
03005781399
03005781964
03005784773
03005784766
03005786287
03005782665
03005782097
03005782493
03005789090
03005785732
03005783390
03005788203
03005788816
03005783823
03005782339
03005783857
03005784151
03005785428
03005783719
03005783481
03005783189
03005789408
03005782632
03005787580
03005781661
03005782171
03005788133
03005786934
03005781281
03005785636
03005782957
03005786711
03005789615
03005788024
03005783090
03005789439
03005787701
03005785250
03005788372
03005787077
03005785075
03005781313
03005784364
03005785817
03005787203
03005788210
03005788386
03005785364
03005782133
03005788706
03005781003
03005789926
03005784359
03005782155
03005789046
03005782108
03005787348
03005788510
03005789361
03005788186
03005789382
03005787145
03005784536
03005785003
03005785694
03005783749
03005782169
03005788699
03005784931
03005782330
03005789562
03005781056
03005781858
03005785372
03005786917
03005785037
03005783102
03005787249
03005787593
03005784578
03005789421
03005788097
03005788730
03005787283
03005786740
03005789011
03005784421
03005787695
03005787929
03005786776
03005789360
03005786812
03005786217
03005786664
03005787202
03005786376
03005787715
03005783673
03005785191
03005782311
03005785407
03005786913
03005781788
03005782567
03005783628
03005785582
03005787596
03005781660
03005786465
03005789806
03005784577
03005785590
03005784277
03005785141
03005783361
03005783929
03005788595
03005787556
03005784914
03005786289
03005787986
03005781031
03005787375
03005784532
03005781706
03005787734
03005785427
03005786986
03005788688
03005783409
03005788042
03005781332
03005783484
03005785906
03005785362
03005783148
03005783778
03005782526
03005785152
03005787995
03005786410
03005786565
03005782624
03005783437
03005785222
03005789942
03005786367
03005785078
03005787634
03005787396
03005789117
03005788927
03005789905
03005785192
03005789095
03005783876
03005789862
03005786233
03005789478
03005781118
03005786689
03005786535
03005784258
03005782179
03005781657
03005787454
03005788566
03005785446
03005782388
03005781137
03005789991
03005784621
03005784363
03005784750
03005783746
03005788268
03005782512
03005785484
03005783610
03005785775
03005782214
03005783170
03005785046
03005784053
03005789902
03005782663
03005788919
03005788516
03005785292
03005789875
03005786088
03005786527
03005781258
03005783564
03005782487
03005787800
03005789631
03005783856
03005785007
03005787980
03005788936
03005785284
03005786496
03005785348
03005785608
03005787350
03005788859
03005787508
03005785890
03005782043
03005789009
03005788078
03005782407
03005788396
03005781393
03005789724
03005782218
03005781474
03005789328
03005784488
03005788661
03005787219
03005787009
03005788947
03005782997
03005782818
03005783978
03005781919
03005785637
03005784234
03005784233
03005788293
03005788550
03005789728
03005788704
03005785313
03005788170
03005789656
03005787783
03005788961
03005784484
03005782249
03005785485
03005789404
03005788237
03005789979
03005785283
03005785762
03005787461
03005785955
03005782007
03005781780
03005788598
03005788403
03005787751
03005786041
03005783529
03005788994
03005787809
03005784775
03005789784
03005788668
03005782689
03005789582
03005784410
03005784047
03005781817
03005781544
03005785526
03005788462
03005782735
03005784760
03005783461
03005782916
03005783414
03005785741
03005781939
03005788471
03005786772
03005782338
03005786542
03005785695
03005786910
03005783614
03005784254
03005789966
03005789946
03005786674
03005787474
03005786222
03005785548
03005781715
03005785643
03005784411
03005786481
03005783317
03005785394
03005783838
03005784941
03005784834
03005787788
03005787055
03005789337
03005788003
03005787446
03005787314
03005782114
03005783886
03005787500
03005783627
03005788202
03005787290
03005785560
03005786060
03005787285
03005787760
03005786694
03005782678
03005781541
03005789482
03005786756
03005781128
03005787926
03005784630
03005785180
03005781857
03005785585
03005782911
03005787336
03005789471
03005788254
03005788908
03005783433
03005783372
03005788087
03005787440
03005787120
03005784801
03005789333
03005786552
03005787181
03005788140
03005789949
03005787595
03005785513
03005782581
03005786874
03005789519
03005787252
03005786089
03005782029
03005785531
03005787215
03005788467
03005788723
03005787814
03005789506
03005787785
03005782662
03005785030
03005786110
03005788669
03005783687
03005789140
03005789829
03005785846
03005784787
03005787445
03005781037
03005788870
03005787397
03005789634
03005784755
03005782596
03005788734
03005781655
03005783926
03005786498
03005784482
03005787840
03005788271
03005786333
03005788738
03005787675
03005787287
03005784304
03005783911
03005788713
03005788112
03005786259
03005781088
03005786724
03005786177
03005781954
03005785251
03005788833
03005783968
03005785217
03005786130
03005788735
03005788269
03005788623
03005783462
03005784510
03005783496
03005785236
03005786566
03005787112
03005787090
03005783750
03005788033
03005786914
03005785329
03005789409
03005783543
03005787667
03005785410
03005787757
03005787097
03005789448
03005784341
03005783020
03005786641
03005783520
03005786902
03005789934
03005786035
03005785287
03005784203
03005787243
03005782763
03005785852
03005783631
03005783506
03005782427
03005783920
03005788337
03005783503
03005783124
03005785808
03005782586
03005781068
03005784850
03005782790
03005781172
03005789175
03005789414
03005787849
03005785995
03005788594
03005783046
03005782866
03005785199
03005787458
03005789294
03005785555
03005789684
03005784903
03005789558
03005787600
03005783466
03005785941
03005781620
03005784683
03005783996
03005783517
03005787711
03005786150
03005781637
03005787482
03005785725
03005787144
03005784863
03005786112
03005784035
03005789394
03005786767
03005787258
03005787111
03005783421
03005787228
03005786462
03005781357
03005784209
03005787568
03005786124
03005784935
03005786286
03005786164
03005785291
03005785190
03005787705
03005783234
03005787794
03005789747
03005783165
03005781999
03005785076
03005785334
03005784059
03005781228
03005787716
03005781732
03005789835
03005784431
03005789443
03005789374
03005781781
03005786906
03005788135
03005782299
03005785301
03005784391
03005783957
03005783325
03005789786
03005785949
03005781587
03005781214
03005785350
03005781317
03005787157
03005782877
03005782515
03005784287
03005786228
03005784768
03005782181
03005781777
03005789511
03005784730
03005781521
03005789778
03005788124
03005786749
03005783154
03005789380
03005788029
03005782991
03005784701
03005787660
03005787933
03005783402
03005785789
03005789840
03005782212
03005789126
03005782844
03005785878
03005786398
03005781298
03005787881
03005787273
03005786859
03005787494
03005783367
03005788711
03005785889
03005784880
03005789227
03005781804
03005787825
03005784837
03005788060
03005785970
03005787441
03005789496
03005784944
03005789112
03005788497
03005786387
03005782556
03005783054
03005788030
03005786517
03005783533
03005783113
03005783432
03005783640
03005782504
03005781558
03005789890
03005785659
03005788702
03005784662
03005782873
03005785990
03005786977
03005782044
03005788522
03005786562
03005788035
03005782203
03005781301
03005784783
03005789907
03005783109
03005787777
03005781622
03005787747
03005788996
03005784290
03005787063
03005784165
03005782355
03005781766
03005785795
03005788163
03005787503
03005786267
03005784947
03005787267
03005788626
03005784568
03005781262
03005782518
03005782900
03005781934
03005788352
03005781752
03005789122
03005783625
03005789575
03005783012
03005784727
03005789935
03005782143
03005786663
03005784412
03005783851
03005785810
03005785309
03005782812
03005789688
03005789871
03005784700
03005785034
03005783961
03005782382
03005782639
03005789288
03005789365
03005785259
03005788722
03005787062
03005785937
03005785310
03005782431
03005781762
03005785151
03005782776
03005786331
03005782803
03005785737
03005782855
03005784774
03005788757
03005785952
03005789705
03005783211
03005781166
03005788480
03005785652
03005786718
03005785160
03005789351
03005785521
03005783646
03005789468
03005781213
03005784985
03005789600
03005788474
03005783394
03005783751
03005784548
03005784720
03005781924
03005788703
03005781157
03005786644
03005789708
03005783413
03005785553
03005785510
03005783324
03005785895
03005787457
03005784804
03005788592
03005786397
03005783079
03005787744
03005786241
03005785931
03005781505
03005783308
03005785117
03005787818
03005784381
03005781380
03005788256
03005782201
03005789324
03005782253
03005788839
03005786618
03005783760
03005783728
03005788014
03005784003
03005782706
03005785813
03005789756
03005783914
03005785703
03005783705
03005781016
03005788589
03005781908
03005787354
03005787302
03005783213
03005788752
03005788616
03005783214
03005783586
03005783339
03005785402
03005788327
03005782274
03005781211
03005786229
03005783256
03005784485
03005789276
03005783697
03005781076
03005782393
03005786174
03005781272
03005789393
03005786157
03005783365
03005786348
03005784846
03005782022
03005789039
03005788001
03005785112
03005782198
03005785799
03005787485
03005789021
03005787685
03005782446
03005787174
03005787318
03005787513
03005781330
03005784960
03005786929
03005786671
03005788324
03005781941
03005789222
03005784171
03005788075
03005782037
03005785536
03005785925
03005784207
03005784217
03005784399
03005781275
03005783151
03005785963
03005786149
03005781729
03005788173
03005782942
03005788692
03005782251
03005781708
03005786967
03005788982
03005786046
03005785277
03005785017
03005789886
03005785092
03005782368
03005781761
03005785559
03005783482
03005784123
03005783761
03005781948
03005781556
03005782656
03005783477
03005788229
03005782775
03005783152
03005784166
03005781550
03005785181
03005783231
03005788755
03005785928
03005785382
03005787514
03005787204
03005788199
03005786478
03005781848
03005782637
03005785715
03005784547
03005785892
03005784050
03005786981
03005787135
03005789595
03005788230
03005788737
03005786207
03005781879
03005783727
03005789836
03005786654
03005786337
03005786440
03005786379
03005781810
03005788913
03005788375
03005783051
03005784051
03005787770
03005781689
03005787437
03005789618
03005781476
03005784704
03005788946
03005784388
03005786613
03005789284
03005788466
03005781991
03005785221
03005784111
03005786532
03005781071
03005789823
03005785408
03005786258
03005783905
03005785634
03005781698
03005782841
03005782962
03005789999
03005789210
03005789304
03005786487
03005783417
03005783867
03005782356
03005786069
03005787413
03005782260
03005782250
03005781669
03005781633
03005787493
03005785196
03005788818
03005789091
03005784585
03005783292
03005788829
03005783659
03005785156
03005789576
03005786353
03005781586
03005783879
03005783984
03005786447
03005789735
03005785083
03005785416
03005786109
03005785922
03005787807
03005784281
03005788154
03005781143
03005787914
03005784266
03005788708
03005786816
03005782606
03005788255
03005789670
03005781169
03005785550
03005784147
03005782281
03005781384
03005782190
03005783882
03005788276
03005782472
03005784100
03005789646
03005786907
03005785070
03005782139
03005783674
03005787369
03005781022
03005781809
03005783057
03005789612
03005784822
03005787167
03005787171
03005788191
03005782352
03005784184
03005789614
03005783135
03005784725
03005783732
03005783574
03005786424
03005788508
03005784214
03005783638
03005784676
03005788931
03005789780
03005782300
03005783741
03005783273
03005787858
03005788864
03005781838
03005782577
03005789059
03005781108
03005785300
03005785908
03005787293
03005783572
03005785971
03005781855
03005782525
03005783637
03005788234
03005789691
03005781184
03005782491
03005788239
03005788410
03005783387
03005787662
03005785356
03005781297
03005781154
03005784866
03005782465
03005786509
03005781387
03005781782
03005786030
03005788662
03005783050
03005785506
03005784208
03005785230
03005789173
03005785609
03005787874
03005788617
03005787061
03005787497
03005787240
03005788309
03005781774
03005789242
03005787352
03005782483
03005782230
03005785768
03005782112
03005788476
03005786315
03005789402
03005789847
03005782379
03005781389
03005784936
03005783454
03005781577
03005785687
03005783848
03005783018
03005783974
03005789150
03005788678
03005789737
03005781652
03005789111
03005789458
03005788472
03005788277
03005787213
03005785118
03005785850
03005788193
03005784854
03005786371
03005783554
03005786381
03005781653
03005785238
03005781920
03005783108
03005789093
03005784501
03005784596
03005782861
03005787787
03005784117
03005789962
03005783701
03005785210
03005789517
03005785198
03005781802
03005787007
03005785486
03005781370
03005788520
03005785571
03005782234
03005787900
03005788123
03005781141
03005785261
03005788223
03005788912
03005785595
03005782296
03005785580
03005787817
03005788544
03005784024
03005786195
03005785604
03005786249
03005781671
03005788314
03005781417
03005782994
03005783052
03005789363
03005789316
03005788067
03005784522
03005781193
03005786378
03005787599
03005789563
03005785204
03005789782
03005785101
03005781404
03005783936
03005787380
03005783258
03005782983
03005784685
03005789882
03005789699
03005787257
03005785716
03005786483
03005782267
03005785171
03005789548
03005787527
03005787773
03005788862
03005781469
03005782830
03005789816
03005782149
03005788649
03005789149
03005788531
03005781415
03005789955
03005785613
03005789794
03005784631
03005788185
03005782553
03005785157
03005784710
03005788895
03005782466
03005785332
03005784392
03005785655
03005788918
03005787573
03005786442
03005785073
03005785911
03005785588
03005784868
03005787732
03005786959
03005787591
03005785015
03005788725
03005784301
03005786470
03005787528
03005784770
03005786653
03005785376
03005783168
03005786232
03005789342
03005786309
03005782378
03005782513
03005788119
03005789682
03005783842
03005786382
03005783513
03005789702
03005784205
03005786227
03005782992
03005787537
03005788240
03005781367
03005787696
03005788679
03005789015
03005782686
03005788231
03005788764
03005783075
03005782032
03005783946
03005788050
03005783642
03005781522
03005784014
03005783626
03005786951
03005781170
03005786940
03005786469
03005788889
03005786904
03005788772
03005782013
03005789879
03005789554
03005781985
03005784637
03005781006
03005786926
03005785610
03005781611
03005786168
03005781130
03005784194
03005788312
03005783116
03005786014
03005781252
03005788152
03005784070
03005781728
03005787844
03005785546
03005786216
03005787865
03005782116
03005781520
03005782153
03005786064
03005789004
03005781176
03005782186
03005784848
03005783284
03005781247
03005782746
03005787549
03005782757
03005781726
03005782202
03005787915
03005782909
03005785460
03005786268
03005783745
03005788614
03005782386
03005784648
03005789712
03005782040
03005789308
03005781940
03005785499
03005789675
03005784067
03005782822
03005787804
03005782800
03005785563
03005782854
03005789273
03005784566
03005782189
03005788148
03005786094
03005785055
03005788580
03005784670
03005788860
03005786133
03005789228
03005789283
03005781694
03005785712
03005782051
03005785093
03005781963
03005783049
03005782659
03005785146
03005784471
03005783889
03005789555
03005781614
03005789235
03005788188
03005781618
03005787588
03005789396
03005784812
03005787477
03005786334
03005782704
03005789990
03005788956
03005789977
03005789064
03005783055
03005784131
03005782395
03005786330
03005785166
03005783709
03005782243
03005781960
03005786070
03005783991
03005786814
03005784105
03005788744
03005787106
03005781131
03005787151
03005785572
03005788811
03005784481
03005785174
03005784824
03005785109
03005783238
03005785133
03005789082
03005784346
03005788048
03005781801
03005788773
03005786705
03005783003
03005786341
03005784964
03005783163
03005784959
03005785701
03005781268
03005785315
03005781699
03005781830
03005784457
03005785777
03005788535
03005787419
03005785662
03005784811
03005786827
03005786987
03005789645
03005788765
03005782847
03005786942
03005782420
03005789964
03005784583
03005788866
03005787561
03005782469
03005782010
03005789865
03005781969
03005789866
03005782103
03005782646
03005783738
03005783242
03005781716
03005785148
03005781043
03005787150
03005781530
03005783916
03005786932
03005785319
03005784397
03005782111
03005788758
03005788847
03005781045
03005782833
03005785049
03005784493
03005785215
03005785404
03005786524
03005787554
03005786253
03005784945
03005783618
03005786999
03005782547
03005789109
03005789599
03005783512
03005789162
03005789434
03005787823
03005786048
03005783629
03005784807
03005787613
03005787753
03005783121
03005784515
03005782163
03005789707
03005789813
03005781949
03005782850
03005783692
03005787837
03005787594
03005784789
03005783268
03005782047
03005788319
03005781849
03005783002
03005789158
03005788628
03005781882
03005782961
03005785009
03005784109
03005788445
03005788911
03005789800
03005785603
03005781454
03005785177
03005787186
03005789819
03005788884
03005783970
03005781839
03005783034
03005787142
03005785750
03005781581
03005785763
03005784751
03005781491
03005787786
03005785887
03005786745
03005784803
03005788092
03005784404
03005782106
03005786280
03005789185
03005782507
03005786155
03005788843
03005786870
03005781133
03005781251
03005782582
03005782409
03005785515
03005789743
03005787912
03005781121
03005781974
03005786714
03005789755
03005782695
03005783147
03005784112
03005782974
03005784541
03005781173
03005788431
03005782506
03005785841
03005782344
03005787712
03005781644
03005787689
03005784045
03005784635
03005784711
03005785354
03005782168
03005789081
03005782270
03005786143
03005785624
03005782829
03005784823
03005781709
03005782102
03005783130
03005783132
03005782744
03005785072
03005789533
03005781613
03005787669
03005788438
03005788751
03005788745
03005786741
03005787803
03005788099
03005787075
03005788125
03005782079
03005781555
03005788635
03005782880
03005785031
03005788398
03005788804
03005782807
03005789553
03005781017
03005788514
03005784556
03005781300
03005788776
03005785102
03005786585
03005789236
03005786272
03005786602
03005785767
03005789016
03005784467
03005782146
03005788548
03005784703
03005785921
03005786809
03005784374
03005784497
03005789864
03005788865
03005785631
03005789197
03005787616
03005785723
03005789429
03005782193
03005789585
03005785665
03005789348
03005784969
03005786551
03005789019
03005782152
03005782868
03005787453
03005786236
03005786658
03005784849
03005781829
03005787749
03005784714
03005788800
03005781436
03005783370
03005787405
03005788150
03005789703
03005789586
03005788458
03005786480
03005782773
03005785355
03005782321
03005788298
03005789369
03005787790
03005782221
03005782410
03005784026
03005782593
03005782860
03005782206
03005781372
03005785786
03005787974
03005784715
03005783393
03005785445
03005784338
03005781598
03005788378
03005784747
03005784717
03005781485
03005789508
03005789450
03005785344
03005781009
03005781917
03005788430
03005784709
03005783679
03005788164
03005789269
03005782363
03005784871
03005788881
03005788434
03005784742
03005781616
03005786699
03005789412
03005787473
03005786911
03005784661
03005787597
03005784853
03005786278
03005788523
03005789370
03005782383
03005783528
03005787176
03005785903
03005787025
03005788015
03005789108
03005781690
03005782354
03005786020
03005785080
03005788883
03005789303
03005784752
03005787892
03005782751
03005782154
03005781597
03005784443
03005781518
03005785047
03005789545
03005786135
03005789383
03005786085
03005783205
03005785500
03005786497
03005789484
03005783698
03005784590
03005785783
03005784557
03005788641
03005786040
03005783550
03005782081
03005782725
03005786835
03005788385
03005785772
03005789084
03005785657
03005788791
03005781978
03005781543
03005789725
03005786269
03005782814
03005786056
03005788582
03005789398
03005785605
03005785912
03005783301
03005787140
03005786980
03005781294
03005788660
03005786961
03005785722
03005781497
03005787463
03005783410
03005782548
03005788102
03005787699
03005787432
03005788040
03005782172
03005782612
03005783294
03005788288
03005785826
03005789983
03005784967
03005782683
03005787119
03005784188
03005785084
03005788632
03005789491
03005785226
03005787720
03005784079
03005787177
03005785384
03005788569
03005785381
03005787772
03005782870
03005788997
03005787565
03005785864
03005783073
03005783685
03005786363
03005788672
03005789895
03005781087
03005786529
03005784780
03005786290
03005782615
03005786221
03005789976
03005789343
03005786946
03005782328
03005782131
03005789987
03005784825
03005783400
03005786912
03005789718
03005789147
03005784395
03005785558
03005786549
03005788774
03005785330
03005786633
03005783951
03005781534
03005781470
03005785954
03005786580
03005789723
03005786648
03005789020
03005788221
03005783536
03005788557
03005783085
03005787315
03005789451
03005788954
03005788875
03005781095
03005786736
03005785589
03005788219
03005783241
03005781499
03005785916
03005789319
03005788179
03005781866
03005785441
03005783763
03005783864
03005785448
03005784664
03005788335
03005782473
03005781459
03005784608
03005781069
03005785879
03005785443
03005785038
03005785880
03005787735
03005788224
03005789201
03005783103
03005788902
03005789195
03005787841
03005782396
03005786214
03005784009
03005785586
03005786388
03005788983
03005785403
03005788160
03005782381
03005783809
03005785987
03005781308
03005788250
03005785736
03005787937
03005782485
03005786828
03005789561
03005786028
03005784263
03005786246
03005781560
03005782430
03005786945
03005786010
03005781369
03005781771
03005786877
03005785077
03005785353
03005782570
03005784414
03005781795
03005789904
03005781717
03005789910
03005788620
03005784448
03005785061
03005782124
03005782736
03005782973
03005786920
03005782335
03005782372
03005786567
03005787163
03005789951
03005789848
03005783032
03005789764
03005781778
03005785681
03005787041
03005783743
03005782463
03005787390
03005786151
03005786715
03005785231
03005789244
03005786900
03005787066
03005781220
03005788432
03005781086
03005788279
03005783336
03005783593
03005789196
03005781847
03005788487
03005787107
03005782276
03005789704
03005785106
03005781194
03005783176
03005785656
03005787323
03005783814
03005783262
03005782242
03005786074
03005787768
03005789793
03005788677
03005783498
03005787665
03005783704
03005788721
03005786186
03005788228
03005788095
03005781793
03005785871
03005784517
03005785255
03005781354
03005782208
03005782623
03005783269
03005781750
03005786574
03005786702
03005786245
03005781032
03005784508
03005786429
03005785673
03005783111
03005783026
03005789255
03005783865
03005788371
03005787427
03005782086
03005782227
03005782021
03005784225
03005787576
03005788858
03005789142
03005782148
03005789861
03005787691
03005786881
03005785587
03005781982
03005787091
03005782459
03005785363
03005788176
03005781292
03005782229
03005781798
03005782952
03005786786
03005788157
03005785195
03005781041
03005787525
03005788998
03005787843
03005789258
03005786312
03005786820
03005785812
03005785419
03005786145
03005788887
03005784994
03005787895
03005784042
03005786657
03005788733
03005784757
03005782921
03005782607
03005783990
03005785680
03005784143
03005782034
03005785839
03005782226
03005781339
03005781640
03005782723
03005787417
03005781082
03005781356
03005783031
03005786083
03005787830
03005782561
03005785068
03005787761
03005786703
03005781475
03005788413
03005781139
03005781668
03005783385
03005781741
03005789050
03005788570
03005787247
03005782721
03005784215
03005784383
03005786625
03005785574
03005784693
03005781691
03005788673
03005787286
03005785929
03005784273
03005788840
03005785522
03005782883
03005781361
03005788222
03005787389
03005787172
03005789003
03005781362
03005782488
03005785778
03005783511
03005787029
03005786507
03005781129
03005786782
03005784562
03005788586
03005785828
03005786293
03005781126
03005785209
03005788247
03005781465
03005789186
03005785885
03005786826
03005787211
03005787621
03005784477
03005784339
03005789203
03005782895
03005789002
03005786534
03005782696
03005788900
03005783081
03005788320
03005782774
03005787877
03005785006
03005783114
03005783376
03005784312
03005789869
03005784324
03005782530
03005789681
03005786165
03005782752
03005786347
03005782305
03005782933
03005789296
03005789758
03005781334
03005788215
03005782999
03005781826
03005786104
03005783110
03005782105
03005787736
03005789560
03005789470
03005781224
03005785827
03005789133
03005782210
03005789978
03005786558
03005786370
03005787232
03005785714
03005788045
03005788096
03005789459
03005781119
03005787540
03005782347
03005783444
03005781945
03005789832
03005783008
03005786787
03005782834
03005788999
03005783555
03005787548
03005789939
03005784102
03005783485
03005787284
03005783780
03005785327
03005789719
03005787942
03005785213
03005787212
03005787269
03005781089
03005785945
03005785286
03005784897
03005782705
03005781257
03005789097
03005785108
03005789630
03005783571
03005787182
03005786032
03005787678
03005781674
03005784028
03005784262
03005782891
03005783307
03005787778
03005784619
03005782060
03005782888
03005789073
03005783557
03005783824
03005782783
03005783993
03005788815
03005788588
03005784579
03005782523
03005787385
03005788311
03005781642
03005785021
03005781179
03005782016
03005781765
03005788992
03005783240
03005781098
03005782359
03005788167
03005781283
03005781900
03005781682
03005785882
03005789542
03005786948
03005788026
03005783357
03005783249
03005784764
03005788863
03005783086
03005789449
03005781739
03005784002
03005783425
03005785691
03005782977
03005785784
03005788395
03005783840
03005782245
03005781464
03005782558
03005787532
03005782679
03005781502
03005789510
03005781628
03005781663
03005787251
03005782901
03005785905
03005783791
03005785088
03005785592
03005788356
03005786798
03005785591
03005787301
03005786115
03005783287
03005781751
03005784185
03005781893
03005788937
03005781331
03005784776
03005786770
03005783373
03005781348
03005782792
03005784888
03005787989
03005786866
03005785760
03005781008
03005786563
03005787552
03005785664
03005788877
03005789881
03005789442
03005784074
03005789770
03005787238
03005781570
03005787021
03005781588
03005784983
03005786307
03005787196
03005787653
03005781994
03005782821
03005786863
03005785062
03005784136
03005781153
03005788784
03005784930
03005789390
03005783767
03005783346
03005788339
03005784495
03005788495
03005784350
03005783227
03005786860
03005783027
03005782968
03005789452
03005784286
03005785056
03005784731
03005782618
03005782014
03005784818
03005781188
03005782307
03005787277
03005782180
03005787361
03005785697
03005781791
03005787643
03005789593
03005788568
03005783545
03005788201
03005781109
03005785409
03005785478
03005785103
03005785720
03005782481
03005785791
03005784216
03005787200
03005789499
03005786212
03005782126
03005782028
03005787637
03005783755
03005785128
03005785138
03005784049
03005786616
03005787977
03005786829
03005786944
03005787076
03005781177
03005788005
03005787574
03005788951
03005784792
03005784278
03005781368
03005786058
03005783381
03005783021
03005781722
03005781419
03005789975
03005788712
03005784012
03005784137
03005783039
03005784090
03005784061
03005785035
03005789898
03005784499
03005789632
03005781338
03005786176
03005781583
03005782647
03005786464
03005782681
03005786061
03005784044
03005787303
03005785524
03005787100
03005786314
03005782464
03005785857
03005783436
03005788848
03005781238
03005781111
03005788346
03005787852
03005786160
03005783389
03005787873
03005783798
03005786065
03005787011
03005788990
03005787950
03005781312
03005785735
03005786960
03005784535
03005781146
03005788642
03005785638
03005783119
03005787901
03005787328
03005782699
03005781409
03005781881
03005781569
03005787714
03005787233
03005785442
03005783302
03005786399
03005786042
03005789469
03005784480
03005782789
03005787571
03005785502
03005785599
03005781386
03005787291
03005785013
03005787750
03005784753
03005788051
03005784656
03005787421
03005781198
03005783636
03005788174
03005785598
03005781821
03005789289
03005783657
03005788972
03005786171
03005789407
03005781775
03005783420
03005784539
03005785907
03005786281
03005786327
03005786746
03005788028
03005782869
03005785474
03005786163
03005782479
03005783261
03005786832
03005787511
03005781743
03005786608
03005789445
03005785806
03005784614
03005781973
03005783680
03005787729
03005784343
03005781120
03005788463
03005781104
03005788760
03005781930
03005782923
03005788749
03005788849
03005782231
03005783908
03005784452
03005785305
03005785658
03005786027
03005786825
03005781460
03005782798
03005782329
03005783789
03005785377
03005782576
03005789925
03005783155
03005782432
03005788098
03005787263
03005787010
03005788008
03005781374
03005784588
03005787759
03005781898
03005783819
03005785235
03005789309
03005788022
03005781062
03005786692
03005782808
03005786134
03005784365
03005786183
03005782004
03005789767
03005786522
03005786417
03005784133
03005782050
03005788700
03005783112
03005787649
03005781526
03005781922
03005786871
03005781433
03005785039
03005785116
03005781891
03005787340
03005781305
03005784204
03005787853
03005787035
03005787694
03005784454
03005783643
03005785647
03005788317
03005782897
03005784821
03005786471
03005781341
03005783080
03005786588
03005781769
03005781267
03005788736
03005786682
03005788981
03005786011
03005785258
03005782474
03005784168
03005781388
03005788461
03005782318
03005787614
03005788484
03005783587
03005782235
03005784006
03005782247
03005783208
03005789024
03005784962
03005782035
03005785302
03005789789
03005789349
03005782569
03005783831
03005787499
03005784958
03005786685
03005789858
03005781168
03005781479
03005789474
03005781509
03005784153
03005782777
03005785983
03005788974
03005789238
03005786500
03005786366
03005784434
03005786328
03005789956
03005783960
03005784071
03005784379
03005788037
03005782039
03005787393
03005789598
03005788901
03005783526
03005786901
03005782377
03005782837
03005783733
03005787515
03005786051
03005782754
03005786068
03005787464
03005789547
03005782614
03005787099
03005781437
03005786385
03005783666
03005782594
03005782440
03005789486
03005782931
03005781023
03005788427
03005789475
03005781501
03005783668
03005785224
03005785143
03005789666
03005786254
03005783934
03005783069
03005788575
03005786316
03005781278
03005789463
03005787944
03005783271
03005786153
03005789099
03005784642
03005787957
03005789929
03005785661
03005786491
03005782622
03005784688
03005789997
03005783044
03005787615
03005783265
03005787054
03005789479
03005787878
03005787088
03005787587
03005789851
03005783827
03005788196
03005783688
03005783556
03005785688
03005786142
03005788945
03005784580
03005786325
03005789322
03005789246
03005781921
03005788233
03005784679
03005789777
03005789619
03005782764
03005787553
03005788105
03005786102
03005782543
03005781972
03005781667
03005789066
03005789000
03005784155
03005785449
03005786807
03005788263
03005783898
03005784486
03005788555
03005787842
03005784514
03005781574
03005781905
03005789963
03005782856
03005782975
03005787124
03005787043
03005789325
03005781816
03005782946
03005783667
03005783602
03005787051
03005782731
03005783473
03005786472
03005786989
03005785040
03005783122
03005784613
03005789711
03005782625
03005786531
03005784196
03005782580
03005789116
03005788691
03005781875
03005788978
03005786123
03005786647
03005783140
03005786846
03005782349
03005788299
03005781040
03005785433
03005785753
03005786824
03005784740
03005782429
03005784786
03005787607
03005783235
03005787071
03005784470
03005784039
03005788369
03005784494
03005787008
03005781899
03005785168
03005782259
03005789032
03005785909
03005782115
03005781585
03005789077
03005788763
03005782387
03005784435
03005785051
03005784238
03005781336
03005789040
03005782098
03005782376
03005788232
03005789226
03005786545
03005789772
03005784564
03005785708
03005781707
03005782597
03005789456
03005787994
03005787262
03005782083
03005783283
03005783318
03005782325
03005789012
03005784081
03005788433
03005789801
03005784285
03005786656
03005787676
03005785316
03005784719
03005783850
03005788739
03005787341
03005786540
03005782642
03005784182
03005785026
03005782601
03005788120
03005786071
03005782989
03005786234
03005786299
03005784318
03005783397
03005788717
03005784021
03005783583
03005782831
03005781727
03005787159
03005781396
03005785494
03005784127
03005788853
03005788750
03005782326
03005782137
03005788485
03005789477
03005789577
03005783320
03005788308
03005788225
03005783525
03005789428
03005784561
03005788770
03005785798
03005789074
03005788824
03005789863
03005781250
03005785666
03005785975
03005784440
03005784229
03005786662
03005783419
03005783584
03005788934
03005787870
03005784325
03005784699
03005782391
03005783903
03005781742
03005786077
03005782691
03005789410
03005782648
03005787058
03005784677
03005789085
03005786811
03005786383
03005786591
03005785860
03005787032
03005784570
03005787471
03005784691
03005787347
03005788362
03005789318
03005785462
03005789465
03005789045
03005786526
03005786375
03005783192
03005783752
03005787888
03005786008
03005787663
03005787488
03005781876
03005786262
03005783248
03005786831
03005785615
03005786936
03005781080
03005787569
03005781026
03005786886
03005785010
03005786849
03005789532
03005785453
03005783764
03005783839
03005785366
03005786098
03005786681
03005781463
03005787028
03005789601
03005787903
03005785113
03005783093
03005781397
03005785965
03005786474
03005788525
03005787406
03005785295
03005788106
03005783029
03005781002
03005782653
03005785027
03005783212
03005781776
03005787478
03005789055
03005781222
03005782654
03005789852
03005783206
03005783792
03005789044
03005785804
03005788046
03005784419
03005782517
03005788468
03005788216
03005787259
03005785679
03005784574
03005781151
03005787094
03005785648
03005785596
03005785891
03005784189
03005788995
03005787688
03005784672
03005786184
03005786709
03005786963
03005783816
03005782416
03005787209
03005785974
03005783608
03005789771
03005787407
03005782762
03005785045
03005784979
03005787037
03005783559
03005783375
03005782055
03005789960
03005788195
03005784855
03005781625
03005781132
03005781862
03005787710
03005784651
03005782275
03005785197
03005789694
03005784331
03005788854
03005789920
03005781296
03005786577
03005788955
03005787460
03005789014
03005787546
03005788145
03005786275
03005787335
03005789425
03005782385
03005787943
03005782120
03005784905
03005787512
03005789033
03005781696
03005789358
03005787578
03005789572
03005782848
03005785729
03005789280
03005788976
03005787739
03005785437
03005788187
03005787650
03005781548
03005787468
03005783431
03005783267
03005781191
03005786468
03005787799
03005786390
03005781279
03005782049
03005781435
03005784526
03005785296
03005786439
03005788054
03005784645
03005782322
03005784622
03005783932
03005785450
03005789143
03005788265
03005786090
03005786386
03005783104
03005782015
03005782914
03005783445
03005784449
03005788363
03005789860
03005783388
03005786062
03005788019
03005789676
03005787486
03005786251
03005781029
03005788259
03005785212
03005781823
03005786211
03005784075
03005785418
03005786742
03005781206
03005788993
03005782011
03005784870
03005783281
03005782439
03005782993
03005787358
03005784785
03005788560
03005783847
03005787430
03005788012
03005789814
03005781280
03005789047
03005782505
03005782944
03005789214
03005787069
03005788073
03005782970
03005784806
03005784316
03005784007
03005787538
03005785520
03005783384
03005781612
03005783510
03005786548
03005781392
03005788987
03005789405
03005783589
03005782360
03005786747
03005781010
03005786752
03005785774
03005784459
03005783696
03005789921
03005786777
03005782467
03005785358
03005788153
03005789028
03005783826
03005785539
03005782497
03005789353
03005788081
03005783565
03005781217
03005781955
03005785493
03005787547
03005787191
03005782373
03005781467
03005784860
03005786159
03005784245
03005783083
03005786520
03005789346
03005789323
03005781493
03005781207
03005788513
03005785962
03005781504
03005781740
03005786162
03005784231
03005785275
03005784336
03005789944
03005788567
03005786270
03005781561
03005786419
03005781870
03005786169
03005786252
03005786053
03005783859
03005788897
03005782749
03005785412
03005788156
03005789501
03005786921
03005781244
03005789189
03005786570
03005788827
03005787329
03005789580
03005786521
03005789378
03005784475
03005789633
03005782948
03005788258
03005789909
03005788177
03005784605
03005787524
03005785439
03005789371
03005781787
03005789859
03005785794
03005781977
03005789159
03005784504
03005784149
03005787745
03005783681
03005781243
03005786639
03005781233
03005788084
03005789761
03005788844
03005789518
03005788991
03005784332
03005782984
03005789417
03005783237
03005782220
03005781328
03005788342
03005784987
03005787822
03005788590
03005783678
03005781808
03005786575
03005784743
03005788667
03005783033
03005784706
03005785119
03005788366
03005783773
03005783530
03005789336
03005789120
03005789742
03005788583
03005781654
03005783058
03005783880
03005787388
03005786408
03005786774
03005788930
03005785150
03005782165
03005789079
03005786208
03005788970
03005789568
03005789740
03005786630
03005785996
03005788564
03005785059
03005782471
03005781013
03005787879
03005783088
03005781448
03005789988
03005784718
03005781519
03005789627
03005786998
03005784600
03005781033
03005789312
03005785851
03005781914
03005787225
03005785341
03005788650
03005781892
03005787647
03005783702
03005782176
03005789104
03005781066
03005781490
03005787451
03005781391
03005785176
03005781565
03005786461
03005788664
03005781174
03005784222
03005786113
03005782913
03005786751
03005789377
03005781161
03005786768
03005782394
03005781627
03005785517
03005788103
03005787331
03005784360
03005783319
03005787623
03005788698
03005784881
03005786107
03005789817
03005788534
03005783228
03005784667
03005786063
03005786191
03005784314
03005782113
03005784623
03005786368
03005787442
03005787313
03005781700
03005789130
03005787827
03005784303
03005786922
03005788023
03005783349
03005787414
03005788681
03005788622
03005787265
03005783092
03005784505
03005788113
03005788071
03005784091
03005787851
03005784746
03005783931
03005786146
03005781256
03005786918
03005783181
03005784765
03005785800
03005781989
03005788924
03005788790
03005785692
03005787618
03005783963
03005783790
03005781632
03005782936
03005789199
03005785390
03005787609
03005781376
03005787938
03005782056
03005789893
03005788241
03005786158
03005781763
03005783954
03005782500
03005785581
03005787631
03005781721
03005787237
03005784629
03005788004
03005789036
03005784513
03005787718
03005784424
03005786868
03005782490
03005785745
03005781737
03005786304
03005789103
03005787355
03005781567
03005789557
03005781094
03005785844
03005789698
03005781888
03005789204
03005788248
03005782688
03005784678
03005781679
03005787702
03005788731
03005782042
03005782793
03005786501
03005781480
03005789933
03005789788
03005783166
03005783928
03005783329
03005783063
03005789027
03005789440
03005781345
03005787155
03005786238
03005787059
03005787510
03005781523
03005787501
03005784524
03005786764
03005783304
03005784353
03005783197
03005789102
03005788460
03005787894
03005781511
03005785086
03005788675
03005789272
03005788344
03005784886
03005786555
03005783139
03005789791
03005781266
03005788264
03005781807
03005781626
03005785787
03005787289
03005785829
03005788290
03005782074
03005788695
03005782859
03005787776
03005783805
03005782424
03005782907
03005788826
03005783233
03005786438
03005781571
03005784552
03005785724
03005783042
03005787922
03005782845
03005785311
03005786190
03005785985
03005783894
03005787529
03005781546
03005782981
03005784055
03005786955
03005784148
03005781852
03005784069
03005781287
03005783223
03005787189
03005784479
03005785980
03005786126
03005784681
03005787042
03005786512
03005784802
03005783811
03005784892
03005784839
03005781600
03005788986
03005787221
03005788200
03005781241
03005787690
03005782408
03005782138
03005788448
03005787044
03005787001
03005789320
03005781112
03005787012
03005785057
03005785573
03005785184
03005785770
03005783660
03005782698
03005781623
03005786716
03005787245
03005785208
03005787925
03005783439
03005784104
03005783471
03005782484
03005789083
03005781500
03005788817
03005785471
03005784030
03005781731
03005784178
03005782136
03005783509
03005787968
03005781792
03005782019
03005781394
03005787672
03005781713
03005782697
03005781175
03005781110
03005782539
03005786230
03005783010
03005785094
03005786651
03005785321
03005784394
03005782147
03005781610
03005785104
03005789795
03005787064
03005781144
03005784186
03005784737
03005782132
03005782127
03005787975
03005786516
03005782874
03005788047
03005786274
03005781943
03005784813
03005783800
03005781314
03005785475
03005788823
03005782324
03005784518
03005781878
03005784653
03005785396
03005781440
03005789522
03005787687
03005782661
03005785179
03005789054
03005781407
03005783171
03005783988
03005781675
03005783569
03005786075
03005786305
03005784949
03005786661
03005784686
03005788490
03005785802
03005784636
03005785336
03005781439
03005783604
03005785245
03005782100
03005786093
03005783447
03005786420
03005784582
03005787813
03005781695
03005784043
03005781745
03005783422
03005784492
03005786458
03005787640
03005784403
03005782630
03005782121
03005782331
03005788830
03005787885
03005787395
03005787068
03005782935
03005788452
03005789043
03005784201
03005789134
03005783715
03005787992
03005783123
03005786199
03005788965
03005784293
03005787628
03005785924
03005786114
03005781702
03005787746
03005788348
03005783774
03005782170
03005789118
03005782033
03005783311
03005784306
03005788130
03005783133
03005781064
03005785115
03005789892
03005781547
03005781195
03005783553
03005788013
03005788697
03005781890
03005789731
03005788086
03005785947
03005786572
03005784004
03005783998
03005782574
03005786078
03005784658
03005781093
03005783064
03005783229
03005787034
03005782780
03005784919
03005784795
03005781276
03005782415
03005789748
03005786939
03005786490
03005787197
03005789885
03005787466
03005788894
03005782278
03005789433
03005781097
03005784916
03005788835
03005786950
03005783167
03005786704
03005787187
03005787320
03005783017
03005789810
03005781264
03005784682
03005781846
03005785940
03005787886
03005789252
03005787721
03005789357
03005786734
03005785900
03005781843
03005788687
03005783350
03005789460
03005786876
03005789177
03005781643
03005787387
03005786201
03005786652
03005786413
03005789251
03005782894
03005787697
03005783452
03005786974
03005787913
03005781365
03005789338
03005784413
03005788756
03005789248
03005785429
03005785950
03005781606
03005785274
03005781430
03005784506
03005785653
03005788190
03005781398
03005783522
03005786264
03005788287
03005789311
03005782374
03005782915
03005785214
03005788941
03005788636
03005785422
03005782174
03005782280
03005785172
03005782065
03005784712
03005789031
03005789080
03005783684
03005783014
03005785233
03005782801
03005789936
03005785159
03005784398
03005786800
03005789067
03005786318
03005784496
03005783479
03005781015
03005781242
03005781092
03005782778
03005788915
03005785557
03005789655
03005782199
03005783707
03005785835
03005782862
03005786578
03005787882
03005782005
03005788394
03005783734
03005789996
03005782976
03005789888
03005782690
03005787484
03005789602
03005786731
03005788178
03005786412
03005787861
03005784439
03005783597
03005787305
03005784437
03005783359
03005782720
03005787698
03005785492
03005785240
03005788278
03005785920
03005789665
03005789715
03005788066
03005782796
03005783260
03005782428
03005784748
03005781639
03005784144
03005782478
03005782788
03005787449
03005789205
03005786659
03005787208
03005789415
03005782008
03005788611
03005781081
03005785041
03005786755
03005781868
03005783672
03005787165
03005789773
03005787810
03005783489
03005785346
03005784199
03005785961
03005784980
03005788388
03005786599
03005782225
03005788743
03005782020
03005789174
03005781528
03005782449
03005787381
03005782986
03005781347
03005784077
03005785022
03005785454
03005783224
03005787808
03005786100
03005784612
03005788134
03005784080
03005781030
03005787085
03005781961
03005784037
03005786635
03005782425
03005786818
03005781993
03005781461
03005782867
03005782565
03005785518
03005784912
03005783047
03005783250
03005783695
03005783605
03005784107
03005785919
03005783150
03005782820
03005785754
03005787930
03005781325
03005785511
03005789340
03005787692
03005785562
03005782840
03005783126
03005787250
03005782164
03005788059
03005787080
03005783524
03005788559
03005785748
03005785469
03005783343
03005786754
03005785765
03005788966
03005783753
03005784992
03005784997
03005788637
03005783004
03005787400
03005786982
03005785942
03005787535
03005788596
03005785200
03005786096
03005789212
03005784877
03005788634
03005782930
03005787026
03005785593
03005786445
03005789626
03005784261
03005785874
03005784249
03005782265
03005781926
03005786595
03005789086
03005788659
03005783527
03005783830
03005781938
03005784927
03005783001
03005787246
03005784468
03005784181
03005788546
03005788964
03005783676
03005786743
03005788604
03005787962
03005781058
03005786928
03005785326
03005782885
03005789781
03005788083
03005788762
03005789587
03005782336
03005783500
03005787365
03005785194
03005788916
03005783915
03005784265
03005787436
03005783347
03005782951
03005782036
03005787248
03005783948
03005784543
03005788374
03005785538
03005781609
03005785782
03005783382
03005783601
03005782813
03005783607
03005783328
03005788988
03005784560
03005783157
03005785149
03005786636
03005788482
03005787584
03005789418
03005786091
03005784302
03005782827
03005784366
03005782052
03005787048
03005786154
03005784114
03005784554
03005785387
03005783028
03005782809
03005781455
03005786947
03005786023
03005789274
03005788338
03005783927
03005788082
03005785622
03005783860
03005787738
03005788573
03005783030
03005788666
03005788089
03005784276
03005781216
03005788343
03005783713
03005781304
03005786880
03005783309
03005782141
03005788541
03005783902
03005782003
03005782578
03005783179
03005783632
03005783588
03005789148
03005783883
03005788720
03005784616
03005787268
03005787487
03005789720
03005786970
03005789096
03005783490
03005786200
03005788267
03005785901
03005783464
03005787671
03005781680
03005786701
03005788107
03005781525
03005788532
03005786587
03005787585
03005781428
03005787386
03005783272
03005788929
03005783955
03005781309
03005783885
03005782348
03005786313
03005783246
03005787089
03005787704
03005784599
03005789596
03005785807
03005783019
03005782724
03005784948
03005782161
03005784772
03005784784
03005782078
03005786697
03005788707
03005783786
03005789970
03005785707
03005789176
03005782219
03005782785
03005789497
03005784833
03005785044
03005783724
03005782786
03005785379
03005786205
03005781819
03005786101
03005781723
03005781529
03005782435
03005785011
03005785257
03005788209
03005788558
03005786889
03005785837
03005787311
03005788143
03005783547
03005782729
03005785710
03005787327
03005781048
03005788094
03005781825
03005788665
03005789924
03005782605
03005782063
03005788104
03005787708
03005786485
03005786894
03005783446
03005782940
03005782658
03005786629
03005785406
03005781566
03005783186
03005782537
03005789544
03005786965
03005783286
03005785746
03005787282
03005782879
03005783785
03005784213
03005781199
03005789834
03005788080
03005786007
03005782215
03005786537
03005784335
03005788565
03005789441
03005782804
03005785822
03005787700
03005786819
03005789166
03005786643
03005781621
03005787353
03005782289
03005782828
03005783537
03005787893
03005787652
03005782284
03005783501
03005781503
03005782053
03005784011
03005783226
03005789498
03005789187
03005788630
03005783048
03005781024
03005789184
03005786276
03005784911
03005782217
03005782536
03005789744
03005785415
03005782998
03005783577
03005785930
03005782448
03005786949
03005784349
03005789156
03005785054
03005782572
03005789658
03005784317
03005782925
03005784267
03005783870
03005788436
03005783806
03005788016
03005787998
03005784164
03005785923
03005783641
03005782939
03005783194
03005784689
03005782843
03005786931
03005784572
03005789526
03005783997
03005789961
03005784555
03005787298
03005788142
03005787002
03005781824
03005789578
03005786887
03005787636
03005787896
03005788779
03005782118
03005787489
03005781084
03005785290
03005788052
03005786680
03005783101
03005782460
03005781757
03005784211
03005787180
03005786606
03005789314
03005781951
03005788984
03005782903
03005785218
03005786727
03005783470
03005782852
03005783710
03005781927
03005788556
03005787006
03005788175
03005785978
03005783338
03005789068
03005781316
03005781114
03005789878
03005786538
03005784138
03005783568
03005784817
03005786530
03005781970
03005783575
03005785948
03005785743
03005785702
03005781531
03005785896
03005783619
03005788552
03005787492
03005785981
03005789514
03005781714
03005782017
03005782185
03005786677
03005784315
03005789229
03005783184
03005789628
03005781935
03005787999
03005784300
03005782919
03005781181
03005785016
03005787324
03005788262
03005785858
03005786317
03005781861
03005786573
03005782767
03005783442
03005782061
03005782516
03005788798
03005786667
03005786713
03005781803
03005785675
03005781929
03005788880
03005788503
03005789098
03005787326
03005783310
03005781239
03005783976
03005784142
03005781197
03005789200
03005787633
03005785268
03005786615
03005781545
03005789931
03005784586
03005782438
03005783549
03005783280
03005787534
03005786044
03005783612
03005781246
03005784407
03005784507
03005785781
03005782668
03005787867
03005789889
03005784169
03005781933
03005786882
03005788245
03005789211
03005788380
03005785270
03005784520
03005784415
03005781593
03005785992
03005783656
03005783095
03005784456
03005785704
03005788218
03005789313
03005786351
03005781925
03005789714
03005785583
03005786504
03005784872
03005784713
03005781701
03005785140
03005789437
03005787239
03005788406
03005789727
03005783923
03005783219
03005781575
03005783326
03005788168
03005781508
03005785932
03005783407
03005785357
03005785468
03005781692
03005783225
03005789069
03005782955
03005784928
03005787821
03005783532
03005782650
03005782872
03005789849
03005785129
03005788724
03005784369
03005784607
03005786735
03005788110
03005783190
03005786666
03005785193
03005789713
03005786451
03005783443
03005782967
03005784462
03005781931
03005788504
03005781749
03005786634
03005787438
03005783539
03005783615
03005781883
03005782144
03005784627
03005782544
03005787941
03005782557
03005781310
03005789972
03005785984
03005782912
03005787131
03005786361
03005785385
03005788316
03005781794
03005787541
03005789489
03005788194
03005782054
03005785126
03005781468
03005784022
03005785096
03005781125
03005784068
03005788002
03005789261
03005788158
03005783127
03005783472
03005781874
03005788428
03005789597
03005786579
03005789543
03005782917
03005789395
03005789697
03005782397
03005788389
03005783252
03005785578
03005786669
03005785426
03005786803
03005783160
03005784078
03005781212
03005787216
03005789188
03005782263
03005783775
03005786141
03005786609
03005783874
03005789181
03005781641
03005782958
03005789368
03005785137
03005781057
03005784347
03005786235
03005784141
03005786765
03005784487
03005783298
03005789139
03005782995
03005788020
03005787502
03005785050
03005785490
03005784721
03005786072
03005786779
03005784986
03005787139
03005784418
03005782422
03005787134
03005786121
03005781265
03005786365
03005789321
03005787031
03005788459
03005786057
03005783661
03005787394
03005786805
03005786840
03005787831
03005785993
03005788851
03005781138
03005784472
03005782660
03005782419
03005784950
03005787619
03005788680
03005782938
03005783478
03005782766
03005784669
03005788183
03005786518
03005787433
03005782714
03005784975
03005785182
03005787132
03005782728
03005781443
03005785264
03005787470
03005782898
03005788890
03005788812
03005782271
03005786738
03005782599
03005781496
03005789726
03005789974
03005783821
03005787791
03005788449
03005786095
03005781426
03005784861
03005789984
03005781687
03005783620
03005787762
03005781025
03005786845
03005788444
03005784939
03005789680
03005784377
03005784500
03005789679
03005787410
03005782575
03005786122
03005784103
03005787876
03005786975
03005785713
03005784876
03005783986
03005787162
03005782956
03005789153
03005784601
03005787321
03005784534
03005789435
03005783861
03005784769
03005781147
03005786477
03005789306
03005787402
03005788787
03005785100
03005784333
03005782069
03005789734
03005785430
03005783683
03005782095
03005784724
03005785881
03005789161
03005787539
03005784692
03005786479
03005789846
03005788204
03005789815
03005787205
03005787955
03005787295
03005783877
03005788857
03005783099
03005786356
03005782238
03005784749
03005784889
03005784646
03005787733
03005785883
03005789700
03005785629
03005786938
03005782495
03005788260
03005787014
03005784064
03005784162
03005787655
03005788959
03005784210
03005786335
03005784841
03005783942
03005783423
03005789706
03005781405
03005787136
03005787741
03005787632
03005785136
03005785368
03005783655
03005782747
03005787868
03005781418
03005787444
03005781350
03005785651
03005788553
03005782255
03005782657
03005786964
03005788855
03005788442
03005789914
03005785761
03005785815
03005787199
03005787709
03005784084
03005781596
03005788926
03005785632
03005789986
03005783009
03005782090
03005784032
03005788280
03005784840
03005781683
03005781352
03005787923
03005781353
03005787126
03005783731
03005781142
03005788868
03005787236
03005785432
03005785272
03005789621
03005785602
03005789332
03005789424
03005782254
03005787207
03005788979
03005785739
03005781573
03005784065
03005786178
03005783967
03005789125
03005783722
03005785569
03005784058
03005783992
03005782346
03005788307
03005781648
03005784808
03005786620
03005785918
03005786434
03005787299
03005786350
03005782048
03005788658
03005781156
03005782018
03005785689
03005783348
03005788063
03005783987
03005789648
03005785758
03005784255
03005788090
03005785371
03005781202
03005782794
03005789218
03005786810
03005785333
03005783708
03005787863
03005784313
03005781856
03005781833
03005785234
03005784132
03005783266
03005789954
03005785505
03005784020
03005783699
03005788607
03005784625
03005781840
03005786905
03005787122
03005781200
03005781958
03005788655
03005786401
03005782207
03005787115
03005783973
03005781411
03005782666
03005786790
03005786875
03005789652
03005782718
03005788330
03005783474
03005783730
03005785811
03005783395
