03459731113
03459734699
03459732255
03459735973
03459732082
03459734734
03459732477
03459731384
03459731049
03459734191
03459732329
03459735479
03459734954
03459732965
03459734147
03459739658
03459731342
03459734413
03459737048
03459731880
03459736024
03459738386
03459735688
03459737381
03459737881
03459739153
03459737739
03459731467
03459736426
03459733871
03459736821
03459731757
03459732503
03459736656
03459732527
03459735171
03459732201
03459732967
03459734867
03459736598
03459739100
03459733956
03459731649
03459733459
03459732332
03459735867
03459736486
03459734605
03459732247
03459739961
03459736328
03459735088
03459736312
03459736566
03459738592
03459732400
03459732928
03459736994
03459731009
03459734958
03459737177
03459737369
03459732975
03459738298
03459738975
03459737456
03459731446
03459732181
03459735282
03459736924
03459738133
03459731731
03459735732
03459734422
03459731872
03459734981
03459735532
03459739266
03459734573
03459731795
03459736174
03459731567
03459736214
03459738605
03459733609
03459738200
03459737872
03459735589
03459734141
03459733074
03459736587
03459731077
03459734033
03459735429
03459737510
03459733437
03459733863
03459737780
03459731046
03459738164
03459738179
03459734835
03459732860
03459737978
03459736106
03459735122
03459736027
03459739425
03459737911
03459732795
03459738776
03459736800
03459736731
03459734223
03459733846
03459732541
03459731406
03459734308
03459739693
03459732782
03459735058
03459735143
03459734655
03459733939
03459732787
03459736443
03459737471
03459732095
03459735402
03459733772
03459734014
03459735128
03459733403
03459738035
03459733769
03459733932
03459732750
03459739561
03459734716
03459735163
03459733792
03459732300
03459733682
03459737302
03459731206
03459737139
03459739590
03459731321
03459739394
03459733472
03459731353
03459735381
03459733120
03459739691
03459738205
03459734039
03459733318
03459738678
03459738556
03459737330
03459732508
03459739023
03459734762
03459731672
03459733328
03459736187
03459736600
03459733097
03459732319
03459737474
03459731558
03459738066
03459739895
03459731351
03459732354
03459735485
03459735237
03459732504
03459734081
03459734377
03459733775
03459738021
03459734915
03459734078
03459732544
03459736182
03459734071
03459731005
03459737385
03459732654
03459734769
03459737537
03459732010
03459733974
03459735018
03459736493
03459739001
03459731920
03459731913
03459731221
03459737315
03459733224
03459738339
03459735850
03459733782
03459737833
03459733441
03459738224
03459734826
03459738427
03459734646
03459734219
03459737897
03459735307
03459731272
03459732522
03459736136
03459736861
03459737486
03459739126
03459737241
03459736582
03459734817
03459738245
03459731511
03459739793
03459736010
03459735079
03459732456
03459738628
03459732553
03459731690
03459735738
03459736694
03459732399
03459732780
03459732559
03459734226
03459733317
03459734113
03459738667
03459733746
03459738016
03459735940
03459732865
03459735059
03459734427
03459736634
03459735983
03459731032
03459735537
03459736321
03459733223
03459738431
03459738815
03459733348
03459732189
03459735591
03459735343
03459734601
03459739581
03459736783
03459733858
03459733736
03459734080
03459736856
03459736345
03459738121
03459733014
03459736459
03459731499
03459734132
03459732844
03459736472
03459731776
03459732214
03459737397
03459734201
03459734070
03459735707
03459733981
03459735661
03459736862
03459736458
03459737406
03459734349
03459733743
03459737933
03459737726
03459738769
03459734065
03459734164
03459731233
03459732081
03459739128
03459737570
03459735750
03459738513
03459732968
03459735298
03459739533
03459731404
03459733477
03459736750
03459736654
03459738745
03459731133
03459734791
03459731390
03459734885
03459733874
03459732802
03459738197
03459736874
03459737622
03459739449
03459731996
03459732136
03459738525
03459733773
03459735362
03459738778
03459732308
03459737987
03459733086
03459736419
03459736630
03459734707
03459735557
03459732739
03459738682
03459736128
03459735458
03459732981
03459737694
03459734997
03459739744
03459733142
03459736336
03459733883
03459733535
03459733884
03459732253
03459733355
03459733753
03459734135
03459736772
03459735759
03459736041
03459734698
03459734442
03459736111
03459738047
03459738371
03459734759
03459734972
03459731134
03459734119
03459732069
03459731415
03459734641
03459738793
03459734301
03459739379
03459732391
03459735383
03459737436
03459731479
03459735243
03459732017
03459732111
03459734103
03459733064
03459738509
03459731421
03459731907
03459731910
03459739416
03459738282
03459731582
03459734239
03459731697
03459734771
03459731576
03459733705
03459738562
03459739155
03459734311
03459731814
03459738714
03459739327
03459739451
03459734756
03459738440
03459731389
03459738323
03459734562
03459739455
03459732424
03459733999
03459737215
03459736250
03459739224
03459733551
03459739227
03459732209
03459731701
03459731999
03459736359
03459732579
03459732719
03459735139
03459735859
03459737773
03459736680
03459732862
03459737800
03459732288
03459739994
03459739181
03459731502
03459736665
03459733466
03459732044
03459734853
03459738826
03459733789
03459737582
03459737585
03459734482
03459739463
03459735326
03459734481
03459735011
03459739928
03459732102
03459738838
03459732355
03459736748
03459736732
03459739616
03459737747
03459732463
03459736789
03459732775
03459739562
03459736199
03459734365
03459737220
03459737068
03459737722
03459736885
03459735760
03459731688
03459739656
03459737146
03459737532
03459738789
03459735136
03459737554
03459736211
03459731148
03459733292
03459731669
03459732933
03459735697
03459732175
03459731155
03459731993
03459732433
03459735719
03459739742
03459738064
03459736051
03459734227
03459731383
03459733219
03459737261
03459738505
03459738258
03459736759
03459738125
03459734167
03459731692
03459734822
03459737959
03459731596
03459732062
03459731536
03459739629
03459731930
03459733496
03459731105
03459736628
03459732190
03459736064
03459738963
03459734635
03459732952
03459739837
03459731945
03459739081
03459731481
03459734561
03459734334
03459738949
03459732642
03459732274
03459736533
03459733543
03459738766
03459731719
03459737171
03459734473
03459733173
03459734985
03459734183
03459737651
03459734567
03459734945
03459737599
03459731029
03459731197
03459739542
03459733623
03459733806
03459738287
03459734126
03459738468
03459732610
03459733341
03459733398
03459737842
03459737728
03459732587
03459736987
03459739655
03459736963
03459737562
03459737862
03459735220
03459736601
03459731792
03459739779
03459734851
03459735858
03459731832
03459734514
03459736536
03459736961
03459732872
03459733304
03459737751
03459733100
03459738651
03459732727
03459735255
03459734640
03459736813
03459731337
03459736853
03459733829
03459731075
03459735330
03459737257
03459731595
03459733126
03459737995
03459737603
03459737383
03459739737
03459735660
03459734596
03459737749
03459733461
03459734026
03459733436
03459738267
03459736636
03459737957
03459738096
03459736805
03459736436
03459734969
03459734423
03459733887
03459731004
03459734236
03459732306
03459733222
03459738406
03459739133
03459739748
03459737963
03459739086
03459734448
03459737594
03459734262
03459738705
03459734428
03459736910
03459739152
03459737224
03459737212
03459732746
03459733155
03459735350
03459735190
03459738700
03459731819
03459736372
03459733380
03459738756
03459737023
03459734639
03459732833
03459736760
03459739239
03459736991
03459733366
03459735077
03459736515
03459737254
03459731425
03459734848
03459739786
03459734374
03459739577
03459735842
03459734005
03459737931
03459733528
03459731185
03459737652
03459739211
03459737757
03459731677
03459731679
03459738536
03459735813
03459735536
03459736849
03459738229
03459735752
03459734447
03459734088
03459734760
03459737501
03459739466
03459737437
03459733544
03459734075
03459739958
03459731320
03459738307
03459735564
03459739122
03459735977
03459732367
03459732245
03459739851
03459737571
03459739371
03459735427
03459732603
03459735081
03459731177
03459737830
03459734590
03459739665
03459739024
03459735672
03459733857
03459738846
03459739927
03459735489
03459731081
03459736503
03459738464
03459736091
03459737641
03459733576
03459738502
03459737798
03459733372
03459732971
03459736413
03459734508
03459735984
03459735900
03459733419
03459739019
03459731484
03459733605
03459732420
03459738763
03459736259
03459735713
03459739485
03459731043
03459735648
03459734450
03459736717
03459733633
03459734896
03459735864
03459733780
03459733760
03459739930
03459735794
03459736925
03459734805
03459731708
03459737730
03459736180
03459731416
03459735183
03459733040
03459739771
03459737279
03459737476
03459734082
03459739701
03459739832
03459731927
03459734091
03459737458
03459736864
03459734708
03459738921
03459736254
03459734109
03459739612
03459738618
03459732203
03459732140
03459733489
03459735773
03459732094
03459736679
03459732806
03459734296
03459739403
03459735860
03459737893
03459735877
03459734012
03459739438
03459739980
03459739628
03459737420
03459731781
03459734079
03459733928
03459738002
03459731702
03459739467
03459737940
03459736090
03459731476
03459732070
03459738636
03459736565
03459737630
03459736948
03459731505
03459738813
03459737325
03459734669
03459733370
03459738668
03459739753
03459737631
03459734688
03459731597
03459738970
03459738830
03459734908
03459736815
03459734128
03459733152
03459732192
03459736836
03459738124
03459738212
03459735486
03459732626
03459738738
03459736715
03459737924
03459739556
03459738008
03459738934
03459739295
03459737057
03459738246
03459737064
03459737932
03459731167
03459732302
03459738411
03459735411
03459734175
03459737014
03459737869
03459737259
03459737878
03459734661
03459737942
03459735483
03459738276
03459739729
03459732712
03459739418
03459731462
03459737435
03459736186
03459738587
03459737954
03459735445
03459739112
03459731744
03459731970
03459735754
03459737844
03459738882
03459732960
03459739442
03459738424
03459732713
03459734036
03459735114
03459737056
03459734757
03459739768
03459739456
03459734895
03459739565
03459734344
03459738827
03459735602
03459734980
03459733715
03459734795
03459732966
03459736298
03459732430
03459738400
03459731259
03459735566
03459736675
03459735778
03459734982
03459734633
03459738833
03459731304
03459739999
03459736347
03459731429
03459738819
03459738498
03459735399
03459734217
03459731794
03459735096
03459732736
03459737568
03459731756
03459732241
03459738384
03459737980
03459737135
03459735457
03459736414
03459731606
03459736713
03459735796
03459739191
03459732710
03459739116
03459735083
03459735543
03459731823
03459738261
03459734345
03459733446
03459739254
03459736297
03459737567
03459736606
03459736163
03459732829
03459739488
03459734918
03459737792
03459737393
03459737001
03459737498
03459734187
03459735846
03459733585
03459733774
03459739633
03459734582
03459732238
03459736108
03459735717
03459735387
03459735100
03459736596
03459733273
03459734475
03459738310
03459732986
03459738266
03459732239
03459738349
03459737890
03459734333
03459736361
03459737861
03459732219
03459731723
03459738081
03459738045
03459737636
03459732414
03459739671
03459739621
03459731313
03459738787
03459732179
03459736980
03459734154
03459732889
03459738353
03459736265
03459736608
03459739127
03459732573
03459735258
03459735837
03459737956
03459739252
03459732918
03459739526
03459734949
03459735876
03459732886
03459737855
03459733168
03459733377
03459738514
03459735636
03459732061
03459738639
03459733365
03459732730
03459733115
03459733451
03459737769
03459735711
03459737352
03459736701
03459739751
03459736743
03459736956
03459731253
03459737413
03459732595
03459735508
03459732786
03459731798
03459734458
03459731507
03459736752
03459735436
03459735901
03459732723
03459739011
03459733603
03459735639
03459732150
03459737252
03459736291
03459733801
03459737969
03459731440
03459736397
03459739457
03459731807
03459738068
03459731899
03459736217
03459739775
03459738206
03459737868
03459735929
03459736602
03459735755
03459733006
03459735419
03459733838
03459731886
03459733269
03459732143
03459737679
03459737549
03459735045
03459736699
03459733748
03459731062
03459737601
03459739490
03459731716
03459733154
03459733283
03459735972
03459736198
03459736050
03459733730
03459732213
03459739607
03459732379
03459739972
03459736121
03459733256
03459732822
03459732632
03459736730
03459733414
03459738688
03459732845
03459736082
03459738170
03459734253
03459731778
03459734258
03459733022
03459735545
03459738151
03459735154
03459732173
03459738716
03459736152
03459732774
03459733319
03459739782
03459734441
03459735390
03459731348
03459732949
03459739763
03459737577
03459738924
03459733443
03459738430
03459736075
03459733028
03459737200
03459737802
03459731944
03459734271
03459736720
03459736667
03459731456
03459735380
03459738146
03459733663
03459737197
03459733473
03459738239
03459735675
03459732289
03459733306
03459733297
03459731497
03459734731
03459735221
03459734489
03459731667
03459734098
03459732101
03459736724
03459731303
03459732640
03459733124
03459732465
03459736118
03459731980
03459732638
03459732684
03459737720
03459739400
03459738722
03459739892
03459735970
03459734803
03459736100
03459738695
03459739969
03459732687
03459732754
03459738581
03459732768
03459739730
03459738811
03459732469
03459732580
03459737454
03459732604
03459736609
03459734566
03459734231
03459738656
03459736842
03459731022
03459738291
03459736684
03459731493
03459735600
03459732991
03459734568
03459733906
03459734574
03459731604
03459738760
03459738389
03459736301
03459737976
03459732131
03459734536
03459733970
03459732722
03459739872
03459733393
03459733653
03459733648
03459739399
03459737681
03459732790
03459734156
03459737314
03459737960
03459739437
03459738476
03459737086
03459739762
03459738861
03459735155
03459737207
03459733709
03459732162
03459739064
03459733738
03459738632
03459732434
03459739694
03459734685
03459734120
03459731150
03459734897
03459733035
03459732911
03459736887
03459731116
03459735944
03459731445
03459732457
03459733312
03459732566
03459738538
03459733655
03459737450
03459734207
03459738709
03459731010
03459738238
03459736446
03459739938
03459737236
03459733942
03459734157
03459731721
03459735965
03459732628
03459733839
03459733926
03459735507
03459734570
03459736401
03459736382
03459736669
03459736850
03459737125
03459737745
03459734737
03459731262
03459732263
03459739705
03459737067
03459733085
03459738779
03459732244
03459735410
03459736658
03459734630
03459734857
03459734299
03459732944
03459736958
03459738696
03459739978
03459738816
03459739385
03459737058
03459732137
03459737273
03459737356
03459731584
03459733265
03459733501
03459737675
03459737531
03459733379
03459734063
03459732942
03459733721
03459738428
03459733786
03459738848
03459739939
03459731524
03459732369
03459734385
03459734181
03459736040
03459731284
03459731086
03459736366
03459737003
03459731463
03459733121
03459733826
03459733157
03459739446
03459735421
03459733933
03459732086
03459732894
03459736257
03459736666
03459735598
03459738210
03459736142
03459738832
03459735748
03459737403
03459732478
03459737460
03459733899
03459734228
03459736444
03459733854
03459736107
03459731436
03459732258
03459739029
03459734602
03459736912
03459735690
03459737882
03459734198
03459738436
03459735299
03459737892
03459735027
03459736780
03459739124
03459735757
03459733051
03459736423
03459734396
03459735547
03459731192
03459739933
03459735715
03459738232
03459736787
03459734317
03459735587
03459738686
03459732519
03459735650
03459731549
03459739974
03459737671
03459735308
03459734585
03459737174
03459738872
03459737448
03459733231
03459731572
03459732993
03459736982
03459735679
03459739206
03459738879
03459738178
03459732515
03459739993
03459736690
03459739584
03459733862
03459735969
03459731027
03459739143
03459735309
03459739278
03459735210
03459738174
03459734208
03459733076
03459731115
03459739811
03459738523
03459736674
03459733744
03459735333
03459736702
03459734142
03459735238
03459739804
03459738638
03459734792
03459738757
03459737408
03459736171
03459732526
03459734259
03459738231
03459731472
03459738087
03459733480
03459731205
03459738305
03459732293
03459737783
03459738808
03459731471
03459736129
03459737063
03459732704
03459731469
03459738270
03459732945
03459737984
03459731800
03459735441
03459738623
03459731300
03459736235
03459737900
03459735909
03459734505
03459733914
03459735976
03459734390
03459739668
03459736330
03459737318
03459735439
03459735095
03459735551
03459731848
03459737455
03459737167
03459738663
03459732356
03459731056
03459732646
03459732823
03459731609
03459737919
03459732336
03459735240
03459735541
03459733278
03459734893
03459735494
03459734524
03459737394
03459736373
03459734151
03459739440
03459737506
03459732888
03459736248
03459733592
03459738029
03459737555
03459732443
03459735696
03459732600
03459735729
03459731933
03459731743
03459736845
03459734150
03459733444
03459737520
03459732759
03459736307
03459734177
03459736102
03459734138
03459732950
03459737093
03459736904
03459732994
03459733807
03459737358
03459733422
03459739053
03459731655
03459731875
03459733710
03459734037
03459739889
03459734781
03459732797
03459739844
03459731207
03459732292
03459739765
03459732591
03459732222
03459739986
03459735937
03459737285
03459736990
03459734202
03459738490
03459733433
03459737683
03459735349
03459738792
03459739076
03459738370
03459738510
03459732690
03459732275
03459739733
03459733183
03459737513
03459736462
03459732970
03459733809
03459731546
03459734870
03459736196
03459733820
03459737229
03459737484
03459731767
03459734664
03459737672
03459735219
03459732205
03459737447
03459731052
03459732130
03459733499
03459731395
03459737576
03459735359
03459739947
03459739035
03459732151
03459734020
03459736583
03459737605
03459732204
03459738300
03459734973
03459731140
03459731026
03459734513
03459735424
03459737466
03459732502
03459737041
03459734922
03459735222
03459731740
03459731464
03459735078
03459739060
03459738635
03459738717
03459734600
03459737971
03459736967
03459738456
03459733830
03459733054
03459736653
03459734833
03459735344
03459736460
03459736455
03459736931
03459734348
03459738358
03459735412
03459733181
03459736071
03459734420
03459735102
03459735162
03459735556
03459737373
03459736560
03459733508
03459736061
03459731966
03459739977
03459739881
03459737323
03459739830
03459733098
03459736953
03459737008
03459731784
03459734411
03459735848
03459732207
03459739578
03459738762
03459735284
03459734533
03459737462
03459737196
03459732564
03459739497
03459732808
03459731410
03459731083
03459737269
03459735017
03459734193
03459731088
03459734952
03459732592
03459734518
03459735260
03459738458
03459736172
03459735814
03459732955
03459735978
03459738610
03459731276
03459738974
03459735331
03459731264
03459734445
03459732419
03459733313
03459739566
03459731327
03459737022
03459731687
03459735869
03459739739
03459736766
03459736063
03459733323
03459739173
03459737255
03459731556
03459732691
03459735440
03459737073
03459731289
03459738898
03459736749
03459734287
03459739853
03459735432
03459732472
03459735993
03459736042
03459739823
03459732229
03459732533
03459737895
03459737268
03459733026
03459734779
03459737495
03459733573
03459732588
03459736433
03459731531
03459736685
03459735699
03459738584
03459739119
03459735823
03459737372
03459731129
03459731227
03459736564
03459735278
03459731084
03459737168
03459736255
03459733397
03459737202
03459736943
03459734721
03459733661
03459739664
03459731867
03459734484
03459734856
03459737366
03459736998
03459734153
03459732041
03459739741
03459734000
03459733695
03459732548
03459733186
03459733138
03459739519
03459738920
03459736899
03459736273
03459733861
03459737677
03459733015
03459735244
03459731355
03459736338
03459735229
03459739499
03459732085
03459736993
03459731917
03459739953
03459734549
03459735292
03459732169
03459736559
03459734449
03459734414
03459733175
03459732521
03459738488
03459738595
03459739337
03459731969
03459735130
03459731136
03459732773
03459737311
03459732073
03459737836
03459736348
03459735577
03459733687
03459737660
03459733767
03459739312
03459737002
03459736946
03459732014
03459739407
03459737595
03459737301
03459735117
03459733262
03459733898
03459739840
03459734995
03459737850
03459736633
03459738122
03459738186
03459739070
03459731846
03459737180
03459731078
03459732475
03459735820
03459739360
03459735971
03459735514
03459736482
03459733209
03459731485
03459734373
03459735504
03459736019
03459736807
03459738874
03459737470
03459737077
03459739002
03459738944
03459736965
03459734232
03459739473
03459739579
03459738283
03459736320
03459735756
03459732535
03459737926
03459734325
03459735623
03459736364
03459734984
03459738818
03459735742
03459737159
03459738683
03459735039
03459733607
03459735398
03459738453
03459737322
03459732037
03459732395
03459736494
03459735035
03459736902
03459736329
03459731883
03459736386
03459734234
03459732743
03459739183
03459734272
03459733145
03459738564
03459733378
03459732133
03459733959
03459736166
03459735414
03459735193
03459732313
03459737189
03459731460
03459737329
03459731533
03459731685
03459734283
03459733361
03459732891
03459738284
03459731610
03459732655
03459734412
03459735113
03459731508
03459734415
03459732788
03459736833
03459735075
03459735188
03459738077
03459736229
03459731080
03459739842
03459733727
03459736006
03459736212
03459739057
03459732172
03459731782
03459734900
03459736901
03459738056
03459734861
03459732098
03459731753
03459733684
03459737898
03459731397
03459734400
03459739349
03459736867
03459736610
03459735772
03459736205
03459737132
03459734959
03459733049
03459734556
03459735604
03459736876
03459733822
03459732678
03459735355
03459732940
03459738959
03459732633
03459734598
03459735887
03459739299
03459739880
03459734352
03459733090
03459737218
03459736157
03459735829
03459734609
03459731377
03459736863
03459736318
03459737472
03459735938
03459736009
03459738694
03459733271
03459735007
03459738275
03459738181
03459737360
03459734724
03459735265
03459736798
03459736814
03459734804
03459731267
03459734819
03459732682
03459738987
03459732656
03459734180
03459736891
03459738727
03459735498
03459736959
03459733166
03459735468
03459733021
03459736623
03459735903
03459736119
03459739263
03459734292
03459735295
03459738531
03459734814
03459739037
03459738078
03459731432
03459737810
03459732864
03459731514
03459732653
03459733680
03459733327
03459739707
03459737112
03459739091
03459738115
03459731577
03459738348
03459731316
03459731821
03459731891
03459731703
03459738641
03459732394
03459737551
03459736287
03459737867
03459739950
03459734577
03459735459
03459738162
03459733184
03459734844
03459732243
03459732815
03459739340
03459733296
03459739006
03459736176
03459733717
03459732156
03459733497
03459734847
03459731528
03459731922
03459736916
03459732497
03459731002
03459734950
03459736365
03459739757
03459732534
03459738331
03459733415
03459735714
03459734406
03459736977
03459732362
03459735345
03459734697
03459733387
03459737379
03459734335
03459738109
03459739596
03459734369
03459732734
03459739232
03459736240
03459736268
03459732163
03459733841
03459737293
03459736450
03459736439
03459731840
03459733519
03459736442
03459733859
03459732451
03459736576
03459732218
03459737083
03459735118
03459732696
03459738255
03459732331
03459731089
03459732803
03459739098
03459736927
03459733135
03459733694
03459737509
03459736914
03459735539
03459731950
03459737100
03459732496
03459735870
03459738362
03459739663
03459734049
03459735080
03459739293
03459737173
03459738194
03459735082
03459736747
03459733668
03459732741
03459736592
03459733127
03459732890
03459739097
03459737102
03459739825
03459732417
03459739067
03459735852
03459739177
03459735810
03459734526
03459736932
03459732318
03459737511
03459738471
03459735961
03459734431
03459739867
03459738842
03459733245
03459734222
03459738823
03459736181
03459735393
03459735705
03459736955
03459735945
03459734911
03459739714
03459733850
03459737039
03459735905
03459734889
03459736736
03459738028
03459735616
03459733258
03459734419
03459738396
03459731067
03459735394
03459732550
03459738306
03459736922
03459736781
03459731629
03459738913
03459739132
03459735363
03459732618
03459736761
03459733559
03459735247
03459737391
03459733962
03459733953
03459736509
03459732374
03459736194
03459733207
03459733732
03459735843
03459737784
03459734638
03459731560
03459733395
03459737988
03459732932
03459739692
03459732875
03459731306
03459735509
03459738699
03459736497
03459737410
03459736500
03459735819
03459738480
03459731164
03459734407
03459735435
03459738715
03459733070
03459731845
03459734879
03459736588
03459733802
03459739223
03459734627
03459731788
03459735571
03459738053
03459734947
03459734516
03459736970
03459738518
03459738196
03459731000
03459734507
03459737235
03459734983
03459737752
03459733558
03459734807
03459733808
03459737574
03459734257
03459733212
03459732444
03459733921
03459739461
03459731257
03459734072
03459735288
03459739357
03459731553
03459732500
03459733486
03459731616
03459739962
03459739413
03459737092
03459734651
03459733196
03459738086
03459737126
03459737770
03459737996
03459739527
03459732072
03459739056
03459732079
03459736057
03459731015
03459736317
03459733191
03459738161
03459739606
03459739003
03459739247
03459735834
03459737990
03459733751
03459731149
03459731013
03459731771
03459733253
03459736727
03459737292
03459732392
03459731414
03459738566
03459735649
03459737333
03459731035
03459738392
03459731452
03459731224
03459736972
03459737140
03459739834
03459738094
03459731103
03459732824
03459731066
03459733567
03459735043
03459737182
03459735799
03459732401
03459735336
03459733925
03459738658
03459734624
03459732941
03459735191
03459739551
03459735231
03459738578
03459737442
03459737534
03459739696
03459736280
03459739586
03459731735
03459739778
03459731288
03459738589
03459739838
03459736402
03459735992
03459736590
03459735990
03459739270
03459737527
03459731513
03459736599
03459734031
03459731949
03459737697
03459731532
03459735872
03459734245
03459739772
03459733532
03459732277
03459734943
03459732636
03459733272
03459733102
03459733109
03459734425
03459734404
03459732322
03459738640
03459733708
03459731451
03459738263
03459737234
03459739328
03459733947
03459732248
03459738451
03459734038
03459735415
03459731579
03459736305
03459735168
03459731791
03459738657
03459731047
03459739821
03459734890
03459738839
03459734581
03459739210
03459737232
03459738320
03459735269
03459733509
03459734872
03459738329
03459738653
03459738575
03459736491
03459735724
03459731693
03459736797
03459731772
03459739256
03459732613
03459732951
03459735051
03459738441
03459737278
03459737883
03459738796
03459733870
03459738183
03459737828
03459736104
03459736918
03459737035
03459734555
03459732720
03459737669
03459735720
03459731634
03459734131
03459735324
03459734280
03459737915
03459736828
03459731786
03459736988
03459737708
03459737332
03459732620
03459738434
03459735761
03459733943
03459735694
03459735916
03459735849
03459734030
03459739608
03459738985
03459731728
03459738545
03459737195
03459733903
03459735342
03459731521
03459734318
03459738914
03459739702
03459731934
03459739746
03459734444
03459733803
03459733199
03459738369
03459731094
03459738363
03459732066
03459732798
03459731825
03459732177
03459734825
03459738050
03459735133
03459733597
03459733092
03459731554
03459732422
03459738834
03459735764
03459731831
03459736213
03459734667
03459734284
03459738359
03459735786
03459738604
03459737803
03459733275
03459731409
03459739695
03459732141
03459735104
03459739559
03459732252
03459737859
03459735148
03459733364
03459733498
03459733338
03459739220
03459739262
03459731200
03459736465
03459732936
03459731323
03459739445
03459737701
03459739516
03459734979
03459739594
03459735793
03459739816
03459732726
03459736692
03459731640
03459736055
03459739135
03459736672
03459737477
03459738153
03459732004
03459737903
03459733034
03459735862
03459736838
03459733389
03459731954
03459735123
03459732895
03459737907
03459738235
03459732807
03459735632
03459738385
03459733904
03459737975
03459736645
03459738560
03459735495
03459733434
03459732096
03459739378
03459735116
03459733723
03459738312
03459737256
03459739319
03459731542
03459738141
03459736204
03459734693
03459737250
03459732020
03459734384
03459738419
03459735897
03459733503
03459738286
03459733572
03459733740
03459735389
03459735334
03459736389
03459739215
03459738520
03459733027
03459733516
03459737216
03459739998
03459738916
03459731265
03459735490
03459731978
03459737700
03459735596
03459739419
03459736540
03459733237
03459737076
03459735874
03459736829
03459734571
03459733984
03459731613
03459738278
03459736352
03459738925
03459735317
03459731666
03459733733
03459732028
03459738535
03459734386
03459739502
03459738342
03459731525
03459738042
03459733165
03459735915
03459735496
03459734694
03459737642
03459737066
03459738131
03459734931
03459739651
03459735625
03459731318
03459739389
03459735256
03459733930
03459735686
03459731127
03459732357
03459738850
03459737573
03459735791
03459738786
03459734278
03459731405
03459732074
03459738069
03459734841
03459732781
03459732946
03459737493
03459734838
03459736066
03459738691
03459733195
03459736723
03459737909
03459735644
03459733139
03459735914
03459737127
03459733243
03459731036
03459733294
03459734350
03459736056
03459734809
03459734430
03459731896
03459739092
03459735060
03459738909
03459733002
03459736792
03459738447
03459737796
03459737840
03459739196
03459739642
03459739677
03459734249
03459731412
03459738892
03459731587
03459733882
03459738765
03459735866
03459738351
03459736770
03459732251
03459737004
03459734531
03459732418
03459734846
03459735112
03459734990
03459739845
03459739021
03459735612
03459734787
03459732552
03459737647
03459733220
03459735291
03459736168
03459732396
03459735294
03459732909
03459732581
03459733211
03459737208
03459738612
03459732673
03459731287
03459734008
03459738994
03459737949
03459733779
03459733692
03459738269
03459733978
03459736938
03459733832
03459734416
03459739682
03459732135
03459739508
03459734611
03459732265
03459731401
03459731779
03459731813
03459737000
03459737395
03459733638
03459739931
03459732388
03459738512
03459732043
03459736607
03459737071
03459736272
03459737961
03459733376
03459734196
03459737344
03459732990
03459739061
03459735684
03459732378
03459731912
03459736873
03459731269
03459737826
03459734535
03459733299
03459735828
03459731548
03459732027
03459733093
03459734868
03459733490
03459735506
03459734692
03459734740
03459739182
03459736488
03459739734
03459739245
03459733375
03459732973
03459734336
03459736412
03459738395
03459732168
03459739897
03459734617
03459735989
03459738887
03459736406
03459739632
03459737503
03459738465
03459736531
03459733133
03459732423
03459738721
03459732365
03459732016
03459734933
03459736604
03459731490
03459735948
03459736130
03459736031
03459734240
03459733856
03459733193
03459732676
03459731122
03459736855
03459734591
03459731297
03459734905
03459736737
03459734251
03459733248
03459734047
03459736581
03459731064
03459732116
03459733119
03459734498
03459734542
03459738773
03459733872
03459733502
03459732291
03459738338
03459739372
03459734865
03459739172
03459739137
03459734739
03459733404
03459737307
03459736591
03459734752
03459739836
03459739161
03459738281
03459732881
03459731984
03459733362
03459731986
03459731739
03459738134
03459732349
03459733353
03459732902
03459737074
03459731580
03459739386
03459732283
03459734874
03459737443
03459739257
03459736138
03459736528
03459739745
03459734705
03459739611
03459734935
03459737347
03459738929
03459736835
03459733961
03459731003
03459738544
03459738417
03459736394
03459739517
03459732063
03459737581
03459738894
03459737109
03459736016
03459731225
03459737958
03459736929
03459738948
03459733428
03459732738
03459732733
03459733630
03459737967
03459739727
03459735516
03459734194
03459736260
03459738322
03459734397
03459737149
03459737375
03459737010
03459732029
03459736696
03459738918
03459736122
03459731704
03459738877
03459733060
03459737575
03459735806
03459737688
03459736437
03459739789
03459734790
03459731125
03459733386
03459732634
03459732711
03459739576
03459739504
03459736950
03459736525
03459733464
03459739510
03459734032
03459731251
03459739048
03459733604
03459733812
03459732059
03459732868
03459738864
03459734906
03459733487
03459733967
03459734648
03459731516
03459738642
03459734062
03459737746
03459739667
03459739342
03459735610
03459732200
03459736109
03459739670
03459732018
03459735098
03459737388
03459736185
03459739066
03459732570
03459737440
03459739843
03459735606
03459739472
03459737320
03459732558
03459736243
03459734862
03459739269
03459732065
03459739970
03459734964
03459739706
03459737994
03459731611
03459733990
03459735024
03459734813
03459732075
03459739807
03459736376
03459732537
03459736578
03459733669
03459732450
03459736390
03459731492
03459738629
03459732728
03459733778
03459737156
03459737519
03459733032
03459733685
03459735986
03459733818
03459737682
03459738191
03459739366
03459737228
03459738992
03459738637
03459735798
03459733096
03459734783
03459735979
03459735208
03459736819
03459738478
03459734658
03459731760
03459731076
03459737989
03459738883
03459733241
03459735144
03459733280
03459736774
03459736551
03459738895
03459732843
03459734303
03459737374
03459739162
03459739314
03459739992
03459734205
03459738968
03459738570
03459735964
03459737357
03459735207
03459732057
03459736605
03459731834
03459732083
03459738896
03459731591
03459739412
03459732364
03459736889
03459736513
03459739163
03459736978
03459733784
03459739250
03459737276
03459736175
03459732147
03459732464
03459733855
03459739417
03459737483
03459735223
03459739441
03459732290
03459733819
03459735540
03459737078
03459736088
03459735533
03459735911
03459735181
03459739226
03459737733
03459736206
03459739074
03459731254
03459736043
03459731128
03459735521
03459736417
03459731232
03459734557
03459735907
03459732922
03459733008
03459734793
03459739721
03459733069
03459733905
03459739434
03459738744
03459735396
03459735172
03459738602
03459739543
03459736619
03459738097
03459738655
03459732601
03459738573
03459731439
03459738313
03459736768
03459736225
03459732586
03459731170
03459737965
03459735685
03459735575
03459736304
03459734725
03459739585
03459739255
03459736484
03459736004
03459737349
03459737299
03459733460
03459737814
03459731208
03459735013
03459739287
03459732869
03459738912
03459737624
03459731033
03459731483
03459732134
03459731656
03459738025
03459737431
03459739487
03459733720
03459734818
03459737033
03459738841
03459739773
03459732650
03459735252
03459737164
03459734140
03459736418
03459738410
03459734092
03459739052
03459738061
03459734541
03459734820
03459732590
03459737928
03459731230
03459732988
03459734426
03459732223
03459739531
03459734786
03459737487
03459739809
03459736262
03459732372
03459733869
03459737342
03459734720
03459739075
03459735086
03459739105
03459736380
03459738378
03459738485
03459738899
03459732227
03459737611
03459736785
03459737129
03459734018
03459731916
03459733889
03459737478
03459738853
03459739623
03459737901
03459736415
03459737473
03459736764
03459732165
03459739922
03459739436
03459738588
03459733148
03459732198
03459736311
03459739850
03459735426
03459736049
03459735216
03459731179
03459736751
03459734849
03459738840
03459735588
03459735736
03459737812
03459734358
03459733352
03459736120
03459735301
03459737805
03459736480
03459733009
03459733657
03459732052
03459731030
03459734058
03459731199
03459736293
03459733699
03459732896
03459734210
03459737427
03459738418
03459735674
03459738652
03459739929
03459734139
03459739914
03459733374
03459734155
03459731594
03459739369
03459736193
03459739514
03459737242
03459732435
03459733583
03459738799
03459735947
03459738227
03459736377
03459733621
03459733643
03459732919
03459735475
03459736700
03459732403
03459732104
03459737797
03459739796
03459738903
03459735353
03459733239
03459735304
03459731780
03459736687
03459736897
03459736691
03459735647
03459732572
03459738230
03459737620
03459737336
03459736880
03459732272
03459736334
03459734810
03459732873
03459736134
03459736995
03459739503
03459733741
03459733053
03459739802
03459735712
03459736457
03459734806
03459739332
03459734130
03459739027
03459736996
03459737852
03459736279
03459732791
03459737193
03459731444
03459735262
03459739806
03459734625
03459735889
03459739363
03459733147
03459738726
03459734525
03459731908
03459735530
03459739975
03459735021
03459736859
03459738940
03459738059
03459738479
03459733246
03459735177
03459735620
03459739439
03459734767
03459734391
03459731694
03459731946
03459731754
03459739863
03459733335
03459738945
03459731918
03459736553
03459737755
03459737983
03459735583
03459735737
03459731215
03459731617
03459735105
03459739534
03459735605
03459732144
03459737799
03459736190
03459732597
03459731958
03459739911
03459735821
03459738697
03459731278
03459734680
03459734212
03459734329
03459735097
03459739073
03459731806
03459739249
03459737889
03459739025
03459739411
03459738522
03459734118
03459735010
03459737667
03459735892
03459735640
03459731777
03459738619
03459732161
03459732436
03459736534
03459739479
03459736290
03459735204
03459737117
03459735853
03459736526
03459739680
03459736728
03459734068
03459736410
03459738608
03459732755
03459736545
03459738437
03459731593
03459733293
03459738543
03459735272
03459738409
03459732735
03459734206
03459739580
03459731714
03459731855
03459735942
03459735048
03459734550
03459738277
03459739046
03459732220
03459736767
03459731051
03459736218
03459731959
03459733232
03459731137
03459735518
03459736892
03459735659
03459739028
03459731040
03459738707
03459737887
03459735404
03459732225
03459734607
03459738784
03459732167
03459735959
03459731161
03459733316
03459734247
03459738862
03459737616
03459732989
03459737439
03459738529
03459732187
03459731624
03459731682
03459735074
03459739330
03459738156
03459738891
03459733546
03459738336
03459737265
03459732920
03459737762
03459734340
03459737434
03459737922
03459735999
03459739043
03459736219
03459739275
03459732899
03459735161
03459734765
03459738521
03459737496
03459737151
03459735277
03459733276
03459737615
03459734067
03459735910
03459732034
03459734696
03459738649
03459732897
03459734753
03459733701
03459733896
03459738644
03459738922
03459732799
03459733110
03459738881
03459735991
03459731031
03459738781
03459738750
03459739815
03459738454
03459731308
03459736844
03459737390
03459731165
03459736233
03459731428
03459736875
03459732051
03459734185
03459734579
03459737902
03459736512
03459738413
03459733768
03459734914
03459735464
03459734351
03459732166
03459731746
03459737284
03459738734
03459736095
03459733579
03459733439
03459731804
03459737945
03459739054
03459737662
03459733865
03459738089
03459734519
03459736913
03459736046
03459733539
03459738341
03459736093
03459733039
03459738998
03459737362
03459737499
03459732594
03459736979
03459731191
03459734462
03459736360
03459735822
03459736659
03459731599
03459732725
03459737444
03459739195
03459734214
03459737490
03459735046
03459737345
03459733533
03459732467
03459732885
03459734621
03459738868
03459733626
03459736848
03459734494
03459739435
03459738167
03459733284
03459736577
03459736930
03459733561
03459736144
03459731173
03459733892
03459735572
03459732937
03459734967
03459737089
03459739292
03459733907
03459734921
03459735568
03459734403
03459731368
03459732455
03459732850
03459733031
03459735268
03459733525
03459736877
03459733948
03459731938
03459737754
03459737270
03459737286
03459731881
03459739197
03459731461
03459735202
03459735528
03459733282
03459732598
03459739304
03459734440
03459737105
03459736812
03459733689
03459734266
03459733185
03459739409
03459737668
03459731441
03459733562
03459737772
03459737166
03459737368
03459739059
03459735765
03459734709
03459734866
03459732538
03459738759
03459737648
03459736299
03459734643
03459733214
03459732242
03459735452
03459739617
03459734281
03459731639
03459739770
03459733670
03459735913
03459733116
03459734595
03459739573
03459734159
03459732256
03459736618
03459733357
03459735682
03459732215
03459732273
03459737084
03459734558
03459736224
03459736816
03459738911
03459737005
03459732921
03459738319
03459735570
03459736712
03459736008
03459736529
03459739747
03459736073
03459737387
03459734880
03459731715
03459738685
03459735624
03459738567
03459732440
03459733935
03459739926
03459739365
03459732685
03459733197
03459737445
03459731820
03459736722
03459732568
03459731644
03459735840
03459736686
03459733610
03459732426
03459737334
03459732489
03459736817
03459735503
03459737538
03459733512
03459736470
03459733226
03459738986
03459738393
03459738800
03459734968
03459736642
03459733843
03459736549
03459734252
03459732076
03459734363
03459739146
03459738622
03459735014
03459731352
03459734326
03459736799
03459738807
03459739907
03459731059
03459739213
03459739341
03459732658
03459737885
03459736511
03459737061
03459738215
03459732461
03459738126
03459738195
03459735538
03459736178
03459737640
03459731874
03459734660
03459739364
03459737835
03459738854
03459735135
03459731017
03459735149
03459735766
03459733580
03459731700
03459731768
03459733136
03459734338
03459734176
03459735405
03459739390
03459739351
03459737526
03459731573
03459737997
03459735300
03459736132
03459733912
03459739410
03459732976
03459731607
03459732231
03459736522
03459731424
03459735335
03459735131
03459735871
03459735689
03459735187
03459733449
03459739934
03459736554
03459735783
03459733575
03459732338
03459737966
03459739912
03459735592
03459738279
03459733164
03459737012
03459739935
03459735788
03459734054
03459734220
03459735702
03459738728
03459732307
03459738599
03459733333
03459735692
03459733977
03459732856
03459739268
03459734265
03459735831
03459739513
03459736434
03459734863
03459736989
03459732499
03459731562
03459737795
03459737873
03459735658
03459732259
03459737564
03459739222
03459738806
03459735246
03459736703
03459735470
03459739185
03459738751
03459736519
03459731175
03459737113
03459734004
03459737027
03459739214
03459736177
03459738357
03459733367
03459732954
03459731526
03459738606
03459735296
03459733571
03459739491
03459734267
03459739427
03459738132
03459733688
03459732294
03459739876
03459735500
03459737558
03459734480
03459734395
03459739481
03459734178
03459738182
03459731565
03459738617
03459736346
03459736231
03459736976
03459733541
03459737507
03459733010
03459739891
03459733586
03459736597
03459732907
03459739679
03459737894
03459732186
03459737046
03459731263
03459739125
03459732340
03459739393
03459732811
03459734884
03459733081
03459739281
03459739835
03459737272
03459731119
03459737992
03459734547
03459734588
03459739448
03459732731
03459735274
03459731146
03459731489
03459733068
03459734045
03459739597
03459734636
03459734148
03459731126
03459738938
03459734305
03459736139
03459735635
03459738559
03459732577
03459737874
03459734712
03459732458
03459731815
03459739520
03459734161
03459735789
03459737676
03459739062
03459735063
03459739984
03459739638
03459733326
03459738145
03459734626
03459737719
03459737781
03459731664
03459736919
03459732661
03459738092
03459731895
03459738591
03459738365
03459732876
03459731305
03459737331
03459737244
03459738973
03459736015
03459734493
03459731019
03459736456
03459732561
03459739893
03459739016
03459735266
03459734912
03459738735
03459736986
03459736971
03459733594
03459734689
03459736249
03459734454
03459734842
03459736476
03459739716
03459733756
03459739674
03459734829
03459735110
03459737072
03459739932
03459738067
03459732879
03459733324
03459735259
03459731838
03459733649
03459736220
03459734509
03459739766
03459732716
03459732510
03459737718
03459733417
03459732105
03459731608
03459736851
03459739898
03459733662
03459731392
03459739829
03459738102
03459739370
03459732820
03459738541
03459739382
03459736865
03459737721
03459734443
03459735578
03459734650
03459739343
03459737619
03459737731
03459734913
03459731256
03459738020
03459738470
03459731037
03459739987
03459732320
03459736395
03459734263
03459733314
03459739521
03459737386
03459737017
03459731812
03459731540
03459732439
03459739567
03459733581
03459738382
03459732226
03459739274
03459739219
03459738960
03459734916
03459736846
03459736037
03459735931
03459732602
03459739285
03459738199
03459732837
03459735180
03459739572
03459736530
03459731393
03459738033
03459738860
03459733650
03459739475
03459733530
03459735164
03459737384
03459739989
03459737253
03459735042
03459732556
03459736469
03459737817
03459739072
03459735550
03459738555
03459732281
03459737586
03459738022
03459732012
03459736517
03459732009
03459734608
03459737162
03459734634
03459731622
03459731219
03459734881
03459739822
03459734432
03459738936
03459737578
03459735645
03459737880
03459734307
03459733951
03459737853
03459738040
03459736662
03459738732
03459734754
03459733153
03459737948
03459738075
03459731209
03459733794
03459731929
03459738225
03459736790
03459732228
03459733909
03459736286
03459732326
03459731229
03459732961
03459734578
03459736013
03459734028
03459733061
03459735956
03459731911
03459738770
03459739624
03459737778
03459731850
03459731550
03459737665
03459738785
03459732574
03459733542
03459738740
03459733920
03459735463
03459735023
03459737098
03459734772
03459731566
03459738493
03459731861
03459732078
03459731110
03459733866
03459736428
03459736896
03459733337
03459731104
03459736149
03459736507
03459737823
03459735233
03459737545
03459736826
03459735805
03459735433
03459732157
03459736777
03459731904
03459735804
03459732053
03459732312
03459739148
03459731915
03459733949
03459733919
03459738946
03459736615
03459731818
03459732947
03459733944
03459732614
03459734733
03459732285
03459739610
03459736917
03459734096
03459734362
03459738117
03459739599
03459733595
03459731737
03459736487
03459739903
03459731766
03459739338
03459738108
03459731317
03459738768
03459739630
03459734339
03459737150
03459734237
03459738249
03459735920
03459733448
03459733347
03459731376
03459736323
03459737775
03459734830
03459736292
03459739524
03459737579
03459731058
03459735988
03459733994
03459733045
03459732962
03459739968
03459734288
03459734587
03459732250
03459733003
03459734357
03459737154
03459732629
03459738537
03459737759
03459735902
03459736809
03459732901
03459735127
03459733938
03459735084
03459739570
03459733178
03459733742
03459734410
03459738847
03459731092
03459737087
03459731736
03459732257
03459736895
03459737687
03459733996
03459738228
03459738091
03459734539
03459739204
03459735016
03459739071
03459739261
03459733493
03459733770
03459732309
03459738218
03459737367
03459737042
03459736385
03459737131
03459734166
03459734552
03459738129
03459734200
03459737396
03459734496
03459738175
03459739373
03459736650
03459736719
03459735510
03459733554
03459736827
03459738676
03459734647
03459736135
03459731561
03459736409
03459731578
03459732429
03459736523
03459737136
03459739515
03459733427
03459731960
03459737446
03459731366
03459732619
03459734523
03459734722
03459739242
03459734522
03459731073
03459734269
03459732827
03459736492
03459737529
03459734319
03459739583
03459735994
03459732695
03459731270
03459738633
03459736893
03459732877
03459736483
03459731543
03459736478
03459733790
03459736871
03459735056
03459737280
03459734730
03459733891
03459739785
03459735004
03459739690
03459736062
03459739890
03459735885
03459737863
03459736593
03459736624
03459731827
03459731273
03459736253
03459731645
03459739529
03459736003
03459733739
03459731106
03459732846
03459731344
03459739358
03459732910
03459738443
03459738540
03459737288
03459731168
03459731653
03459732381
03459738615
03459733722
03459735582
03459738954
03459736671
03459737650
03459732246
03459732158
03459737015
03459737044
03459734540
03459732184
03459737266
03459738917
03459735527
03459739187
03459738965
03459737876
03459733622
03459732452
03459736572
03459739111
03459736796
03459738634
03459737706
03459738837
03459738703
03459736431
03459738010
03459739900
03459736126
03459732752
03459731391
03459731144
03459738684
03459731769
03459735379
03459734923
03459735585
03459736490
03459737743
03459738149
03459736261
03459737821
03459732351
03459733267
03459735781
03459731301
03459739936
03459735030
03459731437
03459739344
03459732783
03459733251
03459732276
03459731750
03459739864
03459735987
03459733322
03459735008
03459738422
03459735446
03459732584
03459731544
03459735838
03459736306
03459735985
03459739324
03459735038
03459737099
03459735218
03459733510
03459732929
03459731707
03459731418
03459734465
03459736161
03459734704
03459739558
03459737465
03459733879
03459734343
03459735372
03459736697
03459738321
03459733991
03459732512
03459734644
03459739878
03459733888
03459734859
03459735734
03459732761
03459735368
03459731625
03459731894
03459736192
03459733423
03459731581
03459735332
03459733577
03459731925
03459738084
03459735549
03459734179
03459737521
03459731359
03459737310
03459732747
03459733238
03459739396
03459735213
03459737854
03459737982
03459731774
03459732715
03459735198
03459731079
03459731153
03459732825
03459734764
03459732560
03459739107
03459733063
03459736266
03459739178
03459734789
03459734035
03459738777
03459734594
03459738932
03459739615
03459735768
03459739588
03459734632
03459735428
03459731311
03459739728
03459734907
03459734501
03459732301
03459737838
03459735576
03459736740
03459734564
03459731671
03459732474
03459735020
03459735106
03459739833
03459735311
03459731628
03459734703
03459734920
03459735310
03459733105
03459735450
03459734025
03459736096
03459734512
03459735899
03459737858
03459737831
03459737491
03459738416
03459739117
03459738207
03459735894
03459736210
03459737699
03459738469
03459737124
03459737024
03459739136
03459733485
03459737245
03459736222
03459737742
03459737016
03459735290
03459732770
03459735273
03459739861
03459736332
03459735373
03459739272
03459731356
03459734093
03459739388
03459737438
03459733651
03459734718
03459734998
03459731955
03459737230
03459734346
03459737639
03459735462
03459737457
03459738152
03459738223
03459733696
03459734929
03459732693
03459739525
03459737351
03459737398
03459739420
03459732128
03459733311
03459734090
03459732298
03459738408
03459733216
03459731400
03459736300
03459735192
03459732779
03459733062
03459734057
03459734146
03459734061
03459735925
03459733560
03459736822
03459737157
03459735522
03459737811
03459737735
03459731243
03459738814
03459731541
03459737723
03459737789
03459734977
03459738737
03459731680
03459734992
03459734347
03459737864
03459739703
03459732669
03459738250
03459733159
03459736393
03459735878
03459734665
03459734238
03459734275
03459738551
03459732794
03459735225
03459736422
03459736271
03459734823
03459735141
03459731841
03459733463
03459733058
03459738031
03459734586
03459732667
03459733690
03459738027
03459733724
03459739225
03459734766
03459734499
03459737405
03459733998
03459731434
03459735795
03459737678
03459736909
03459732630
03459737104
03459735493
03459732159
03459731501
03459735189
03459733025
03459737736
03459738166
03459738193
03459736933
03459738003
03459739471
03459738692
03459735797
03459735519
03459737441
03459732708
03459736499
03459739700
03459733515
03459738937
03459733629
03459736226
03459737696
03459734674
03459739856
03459732963
03459735347
03459732599
03459734376
03459732122
03459738354
03459736586
03459735476
03459731939
03459739661
03459733134
03459736734
03459739860
03459736283
03459734224
03459731357
03459731517
03459738302
03459739983
03459735224
03459732616
03459738648
03459735586
03459731363
03459733065
03459739276
03459737199
03459732139
03459736688
03459733969
03459738324
03459731012
03459731147
03459738497
03459734043
03459732387
03459731449
03459733639
03459734551
03459739871
03459734077
03459734379
03459738405
03459738858
03459736153
03459737929
03459732701
03459735597
03459738446
03459732412
03459731668
03459733037
03459739084
03459731732
03459736810
03459736167
03459731734
03459732262
03459738794
03459736340
03459737829
03459735481
03459734354
03459733083
03459736124
03459739391
03459737459
03459738177
03459733620
03459735019
03459737069
03459732237
03459731761
03459738034
03459733334
03459734468
03459735366
03459731545
03459735544
03459733646
03459732615
03459736154
03459731053
03459733599
03459735851
03459738733
03459732117
03459735157
03459734656
03459736585
03459736631
03459733004
03459734960
03459739474
03459739114
03459734691
03459735815
03459738526
03459733229
03459733640
03459734332
03459735622
03459735525
03459735943
03459735638
03459736011
03459734464
03459736034
03459734375
03459739123
03459734560
03459734327
03459737203
03459738672
03459731101
03459739087
03459736824
03459733712
03459739318
03459732501
03459734785
03459731921
03459737914
03459736498
03459735103
03459739118
03459736923
03459735895
03459739754
03459738080
03459736718
03459736461
03459733810
03459738379
03459736316
03459738910
03459733989
03459735802
03459737052
03459738404
03459733776
03459733400
03459736945
03459735706
03459737497
03459739965
03459733840
03459733735
03459739151
03459738719
03459731873
03459733997
03459735952
03459738585
03459736274
03459739676
03459733963
03459737186
03459734074
03459738590
03459734399
03459738670
03459736313
03459738414
03459731285
03459733325
03459733450
03459734652
03459735375
03459737188
03459736014
03459732995
03459737981
03459734453
03459739635
03459739398
03459735327
03459739639
03459734988
03459736725
03459738981
03459735780
03459733929
03459736379
03459732576
03459739855
03459739034
03459736264
03459737612
03459735739
03459736869
03459737808
03459733329
03459738268
03459733215
03459732350
03459732089
03459735062
03459736039
03459731018
03459732871
03459738673
03459731283
03459737308
03459733018
03459736068
03459735472
03459738724
03459738083
03459734087
03459731569
03459738679
03459739361
03459737766
03459733972
03459738142
03459732596
03459738939
03459738154
03459738977
03459732193
03459737614
03459735569
03459735621
03459738190
03459737013
03459739405
03459737163
03459738499
03459736975
03459739131
03459734735
03459731098
03459738450
03459733475
03459739736
03459736358
03459732267
03459731212
03459738203
03459732717
03459732532
03459735156
03459735975
03459731271
03459738947
03459735029
03459731151
03459735671
03459738058
03459734016
03459731535
03459736620
03459737655
03459734714
03459737277
03459734743
03459739237
03459738772
03459737705
03459731374
03459734086
03459735227
03459735197
03459732323
03459734510
03459737291
03459732110
03459732342
03459739047
03459733029
03459735036
03459738698
03459739710
03459734225
03459734811
03459738926
03459733642
03459732050
03459732390
03459732766
03459737451
03459738462
03459737184
03459737298
03459734622
03459733569
03459734094
03459736424
03459732956
03459737282
03459738219
03459732413
03459734671
03459733788
03459738600
03459738051
03459739077
03459732583
03459735763
03459737626
03459732375
03459736147
03459739228
03459734832
03459739464
03459739093
03459736327
03459734165
03459736648
03459733513
03459732106
03459736048
03459737535
03459731085
03459735239
03459732729
03459731430
03459732948
03459735523
03459737461
03459736282
03459734435
03459734457
03459732953
03459734538
03459733825
03459734887
03459731842
03459731928
03459733420
03459733791
03459735214
03459731529
03459736516
03459731964
03459738532
03459736547
03459734034
03459739069
03459733453
03459736508
03459731020
03459737479
03459732905
03459731183
03459731319
03459733754
03459733149
03459733046
03459736613
03459734966
03459732923
03459736589
03459738299
03459733310
03459737346
03459737123
03459731180
03459739549
03459735941
03459733401
03459737206
03459737628
03459737348
03459732793
03459733518
03459736022
03459733673
03459735241
03459733137
03459733281
03459738993
03459734534
03459737685
03459731268
03459739383
03459737764
03459734084
03459733527
03459732916
03459737176
03459737191
03459737359
03459732153
03459735886
03459731408
03459737714
03459732107
03459739731
03459731711
03459732060
03459739260
03459734744
03459739808
03459732763
03459735249
03459738065
03459735922
03459736840
03459738076
03459736127
03459736276
03459738741
03459733960
03459733368
03459735678
03459738391
03459733072
03459732344
03459738650
03459738817
03459733873
03459732148
03459734042
03459733860
03459734314
03459734871
03459731487
03459732648
03459734695
03459736898
03459733381
03459735628
03459734297
03459737085
03459737094
03459733307
03459734495
03459739320
03459739812
03459739321
03459737482
03459737428
03459731171
03459731291
03459737871
03459733188
03459733041
03459737865
03459731621
03459737543
03459731063
03459731007
03459731689
03459733445
03459736000
03459731419
03459732373
03459735388
03459739049
03459734121
03459737693
03459737740
03459739424
03459738046
03459732924
03459736489
03459737223
03459732221
03459737095
03459731699
03459736882
03459738209
03459738689
03459735619
03459731325
03459736818
03459736374
03459734763
03459731859
03459731123
03459734528
03459732484
03459733890
03459739234
03459733455
03459737065
03459731803
03459737239
03459732904
03459739022
03459733457
03459732523
03459735236
03459735957
03459732353
03459735497
03459737145
03459737937
03459733410
03459738553
03459739522
03459739482
03459731071
03459731530
03459732972
03459733495
03459732606
03459739544
03459731107
03459735681
03459733900
03459737407
03459733287
03459733979
03459737324
03459732571
03459736387
03459731281
03459735779
03459731547
03459733340
03459731775
03459731354
03459734451
03459738137
03459739099
03459737627
03459733945
03459736232
03459738491
03459737508
03459732432
03459732567
03459733078
03459736427
03459733227
03459733254
03459733531
03459735314
03459732347
03459732124
03459738143
03459735774
03459738571
03459732672
03459733557
03459738005
03459731839
03459734886
03459734289
03459739814
03459737782
03459738795
03459734309
03459736496
03459738900
03459736324
03459737319
03459734152
03459739452
03459738774
03459733456
03459738565
03459732114
03459735200
03459732520
03459737566
03459737480
03459738713
03459731099
03459735856
03459739307
03459737502
03459733755
03459739040
03459735807
03459734476
03459738346
03459737107
03459733952
03459736441
03459735175
03459738113
03459731131
03459731060
03459737233
03459732352
03459731759
03459739036
03459738489
03459736651
03459733182
03459735676
03459735228
03459736847
03459736370
03459738950
03459732123
03459738494
03459735302
03459735194
03459735146
03459731220
03459739198
03459737542
03459737221
03459738189
03459738516
03459738473
03459738240
03459732608
03459731863
03459739909
03459732494
03459739157
03459738569
03459737096
03459734690
03459734040
03459739284
03459738090
03459739374
03459738867
03459732103
03459733983
03459737031
03459733545
03459738646
03459739697
03459733430
03459739000
03459731417
03459739158
03459739058
03459731583
03459734312
03459733285
03459738237
03459734710
03459736900
03459733728
03459731145
03459736244
03459732428
03459739831
03459734360
03459739866
03459737452
03459739465
03459734925
03459737192
03459734784
03459732543
03459737837
03459735068
03459733922
03459737985
03459731307
03459738548
03459735430
03459734749
03459737912
03459731884
03459733288
03459739501
03459738771
03459736639
03459731142
03459737818
03459738407
03459733816
03459738904
03459737514
03459734715
03459734189
03459737908
03459735283
03459732415
03459731201
03459738893
03459738897
03459736769
03459732112
03459733106
03459732127
03459734055
03459732772
03459737309
03459739959
03459738731
03459737214
03459736820
03459735289
03459738621
03459735818
03459734188
03459736524
03459738890
03459731190
03459739901
03459738885
03459737794
03459739145
03459738327
03459736709
03459739824
03459733893
03459736294
03459733128
03459733506
03459738236
03459732529
03459735232
03459734758
03459735770
03459738412
03459732084
03459731971
03459738071
03459738372
03459733674
03459732360
03459735367
03459734364
03459732115
03459735567
03459736125
03459739981
03459732509
03459732023
03459731835
03459739915
03459735520
03459732449
