03008754566
03008755023
03008752199
03008754004
03008754143
03008755435
03008754911
03008752277
03008758731
03008756797
03008754819
03008754287
03008756781
03008759030
03008757728
03008758973
03008755871
03008752580
03008757312
03008756513
03008751593
03008754412
03008752323
03008752535
03008757125
03008756318
03008757760
03008751126
03008759613
03008756881
03008755449
03008754723
03008757706
03008756157
03008752204
03008754875
03008754843
03008759669
03008756193
03008756039
03008759322
03008754219
03008751648
03008758138
03008751199
03008759888
03008759922
03008757889
03008758279
03008754059
03008752061
03008752972
03008751444
03008751680
03008751608
03008758310
03008758593
03008754517
03008759285
03008759117
03008759915
03008759370
03008759563
03008759075
03008758885
03008751571
03008756769
03008757736
03008757642
03008755553
03008755089
03008756535
03008754397
03008755925
03008756429
03008757837
03008753236
03008751334
03008755917
03008751390
03008752661
03008754733
03008759534
03008754712
03008753267
03008756532
03008751076
03008751675
03008756754
03008754304
03008752278
03008758574
03008752124
03008751003
03008758350
03008751120
03008757283
03008753227
03008756416
03008751741
03008757419
03008755521
03008754909
03008751005
03008757211
03008752385
03008752163
03008756679
03008756048
03008757783
03008753997
03008757979
03008756902
03008754342
03008759351
03008756858
03008756246
03008751204
03008756565
03008758644
03008758799
03008754885
03008752230
03008758397
03008755822
03008753800
03008755426
03008759487
03008752116
03008754051
03008752689
03008754974
03008757313
03008754013
03008759803
03008759517
03008756055
03008754146
03008758913
03008754996
03008752421
03008754298
03008751671
03008757782
03008751651
03008751492
03008754874
03008759554
03008752023
03008759850
03008753097
03008758619
03008752678
03008752608
03008751388
03008758584
03008756736
03008757192
03008753931
03008753731
03008751308
03008753005
03008755982
03008757028
03008755338
03008757055
03008756728
03008751672
03008757057
03008757651
03008753648
03008758093
03008752464
03008751924
03008754098
03008754150
03008756018
03008753775
03008757995
03008757242
03008754496
03008755123
03008757822
03008758694
03008753377
03008756909
03008754667
03008755561
03008752177
03008757803
03008756774
03008758689
03008758998
03008751293
03008755689
03008756313
03008754436
03008758145
03008757881
03008754965
03008759448
03008758171
03008758509
03008757237
03008752566
03008752960
03008759197
03008756689
03008759234
03008758159
03008758334
03008751960
03008759930
03008759818
03008757005
03008751496
03008755474
03008755844
03008751319
03008753774
03008752925
03008752805
03008758461
03008755264
03008757462
03008753558
03008759097
03008756615
03008755701
03008752924
03008758374
03008758167
03008755206
03008756370
03008758400
03008757429
03008752995
03008759216
03008758606
03008759455
03008758356
03008753411
03008757529
03008752419
03008754352
03008754506
03008758326
03008753469
03008756724
03008753603
03008759206
03008754396
03008757828
03008755703
03008758776
03008757301
03008755498
03008755639
03008757592
03008752619
03008754940
03008754957
03008759785
03008753559
03008751418
03008759576
03008758500
03008756257
03008757238
03008751234
03008754319
03008754568
03008759393
03008752845
03008753110
03008759051
03008755739
03008752232
03008756199
03008754770
03008758960
03008758542
03008752696
03008758652
03008755693
03008753718
03008752966
03008752492
03008756836
03008753416
03008758454
03008757743
03008752252
03008757597
03008756907
03008751299
03008754968
03008756364
03008757972
03008753259
03008756310
03008757844
03008754456
03008752388
03008756587
03008756821
03008756879
03008752708
03008758757
03008755015
03008751205
03008755944
03008755016
03008758722
03008752807
03008752539
03008754272
03008758741
03008757483
03008751152
03008753188
03008755512
03008758103
03008753862
03008754439
03008757263
03008755732
03008758405
03008755282
03008756386
03008751237
03008751329
03008756379
03008755670
03008759956
03008759696
03008752728
03008751047
03008751652
03008755930
03008758185
03008752161
03008757927
03008752092
03008759230
03008752593
03008752107
03008755370
03008754656
03008753864
03008756875
03008758483
03008752959
03008752439
03008755444
03008753025
03008756609
03008755212
03008759734
03008752335
03008751570
03008751209
03008757893
03008753071
03008757527
03008751243
03008759545
03008753860
03008752173
03008755676
03008754063
03008755102
03008757804
03008751758
03008753175
03008751015
03008756151
03008757372
03008754453
03008757895
03008752711
03008757516
03008756670
03008756119
03008756439
03008756196
03008755849
03008756718
03008754199
03008756159
03008755066
03008751663
03008754127
03008754197
03008754318
03008753015
03008757282
03008758376
03008755221
03008758459
03008757074
03008756558
03008751320
03008753964
03008756755
03008759997
03008755179
03008754572
03008754340
03008758715
03008757420
03008755976
03008759827
03008753803
03008754512
03008751086
03008752113
03008755598
03008751512
03008756888
03008751954
03008753053
03008751438
03008751584
03008755429
03008759140
03008754922
03008751448
03008752370
03008759365
03008759637
03008754529
03008756295
03008756393
03008759962
03008754201
03008755799
03008755056
03008756483
03008759856
03008755603
03008755594
03008757455
03008755829
03008754135
03008758182
03008752860
03008754002
03008755046
03008754431
03008752010
03008751143
03008755317
03008758413
03008754930
03008753124
03008758517
03008756345
03008758054
03008756338
03008755297
03008757507
03008758118
03008751123
03008757911
03008759798
03008758015
03008755028
03008757334
03008752097
03008757450
03008755843
03008751250
03008757973
03008754567
03008759093
03008757639
03008759509
03008755363
03008754591
03008754285
03008755250
03008754644
03008755788
03008754186
03008756226
03008751339
03008759258
03008757539
03008753995
03008752158
03008757064
03008757710
03008753011
03008753061
03008755987
03008757096
03008759913
03008753692
03008759473
03008757163
03008756956
03008756302
03008751163
03008755811
03008756835
03008752691
03008751747
03008755198
03008753222
03008752868
03008756479
03008752123
03008758929
03008753828
03008758802
03008758192
03008758303
03008757254
03008755815
03008757503
03008751382
03008754301
03008757368
03008756448
03008759375
03008754573
03008753001
03008754371
03008751557
03008755170
03008758625
03008753912
03008757884
03008755063
03008752423
03008754848
03008752247
03008756959
03008753842
03008754842
03008758148
03008754131
03008751215
03008756192
03008759155
03008755500
03008751170
03008759908
03008751141
03008758798
03008759780
03008751509
03008753508
03008753316
03008757174
03008752197
03008758850
03008751310
03008753498
03008755017
03008753738
03008755769
03008753455
03008755006
03008758856
03008753661
03008756540
03008757768
03008759220
03008752316
03008757217
03008753357
03008756809
03008755215
03008756056
03008754000
03008758716
03008752771
03008759085
03008759108
03008756953
03008752036
03008751531
03008755073
03008754761
03008754991
03008753531
03008755224
03008754650
03008759114
03008756213
03008757476
03008755905
03008758860
03008759731
03008757714
03008754901
03008752284
03008755137
03008753240
03008753741
03008754288
03008758070
03008756099
03008753817
03008755387
03008753634
03008755253
03008757307
03008754781
03008752246
03008756859
03008758456
03008751177
03008753342
03008753733
03008751923
03008759933
03008754094
03008758669
03008753008
03008752544
03008754570
03008753202
03008755880
03008756355
03008756325
03008756286
03008753814
03008753947
03008752042
03008755367
03008752664
03008753965
03008755432
03008751256
03008759374
03008751356
03008758277
03008757916
03008759868
03008756867
03008759354
03008759020
03008754728
03008755518
03008755998
03008755790
03008758190
03008756468
03008751196
03008759718
03008754868
03008755095
03008757936
03008754483
03008757279
03008758928
03008751020
03008751759
03008752912
03008756413
03008755809
03008759767
03008756490
03008758677
03008754720
03008754730
03008754628
03008754701
03008756334
03008756860
03008756175
03008758846
03008752296
03008757478
03008751810
03008754171
03008752946
03008753319
03008754890
03008754077
03008759349
03008756895
03008758901
03008755107
03008756442
03008752606
03008758918
03008754840
03008756230
03008759299
03008756290
03008756568
03008758534
03008753446
03008758308
03008758600
03008752119
03008759463
03008755433
03008754602
03008751638
03008757731
03008756154
03008755357
03008759829
03008753234
03008755381
03008757732
03008755800
03008751226
03008754253
03008757256
03008755996
03008754096
03008751195
03008752556
03008758826
03008758322
03008757603
03008757929
03008756889
03008752243
03008756581
03008757635
03008755644
03008751008
03008758004
03008757109
03008755560
03008753145
03008753639
03008755921
03008758835
03008758240
03008756823
03008751051
03008754504
03008759329
03008757110
03008758292
03008754035
03008759802
03008759264
03008753114
03008753248
03008755599
03008754633
03008751361
03008759018
03008755581
03008754198
03008756249
03008759976
03008758887
03008758536
03008758049
03008751623
03008755186
03008752401
03008756191
03008758767
03008758712
03008753254
03008758649
03008755420
03008755529
03008757189
03008756243
03008757040
03008757218
03008755007
03008753898
03008759711
03008753244
03008757306
03008755453
03008753881
03008757818
03008755485
03008757474
03008751726
03008754041
03008751074
03008751558
03008755968
03008751279
03008757940
03008755450
03008754708
03008752101
03008755268
03008751089
03008756852
03008757693
03008757718
03008758409
03008758389
03008754321
03008751800
03008756537
03008756732
03008751580
03008753083
03008754168
03008753804
03008754794
03008752079
03008758514
03008751528
03008754607
03008754846
03008754454
03008755631
03008755761
03008759277
03008759556
03008759189
03008757610
03008757975
03008756217
03008752673
03008751912
03008753153
03008758398
03008751151
03008753742
03008754036
03008759977
03008752885
03008757111
03008752629
03008751395
03008753975
03008752575
03008755323
03008756006
03008752847
03008753263
03008752777
03008758113
03008758559
03008752522
03008751018
03008751110
03008758927
03008758756
03008754482
03008753679
03008752121
03008753609
03008758139
03008755653
03008757390
03008755141
03008758900
03008756560
03008756214
03008753642
03008753277
03008757260
03008757277
03008759409
03008759134
03008758982
03008754593
03008755875
03008752631
03008755109
03008755585
03008754614
03008758402
03008756210
03008752462
03008757786
03008755835
03008752459
03008754945
03008755140
03008752037
03008753151
03008757124
03008759910
03008757380
03008752117
03008754549
03008752712
03008754756
03008751721
03008753640
03008756402
03008751032
03008754626
03008753546
03008754240
03008758234
03008754527
03008751039
03008758988
03008754685
03008758427
03008758164
03008751183
03008758331
03008752120
03008755240
03008756258
03008758260
03008754682
03008758495
03008758082
03008752396
03008752893
03008757197
03008752569
03008754053
03008755821
03008751430
03008753160
03008752288
03008758218
03008756906
03008756336
03008758624
03008756085
03008751734
03008757470
03008752694
03008751751
03008756591
03008752874
03008751520
03008751161
03008756454
03008759021
03008756366
03008758863
03008755745
03008752229
03008753304
03008753698
03008751791
03008759870
03008754544
03008752668
03008755267
03008755876
03008752964
03008753630
03008755213
03008758904
03008757634
03008756525
03008757212
03008756263
03008757631
03008758111
03008754237
03008752355
03008754322
03008751048
03008752891
03008759367
03008752408
03008756794
03008753424
03008752473
03008752471
03008753031
03008754925
03008757939
03008759943
03008757599
03008752062
03008757207
03008759017
03008757573
03008759244
03008756306
03008752257
03008758820
03008753095
03008759840
03008759945
03008755966
03008752520
03008755193
03008759461
03008757468
03008758821
03008757740
03008755176
03008758472
03008752451
03008751158
03008758458
03008755872
03008757986
03008756582
03008759612
03008753737
03008759056
03008759848
03008753521
03008755078
03008754741
03008759312
03008751773
03008752528
03008756505
03008754234
03008755464
03008752149
03008752475
03008758778
03008752030
03008757523
03008758263
03008757082
03008758085
03008757848
03008756385
03008756111
03008753258
03008752038
03008756207
03008752671
03008755939
03008752389
03008754079
03008757106
03008751519
03008757962
03008754653
03008754224
03008758034
03008757244
03008755836
03008754106
03008759416
03008757026
03008752325
03008758548
03008755257
03008757698
03008756993
03008756893
03008754248
03008754203
03008753694
03008756321
03008759595
03008751562
03008751738
03008759524
03008751140
03008754698
03008757215
03008757401
03008756576
03008759025
03008757585
03008759120
03008753431
03008753623
03008758867
03008759272
03008759151
03008756791
03008759883
03008757551
03008753310
03008755395
03008757186
03008752858
03008756743
03008757824
03008751641
03008755058
03008752662
03008756296
03008757719
03008754696
03008754020
03008756135
03008752201
03008759624
03008755748
03008759523
03008757671
03008758578
03008753562
03008753270
03008755898
03008755568
03008754543
03008758530
03008759529
03008758842
03008757830
03008754690
03008757512
03008754356
03008757208
03008759832
03008751200
03008756642
03008757479
03008758373
03008752053
03008751147
03008754576
03008755130
03008755068
03008754590
03008754597
03008758027
03008753010
03008754732
03008751833
03008753916
03008754624
03008751813
03008753281
03008752412
03008752111
03008755346
03008751446
03008752109
03008758877
03008756866
03008759330
03008758623
03008752415
03008755916
03008751029
03008751099
03008755188
03008752308
03008753844
03008754420
03008759412
03008753461
03008754939
03008759452
03008756618
03008755832
03008752856
03008753596
03008757397
03008752584
03008758019
03008757919
03008754229
03008753027
03008759515
03008752270
03008756445
03008756746
03008757843
03008758681
03008759704
03008751980
03008753633
03008756645
03008751607
03008751460
03008753869
03008758951
03008757171
03008755893
03008754827
03008755950
03008753045
03008753768
03008756474
03008755026
03008759831
03008757896
03008756800
03008755731
03008752793
03008753901
03008752150
03008752643
03008753612
03008757016
03008758193
03008751609
03008753851
03008759464
03008756211
03008751988
03008754282
03008752381
03008756559
03008754050
03008755278
03008758195
03008757133
03008754687
03008753993
03008759224
03008753941
03008759325
03008756299
03008758012
03008759301
03008755180
03008757901
03008758814
03008759213
03008758052
03008758816
03008751934
03008758978
03008754284
03008756891
03008759495
03008759193
03008754303
03008753037
03008756163
03008757449
03008751337
03008756352
03008751521
03008757535
03008755027
03008758105
03008759907
03008752926
03008758701
03008754286
03008755597
03008751894
03008753597
03008757152
03008758671
03008751563
03008751727
03008753174
03008755069
03008754329
03008757742
03008753793
03008753343
03008759217
03008752849
03008757796
03008754497
03008759638
03008759063
03008758380
03008759446
03008752949
03008753658
03008759456
03008759305
03008755125
03008755970
03008756337
03008757083
03008759738
03008752342
03008752740
03008759863
03008751094
03008753120
03008753595
03008752558
03008758178
03008758318
03008752178
03008755410
03008752895
03008755222
03008757216
03008753034
03008757705
03008755012
03008751197
03008752271
03008752465
03008755764
03008759203
03008757627
03008757823
03008757006
03008752133
03008752162
03008758057
03008752155
03008759507
03008756897
03008759041
03008757441
03008755851
03008755480
03008752047
03008757278
03008753895
03008751052
03008755324
03008757652
03008752032
03008755510
03008751543
03008755330
03008753917
03008754735
03008751172
03008756184
03008752251
03008753255
03008753387
03008752165
03008754694
03008758699
03008752717
03008755593
03008751854
03008753813
03008759532
03008759149
03008754993
03008752066
03008751868
03008756972
03008756574
03008757075
03008757886
03008754509
03008756024
03008754015
03008755354
03008754265
03008751119
03008753710
03008753523
03008759882
03008755654
03008754308
03008755863
03008757262
03008758147
03008758886
03008756053
03008752607
03008752059
03008754325
03008755978
03008752393
03008751269
03008755331
03008756944
03008757660
03008753285
03008755506
03008756227
03008759239
03008759390
03008756810
03008757579
03008759006
03008752069
03008751971
03008758158
03008755223
03008753918
03008751228
03008758130
03008757688
03008751022
03008757465
03008752450
03008755846
03008759690
03008752961
03008756579
03008757994
03008756488
03008751755
03008751920
03008751401
03008752075
03008755623
03008752840
03008753600
03008759990
03008758206
03008756167
03008759107
03008753538
03008751413
03008752233
03008751705
03008756637
03008755820
03008755173
03008753055
03008759549
03008751371
03008753849
03008757434
03008755489
03008751482
03008755975
03008751997
03008758678
03008755612
03008755398
03008752460
03008757640
03008753522
03008757264
03008753853
03008754374
03008757764
03008758784
03008755202
03008751315
03008751540
03008751852
03008758081
03008758226
03008758189
03008754500
03008756723
03008756004
03008756553
03008752310
03008757562
03008759415
03008752406
03008756092
03008751239
03008756026
03008759995
03008757977
03008757416
03008757725
03008752698
03008758806
03008758999
03008755482
03008757275
03008757974
03008757386
03008753576
03008755758
03008757959
03008757517
03008751893
03008754959
03008755609
03008757628
03008754007
03008756742
03008758104
03008755825
03008753974
03008758230
03008753631
03008754101
03008756775
03008754024
03008757554
03008756828
03008758957
03008759539
03008758705
03008754030
03008757619
03008752636
03008751824
03008758508
03008753395
03008758452
03008756083
03008752457
03008755132
03008758688
03008754992
03008758739
03008759171
03008751658
03008756622
03008759156
03008756996
03008759944
03008751656
03008751184
03008753157
03008754715
03008751606
03008756001
03008751178
03008758088
03008753986
03008756086
03008756387
03008757928
03008755467
03008756975
03008757316
03008759777
03008754128
03008751174
03008758969
03008756678
03008754017
03008752562
03008751115
03008757299
03008752282
03008752917
03008759548
03008757034
03008757674
03008757157
03008751451
03008754932
03008758188
03008753736
03008754476
03008756456
03008753954
03008752007
03008756020
03008752602
03008758604
03008753703
03008754832
03008756042
03008759378
03008752867
03008758770
03008752687
03008754505
03008751811
03008756626
03008758895
03008755171
03008754437
03008759052
03008758713
03008752043
03008759128
03008756041
03008759651
03008754717
03008754671
03008757996
03008755906
03008753957
03008757411
03008752617
03008756874
03008754167
03008754470
03008756946
03008752058
03008756377
03008759643
03008757755
03008751583
03008753550
03008759891
03008759687
03008752639
03008755704
03008753337
03008753215
03008754052
03008757672
03008759834
03008754877
03008755904
03008759347
03008753078
03008756084
03008758297
03008754266
03008759808
03008756300
03008757069
03008759985
03008752750
03008758930
03008755665
03008756962
03008759957
03008757835
03008756412
03008752356
03008754066
03008757239
03008757723
03008751744
03008756832
03008754852
03008757112
03008757180
03008757762
03008751670
03008753611
03008758538
03008758664
03008752618
03008752654
03008752954
03008755003
03008754407
03008757549
03008757089
03008757715
03008751999
03008758464
03008753547
03008752570
03008752108
03008756106
03008759701
03008753933
03008754955
03008759502
03008752804
03008757692
03008751168
03008754758
03008755291
03008759296
03008759095
03008753691
03008753983
03008753500
03008755105
03008757323
03008758790
03008756169
03008752425
03008753401
03008757763
03008759082
03008755113
03008756925
03008755552
03008755564
03008753910
03008751414
03008754731
03008755127
03008754235
03008759849
03008757311
03008753238
03008752791
03008751797
03008751369
03008752702
03008759368
03008758586
03008758608
03008758782
03008755009
03008754088
03008755352
03008755514
03008759726
03008752435
03008757882
03008752443
03008758114
03008758858
03008759186
03008755965
03008757712
03008752410
03008757068
03008751849
03008757044
03008755302
03008756782
03008752999
03008754873
03008757934
03008753815
03008757817
03008753584
03008752070
03008758934
03008759729
03008759344
03008757805
03008752796
03008759921
03008751227
03008752707
03008752433
03008754740
03008758283
03008755407
03008758470
03008753903
03008752944
03008759435
03008757423
03008754760
03008755448
03008754625
03008751712
03008752789
03008758803
03008751462
03008757025
03008753894
03008757590
03008759192
03008756172
03008757700
03008757496
03008758361
03008759050
03008754278
03008756707
03008751108
03008755384
03008754646
03008759253
03008759681
03008759126
03008759498
03008757396
03008758807
03008753179
03008753293
03008754360
03008757332
03008753928
03008755548
03008753288
03008756406
03008757469
03008759233
03008759062
03008755289
03008754214
03008759241
03008755749
03008754157
03008752208
03008757344
03008754768
03008759279
03008753311
03008753805
03008754317
03008755878
03008755067
03008757179
03008755471
03008754929
03008751357
03008758484
03008753275
03008758333
03008755652
03008759555
03008753938
03008758903
03008754257
03008759136
03008752151
03008755551
03008752564
03008754648
03008754647
03008752171
03008752073
03008756963
03008752089
03008751590
03008759037
03008753994
03008759099
03008754839
03008757160
03008758698
03008755220
03008752799
03008753724
03008754069
03008753111
03008759014
03008751860
03008752851
03008754384
03008758718
03008754250
03008755938
03008755931
03008755831
03008752531
03008755894
03008753300
03008752855
03008751380
03008751185
03008754339
03008759927
03008756552
03008759753
03008752394
03008755239
03008753682
03008753437
03008759453
03008755634
03008752786
03008759320
03008757689
03008751258
03008752713
03008751710
03008754615
03008753099
03008758062
03008758059
03008753268
03008758029
03008754629
03008757964
03008752203
03008752883
03008753044
03008757787
03008757521
03008752923
03008757831
03008758965
03008751855
03008755138
03008753292
03008752501
03008754112
03008754349
03008757356
03008756896
03008753107
03008753979
03008755165
03008759474
03008758128
03008756276
03008753284
03008751723
03008757765
03008751762
03008755472
03008754917
03008756223
03008758598
03008756408
03008757846
03008755265
03008756396
03008759857
03008752293
03008756572
03008751322
03008758467
03008752798
03008751297
03008753396
03008753408
03008757594
03008759659
03008751245
03008751055
03008754546
03008757241
03008754090
03008752703
03008751529
03008754677
03008757888
03008755750
03008757842
03008757583
03008755308
03008757949
03008752902
03008757808
03008757920
03008754366
03008751050
03008752738
03008753822
03008753620
03008752827
03008755190
03008758187
03008754019
03008755340
03008755310
03008755052
03008756767
03008753868
03008759792
03008753569
03008753790
03008756059
03008753167
03008759724
03008758682
03008751853
03008757490
03008755447
03008753465
03008752129
03008753135
03008756190
03008754056
03008759964
03008757707
03008754355
03008751056
03008755060
03008753823
03008752775
03008751181
03008759034
03008754335
03008753960
03008751861
03008751198
03008751326
03008751351
03008755182
03008754684
03008755348
03008756057
03008752205
03008758861
03008753904
03008752085
03008759214
03008752733
03008757819
03008758030
03008757493
03008751471
03008759130
03008758169
03008759419
03008751273
03008754864
03008752705
03008759079
03008754241
03008759172
03008757679
03008756785
03008754804
03008754866
03008753914
03008752249
03008754745
03008751283
03008758591
03008753735
03008752854
03008759458
03008753213
03008756218
03008751162
03008756148
03008754824
03008751828
03008753318
03008756731
03008753014
03008754789
03008758075
03008752626
03008756778
03008755795
03008756341
03008756880
03008758135
03008751128
03008759173
03008756224
03008758889
03008751483
03008754565
03008756916
03008752078
03008759105
03008759916
03008754405
03008754702
03008757544
03008752929
03008758065
03008757276
03008755062
03008752679
03008757319
03008756871
03008759337
03008754464
03008755757
03008752869
03008758954
03008758753
03008754068
03008756098
03008753907
03008756862
03008757330
03008756035
03008758721
03008758680
03008752865
03008758198
03008758656
03008751612
03008756420
03008757245
03008751229
03008752452
03008757047
03008757632
03008751704
03008756143
03008759073
03008758791
03008757791
03008752690
03008754419
03008758306
03008751154
03008755816
03008759988
03008755742
03008754346
03008757655
03008757226
03008754670
03008752175
03008757341
03008752138
03008751614
03008751507
03008759009
03008753645
03008753659
03008759815
03008759698
03008754331
03008757024
03008752577
03008759606
03008754074
03008755507
03008754236
03008753306
03008755266
03008752950
03008757257
03008754954
03008754367
03008756709
03008754704
03008755735
03008752376
03008755456
03008751263
03008758108
03008757459
03008759514
03008753681
03008751694
03008757921
03008756504
03008759838
03008753165
03008754739
03008753581
03008756486
03008759163
03008757637
03008756872
03008758663
03008754249
03008753322
03008754642
03008756936
03008758955
03008759457
03008755210
03008757439
03008753067
03008758915
03008758572
03008752147
03008751225
03008751825
03008753463
03008751109
03008755385
03008755057
03008756949
03008756967
03008758450
03008753544
03008757347
03008759248
03008753212
03008753625
03008754073
03008757132
03008758795
03008753033
03008759039
03008753836
03008752739
03008758463
03008754997
03008758561
03008754592
03008752592
03008756790
03008755261
03008757337
03008754475
03008756527
03008758650
03008751814
03008751714
03008754872
03008753392
03008758990
03008752110
03008755962
03008754226
03008759442
03008751440
03008753351
03008753757
03008755033
03008759626
03008758370
03008756921
03008758387
03008753606
03008753987
03008753041
03008757097
03008755422
03008757080
03008755751
03008751318
03008758926
03008753748
03008756353
03008759035
03008759324
03008756080
03008759240
03008753032
03008754550
03008758157
03008751729
03008751754
03008753327
03008756362
03008759859
03008756506
03008754440
03008751618
03008751553
03008751975
03008758351
03008752344
03008756122
03008756270
03008758006
03008753714
03008759182
03008754621
03008751025
03008751595
03008751017
03008757526
03008758131
03008757524
03008753759
03008751324
03008758940
03008753693
03008753563
03008753753
03008759388
03008751459
03008756003
03008752130
03008754800
03008757060
03008755983
03008755642
03008751650
03008756660
03008757029
03008752969
03008756512
03008755666
03008753536
03008759274
03008754767
03008758841
03008758980
03008758640
03008753486
03008754028
03008758215
03008757027
03008753403
03008755726
03008752517
03008758617
03008752255
03008752490
03008755767
03008758068
03008755953
03008759366
03008755162
03008752498
03008757246
03008752526
03008755403
03008752532
03008752834
03008754478
03008753439
03008757362
03008758844
03008758956
03008758247
03008759249
03008752486
03008751046
03008755393
03008756764
03008751206
03008758323
03008751530
03008752962
03008758000
03008753194
03008759723
03008758038
03008753996
03008758001
03008755817
03008753845
03008755120
03008759112
03008759931
03008754300
03008754710
03008756089
03008752988
03008751384
03008754357
03008757138
03008756070
03008753272
03008755806
03008753142
03008757491
03008757875
03008757190
03008757739
03008754746
03008752413
03008754620
03008751248
03008756668
03008757200
03008751644
03008752093
03008753013
03008758355
03008755570
03008753613
03008755441
03008757980
03008755008
03008752921
03008753653
03008754766
03008756494
03008752676
03008758325
03008753524
03008755755
03008756549
03008758609
03008752192
03008759553
03008753677
03008758368
03008753372
03008757156
03008756740
03008754426
03008751179
03008752792
03008754787
03008757142
03008751921
03008753799
03008759894
03008757553
03008754269
03008756604
03008751683
03008751093
03008757647
03008754222
03008758125
03008758342
03008753676
03008754399
03008755543
03008754404
03008757481
03008755990
03008756016
03008751316
03008751763
03008756485
03008759315
03008759227
03008753586
03008755397
03008751706
03008755534
03008756404
03008756816
03008751956
03008757350
03008758995
03008758460
03008754649
03008755030
03008753480
03008752098
03008755635
03008758388
03008757305
03008755391
03008752035
03008752680
03008752367
03008751866
03008754060
03008758825
03008756418
03008751938
03008752686
03008757048
03008756547
03008757556
03008756666
03008753309
03008754518
03008753004
03008759199
03008757950
03008757008
03008754401
03008754382
03008751425
03008759920
03008756314
03008759619
03008758141
03008756594
03008753825
03008758525
03008753091
03008756621
03008752979
03008759088
03008758324
03008754092
03008755671
03008758348
03008758724
03008759371
03008757113
03008755150
03008752666
03008756109
03008751816
03008752017
03008758655
03008751439
03008755434
03008752765
03008759979
03008757339
03008756077
03008751678
03008754783
03008751426
03008756383
03008756220
03008758862
03008758683
03008758711
03008752700
03008756155
03008756943
03008759418
03008757037
03008752991
03008754479
03008758813
03008751807
03008751186
03008756646
03008758855
03008752646
03008758048
03008755369
03008754588
03008758774
03008757247
03008753133
03008751709
03008759288
03008752571
03008753289
03008752025
03008754347
03008757033
03008751598
03008752864
03008754912
03008759774
03008755196
03008753221
03008755277
03008754763
03008752145
03008752354
03008756307
03008755646
03008757231
03008755680
03008759925
03008752363
03008758453
03008759176
03008755566
03008756855
03008753984
03008755183
03008751633
03008759675
03008759000
03008755532
03008756186
03008753224
03008757240
03008752330
03008756431
03008759565
03008754525
03008753036
03008755717
03008758700
03008759550
03008757184
03008753637
03008754987
03008757410
03008754044
03008753946
03008756394
03008754410
03008756961
03008759153
03008751642
03008759460
03008754259
03008753349
03008753666
03008757838
03008755773
03008756139
03008754631
03008756473
03008757288
03008755283
03008756680
03008757998
03008754688
03008758788
03008759102
03008759179
03008752800
03008758384
03008754160
03008753170
03008753673
03008753464
03008753883
03008758256
03008754942
03008754376
03008753835
03008759970
03008754627
03008759571
03008753434
03008757905
03008757473
03008754983
03008751111
03008753608
03008758962
03008751157
03008757990
03008751985
03008755079
03008759506
03008752099
03008756375
03008757733
03008752345
03008756043
03008752304
03008754163
03008758024
03008752019
03008755667
03008751347
03008754501
03008752726
03008758687
03008752957
03008758882
03008758870
03008757438
03008751847
03008753250
03008755649
03008753433
03008759739
03008752638
03008758098
03008754799
03008753132
03008757930
03008758032
03008753806
03008754054
03008755129
03008751217
03008755683
03008759045
03008757161
03008755298
03008755117
03008755293
03008757560
03008752622
03008758947
03008752417
03008759558
03008751171
03008756538
03008756992
03008758408
03008759702
03008759593
03008758789
03008754191
03008756405
03008754815
03008752309
03008757567
03008756120
03008757906
03008754903
03008759505
03008755572
03008757860
03008755219
03008752273
03008754639
03008753792
03008758137
03008752809
03008759425
03008755981
03008759936
03008758390
03008758892
03008757426
03008759541
03008754849
03008759503
03008752234
03008755608
03008756422
03008754021
03008752795
03008751918
03008758223
03008751932
03008756342
03008757820
03008758692
03008751586
03008753548
03008752303
03008752651
03008754937
03008752774
03008759027
03008754995
03008754390
03008752404
03008752405
03008757201
03008753003
03008755784
03008755914
03008756747
03008755595
03008753781
03008758545
03008751084
03008756141
03008752136
03008758685
03008758173
03008754148
03008751700
03008753647
03008751169
03008752031
03008754495
03008759544
03008755943
03008759527
03008755838
03008755119
03008755688
03008755801
03008756801
03008756708
03008755622
03008753886
03008758993
03008758854
03008756597
03008752254
03008754159
03008755359
03008753719
03008754231
03008759867
03008759356
03008757849
03008756555
03008751124
03008755246
03008751021
03008751102
03008756447
03008753050
03008751884
03008751465
03008755014
03008758462
03008754654
03008753177
03008757878
03008756924
03008754185
03008752224
03008755295
03008755971
03008755118
03008756332
03008755589
03008757773
03008752114
03008751155
03008751463
03008757832
03008755495
03008755807
03008756697
03008751834
03008752766
03008754641
03008757038
03008753927
03008751224
03008751538
03008756938
03008755613
03008753723
03008759275
03008756275
03008752819
03008759799
03008752930
03008756347
03008757000
03008755344
03008752383
03008751116
03008751876
03008752529
03008751118
03008755574
03008758080
03008751631
03008757258
03008752349
03008756847
03008755542
03008759511
03008759489
03008756890
03008757611
03008751202
03008754703
03008754223
03008752582
03008755061
03008751193
03008755230
03008757903
03008758482
03008759016
03008759252
03008753526
03008751820
03008757956
03008754461
03008758316
03008752872
03008755423
03008753216
03008752387
03008753506
03008753863
03008757389
03008752555
03008754782
03008754353
03008757039
03008758528
03008756546
03008757210
03008751404
03008755675
03008752782
03008753363
03008759890
03008759518
03008753245
03008753219
03008759762
03008757877
03008757984
03008754385
03008756868
03008755554
03008751366
03008758053
03008756461
03008754899
03008752034
03008753354
03008753291
03008756518
03008751264
03008758212
03008756711
03008752275
03008756287
03008753972
03008757871
03008757182
03008759335
03008755020
03008756475
03008753507
03008759162
03008753450
03008754943
03008757883
03008751328
03008756599
03008758282
03008759683
03008751358
03008756719
03008755961
03008751295
03008753279
03008758362
03008757393
03008752642
03008757126
03008754010
03008758423
03008758527
03008753615
03008753945
03008756087
03008757373
03008751574
03008751053
03008755336
03008756787
03008756481
03008751479
03008751368
03008758285
03008752634
03008752801
03008753164
03008752470
03008751421
03008754336
03008759336
03008755270
03008756548
03008757116
03008752331
03008753233
03008756073
03008758674
03008753305
03008751739
03008754218
03008752521
03008752135
03008756232
03008757432
03008758228
03008758146
03008754902
03008754563
03008756716
03008755999
03008759846
03008755584
03008753016
03008755217
03008758989
03008751743
03008751061
03008758946
03008759949
03008752710
03008752220
03008754826
03008751635
03008755377
03008759143
03008752674
03008753459
03008751500
03008751600
03008756551
03008753482
03008751781
03008753471
03008752074
03008757085
03008754952
03008758612
03008755641
03008757626
03008755412
03008753019
03008757121
03008758749
03008757898
03008759845
03008751286
03008759560
03008754093
03008758349
03008755907
03008757252
03008752186
03008754564
03008754328
03008753303
03008757100
03008756368
03008758381
03008757032
03008755833
03008751832
03008752314
03008759429
03008759656
03008751935
03008754919
03008752185
03008759380
03008756603
03008754855
03008751359
03008758832
03008755439
03008757090
03008758455
03008754956
03008752380
03008759730
03008751464
03008756861
03008753473
03008752261
03008756034
03008756729
03008757596
03008752009
03008758365
03008759408
03008752806
03008753922
03008759384
03008758200
03008758997
03008757358
03008752418
03008754403
03008757931
03008752519
03008758964
03008759260
03008753763
03008756822
03008755389
03008755547
03008759323
03008752231
03008754169
03008758607
03008757938
03008756052
03008756467
03008758883
03008758676
03008759590
03008756131
03008751403
03008755524
03008752994
03008755620
03008751378
03008755004
03008751042
03008751619
03008751019
03008751879
03008756051
03008759575
03008751891
03008754110
03008759742
03008753667
03008754449
03008754540
03008751175
03008753672
03008754674
03008754202
03008751332
03008756865
03008751454
03008759403
03008755413
03008756519
03008755111
03008755949
03008752624
03008753891
03008755262
03008759688
03008753884
03008759959
03008752048
03008754147
03008759057
03008758859
03008757205
03008755373
03008753460
03008754065
03008754040
03008751453
03008759188
03008754921
03008753824
03008753516
03008752745
03008756200
03008754513
03008757447
03008754471
03008758943
03008755255
03008751348
03008755789
03008757376
03008756075
03008756695
03008753154
03008759843
03008758089
03008752072
03008759003
03008759226
03008758984
03008751346
03008755342
03008751637
03008756293
03008752769
03008751793
03008752572
03008752716
03008753273
03008753574
03008755663
03008758425
03008752469
03008759280
03008754208
03008758891
03008757604
03008756381
03008755855
03008759919
03008759939
03008756028
03008757371
03008755424
03008759092
03008759111
03008752375
03008759715
03008751082
03008755520
03008754391
03008753925
03008753745
03008752906
03008756569
03008754514
03008756534
03008751682
03008754986
03008758521
03008752046
03008753121
03008751968
03008754173
03008754297
03008756543
03008752714
03008756049
03008752753
03008756462
03008758476
03008754888
03008752306
03008755984
03008751034
03008757574
03008753405
03008757935
03008756903
03008757045
03008757747
03008759508
03008757202
03008752359
03008756509
03008757178
03008755625
03008753818
03008752006
03008757654
03008752307
03008754850
03008755275
03008758448
03008754778
03008757437
03008759909
03008756796
03008757129
03008751819
03008758719
03008753260
03008759946
03008755792
03008752313
03008759589
03008751277
03008753226
03008754636
03008758438
03008754738
03008759040
03008755243
03008751060
03008757776
03008752594
03008759947
03008759499
03008755098
03008758745
03008755260
03008758823
03008753070
03008752340
03008759667
03008754210
03008755273
03008758357
03008753243
03008757659
03008755802
03008754537
03008759642
03008751780
03008756495
03008755890
03008757569
03008751572
03008759398
03008758567
03008759982
03008751804
03008752236
03008751933
03008751803
03008751393
03008758109
03008754673
03008755531
03008751821
03008751291
03008752833
03008757788
03008759812
03008751233
03008755618
03008752215
03008752196
03008756082
03008759383
03008759521
03008759567
03008754213
03008756322
03008753998
03008758986
03008756428
03008756153
03008755203
03008755540
03008759682
03008755400
03008752502
03008751760
03008758594
03008754364
03008754262
03008756837
03008755958
03008755746
03008755912
03008752302
03008755290
03008751889
03008751770
03008753265
03008753575
03008752016
03008751067
03008754375
03008751577
03008752656
03008758942
03008752513
03008753982
03008752187
03008751160
03008759484
03008758040
03008753239
03008758553
03008759677
03008751457
03008754263
03008752274
03008756107
03008758672
03008751232
03008751435
03008756955
03008753715
03008758011
03008753399
03008756908
03008752067
03008753950
03008759582
03008758950
03008754683
03008757586
03008754679
03008756720
03008752749
03008756849
03008758976
03008757117
03008755231
03008751487
03008756612
03008751589
03008752722
03008757600
03008758369
03008758217
03008757506
03008753850
03008754211
03008757815
03008758407
03008753348
03008752743
03008757806
03008758558
03008754351
03008752338
03008751302
03008753094
03008752601
03008753074
03008759250
03008758905
03008758441
03008755628
03008756758
03008758744
03008759892
03008759146
03008754613
03008759793
03008751456
03008759810
03008757636
03008754818
03008753362
03008754949
03008756714
03008754752
03008757741
03008751282
03008752358
03008759346
03008756676
03008752445
03008752156
03008755691
03008756620
03008758725
03008753857
03008754432
03008752392
03008752744
03008752265
03008753143
03008755151
03008758602
03008756247
03008752432
03008756125
03008759860
03008755607
03008757452
03008753185
03008753599
03008755248
03008759806
03008752372
03008758734
03008752411
03008756994
03008753570
03008751555
03008758202
03008758890
03008759614
03008756437
03008753532
03008759228
03008756197
03008758595
03008754584
03008754238
03008758551
03008757092
03008756177
03008758035
03008754009
03008759094
03008751251
03008752677
03008756878
03008757404
03008759072
03008759786
03008756104
03008756149
03008754632
03008756580
03008752756
03008752012
03008759719
03008757578
03008754462
03008752286
03008751249
03008755604
03008758510
03008757383
03008757976
03008753520
03008754025
03008757269
03008757500
03008754064
03008751869
03008755884
03008753402
03008753870
03008753391
03008751254
03008752958
03008755379
03008751276
03008752683
03008755977
03008751787
03008756113
03008759714
03008751406
03008757591
03008754511
03008755709
03008759826
03008756425
03008755365
03008757453
03008751733
03008757477
03008753992
03008758917
03008758737
03008753545
03008757343
03008756842
03008752788
03008753750
03008754341
03008756482
03008752998
03008753229
03008757757
03008751632
03008757304
03008753590
03008752669
03008752456
03008752973
03008754113
03008758691
03008757059
03008758242
03008752195
03008759605
03008753560
03008751958
03008753096
03008753344
03008753427
03008755530
03008758191
03008758066
03008754008
03008753257
03008759954
03008753334
03008754886
03008758675
03008753109
03008755650
03008759422
03008759133
03008751136
03008755562
03008752105
03008759496
03008757290
03008755483
03008754438
03008759573
03008755526
03008757135
03008756524
03008758582
03008752267
03008758992
03008759855
03008758287
03008756759
03008755361
03008759692
03008754189
03008758848
03008757446
03008753921
03008754293
03008752466
03008753425
03008758818
03008758241
03008759278
03008752300
03008755084
03008755911
03008752736
03008751004
03008752783
03008752126
03008759586
03008759321
03008754669
03008758110
03008755157
03008753389
03008757861
03008759965
03008759270
03008756367
03008759440
03008756236
03008754097
03008752295
03008753491
03008757381
03008753798
03008757513
03008756140
03008752447
03008753178
03008757520
03008758569
03008755538
03008755244
03008752063
03008754935
03008757289
03008752214
03008757948
03008759543
03008753296
03008759395
03008754638
03008754776
03008759830
03008756094
03008757287
03008754312
03008757643
03008757248
03008755037
03008753808
03008751447
03008759721
03008756127
03008756105
03008759161
03008757066
03008756414
03008757969
03008752844
03008753051
03008758540
03008752752
03008759717
03008754145
03008754622
03008754775
03008755818
03008757291
03008751875
03008757177
03008754139
03008759941
03008758662
03008756989
03008754823
03008754817
03008759152
03008754207
03008755025
03008755858
03008759673
03008752362
03008756496
03008759029
03008753665
03008751982
03008753487
03008751870
03008753131
03008754099
03008755577
03008751569
03008752830
03008754553
03008752903
03008759207
03008754797
03008755427
03008756539
03008754894
03008759328
03008759750
03008759960
03008757617
03008759513
03008751433
03008756453
03008752915
03008757623
03008758375
03008753872
03008751692
03008756225
03008758629
03008753456
03008751499
03008751699
03008756965
03008753602
03008756369
03008754252
03008753618
03008753419
03008759842
03008753770
03008754541
03008753119
03008756450
03008756292
03008755715
03008753201
03008758610
03008754489
03008751784
03008756932
03008752497
03008756358
03008756118
03008758204
03008759901
03008758779
03008751253
03008758073
03008757297
03008754858
03008758914
03008752000
03008755049
03008754524
03008753294
03008754459
03008751908
03008754043
03008758729
03008753393
03008756703
03008752768
03008753890
03008757667
03008759441
03008755128
03008751313
03008758106
03008757378
03008751117
03008759251
03008754869
03008754910
03008755442
03008754736
03008755399
03008753671
03008759074
03008752859
03008752659
03008759292
03008754275
03008752280
03008752971
03008758603
03008753582
03008753852
03008756779
03008752730
03008752697
03008752276
03008751257
03008759196
03008758102
03008759603
03008757369
03008754743
03008753012
03008754314
03008755446
03008753103
03008752005
03008752837
03008756970
03008755852
03008751057
03008754327
03008758480
03008752378
03008757855
03008758077
03008753049
03008752876
03008758637
03008751009
03008756845
03008754276
03008754729
03008754170
03008758420
03008754026
03008754130
03008759597
03008756281
03008756262
03008751640
03008758025
03008754779
03008753771
03008751991
03008757533
03008757482
03008759355
03008757730
03008752106
03008759434
03008758746
03008756237
03008754727
03008754402
03008753088
03008755175
03008751567
03008759276
03008751967
03008756851
03008756926
03008759865
03008757375
03008753038
03008752142
03008759454
03008756830
03008755402
03008759955
03008757816
03008756267
03008754394
03008756829
03008758155
03008759031
03008755794
03008752082
03008756608
03008759386
03008756976
03008752821
03008757801
03008751113
03008751409
03008751745
03008751867
03008757685
03008752675
03008758099
03008755580
03008758771
03008754247
03008758129
03008755696
03008755112
03008752978
03008754994
03008758465
03008754172
03008756409
03008757164
03008757302
03008753568
03008759822
03008759407
03008756242
03008758864
03008753315
03008751396
03008752264
03008759761
03008755712
03008756632
03008751669
03008752241
03008758755
03008754542
03008752480
03008756699
03008757107
03008752238
03008752361
03008753669
03008754528
03008756487
03008755873
03008758869
03008751582
03008753961
03008751312
03008759776
03008755519
03008754812
03008755279
03008753762
03008756616
03008754793
03008759839
03008759996
03008757798
03008756025
03008755106
03008753184
03008752482
03008759402
03008758150
03008755766
03008751674
03008759895
03008755741
03008756064
03008757293
03008752704
03008757869
03008755204
03008753819
03008757708
03008752014
03008755232
03008758787
03008755729
03008754084
03008757942
03008752003
03008752057
03008754221
03008753365
03008753320
03008753765
03008759222
03008751693
03008757399
03008751364
03008752887
03008754014
03008752509
03008752407
03008756176
03008754574
03008757607
03008759359
03008751011
03008756194
03008751035
03008755473
03008757515
03008753192
03008757353
03008753514
03008755024
03008757662
03008759115
03008759445
03008758042
03008758270
03008753657
03008753838
03008751095
03008751101
03008754085
03008751210
03008751906
03008752588
03008755181
03008756498
03008759215
03008757696
03008755168
03008754655
03008758513
03008759210
03008758161
03008751969
03008755819
03008757196
03008754174
03008756419
03008752899
03008755588
03008759703
03008759106
03008753118
03008751695
03008756234
03008754264
03008752217
03008758489
03008756440
03008752587
03008751696
03008758897
03008755924
03008758319
03008758414
03008756928
03008758250
03008759516
03008753897
03008751534
03008757076
03008753601
03008758336
03008755684
03008753892
03008753182
03008751625
03008759942
03008755624
03008757150
03008759038
03008751408
03008754180
03008759381
03008752026
03008751913
03008752729
03008756617
03008751887
03008751240
03008753447
03008755533
03008754095
03008758961
03008759837
03008755550
03008752481
03008755090
03008759873
03008751365
03008757440
03008756116
03008754705
03008758055
03008753702
03008753505
03008757684
03008758932
03008759680
03008751946
03008755209
03008756923
03008755294
03008759158
03008756222
03008755771
03008751037
03008758758
03008752816
03008758925
03008758174
03008756605
03008753721
03008751998
03008751848
03008757435
03008753740
03008751917
03008758205
03008754579
03008752206
03008759893
03008757017
03008758056
03008758386
03008751079
03008751335
03008755669
03008754587
03008758224
03008753211
03008758300
03008753445
03008756123
03008759119
03008755957
03008754610
03008757229
03008754184
03008756271
03008755044
03008753827
03008753063
03008753203
03008751611
03008752660
03008757131
03008759912
03008756749
03008752645
03008751134
03008751615
03008759722
03008755470
03008757897
03008756894
03008756817
03008755946
03008759542
03008756693
03008752919
03008759821
03008758537
03008754583
03008754906
03008755322
03008757593
03008753708
03008758633
03008758878
03008754635
03008754076
03008755515
03008756601
03008755951
03008758651
03008758696
03008758262
03008757589
03008753345
03008757206
03008758149
03008752554
03008752985
03008757795
03008753711
03008759137
03008752581
03008756752
03008753902
03008756915
03008751883
03008755614
03008758632
03008756768
03008758822
03008754348
03008755287
03008756575
03008757629
03008754047
03008752965
03008753535
03008752018
03008755457
03008759746
03008751591
03008757864
03008754270
03008758785
03008757158
03008757019
03008758391
03008756032
03008758084
03008752341
03008756400
03008751379
03008756804
03008759794
03008751212
03008759765
03008758382
03008754904
03008755985
03008757114
03008751929
03008755779
03008753861
03008756927
03008757225
03008757355
03008754598
03008754359
03008753444
03008757550
03008758181
03008753739
03008758153
03008759725
03008756710
03008754958
03008757361
03008758232
03008751818
03008756919
03008754521
03008753388
03008754582
03008755108
03008759417
03008753189
03008757737
03008756951
03008751149
03008758773
03008756071
03008755590
03008752981
03008755679
03008756108
03008759071
03008757630
03008752620
03008753278
03008756410
03008757365
03008752084
03008757862
03008755765
03008754933
03008759986
03008754361
03008759568
03008752773
03008756185
03008754178
03008751805
03008758836
03008758690
03008757280
03008758575
03008759911
03008754039
03008753021
03008759705
03008756069
03008753867
03008757947
03008756438
03008758654
03008754856
03008752327
03008756434
03008758429
03008755714
03008751778
03008753247
03008751417
03008754450
03008757409
03008758981
03008753262
03008755274
03008759090
03008751148
03008755842
03008754822
03008751603
03008752137
03008759953
03008752621
03008751189
03008751481
03008751806
03008758808
03008757102
03008753148
03008753035
03008759805
03008754254
03008758267
03008757457
03008751594
03008756471
03008759339
03008758359
03008757405
03008753926
03008751708
03008757204
03008752826
03008752968
03008751886
03008752500
03008751510
03008752545
03008751909
03008756036
03008755405
03008756639
03008753336
03008756061
03008751026
03008759202
03008752141
03008757173
03008758179
03008754999
03008755394
03008751349
03008752623
03008759011
03008756979
03008752368
03008758163
03008757284
03008751533
03008757829
03008757587
03008758720
03008758520
03008751142
03008759385
03008753624
03008758439
03008751993
03008755664
03008753358
03008759971
03008754780
03008752897
03008754271
03008755172
03008757395
03008756999
03008752987
03008759585
03008758314
03008755707
03008754801
03008753237
03008753501
03008753355
03008755621
03008753929
03008755233
03008754175
03008753430
03008757857
03008757665
03008752312
03008753966
03008756614
03008756514
03008752627
03008752534
03008753727
03008757349
03008759978
03008756685
03008759396
03008753335
03008759938
03008752103
03008758501
03008752640
03008752955
03008751919
03008753635
03008758751
03008759528
03008755237
03008758186
03008755783
03008754990
03008752718
03008751301
03008751888
03008756426
03008756610
03008751862
03008756261
03008755870
03008759671
03008758899
03008752409
03008753503
03008752650
03008753583
03008751792
03008752982
03008754228
03008758050
03008759905
03008755636
03008758392
03008754707
03008752523
03008754706
03008756831
03008752449
03008759047
03008751629
03008753856
03008752081
03008752021
03008753628
03008751415
03008752514
03008756356
03008756530
03008754557
03008751667
03008759592
03008751690
03008757701
03008756074
03008754430
03008757943
03008759235
03008755285
03008755490
03008754938
03008753490
03008753555
03008755187
03008757658
03008752225
03008754562
03008757379
03008752166
03008751407
03008754137
03008756009
03008756735
03008754005
03008754893
03008751592
03008751066
03008751077
03008757754
03008756503
03008756772
03008753769
03008755372
03008753324
03008757778
03008758451
03008753707
03008754809
03008758708
03008753495
03008756739
03008759625
03008753713
03008755856
03008756619
03008758419
03008756918
03008752239
03008756013
03008759015
03008753700
03008758060
03008751659
03008752818
03008758051
03008751843
03008758385
03008758176
03008753478
03008752610
03008752438
03008754691
03008758121
03008752527
03008758622
03008755076
03008755249
03008753699
03008758786
03008754700
03008758258
03008752164
03008751030
03008754699
03008755309
03008751686
03008752741
03008755576
03008755431
03008753652
03008753208
03008756663
03008753409
03008754046
03008755401
03008753766
03008754086
03008759391
03008752400
03008756725
03008759694
03008752682
03008756733
03008757821
03008753299
03008757779
03008758309
03008752118
03008759661
03008755355
03008758645
03008758276
03008756799
03008754575
03008759268
03008759707
03008757525
03008754724
03008759598
03008753561
03008757622
03008757351
03008758616
03008754424
03008757021
03008753705
03008752936
03008752395
03008752649
03008757335
03008755756
03008758013
03008755881
03008754458
03008752077
03008754048
03008752685
03008752802
03008751630
03008753610
03008758727
03008754944
03008752287
03008752090
03008753967
03008756687
03008756669
03008754988
03008754663
03008757004
03008757548
03008757456
03008751150
03008752326
03008756182
03008754441
03008756047
03008752853
03008757418
03008753171
03008751214
03008755640
03008756922
03008758605
03008759752
03008751468
03008751064
03008757810
03008752817
03008759465
03008756873
03008759801
03008755430
03008751817
03008754980
03008759023
03008757703
03008751261
03008752080
03008755050
03008759607
03008758766
03008752561
03008758804
03008758614
03008754668
03008751930
03008759961
03008755796
03008753134
03008753060
03008759572
03008755192
03008757720
03008758095
03008758922
03008758403
03008753481
03008757058
03008757519
03008753381
03008754372
03008755242
03008757012
03008758435
03008757374
03008759501
03008755306
03008752087
03008759462
03008751083
03008758991
03008759699
03008756264
03008756586
03008751850
03008751001
03008755658
03008755972
03008757892
03008758180
03008754581
03008754786
03008753970
03008758902
03008758175
03008756681
03008759055
03008757154
03008754295
03008756658
03008759334
03008752369
03008756510
03008751798
03008754905
03008759789
03008755337
03008756602
03008759569
03008756914
03008757169
03008751281
03008752886
03008757436
03008754045
03008758840
03008754427
03008754722
03008751287
03008752364
03008755963
03008753193
03008758566
03008753384
03008751138
03008753207
03008758742
03008755454
03008758208
03008755228
03008757961
03008756101
03008759693
03008758416
03008751432
03008755362
03008752297
03008759564
03008759345
03008755619
03008752715
03008755378
03008754057
03008758642
03008758972
03008753879
03008759494
03008753325
03008759557
03008751338
03008759861
03008751601
03008752334
03008752146
03008759175
03008752430
03008754114
03008759835
03008754232
03008753913
03008756252
03008754754
03008752216
03008758320
03008756390
03008758418
03008759706
03008753415
03008756449
03008752565
03008751901
03008755216
03008756212
03008759646
03008756980
03008755086
03008751624
03008753826
03008757840
03008757534
03008754260
03008758703
03008752591
03008752011
03008757425
03008751036
03008755812
03008757502
03008755350
03008757253
03008753090
03008752536
03008751524
03008758074
03008758377
03008754792
03008756636
03008757400
03008751604
03008754049
03008759294
03008754121
03008753138
03008759243
03008753423
03008753937
03008759204
03008752328
03008751716
03008752781
03008758923
03008758272
03008754936
03008755325
03008753140
03008757364
03008752567
03008751722
03008756948
03008751691
03008751559
03008755304
03008752045
03008753777
03008759118
03008753186
03008759759
03008753655
03008757168
03008756595
03008751840
03008754861
03008756240
03008751765
03008751764
03008754037
03008755728
03008759430
03008753340
03008759640
03008756712
03008753557
03008758994
03008753204
03008754177
03008753353
03008751962
03008753493
03008758249
03008756698
03008759064
03008751341
03008755080
03008754916
03008758507
03008759046
03008751549
03008759898
03008754138
03008754967
03008753290
03008753042
03008756876
03008756982
03008751127
03008758996
03008758437
03008752211
03008752193
03008751844
03008758579
03008756304
03008759019
03008754803
03008753543
03008756277
03008757873
03008755786
03008755889
03008759948
03008757020
03008758424
03008759261
03008751808
03008756229
03008755558
03008752989
03008752613
03008755947
03008753638
03008757427
03008758949
03008758488
03008758760
03008756664
03008757880
03008755793
03008759309
03008754468
03008752797
03008758197
03008751578
03008756005
03008759008
03008754277
03008754306
03008753920
03008756315
03008753048
03008753999
03008758071
03008757402
03008751981
03008759265
03008756130
03008751911
03008756793
03008752543
03008759987
03008754487
03008755416
03008752754
03008751617
03008754279
03008757811
03008751515
03008751525
03008758529
03008757538
03008751419
03008757471
03008757687
03008757859
03008759399
03008753846
03008754023
03008753451
03008759743
03008752365
03008751376
03008758022
03008757071
03008758638
03008755048
03008755164
03008758478
03008752128
03008758730
03008753382
03008751405
03008759150
03008754416
03008757445
03008751125
03008755207
03008753764
03008759851
03008757924
03008756520
03008759658
03008755143
03008758853
03008759488
03008756592
03008752825
03008757997
03008754485
03008757650
03008759127
03008759709
03008755382
03008757993
03008753360
03008759562
03008754380
03008759410
03008755718
03008753261
03008757172
03008752068
03008753007
03008758523
03008759259
03008754018
03008756103
03008759797
03008759144
03008755673
03008756677
03008756179
03008758967
03008754100
03008751900
03008755647
03008751597
03008754533
03008758596
03008757002
03008756238
03008753161
03008757454
03008751974
03008756584
03008758434
03008758286
03008753101
03008757460
03008755158
03008754302
03008754499
03008757359
03008757546
03008752260
03008751412
03008753057
03008752914
03008755316
03008753432
03008751350
03008753958
03008757072
03008755169
03008759672
03008754802
03008755461
03008757408
03008758293
03008753230
03008759318
03008759183
03008752373
03008758809
03008753400
03008754299
03008754067
03008757618
03008756078
03008758723
03008758219
03008759519
03008754851
03008753129
03008755536
03008754206
03008759170
03008759478
03008752429
03008756766
03008756457
03008751649
03008751990
03008759437
03008751443
03008758879
03008759814
03008755760
03008758762
03008757145
03008758447
03008754982
03008758875
03008753755
03008755314
03008759077
03008752357
03008751937
03008751587
03008752762
03008751495
03008756244
03008757572
03008754445
03008758008
03008757613
03008758313
03008757007
03008755256
03008752568
03008751922
03008757638
03008752515
03008751455
03008759433
03008752202
03008756585
03008758227
03008758107
03008757394
03008759103
03008754323
03008754931
03008756330
03008755527
03008753413
03008753020
03008753009
03008754368
03008755280
03008759131
03008752268
03008758796
03008751028
03008759596
03008756692
03008753554
03008757584
03008755124
03008753017
03008758706
03008757140
03008758298
03008753295
03008758736
03008756942
03008755853
03008754392
03008755195
03008751506
03008756327
03008757695
03008757144
03008756983
03008757488
03008759123
03008755656
03008751010
03008752706
03008758847
03008753386
03008752670
03008755862
03008757199
03008759510
03008751647
03008755497
03008756326
03008755131
03008757807
03008759650
03008755781
03008756730
03008759737
03008756268
03008757750
03008754108
03008758132
03008751984
03008752735
03008756933
03008752434
03008757274
03008756656
03008758936
03008751676
03008759773
03008751940
03008756283
03008759087
03008756204
03008753701
03008751899
03008751167
03008753105
03008759406
03008755159
03008753622
03008756285
03008756814
03008757697
03008759302
03008752431
03008759033
03008755070
03008755116
03008757717
03008756640
03008751267
03008756132
03008753551
03008753776
03008756323
03008754452
03008752770
03008755035
03008751275
03008758506
03008752764
03008752597
03008754494
03008752808
03008758442
03008754200
03008754609
03008758003
03008757968
03008754083
03008754608
03008754120
03008753494
03008759636
03008759468
