03336185491
03336128450
03336131784
03336157059
03336182441
03336123099
03336162087
03336170967
03336175590
03336191441
03336154716
03336177245
03336168368
03336138068
03336150642
03336185598
03336156645
03336173198
03336196563
03336170275
03336110646
03336195533
03336171096
03336150073
03336168119
03336161233
03336182909
03336172033
03336113277
03336139679
03336143380
03336192647
03336117539
03336180077
03336173256
03336176504
03336174741
03336110483
03336166035
03336136724
03336114063
03336118009
03336135509
03336169602
03336196665
03336197843
03336115216
03336117804
03336136250
03336185962
03336132368
03336154980
03336188058
03336190093
03336141438
03336137565
03336165805
03336194687
03336113131
03336144084
03336178372
03336139105
03336193120
03336123306
03336125126
03336185050
03336113348
03336154055
03336154913
03336164899
03336136524
03336131745
03336116612
03336141836
03336195453
03336128164
03336174843
03336170307
03336121263
03336185171
03336125096
03336172401
03336188445
03336171184
03336114992
03336169045
03336128469
03336170919
03336119376
03336193188
03336173925
03336157136
03336130496
03336174536
03336181982
03336119682
03336112243
03336151200
03336180901
03336119019
03336145940
03336123158
03336167031
03336158347
03336124826
03336195728
03336170352
03336166523
03336138287
03336173777
03336157108
03336153934
03336168023
03336150904
03336136681
03336124348
03336190568
03336116004
03336176591
03336142429
03336134679
03336161725
03336190973
03336179388
03336113067
03336167299
03336113470
03336162600
03336119106
03336140362
03336166151
03336124171
03336126460
03336165287
03336156644
03336144219
03336132741
03336152852
03336154900
03336176562
03336135521
03336123631
03336145301
03336195333
03336121674
03336135195
03336176589
03336166246
03336184215
03336132184
03336187643
03336157099
03336111758
03336128428
03336156881
03336158041
03336175686
03336154670
03336116745
03336187782
03336143852
03336124443
03336171394
03336120195
03336133923
03336171785
03336143850
03336141862
03336181826
03336190825
03336179359
03336124686
03336177546
03336143668
03336168169
03336113147
03336140925
03336183910
03336136053
03336189562
03336157925
03336142245
03336133102
03336116509
03336199545
03336132460
03336143685
03336194810
03336179213
03336145477
03336183282
03336188780
03336191669
03336199187
03336173907
03336175138
03336187750
03336163410
03336160459
03336134726
03336184419
03336177389
03336141359
03336132413
03336134212
03336184760
03336188711
03336144894
03336134761
03336170760
03336180692
03336198220
03336185926
03336182198
03336138291
03336134378
03336139324
03336139537
03336198177
03336187015
03336127611
03336145348
03336196077
03336135905
03336185877
03336144480
03336194262
03336138009
03336153175
03336120499
03336175593
03336154835
03336173506
03336164856
03336191743
03336167132
03336198248
03336119551
03336154973
03336149916
03336144452
03336174717
03336190560
03336116989
03336135615
03336171452
03336153372
03336124086
03336120921
03336136549
03336197403
03336149778
03336196011
03336112206
03336196507
03336148334
03336140279
03336194449
03336181585
03336150260
03336143384
03336112420
03336117342
03336146548
03336195459
03336167245
03336141075
03336119985
03336143204
03336137099
03336183159
03336170630
03336193487
03336145345
03336180134
03336127491
03336158646
03336166557
03336199803
03336196413
03336154672
03336118285
03336176102
03336115077
03336195732
03336196020
03336170625
03336149914
03336179272
03336160523
03336143032
03336162866
03336124457
03336197492
03336147175
03336193322
03336199647
03336189066
03336175993
03336186126
03336183010
03336193345
03336160304
03336166618
03336125380
03336118719
03336151161
03336168199
03336112788
03336135803
03336140327
03336181782
03336153846
03336150425
03336125098
03336136317
03336150816
03336199438
03336196620
03336191161
03336140713
03336182680
03336194066
03336120292
03336146173
03336195994
03336198170
03336186812
03336127843
03336169579
03336190563
03336113676
03336113402
03336153736
03336124940
03336115798
03336148458
03336170351
03336177301
03336119463
03336181714
03336166483
03336124720
03336181083
03336170610
03336147066
03336122076
03336157005
03336197383
03336138250
03336176554
03336189505
03336191849
03336160222
03336110664
03336166237
03336146326
03336179206
03336122724
03336152990
03336181387
03336184944
03336166223
03336149763
03336168105
03336140443
03336196688
03336120518
03336153805
03336180464
03336122137
03336177156
03336174229
03336157960
03336191362
03336139208
03336175563
03336148928
03336176094
03336129806
03336130460
03336131329
03336114008
03336121552
03336193514
03336114275
03336149561
03336191144
03336154577
03336166473
03336181539
03336158496
03336152941
03336112978
03336130166
03336150377
03336121917
03336136486
03336143577
03336157785
03336154417
03336112348
03336182403
03336185992
03336152704
03336174875
03336173795
03336176895
03336151580
03336154484
03336134894
03336135755
03336143934
03336118891
03336185882
03336170957
03336151672
03336189320
03336167560
03336110683
03336192690
03336199464
03336138420
03336126230
03336145396
03336198551
03336154176
03336193320
03336186882
03336173543
03336159591
03336111822
03336139149
03336161571
03336174686
03336195014
03336187501
03336180781
03336189577
03336148745
03336127055
03336123601
03336117185
03336169044
03336111275
03336147203
03336136035
03336165529
03336191905
03336168465
03336186857
03336173282
03336193301
03336153240
03336136454
03336180887
03336158247
03336175244
03336122719
03336158260
03336167601
03336161350
03336176163
03336132111
03336179741
03336195651
03336124310
03336196270
03336156657
03336186778
03336121105
03336160374
03336165635
03336175862
03336121234
03336157186
03336134121
03336151347
03336118141
03336127790
03336194977
03336172734
03336110157
03336165866
03336114220
03336138231
03336114127
03336129253
03336166858
03336190485
03336159453
03336162250
03336141022
03336136932
03336131534
03336151551
03336111724
03336169258
03336135247
03336166646
03336180559
03336112908
03336127666
03336177377
03336115219
03336123701
03336124126
03336123896
03336130469
03336172623
03336156272
03336121954
03336113874
03336181430
03336115980
03336158038
03336142530
03336172565
03336181240
03336154247
03336169888
03336113612
03336180212
03336120253
03336199796
03336158532
03336159729
03336138432
03336172655
03336129597
03336152958
03336186554
03336130953
03336123012
03336190426
03336181641
03336162280
03336160015
03336186829
03336137592
03336114977
03336117659
03336170120
03336195744
03336111219
03336192717
03336194081
03336118837
03336126312
03336143019
03336121484
03336163765
03336135006
03336121539
03336124099
03336198160
03336171937
03336112894
03336117839
03336130773
03336192357
03336160916
03336194875
03336185026
03336135026
03336152104
03336167437
03336199599
03336191966
03336119351
03336142619
03336184927
03336129675
03336110672
03336147312
03336167012
03336144351
03336153818
03336165070
03336167187
03336188006
03336186978
03336183588
03336157541
03336164119
03336188078
03336173935
03336188138
03336122620
03336156742
03336110717
03336176193
03336140612
03336126643
03336119238
03336134345
03336133147
03336156131
03336192386
03336198171
03336136611
03336194424
03336187488
03336124625
03336145881
03336173488
03336176955
03336189072
03336150978
03336129805
03336147020
03336165125
03336183849
03336142058
03336127847
03336121794
03336145416
03336119495
03336135800
03336182655
03336128184
03336154430
03336199954
03336171118
03336126399
03336117707
03336134580
03336168939
03336176791
03336162938
03336111055
03336195619
03336188807
03336146976
03336163117
03336176631
03336163453
03336128054
03336114649
03336129863
03336133548
03336145439
03336192877
03336129173
03336175487
03336142794
03336177179
03336111352
03336156716
03336136636
03336156586
03336115516
03336139994
03336187533
03336153506
03336119481
03336155781
03336142375
03336120132
03336174187
03336166867
03336151401
03336176318
03336136872
03336178941
03336151215
03336158341
03336117361
03336149106
03336122419
03336141945
03336150912
03336174913
03336157400
03336162441
03336165438
03336174418
03336139033
03336173290
03336138549
03336123122
03336189097
03336158868
03336113415
03336131577
03336178572
03336186093
03336177772
03336199168
03336198238
03336155282
03336153011
03336139354
03336131790
03336150649
03336166409
03336186007
03336131003
03336180456
03336111560
03336168569
03336180867
03336184975
03336157691
03336160645
03336132365
03336112367
03336198323
03336155818
03336162118
03336148393
03336145977
03336118448
03336135691
03336190842
03336130418
03336120982
03336164173
03336151743
03336168991
03336159161
03336112426
03336142628
03336188383
03336152542
03336192119
03336198386
03336140003
03336178000
03336155724
03336122828
03336117927
03336153728
03336165404
03336196141
03336142420
03336193163
03336130565
03336185813
03336132200
03336130717
03336195164
03336159473
03336147387
03336116825
03336111876
03336125814
03336150532
03336196321
03336193777
03336189736
03336123983
03336196145
03336145780
03336163698
03336153478
03336150007
03336168784
03336167976
03336115936
03336179966
03336168013
03336112491
03336167254
03336198769
03336155602
03336161393
03336116740
03336113995
03336136301
03336156814
03336156183
03336157377
03336191535
03336149166
03336150999
03336123178
03336166124
03336176698
03336126506
03336124149
03336163991
03336141420
03336199995
03336161817
03336178722
03336139685
03336154610
03336161780
03336117836
03336116264
03336150751
03336127151
03336188093
03336192219
03336148618
03336161223
03336150483
03336136537
03336188512
03336157475
03336132922
03336167800
03336119981
03336188403
03336172163
03336199008
03336145606
03336139237
03336174774
03336141506
03336188342
03336157348
03336155606
03336199575
03336138017
03336174309
03336153199
03336174520
03336138978
03336139919
03336125412
03336130225
03336156946
03336161955
03336115640
03336167624
03336168654
03336137994
03336166673
03336131069
03336173620
03336180013
03336173414
03336135374
03336155601
03336116174
03336115983
03336177026
03336175976
03336185644
03336199750
03336188957
03336191269
03336150907
03336171056
03336162227
03336135313
03336182955
03336193943
03336127880
03336194569
03336158177
03336168721
03336147364
03336196627
03336183651
03336186211
03336171613
03336121668
03336172192
03336183728
03336175592
03336126161
03336131458
03336138935
03336197597
03336158346
03336122994
03336162893
03336149436
03336144580
03336167989
03336111111
03336156338
03336164732
03336196568
03336183718
03336137126
03336145739
03336185444
03336115236
03336137837
03336188009
03336158974
03336132523
03336129771
03336169856
03336182132
03336178082
03336116764
03336130023
03336124746
03336139597
03336123292
03336137716
03336124608
03336170948
03336164987
03336145132
03336113596
03336165030
03336179375
03336185516
03336127312
03336121478
03336175045
03336199692
03336137950
03336135066
03336137989
03336190147
03336110924
03336193620
03336150925
03336138623
03336125823
03336193223
03336157480
03336179580
03336162448
03336125608
03336151224
03336126314
03336139986
03336156970
03336183135
03336164964
03336159109
03336166177
03336180751
03336140312
03336172807
03336173457
03336130367
03336170163
03336181300
03336140131
03336181698
03336169551
03336139875
03336113822
03336145976
03336172366
03336199092
03336198785
03336177725
03336165552
03336151148
03336139421
03336128150
03336181945
03336181492
03336118074
03336116557
03336135867
03336178840
03336168888
03336157237
03336149835
03336120813
03336142291
03336165165
03336120612
03336184930
03336127112
03336181147
03336185476
03336169526
03336134018
03336186438
03336126163
03336110993
03336110768
03336165871
03336160324
03336188452
03336173244
03336174760
03336150491
03336133385
03336180483
03336191512
03336126800
03336112293
03336153606
03336145432
03336161290
03336112809
03336112314
03336190040
03336125163
03336130075
03336133927
03336178172
03336192795
03336180395
03336156135
03336170000
03336153944
03336158624
03336147926
03336114559
03336155328
03336169996
03336118516
03336180436
03336183993
03336175075
03336158792
03336187427
03336161807
03336173653
03336116400
03336158130
03336114818
03336155810
03336135715
03336124186
03336121704
03336196398
03336121626
03336185830
03336180693
03336131944
03336182151
03336195656
03336192848
03336118624
03336180491
03336179441
03336121859
03336143585
03336189653
03336171471
03336147817
03336175436
03336142774
03336132373
03336128321
03336114964
03336145745
03336137735
03336168267
03336160273
03336161772
03336134665
03336165576
03336134284
03336129758
03336126222
03336118160
03336133702
03336121249
03336125095
03336138051
03336136364
03336184779
03336156451
03336178300
03336139948
03336130068
03336126746
03336186658
03336160278
03336181411
03336124342
03336193383
03336181433
03336175881
03336148095
03336112425
03336171670
03336120379
03336160991
03336127272
03336118298
03336146206
03336149682
03336119951
03336117362
03336171492
03336137768
03336183962
03336122722
03336137385
03336147593
03336137176
03336158513
03336167444
03336129748
03336128319
03336130205
03336135025
03336148006
03336155970
03336192333
03336174006
03336148346
03336177565
03336132839
03336136726
03336157821
03336173154
03336112670
03336166380
03336115985
03336123787
03336163872
03336138152
03336132093
03336158303
03336119997
03336112705
03336155254
03336148889
03336125643
03336185270
03336122893
03336175002
03336176748
03336156206
03336122920
03336118346
03336184105
03336141465
03336185353
03336112985
03336171301
03336125965
03336172200
03336142385
03336184523
03336134765
03336179947
03336110808
03336110051
03336171004
03336190423
03336123806
03336173304
03336120360
03336135350
03336171445
03336117499
03336179770
03336199116
03336130327
03336151113
03336173344
03336176632
03336113806
03336149383
03336154807
03336128564
03336124915
03336130632
03336110802
03336192570
03336112186
03336159893
03336156968
03336177611
03336128182
03336120489
03336168941
03336114834
03336175218
03336151889
03336184578
03336152942
03336182901
03336173086
03336146901
03336175783
03336123965
03336113868
03336140974
03336118903
03336121086
03336127990
03336141569
03336120959
03336130564
03336156000
03336181487
03336146088
03336159791
03336113003
03336180734
03336175456
03336114476
03336130710
03336189317
03336159281
03336130174
03336115492
03336131844
03336199224
03336188766
03336147873
03336193731
03336111245
03336176297
03336152780
03336125049
03336196934
03336151596
03336193283
03336138806
03336128977
03336136042
03336120291
03336199529
03336138377
03336158833
03336193730
03336124787
03336139939
03336194386
03336197630
03336132424
03336145072
03336134648
03336146301
03336183693
03336125481
03336187058
03336121862
03336139224
03336193695
03336114159
03336154266
03336148094
03336128707
03336145138
03336134741
03336116069
03336129138
03336114890
03336136649
03336185499
03336194668
03336169026
03336159751
03336191797
03336156659
03336138113
03336193423
03336163978
03336191564
03336116859
03336178667
03336175482
03336166301
03336178748
03336113240
03336126115
03336116944
03336189752
03336142346
03336189816
03336184110
03336110739
03336165023
03336160661
03336190045
03336123870
03336173029
03336179495
03336160980
03336146924
03336150404
03336165622
03336186549
03336191896
03336168822
03336148945
03336128438
03336175246
03336185761
03336122595
03336192853
03336175599
03336172612
03336120999
03336178837
03336155993
03336119705
03336195747
03336152321
03336169934
03336145919
03336173089
03336132761
03336173932
03336184064
03336118535
03336137364
03336117686
03336128557
03336157303
03336192198
03336121343
03336157292
03336157279
03336188505
03336114506
03336156585
03336183537
03336196963
03336138127
03336144024
03336181824
03336134052
03336121040
03336170006
03336170830
03336141275
03336151177
03336198083
03336116614
03336184210
03336122902
03336175856
03336195677
03336155489
03336157913
03336144054
03336163696
03336178157
03336163794
03336181485
03336145729
03336151385
03336131199
03336181241
03336195735
03336179356
03336172971
03336199175
03336129064
03336150937
03336139880
03336163023
03336148528
03336166533
03336176411
03336177380
03336159219
03336197950
03336175583
03336137133
03336134390
03336181423
03336192828
03336113192
03336154888
03336179477
03336141473
03336150597
03336194072
03336180328
03336170257
03336139555
03336124276
03336119444
03336110075
03336169935
03336123371
03336143643
03336185035
03336115109
03336146791
03336144740
03336161433
03336138673
03336155531
03336188955
03336181501
03336166674
03336180206
03336188211
03336111339
03336169962
03336138371
03336168048
03336140846
03336199879
03336131497
03336148577
03336113719
03336148736
03336147270
03336169622
03336123467
03336124252
03336147089
03336166336
03336156872
03336174579
03336131940
03336152098
03336119280
03336134632
03336148088
03336151759
03336116215
03336123946
03336152518
03336169096
03336127398
03336175852
03336123459
03336182046
03336195204
03336112936
03336149481
03336171703
03336161500
03336123492
03336112145
03336136458
03336198054
03336197469
03336191810
03336115206
03336131278
03336141865
03336115165
03336159229
03336147603
03336156270
03336192253
03336192058
03336135330
03336190283
03336116289
03336124631
03336175933
03336178979
03336179480
03336186320
03336172884
03336123810
03336187576
03336128263
03336111315
03336197607
03336194632
03336195371
03336151086
03336119794
03336115639
03336117890
03336136577
03336150618
03336159949
03336192667
03336110652
03336153931
03336128248
03336117832
03336125775
03336120878
03336114151
03336181420
03336185597
03336136868
03336147559
03336133166
03336156977
03336115069
03336125170
03336173659
03336186942
03336119962
03336144258
03336120532
03336153670
03336152231
03336154541
03336136476
03336176613
03336174168
03336198753
03336139665
03336156340
03336123622
03336183265
03336168326
03336125549
03336118150
03336144635
03336161800
03336125312
03336190437
03336183456
03336113212
03336119961
03336158502
03336186627
03336158662
03336111406
03336176958
03336155715
03336114065
03336172704
03336166394
03336133399
03336114499
03336176016
03336163291
03336189299
03336126336
03336146710
03336115398
03336141754
03336129257
03336113246
03336164293
03336164840
03336131428
03336196919
03336180534
03336167681
03336142433
03336161630
03336129525
03336160802
03336133709
03336193728
03336151013
03336149848
03336117951
03336171347
03336187346
03336162706
03336110560
03336192150
03336168619
03336142687
03336172501
03336198975
03336143726
03336168057
03336171457
03336190703
03336145256
03336139233
03336121787
03336127234
03336130871
03336113281
03336152435
03336143179
03336126080
03336180789
03336182287
03336112277
03336139450
03336175362
03336128052
03336179048
03336128632
03336153733
03336162908
03336139277
03336193267
03336111915
03336124993
03336169932
03336162654
03336185798
03336192744
03336135861
03336143005
03336148472
03336111780
03336128061
03336190716
03336165446
03336156474
03336153428
03336187343
03336157121
03336167381
03336196339
03336166070
03336122862
03336186331
03336130409
03336133050
03336190589
03336168364
03336140005
03336192409
03336162071
03336141567
03336185500
03336158879
03336187956
03336112633
03336118956
03336184283
03336143349
03336189780
03336157380
03336112847
03336190218
03336137783
03336133815
03336111389
03336117668
03336171577
03336125620
03336141288
03336146567
03336186352
03336166568
03336173207
03336170405
03336125584
03336194583
03336136881
03336172064
03336117434
03336152738
03336143452
03336180933
03336126280
03336169181
03336152812
03336137518
03336169144
03336143994
03336167340
03336110000
03336183492
03336175851
03336185078
03336152516
03336129912
03336121660
03336172921
03336158448
03336168427
03336166788
03336120783
03336194999
03336199147
03336192311
03336114748
03336142228
03336193371
03336189700
03336117716
03336139946
03336160109
03336146766
03336156850
03336126910
03336174217
03336142207
03336114908
03336157104
03336134059
03336156475
03336197294
03336179227
03336176351
03336183076
03336197356
03336185327
03336173068
03336164670
03336115221
03336199143
03336158986
03336184310
03336176663
03336160150
03336111904
03336127132
03336176870
03336188012
03336110583
03336144146
03336179444
03336137527
03336149623
03336170053
03336123382
03336129084
03336128228
03336125605
03336155695
03336179452
03336158012
03336134368
03336110313
03336123489
03336115772
03336122795
03336117391
03336156901
03336120303
03336125029
03336191245
03336118572
03336180960
03336175798
03336170103
03336196699
03336115006
03336147084
03336165337
03336126896
03336146520
03336189913
03336177031
03336159766
03336129603
03336159693
03336168271
03336147462
03336135768
03336141130
03336157642
03336149942
03336166350
03336136661
03336196132
03336167635
03336170620
03336153682
03336123842
03336154415
03336146281
03336131051
03336189093
03336147584
03336158981
03336131528
03336110599
03336114115
03336131116
03336154823
03336144454
03336133281
03336163722
03336186168
03336116497
03336149541
03336149120
03336199801
03336172840
03336116054
03336155477
03336177442
03336123318
03336125855
03336160037
03336118873
03336142748
03336197701
03336156276
03336192837
03336122616
03336113484
03336198552
03336117205
03336112109
03336125570
03336136863
03336121652
03336110013
03336133068
03336172939
03336187838
03336118094
03336121499
03336153880
03336151001
03336138360
03336190804
03336153609
03336165775
03336121728
03336155228
03336171491
03336191725
03336165862
03336116414
03336174840
03336161985
03336178383
03336110665
03336150237
03336187615
03336199292
03336137432
03336139830
03336174231
03336135976
03336115690
03336133824
03336167428
03336120368
03336170684
03336187098
03336154909
03336179606
03336134776
03336138956
03336184255
03336122680
03336144943
03336151430
03336190380
03336154061
03336154079
03336134501
03336135173
03336140832
03336127103
03336122403
03336122701
03336122348
03336188546
03336180662
03336181669
03336179649
03336115024
03336122670
03336156979
03336186180
03336145275
03336184544
03336184392
03336182817
03336110953
03336136807
03336140064
03336123029
03336163314
03336126409
03336127556
03336142672
03336147862
03336147051
03336185768
03336120151
03336190838
03336181189
03336128586
03336132254
03336179666
03336193264
03336148280
03336164397
03336186560
03336166362
03336198944
03336153106
03336159306
03336161584
03336165701
03336158762
03336189020
03336169516
03336169687
03336162320
03336123547
03336168430
03336195108
03336117803
03336163789
03336195144
03336179676
03336140684
03336133611
03336195901
03336159498
03336124185
03336141481
03336128392
03336153926
03336165609
03336136264
03336119995
03336196257
03336144590
03336137863
03336186958
03336163269
03336164824
03336161855
03336141708
03336158030
03336116252
03336150464
03336128518
03336157641
03336160155
03336137145
03336161862
03336129474
03336152286
03336169252
03336125678
03336165332
03336157205
03336199808
03336175859
03336120103
03336137308
03336140545
03336180924
03336133252
03336149691
03336166063
03336178956
03336130566
03336154081
03336131169
03336133289
03336195766
03336175580
03336179648
03336195667
03336183839
03336168236
03336116780
03336178621
03336183977
03336150742
03336189373
03336118911
03336172530
03336129752
03336163913
03336187410
03336144721
03336124546
03336179073
03336177106
03336182999
03336162454
03336178684
03336129588
03336128995
03336128955
03336121117
03336135963
03336111117
03336126702
03336177556
03336190774
03336180191
03336136263
03336169071
03336188056
03336136798
03336149274
03336198949
03336176690
03336160045
03336158036
03336178397
03336190168
03336113108
03336186447
03336116692
03336197813
03336198473
03336196648
03336133213
03336138648
03336187785
03336195965
03336149666
03336162860
03336114778
03336178255
03336192208
03336182777
03336152196
03336173138
03336155474
03336191017
03336164363
03336174803
03336133725
03336185763
03336118639
03336171552
03336117612
03336115846
03336134669
03336127220
03336194425
03336128889
03336191279
03336180907
03336182513
03336146978
03336131108
03336130423
03336140833
03336152636
03336186413
03336184170
03336198435
03336167836
03336175258
03336126201
03336117029
03336177989
03336153267
03336125674
03336133449
03336123669
03336162923
03336147449
03336186515
03336167095
03336137187
03336178352
03336133819
03336128191
03336187558
03336183829
03336163319
03336191498
03336171288
03336190625
03336160241
03336177350
03336125051
03336190746
03336123530
03336122166
03336147311
03336117652
03336187327
03336150803
03336196294
03336124396
03336156679
03336173952
03336168751
03336195440
03336167609
03336117984
03336176074
03336199528
03336144592
03336163328
03336163083
03336162480
03336118817
03336158222
03336196612
03336114606
03336183759
03336154912
03336126403
03336145648
03336128216
03336134927
03336115611
03336188785
03336160121
03336135711
03336170801
03336112791
03336177768
03336123862
03336171512
03336113605
03336115078
03336167878
03336123888
03336153304
03336114550
03336160712
03336132757
03336161722
03336127663
03336161049
03336189089
03336172721
03336146286
03336112534
03336169483
03336174180
03336164309
03336156039
03336145736
03336133823
03336185521
03336166106
03336187289
03336139406
03336192526
03336150291
03336184712
03336194955
03336186709
03336183007
03336136638
03336159870
03336111852
03336184935
03336167882
03336166493
03336148869
03336198153
03336126521
03336167745
03336187400
03336189425
03336158266
03336143307
03336159553
03336115472
03336167869
03336181254
03336182357
03336157781
03336150931
03336127261
03336121305
03336123876
03336169196
03336177371
03336176337
03336138033
03336173193
03336152663
03336167876
03336162327
03336179373
03336188157
03336179242
03336126559
03336136652
03336167953
03336175850
03336119543
03336152006
03336119455
03336134259
03336181123
03336135401
03336171237
03336115138
03336118273
03336154280
03336150675
03336184591
03336163630
03336144005
03336197297
03336129892
03336172531
03336189759
03336124142
03336129712
03336114206
03336179776
03336175431
03336141261
03336180179
03336127315
03336188626
03336154695
03336145704
03336189828
03336175080
03336169298
03336134936
03336170387
03336195213
03336172992
03336131142
03336122895
03336154920
03336155367
03336150574
03336117200
03336177735
03336115743
03336144151
03336181944
03336196667
03336164120
03336178194
03336151708
03336189831
03336137800
03336128656
03336131552
03336139862
03336155222
03336143922
03336126511
03336163577
03336112260
03336175595
03336176873
03336194331
03336139584
03336162361
03336159504
03336177318
03336116766
03336192999
03336159286
03336124408
03336155029
03336158231
03336163525
03336164436
03336183163
03336158028
03336181583
03336111633
03336117885
03336131498
03336164741
03336138835
03336155351
03336117770
03336187219
03336196384
03336191342
03336138313
03336141604
03336121411
03336119583
03336137162
03336186802
03336161427
03336158708
03336183014
03336178514
03336115270
03336173627
03336173321
03336176336
03336190785
03336160758
03336119829
03336126993
03336152223
03336158987
03336162833
03336156081
03336120669
03336121966
03336198996
03336110432
03336167943
03336177617
03336116715
03336116626
03336162663
03336143024
03336178597
03336120865
03336194780
03336150205
03336164663
03336134871
03336152983
03336149470
03336132652
03336165513
03336179014
03336126984
03336126461
03336185793
03336119798
03336137686
03336189381
03336141874
03336158578
03336129723
03336163502
03336116493
03336164836
03336162431
03336152929
03336172581
03336110571
03336137653
03336156912
03336156695
03336113672
03336147761
03336182161
03336132730
03336184683
03336132212
03336150420
03336187560
03336124116
03336125372
03336123428
03336155155
03336142951
03336172011
03336179318
03336133878
03336182149
03336157819
03336179028
03336127244
03336120789
03336184445
03336148874
03336123596
03336129944
03336187774
03336111733
03336162289
03336142412
03336111817
03336175740
03336165341
03336179223
03336144300
03336143824
03336187585
03336187265
03336117757
03336148729
03336140074
03336161338
03336121884
03336190419
03336173610
03336138703
03336128421
03336179834
03336177883
03336129450
03336192883
03336163315
03336133286
03336180311
03336162646
03336175826
03336161827
03336167436
03336113554
03336147687
03336146336
03336177609
03336192788
03336135017
03336190053
03336181038
03336170233
03336191762
03336125423
03336144523
03336183521
03336143033
03336197354
03336138123
03336123585
03336113991
03336131983
03336197856
03336179368
03336172458
03336115908
03336111013
03336134690
03336120799
03336185318
03336124619
03336125995
03336155930
03336181293
03336190796
03336115001
03336144274
03336197631
03336138592
03336148650
03336147382
03336186121
03336189852
03336127599
03336188763
03336125612
03336137277
03336194207
03336165291
03336137702
03336138241
03336153445
03336181571
03336149830
03336166968
03336176880
03336124004
03336155363
03336160239
03336184914
03336167142
03336199427
03336147100
03336154422
03336153727
03336191134
03336128031
03336163786
03336199723
03336199530
03336174935
03336166608
03336122382
03336111735
03336175340
03336182605
03336188308
03336122250
03336191111
03336159327
03336188292
03336117689
03336127848
03336142556
03336148033
03336139122
03336120751
03336114588
03336193286
03336187142
03336118978
03336142751
03336173177
03336135035
03336134477
03336130420
03336165568
03336138172
03336163306
03336186837
03336159188
03336138095
03336191627
03336122545
03336188571
03336176718
03336193803
03336111135
03336129411
03336126573
03336144502
03336148578
03336179998
03336124663
03336178971
03336184942
03336181648
03336179465
03336197696
03336192756
03336170741
03336139854
03336115130
03336187215
03336174599
03336174275
03336160690
03336193759
03336150120
03336154382
03336141011
03336150036
03336156405
03336116577
03336132179
03336112835
03336147000
03336110424
03336130882
03336111163
03336193463
03336113340
03336146603
03336190532
03336185899
03336129247
03336186596
03336153230
03336181657
03336161491
03336145338
03336120886
03336182691
03336173440
03336114537
03336171686
03336133112
03336114055
03336161015
03336175028
03336185562
03336194466
03336144117
03336123593
03336172106
03336169041
03336166813
03336181592
03336177277
03336126513
03336168527
03336196682
03336188700
03336145028
03336154932
03336196889
03336172725
03336133639
03336188544
03336159122
03336135519
03336133885
03336158739
03336198297
03336175313
03336197770
03336197107
03336132448
03336138312
03336161040
03336196066
03336141781
03336197672
03336139804
03336147009
03336138330
03336194678
03336163745
03336143608
03336156178
03336117855
03336182986
03336157415
03336178180
03336164125
03336151923
03336184995
03336188074
03336174200
03336188052
03336173809
03336159334
03336161060
03336169043
03336184484
03336144829
03336188201
03336146918
03336139374
03336157260
03336167358
03336115766
03336125715
03336195308
03336193866
03336195376
03336191910
03336177707
03336153826
03336180442
03336192327
03336150565
03336119589
03336190214
03336168322
03336136008
03336190144
03336156786
03336117579
03336123471
03336151751
03336187675
03336177270
03336125634
03336179261
03336198778
03336197426
03336117238
03336136067
03336118041
03336120919
03336139534
03336148358
03336176587
03336156614
03336112054
03336189618
03336196163
03336196492
03336134226
03336193367
03336167006
03336110494
03336149453
03336194269
03336176507
03336152192
03336198369
03336110471
03336190132
03336133788
03336115606
03336138040
03336118038
03336168232
03336116115
03336193131
03336156399
03336163203
03336156260
03336132524
03336198670
03336150680
03336119963
03336159421
03336152502
03336178090
03336167167
03336121416
03336126978
03336117525
03336113946
03336120668
03336166775
03336176180
03336184991
03336122271
03336115783
03336199056
03336145935
03336196246
03336187130
03336123928
03336139906
03336138547
03336138576
03336143822
03336173503
03336186762
03336177826
03336130163
03336110746
03336177970
03336150783
03336143589
03336156543
03336192771
03336145866
03336132381
03336122964
03336198080
03336194505
03336117371
03336151262
03336192051
03336131124
03336170860
03336193946
03336157342
03336156436
03336110324
03336136277
03336111539
03336126751
03336180057
03336120873
03336113926
03336134267
03336193664
03336118384
03336140216
03336139698
03336183783
03336188805
03336125396
03336141401
03336165728
03336153190
03336174385
03336122971
03336195867
03336180320
03336125848
03336145400
03336121176
03336187313
03336151770
03336142378
03336132171
03336192815
03336120483
03336173726
03336141692
03336139244
03336116838
03336176486
03336171897
03336198113
03336129299
03336181994
03336166593
03336158382
03336110722
03336162457
03336166654
03336189723
03336170934
03336182050
03336187353
03336140409
03336131218
03336134656
03336199697
03336126612
03336182496
03336151285
03336186212
03336147401
03336119214
03336110056
03336147112
03336186152
03336124562
03336189242
03336151114
03336121250
03336176272
03336193671
03336113873
03336113727
03336167465
03336134678
03336124856
03336185115
03336152655
03336127039
03336121880
03336116331
03336191676
03336115935
03336141829
03336172199
03336115616
03336178013
03336195781
03336119191
03336139167
03336197947
03336115345
03336180502
03336165160
03336115889
03336119819
03336182902
03336193681
03336126536
03336117491
03336133437
03336199978
03336185970
03336197380
03336198630
03336159172
03336125520
03336118380
03336196433
03336145829
03336178126
03336147412
03336178915
03336115922
03336160655
03336115658
03336118091
03336194535
03336128298
03336134012
03336115779
03336187494
03336111150
03336133428
03336185897
03336119386
03336174746
03336190534
03336182498
03336141850
03336186229
03336118235
03336179383
03336136608
03336136283
03336182284
03336156534
03336168476
03336140904
03336166979
03336145122
03336178023
03336122955
03336165965
03336170190
03336192246
03336192767
03336148022
03336123458
03336169454
03336132483
03336177047
03336171082
03336187591
03336126128
03336192685
03336112351
03336142419
03336136275
03336181483
03336192014
03336151728
03336114265
03336130960
03336142673
03336161157
03336166449
03336140774
03336141362
03336166302
03336167579
03336177359
03336175884
03336116038
03336111324
03336125468
03336168247
03336188586
03336170212
03336166829
03336149801
03336124467
03336198433
03336114784
03336130405
03336162914
03336148218
03336154628
03336141748
03336126961
03336122090
03336113123
03336114237
03336155925
03336152251
03336190530
03336180175
03336162301
03336191708
03336135684
03336120012
03336148769
03336129677
03336176647
03336116951
03336168028
03336192896
03336130652
03336125185
03336189798
03336141560
03336187452
03336179759
03336112939
03336111821
03336138071
03336199614
03336139340
03336145489
03336164236
03336161647
03336160112
03336159072
03336134937
03336188071
03336183237
03336163824
03336158092
03336188782
03336193653
03336194772
03336181636
03336133236
03336171570
03336153600
03336185752
03336173719
03336134064
03336191438
03336187938
03336112309
03336166127
03336110691
03336179620
03336125589
03336149362
03336191184
03336153637
03336136069
03336165439
03336174523
03336184533
03336168030
03336116534
03336141954
03336182013
03336179956
03336122741
03336161361
03336143834
03336147906
03336192680
03336118918
03336146522
03336141368
03336158220
03336152318
03336125894
03336154050
03336149337
03336193985
03336148381
03336131860
03336157647
03336158547
03336172639
03336152713
03336128214
03336120249
03336197103
03336165206
03336155035
03336111646
03336193762
03336124404
03336168696
03336126576
03336168475
03336165111
03336162784
03336110397
03336160701
03336179066
03336132964
03336110174
03336160162
03336120472
03336118692
03336122549
03336193572
03336150153
03336171505
03336152011
03336164194
03336188721
03336139379
03336148302
03336119692
03336172431
03336121815
03336181316
03336186332
03336146573
03336148579
03336132131
03336180871
03336185354
03336149721
03336180862
03336128873
03336185596
03336121462
03336147749
03336178581
03336150553
03336139675
03336142538
03336168051
03336199777
03336188867
03336146514
03336132486
03336153586
03336122257
03336172393
03336137855
03336129095
03336116809
03336143092
03336137966
03336138885
03336197750
03336121661
03336186391
03336152739
03336178042
03336179291
03336135117
03336158514
03336137829
03336193675
03336128690
03336123756
03336173430
03336113640
03336149046
03336136243
03336151640
03336172653
03336132948
03336134802
03336153845
03336128498
03336194993
03336180852
03336111865
03336151767
03336112064
03336142504
03336183496
03336180831
03336128891
03336153284
03336150396
03336164495
03336188759
03336164659
03336130353
03336138811
03336110098
03336124896
03336198500
03336198962
03336190861
03336188808
03336192851
03336111045
03336191451
03336165312
03336162947
03336167816
03336157892
03336157746
03336168167
03336170813
03336154265
03336146648
03336186062
03336181610
03336165471
03336145193
03336114892
03336192599
03336184748
03336195761
03336185846
03336141268
03336162881
03336126117
03336115033
03336118400
03336170097
03336111373
03336189990
03336123057
03336158915
03336151052
03336118184
03336117883
03336161075
03336195392
03336192650
03336196327
03336117946
03336110394
03336183705
03336122622
03336157200
03336144626
03336179702
03336183608
03336193047
03336169776
03336128570
03336157317
03336136830
03336152782
03336139491
03336187648
03336156794
03336161297
03336164274
03336123591
03336127146
03336180591
03336114418
03336127008
03336111965
03336174716
03336123673
03336193195
03336144940
03336144934
03336197599
03336118889
03336157832
03336173773
03336190394
03336127765
03336183877
03336130009
03336151909
03336131242
03336122482
03336160866
03336199584
03336181053
03336155900
03336139533
03336156649
03336146120
03336160113
03336195475
03336176609
03336130208
03336152693
03336171643
03336131646
03336182440
03336192677
03336113810
03336124836
03336183635
03336159718
03336184452
03336133335
03336194949
03336165718
03336197254
03336129028
03336158144
03336180397
03336193581
03336175236
03336149349
03336191936
03336166142
03336112380
03336193663
03336115379
03336144468
03336188193
03336188285
03336151479
03336158775
03336181223
03336143565
03336137700
03336156121
03336171506
03336137332
03336138099
03336138846
03336115131
03336147717
03336113343
03336190182
03336110504
03336198505
03336165723
03336166532
03336120238
03336127260
03336138272
03336186551
03336159262
03336137983
03336167060
03336148209
03336125616
03336119428
03336195350
03336125676
03336125315
03336113726
03336122152
03336172907
03336186637
03336178960
03336156249
03336137137
03336142943
03336153089
03336164993
03336197249
03336145945
03336154285
03336180445
03336194902
03336189779
03336185756
03336192243
03336187780
03336153963
03336196859
03336133523
03336134376
03336189122
03336112483
03336186977
03336143496
03336192909
03336189454
03336122402
03336199617
03336148194
03336137597
03336111868
03336186763
03336110283
03336183101
03336184317
03336185183
03336121558
03336162013
03336192037
03336165024
03336193923
03336145171
03336124526
03336133433
03336137534
03336159762
03336176047
03336153114
03336144583
03336167126
03336124654
03336155966
03336172084
03336123543
03336186255
03336132251
03336157304
03336177911
03336198993
03336181959
03336169645
03336120109
03336129590
03336134846
03336141485
03336169352
03336195198
03336167312
03336162450
03336137924
03336170426
03336156020
03336184867
03336151170
03336139789
03336161550
03336158754
03336142179
03336143156
03336158447
03336128350
03336149473
03336154219
03336168494
03336162605
03336112919
03336167221
03336127659
03336151473
03336132855
03336190116
03336196750
03336178814
03336141201
03336111628
03336175231
03336171927
03336157341
03336193515
03336171668
03336151773
03336138675
03336162563
03336135085
03336192462
03336195754
03336119157
03336156813
03336138803
03336146231
03336141295
03336144519
03336180116
03336180627
03336172990
03336187530
03336154392
03336195229
03336110264
03336146937
03336149737
03336154419
03336160974
03336120348
03336147125
03336166948
03336171228
03336134835
03336147816
03336129819
03336172582
03336120457
03336171466
03336166676
03336186624
03336148821
03336152230
03336198697
03336160574
03336138637
03336168484
03336184396
03336198286
03336161403
03336154720
03336147226
03336186663
03336112825
03336180665
03336131487
03336175406
03336172031
03336189864
03336167574
03336145125
03336140597
03336132300
03336178181
03336143171
03336114948
03336133935
03336123762
03336180260
03336191876
03336165387
03336162277
03336159774
03336198463
03336186832
03336198156
03336142518
03336193095
03336155219
03336143155
03336187216
03336191916
03336188969
03336196060
03336136470
03336176811
03336145096
03336141498
03336142362
03336111632
03336166396
03336182392
03336195466
03336169448
03336169014
03336159640
03336174459
03336155350
03336121275
03336111909
03336178476
03336169209
03336115631
03336163543
03336191400
03336180742
03336146969
03336169910
03336198079
03336139205
03336122962
03336119487
03336123032
03336144965
03336127702
03336146780
03336123889
03336158553
03336190556
03336195880
03336177381
03336113021
03336136683
03336117383
03336129141
03336162025
03336182877
03336118635
03336199869
03336121879
03336175307
03336113439
03336119760
03336180428
03336172927
03336185410
03336164354
03336194528
03336172452
03336113553
03336127191
03336159430
03336195450
03336142293
03336146416
03336124049
03336146820
03336194349
03336171010
03336197386
03336153355
03336187920
03336173328
03336150522
03336154717
03336163358
03336117828
03336115201
03336120569
03336123093
03336178136
03336144180
03336125204
03336147274
03336192364
03336118039
03336182425
03336129361
03336186101
03336177002
03336168689
03336117950
03336117571
03336194389
03336115205
03336188528
03336147625
03336191298
03336124493
03336121951
03336125519
03336146431
03336142177
03336122404
03336130692
03336176699
03336164568
03336198351
03336136337
03336117314
03336136823
03336198844
03336199546
03336152971
03336126144
03336168024
03336110917
03336120299
03336132950
03336160328
03336192390
03336112736
03336192679
03336126673
03336172943
03336131794
03336153643
03336122228
03336184073
03336178773
03336169959
03336152661
03336121533
03336178650
03336162067
03336181613
03336196276
03336134143
03336186544
03336194654
03336165154
03336156468
03336154696
03336114601
03336141792
03336121878
03336189453
03336170364
03336163963
03336171889
03336171678
03336133677
03336163670
03336152750
03336120071
03336194450
03336132024
03336165624
03336144714
03336115363
03336145721
03336132266
03336142571
03336138686
03336132693
03336164052
03336158246
03336177020
03336140129
03336178289
03336166639
03336197174
03336167532
03336169471
03336136981
03336183217
03336180506
03336116982
03336172824
03336188698
03336149644
03336128389
03336177070
03336136586
03336120391
03336181393
03336186176
03336121207
03336154519
03336129030
03336120440
03336141105
03336182334
03336199220
03336183191
03336156760
03336150358
03336157473
03336194868
03336131549
03336155388
03336137903
03336166496
03336183279
03336183089
03336111232
03336151518
03336148641
03336126664
03336125294
03336114181
03336161616
03336196107
03336143660
03336176853
03336120313
03336155813
03336185609
03336149259
03336146198
03336156069
03336158557
03336187137
03336137760
03336123745
03336110670
03336122465
03336131224
03336154776
03336175422
03336173001
03336139166
03336170089
03336112039
03336198114
03336180388
03336148551
03336114441
03336112897
03336157040
03336185039
03336121575
03336160652
03336162651
03336173505
03336137160
03336139054
03336145939
03336191705
03336110427
03336149794
03336145329
03336111206
03336127772
03336137971
03336149423
03336195439
03336141301
03336149871
03336141179
03336122450
03336126017
03336131621
03336178739
03336117226
03336145839
03336182608
03336168870
03336197647
03336141628
03336145659
03336130097
03336152721
03336178450
03336163093
03336148018
03336148960
03336194063
03336115721
03336129483
03336166872
03336147460
03336159662
03336162244
03336157757
03336198767
03336175228
03336142417
03336199127
03336119001
03336171596
03336143859
03336199125
03336134635
03336131030
03336194765
03336119934
03336193215
03336163330
03336137258
03336194058
03336168799
03336166044
03336192608
03336132756
03336164679
03336189952
03336125579
03336120388
03336174307
03336174989
03336166355
03336169376
03336176767
03336159469
03336147071
03336126453
03336198519
03336122626
03336174062
03336122928
03336179324
03336128458
03336116988
03336154194
03336174129
03336122506
03336166152
03336129613
03336153402
03336190863
03336158108
03336135927
03336165148
03336166011
03336110548
03336152464
03336198664
03336117625
03336146017
03336186779
03336169552
03336124136
03336168280
03336161653
03336117998
03336160464
03336146143
03336155950
03336110805
03336195538
03336146172
03336130072
03336143116
03336183746
03336153431
03336136221
03336172964
03336146268
03336127246
03336154236
03336144694
03336121586
03336175491
03336111267
03336140840
03336194320
03336181060
03336196831
03336173989
03336199854
03336128045
03336136148
03336139309
03336155188
03336160178
03336155334
03336136195
03336113664
03336176362
03336110201
03336118808
03336157864
03336144690
03336128035
03336192810
03336181402
03336112579
03336174327
03336179499
03336152395
03336190378
03336142944
03336132543
03336124857
03336150385
03336177158
03336166144
03336165083
03336159118
03336136815
03336195683
03336141171
03336144437
03336198242
03336176043
03336117630
03336110073
03336113582
03336126710
03336144034
03336125885
03336130801
03336183232
03336148029
03336112918
03336168480
03336122504
03336194489
03336147458
03336114622
03336185100
03336114451
03336152639
03336167389
03336159037
03336147520
03336111279
03336151083
03336181992
03336162180
03336126008
03336185842
03336136964
03336114336
03336198284
03336161869
03336142322
03336176796
03336116234
03336188508
03336198972
03336138826
03336161987
03336167153
03336129128
03336153225
03336196602
03336136614
03336142326
03336148225
03336126548
03336116926
03336129985
03336145603
03336112682
03336151035
03336166061
03336115430
03336192951
03336143892
03336127281
03336157223
03336162186
03336175953
03336154144
03336124219
03336132620
03336137826
03336168866
03336115096
03336115479
03336113812
03336137794
03336129908
03336194294
03336114677
03336114468
03336139666
03336113954
03336176970
03336182479
03336168733
03336189631
03336149186
03336191287
03336110734
03336195556
03336155079
03336137284
03336134705
03336166942
03336177272
03336142457
03336112394
03336143089
03336188722
03336148060
03336188266
03336131791
03336174887
03336121127
03336171767
03336178482
03336187587
03336150311
03336148142
03336179706
03336168974
03336185411
03336134588
03336183433
03336113848
03336127091
03336168062
03336119539
03336160399
03336176528
03336170697
03336127864
03336162966
03336117022
03336172219
03336129960
03336170865
03336188247
03336161021
03336194213
03336192472
03336136942
03336186380
03336174298
03336170160
03336138967
03336117074
03336150852
03336149696
03336184393
03336161787
03336187235
03336157046
03336177806
03336126271
03336129240
03336161631
03336179997
03336168726
03336154107
03336155262
03336132553
03336147023
03336158160
03336154744
03336128534
03336176408
03336174266
03336116721
03336162063
03336187121
03336185493
03336176502
03336148469
03336148207
03336143688
03336188123
03336168012
03336126831
03336186303
03336166077
03336175731
03336115172
03336124268
03336141625
03336126616
03336181023
03336125486
03336138365
03336181679
03336153827
03336127275
03336111999
03336184223
03336171516
03336140665
03336176586
03336132974
03336122330
03336174666
03336131795
03336129598
03336117136
03336185551
03336173508
03336111985
03336166261
03336144560
03336128431
03336146249
03336180946
03336182429
03336146019
03336113361
03336152140
03336170577
03336175096
03336135446
03336160006
03336138137
03336166789
03336194380
03336181859
03336131689
03336196496
03336161799
03336132959
03336193856
03336163972
03336191410
03336176928
03336194669
03336186552
03336156073
03336153108
03336169038
03336159225
03336193804
03336153248
03336146328
03336129569
03336138203
03336158154
03336188525
03336157878
03336186883
03336168568
03336141734
03336193658
03336141787
03336135218
03336135276
03336153862
03336169608
03336115489
03336111600
03336134574
03336182276
03336189535
03336169091
03336157470
03336184025
03336119023
03336182338
03336137059
03336144332
03336113541
03336135530
03336165696
03336138341
03336173274
03336126950
03336135978
03336177089
03336122842
03336183270
03336164807
03336159451
03336151275
03336183499
03336153548
03336154763
03336182203
03336118673
03336125301
03336156793
03336121129
03336169112
03336151387
03336131054
03336121984
03336138854
03336131508
03336140953
03336149325
03336128245
03336148416
03336199745
03336177147
03336131186
03336184650
03336198595
03336166693
03336176185
03336185821
03336141959
03336198018
03336132749
03336116812
03336198839
03336183510
03336146018
03336162129
03336194867
03336178737
03336180989
03336196584
03336186954
03336142219
03336197124
03336172544
03336191333
03336191301
03336133944
03336136561
03336111035
03336151529
03336150467
03336179587
03336176401
03336123576
03336197552
03336120078
03336120114
03336190100
03336144944
03336183291
03336133036
03336189234
03336122041
03336147998
03336194935
03336187196
03336133377
03336186915
03336121008
03336170753
03336190192
03336188966
03336179684
03336132642
03336175359
03336184883
03336151876
03336186982
03336181220
03336166345
03336119252
03336122441
03336164576
03336174789
03336141386
03336188636
03336136044
03336113293
03336177527
03336115731
03336175082
03336166839
03336143335
03336196366
03336146747
03336124120
03336130521
03336179713
03336172259
03336186209
03336134609
03336117868
03336118607
03336187471
03336114740
03336160061
03336131414
03336146053
03336155696
03336186453
03336140889
03336172493
03336158588
03336145529
03336132371
03336134709
03336194034
03336112665
03336179783
03336163952
03336126388
03336165803
03336188517
03336162862
03336150699
03336186632
03336146992
03336120899
03336187831
03336146707
03336156181
03336153915
03336173895
03336175983
03336181878
03336173498
03336163130
03336180386
03336123872
03336124127
03336144594
03336178590
03336198149
03336145004
03336178224
03336154826
03336153916
03336121667
03336182716
03336171544
03336126284
03336183190
03336157314
03336169063
03336139460
03336119989
03336184662
03336175912
03336191614
03336158475
03336158726
03336112155
03336116652
03336156234
03336185417
03336129579
03336164644
03336181001
03336157620
03336184271
03336152549
03336141627
03336168767
03336147356
03336133004
03336192791
03336163962
03336132247
03336191179
03336155594
03336171684
03336179939
03336150402
03336150322
03336182455
03336139209
03336148215
03336142188
03336186976
03336139673
03336186278
03336166068
03336138174
03336197681
03336185217
03336153137
03336145282
03336144193
03336198918
03336127436
03336170692
03336172633
03336151657
03336183120
03336138443
03336159366
03336167296
03336154287
03336156561
03336167482
03336136712
03336144492
03336147123
03336125434
03336132786
03336115432
03336112875
03336155349
03336112979
03336194830
03336195109
03336178745
03336195996
03336138042
03336197539
03336110311
03336181021
03336145637
03336122886
03336170232
03336187551
03336165094
03336127609
03336172377
03336131991
03336166893
03336191850
03336128538
03336191758
03336181464
03336112495
03336128760
03336191889
03336172086
03336167994
03336159653
03336156827
03336188011
03336159698
03336163370
03336129254
03336156747
03336146250
03336139991
03336155691
03336160193
03336133792
03336174259
03336137301
03336137883
03336167692
03336111688
03336169685
03336140498
03336123358
03336193191
03336146086
03336193368
03336150207
03336132028
03336116074
03336197815
03336198730
03336179397
03336153748
03336150800
03336150168
03336130724
03336177083
03336144045
03336164239
03336143123
03336175243
03336163257
03336126902
03336145770
03336131656
03336194745
03336117498
03336168712
03336143581
03336144803
03336117072
03336131939
03336151391
03336148727
03336174802
03336113567
03336163459
03336184751
03336159131
03336197225
03336140672
03336148434
03336141260
03336176294
03336182992
03336172021
03336187132
03336190608
03336167642
03336197374
03336148114
03336129934
03336119183
03336147598
03336171602
03336155461
03336186740
03336181658
03336127435
03336136600
03336167265
03336192331
03336134554
03336145897
03336134570
03336114822
03336185642
03336169476
03336125210
03336111752
03336181579
03336136422
03336149429
03336126493
03336154016
03336144867
03336194384
03336115861
03336113149
03336154029
03336172390
03336133909
03336168179
03336195423
03336159602
03336128836
03336180920
03336144585
03336139893
03336198277
03336133088
03336151477
03336113543
03336115112
03336133541
03336178122
03336146391
03336143708
03336141263
03336181736
03336136070
03336198816
03336132228
03336120964
03336148340
03336182567
03336142216
03336151403
03336179182
03336180524
03336132717
03336111988
03336166391
03336119399
03336126039
03336140639
03336121121
03336130832
03336131047
03336196529
03336155917
03336116341
03336126157
03336187068
03336129755
03336160843
03336137739
03336166757
03336110320
03336131127
03336152173
03336132108
03336196606
03336127373
03336155748
03336179461
03336162017
03336188489
03336119094
03336152563
03336167618
03336139488
03336147152
03336195713
03336137482
03336125269
03336112876
03336140371
03336150688
03336139541
03336142898
03336115887
03336194806
03336145801
03336114390
03336181373
03336170204
03336159814
03336134283
03336122792
03336198666
03336132767
03336165373
03336151371
03336138874
03336122732
03336163777
03336158538
03336163050
03336139916
03336134042
03336153341
03336141487
03336197444
03336190756
03336192567
03336153707
03336111485
03336113065
03336126942
03336174824
03336182359
03336166028
03336179674
03336112869
03336172920
03336159896
03336161505
03336127956
03336131502
03336152110
03336136268
03336182750
03336174473
03336118769
03336113408
03336170937
03336172759
03336110833
03336158329
03336141715
03336169085
03336187180
03336119702
03336155426
03336186300
03336129669
03336195790
03336133214
03336130154
03336181417
03336192509
03336183376
03336127047
03336161122
03336144507
03336195541
03336181590
03336135938
03336189259
03336173528
03336161064
03336147632
03336159375
03336176797
03336127196
03336190597
03336190435
03336198910
03336161416
03336135731
03336155195
03336121344
03336171153
03336121654
03336185012
03336175205
03336171827
03336132166
03336198287
03336175921
03336143758
03336199374
03336147426
03336183524
03336117866
03336189346
03336136821
03336121573
03336184801
03336180651
03336121453
03336127804
03336142905
03336128229
03336195702
03336139234
03336196879
03336171797
03336194422
03336171817
03336137314
03336162031
03336155894
03336157287
03336122852
03336110528
03336177120
03336160732
03336117432
03336162776
03336171710
03336188683
03336133038
03336127821
03336143170
03336132787
03336115386
03336143550
03336146384
03336172778
03336133621
03336136543
03336190502
03336182381
03336193849
03336142107
03336176240
03336179502
03336132592
03336135286
03336126490
03336181498
03336198874
03336137342
03336191531
03336160671
03336112226
03336176088
03336143438
03336117874
03336149742
03336139121
03336152532
03336181493
03336128247
03336148037
03336199039
03336125488
03336165392
03336174906
03336129003
03336168421
03336181230
03336184839
03336136286
03336190211
03336189808
03336126595
03336190478
03336151639
03336132428
03336154714
03336136212
03336134158
03336196689
03336129480
03336193104
03336172628
03336132638
03336154728
03336132241
03336175832
03336126970
03336126146
03336153793
03336133461
03336199835
03336111854
03336126139
03336125453
03336131668
03336138916
03336111346
03336194857
03336119301
03336137363
03336181587
03336159530
03336149312
03336183271
03336174017
03336126779
03336192034
03336113879
03336174213
03336132383
03336192764
03336142267
03336174274
03336136179
03336125047
03336154260
03336158693
03336152282
03336138044
03336156750
03336189973
03336123845
03336178624
03336125499
03336123045
03336197296
03336122811
03336110178
03336155741
03336191040
03336173108
03336148970
03336165903
03336126077
03336152128
03336127014
03336119582
03336197485
03336128536
03336179470
03336133375
03336183185
03336157393
03336186299
03336160608
03336185080
03336143543
03336159339
03336159425
03336131304
03336175393
03336167043
03336194738
03336191067
03336164034
03336176642
03336169159
03336168859
03336187209
03336159143
03336125268
03336131836
03336137168
03336192487
03336199153
03336192124
03336123789
03336165651
03336194559
03336136511
03336149570
03336170660
03336147497
03336170327
03336146075
03336189544
03336134599
03336150684
03336185085
03336123280
03336111469
03336128514
03336196967
03336164502
03336131652
03336114026
03336188534
03336115527
03336127156
03336112415
03336154044
03336159812
03336111707
03336165612
03336166852
03336164116
03336132150
03336183269
03336143254
03336138082
03336154555
03336139283
03336114463
03336154225
03336198831
03336122783
03336197664
03336124544
03336177498
03336120366
03336195519
03336130806
03336196325
03336160471
03336177116
03336179032
03336148818
03336195526
03336110848
03336135790
03336125427
03336167414
03336141831
03336185198
03336111290
03336173959
03336157683
03336150038
03336196847
03336177426
03336115194
03336165751
03336117862
03336134917
03336132565
03336157824
03336191340
03336156959
03336171332
03336133310
03336135825
03336122797
03336133491
03336160965
03336121146
03336145200
03336190465
03336118937
03336195132
03336118435
03336194116
03336143559
03336172236
03336122096
03336110083
03336179647
03336116789
03336134694
03336137835
03336180768
03336199478
03336183045
03336194568
03336111365
03336161169
03336113901
03336162961
03336153024
03336144449
03336147756
03336192117
03336166622
03336144617
03336124233
03336190143
03336128758
03336167218
03336131100
03336158991
03336121078
03336122191
03336145626
03336180515
03336124833
03336152918
03336141034
03336182264
03336122264
03336133496
03336152541
03336136347
03336139751
03336138923
03336149599
03336159977
03336138456
03336176563
03336155976
03336142108
03336173985
03336146360
03336135668
03336180118
03336155473
03336165465
03336171306
03336192556
03336118932
03336170617
03336149667
03336197763
03336124054
03336173489
03336189174
03336115543
03336126227
03336189067
03336110042
03336111989
03336162185
03336125491
03336174395
03336139576
03336130275
03336169416
03336174633
03336190302
03336190654
03336175124
03336159605
03336185005
03336186523
03336165507
03336125042
03336159367
03336181611
03336148478
03336163331
03336116329
03336162878
03336138583
03336115697
03336165433
03336160424
03336144433
03336112228
03336187496
03336145933
03336130119
03336111799
03336120869
03336161272
03336140542
03336125197
03336160600
03336117922
03336115632
03336179962
03336174542
03336138158
03336139048
03336198772
03336129700
03336163510
03336198854
03336111516
03336136701
03336191692
03336189168
03336114209
03336185732
03336178073
03336129191
03336129485
03336173205
03336153848
03336125250
03336124964
03336199844
03336179721
03336130556
03336174565
03336182916
03336128331
03336176648
03336166661
03336157773
03336194397
03336111043
03336157795
03336117502
03336112945
03336149756
03336133505
03336171432
03336197906
03336137558
03336176804
03336145351
03336165842
03336144923
03336177400
03336125072
03336130932
03336148709
03336132954
03336124289
03336128600
03336191266
03336112519
03336137322
03336156435
03336191335
03336167030
03336145362
03336162877
03336160260
03336142141
03336175493
03336121123
03336166338
03336127335
03336181815
03336126842
03336171531
03336163138
03336182979
03336191752
03336121737
03336180372
03336169325
03336126863
03336168793
03336133654
