03336226396
03336225282
03336229629
03336227137
03336228787
03336229328
03336226980
03336222054
03336225896
03336225933
03336229527
03336227950
03336221431
03336221213
03336229502
03336222477
03336228252
03336221109
03336224867
03336227486
03336224467
03336225985
03336225519
03336228223
03336228434
03336229214
03336222456
03336229822
03336221467
03336229781
03336223521
03336228879
03336229143
03336224077
03336224456
03336221519
03336222203
03336223120
03336224473
03336223500
03336225738
03336227445
03336228967
03336227925
03336228743
03336226057
03336229980
03336229806
03336227414
03336225828
03336226286
03336228150
03336228910
03336223644
03336221617
03336228455
03336221884
03336227765
03336229597
03336226074
03336224466
03336229745
03336224428
03336222551
03336222069
03336225424
03336228021
03336226733
03336228906
03336227031
03336223985
03336228728
03336228540
03336226552
03336222128
03336222376
03336229234
03336222649
03336222407
03336225639
03336223494
03336225370
03336229969
03336228328
03336222838
03336223747
03336221236
03336226707
03336223903
03336229664
03336222979
03336229222
03336223496
03336226192
03336223987
03336224555
03336221785
03336226921
03336229255
03336227756
03336224924
03336222086
03336225103
03336225065
03336226327
03336229507
03336228531
03336226947
03336223666
03336228826
03336226250
03336229058
03336222581
03336223741
03336224991
03336225183
03336225777
03336225159
03336225795
03336223686
03336229063
03336225560
03336227330
03336226802
03336225936
03336228389
03336224678
03336221727
03336228718
03336224239
03336227613
03336225044
03336226242
03336225329
03336227773
03336227420
03336221728
03336228175
03336226955
03336225998
03336224152
03336222971
03336224437
03336223610
03336229564
03336226601
03336224903
03336221761
03336223459
03336224070
03336224842
03336223022
03336229542
03336227734
03336223461
03336221117
03336223853
03336226082
03336221939
03336222011
03336221444
03336227537
03336227498
03336229662
03336227409
03336225086
03336227739
03336224066
03336225510
03336223127
03336223065
03336221408
03336224359
03336222364
03336222325
03336228143
03336225113
03336224262
03336226823
03336226956
03336223543
03336223219
03336225786
03336227229
03336227029
03336224321
03336224059
03336224044
03336222993
03336226073
03336222747
03336229901
03336229192
03336229816
03336224022
03336229393
03336228559
03336221714
03336229957
03336228134
03336223375
03336221096
03336228065
03336222974
03336228739
03336221819
03336225115
03336223151
03336221231
03336227901
03336227334
03336224279
03336223876
03336227371
03336227857
03336223455
03336221188
03336222254
03336229005
03336227364
03336223399
03336229371
03336226252
03336225396
03336225212
03336225070
03336227007
03336222934
03336221386
03336224983
03336228487
03336223261
03336227651
03336226663
03336226132
03336228964
03336227636
03336225581
03336229052
03336228944
03336229728
03336225091
03336228738
03336228467
03336226025
03336221821
03336221959
03336223312
03336225937
03336229460
03336229976
03336221725
03336221812
03336227578
03336223527
03336226749
03336228108
03336229845
03336222917
03336228846
03336221018
03336226224
03336221724
03336221745
03336225818
03336225606
03336223201
03336226471
03336223671
03336227514
03336226928
03336229186
03336223249
03336225047
03336229622
03336225448
03336227612
03336229027
03336222309
03336226881
03336226686
03336224407
03336227151
03336222303
03336229882
03336222174
03336229891
03336227449
03336229800
03336221113
03336221566
03336221764
03336226258
03336224298
03336226305
03336224341
03336223499
03336223061
03336224397
03336225305
03336229819
03336228708
03336229343
03336224021
03336227317
03336224594
03336225760
03336223552
03336229226
03336225796
03336223788
03336222105
03336227622
03336229479
03336229385
03336222136
03336224812
03336228056
03336225848
03336222769
03336221418
03336222582
03336226961
03336222853
03336229408
03336227712
03336228804
03336227774
03336225484
03336226868
03336228740
03336227091
03336226972
03336224358
03336228211
03336225359
03336221664
03336228502
03336222516
03336225339
03336226676
03336221170
03336224955
03336221362
03336228248
03336222538
03336229068
03336229457
03336227050
03336227290
03336226760
03336223639
03336221740
03336226351
03336225840
03336222093
03336221451
03336225716
03336228304
03336225237
03336227549
03336228928
03336221894
03336221084
03336229754
03336224080
03336227864
03336221622
03336226177
03336228238
03336222757
03336227441
03336229525
03336227541
03336226415
03336227411
03336221450
03336223696
03336223451
03336222561
03336225231
03336228006
03336222371
03336223266
03336222785
03336224212
03336229126
03336226027
03336226318
03336226354
03336221454
03336228098
03336221820
03336229640
03336227535
03336222680
03336225775
03336228733
03336225563
03336228113
03336223082
03336224652
03336221925
03336228174
03336221888
03336227825
03336224527
03336229288
03336221592
03336229332
03336225852
03336222963
03336225265
03336224143
03336229541
03336221294
03336223652
03336227806
03336226729
03336221123
03336223171
03336226087
03336228317
03336225590
03336223381
03336223914
03336221016
03336227676
03336223827
03336229668
03336229893
03336228613
03336228287
03336224611
03336222323
03336222276
03336224599
03336221143
03336224725
03336227021
03336225601
03336225134
03336226554
03336225497
03336227993
03336222122
03336227214
03336228512
03336226353
03336223528
03336228753
03336222087
03336223570
03336222234
03336221145
03336225373
03336224214
03336223915
03336225504
03336226184
03336223070
03336225977
03336225529
03336221254
03336226682
03336221328
03336229242
03336222451
03336226398
03336226150
03336223182
03336229036
03336227883
03336225921
03336229630
03336225554
03336226613
03336221155
03336229585
03336222935
03336225084
03336229533
03336222523
03336223453
03336225769
03336226581
03336221516
03336229416
03336222064
03336229968
03336226739
03336224703
03336227971
03336226060
03336227130
03336222603
03336221601
03336223198
03336229452
03336224584
03336228361
03336228891
03336225028
03336223484
03336223042
03336221720
03336224159
03336222575
03336229200
03336228998
03336229351
03336225588
03336224634
03336221068
03336221118
03336228459
03336227915
03336229181
03336224927
03336224760
03336228641
03336225095
03336225941
03336222515
03336227954
03336226930
03336228364
03336226843
03336226316
03336221997
03336222447
03336222624
03336224388
03336228579
03336227534
03336229523
03336225019
03336228218
03336228770
03336227062
03336222750
03336221541
03336227968
03336229270
03336224739
03336225346
03336229657
03336223601
03336229933
03336227542
03336222490
03336224789
03336223237
03336224210
03336222357
03336228806
03336224577
03336227354
03336223140
03336222009
03336226680
03336228392
03336224161
03336224382
03336226542
03336229871
03336228032
03336223191
03336221446
03336226412
03336228962
03336229094
03336222104
03336224845
03336226045
03336222339
03336222375
03336224454
03336221036
03336227033
03336227307
03336224007
03336226413
03336228256
03336228172
03336223714
03336228400
03336225959
03336223852
03336226732
03336223814
03336226954
03336226109
03336225274
03336227058
03336221901
03336224351
03336229080
03336226077
03336225827
03336222847
03336225116
03336223960
03336225014
03336224294
03336229634
03336222226
03336221501
03336223916
03336221358
03336223932
03336227075
03336222534
03336223457
03336229775
03336225018
03336227732
03336228011
03336223002
03336226536
03336222362
03336228289
03336227891
03336229935
03336227065
03336221787
03336222552
03336226685
03336227927
03336224402
03336224459
03336228890
03336226160
03336224295
03336228699
03336224106
03336226325
03336221625
03336225230
03336229897
03336225595
03336222177
03336228198
03336224524
03336226920
03336222125
03336221347
03336222824
03336226311
03336222754
03336221963
03336226069
03336228596
03336227949
03336222506
03336229673
03336224815
03336225989
03336229529
03336222616
03336223643
03336227297
03336225480
03336225377
03336229033
03336223905
03336226677
03336224910
03336227131
03336228391
03336222295
03336227758
03336228866
03336227263
03336225076
03336227353
03336226579
03336222890
03336221577
03336228147
03336226136
03336224196
03336228226
03336221044
03336221600
03336228688
03336221952
03336223908
03336225193
03336222647
03336229623
03336226645
03336223954
03336222314
03336224160
03336226146
03336221400
03336225623
03336223571
03336223773
03336229082
03336225242
03336222560
03336229246
03336227462
03336229409
03336227512
03336227952
03336224469
03336227507
03336223101
03336227253
03336224333
03336228283
03336222304
03336227989
03336222958
03336226715
03336224483
03336227102
03336225110
03336223284
03336226383
03336225453
03336223781
03336223398
03336224265
03336228729
03336225430
03336226747
03336224453
03336221667
03336226358
03336226127
03336222705
03336222953
03336224498
03336227680
03336224694
03336221112
03336223373
03336226521
03336229391
03336229621
03336224030
03336221856
03336228157
03336228442
03336228907
03336229088
03336226670
03336225727
03336225797
03336228859
03336227107
03336225464
03336224064
03336225143
03336228782
03336222522
03336227721
03336226994
03336222800
03336224126
03336226616
03336225946
03336221862
03336223762
03336229985
03336229422
03336222172
03336223010
03336228931
03336224389
03336223776
03336226873
03336227273
03336221605
03336221536
03336227783
03336224478
03336225869
03336227499
03336229020
03336227241
03336228889
03336229354
03336228898
03336223390
03336226378
03336226591
03336225494
03336225910
03336226294
03336228189
03336225145
03336229102
03336227248
03336225311
03336223625
03336225849
03336221074
03336224908
03336221909
03336225248
03336225388
03336225016
03336229648
03336228446
03336222841
03336223011
03336224873
03336228242
03336228781
03336226631
03336224886
03336227798
03336228282
03336222820
03336226460
03336222433
03336229166
03336222243
03336221650
03336226166
03336228601
03336224445
03336226988
03336226924
03336223973
03336223103
03336221574
03336225846
03336226668
03336227463
03336225178
03336228471
03336226724
03336227069
03336224843
03336229217
03336223288
03336223276
03336222004
03336222088
03336224270
03336229302
03336228507
03336224482
03336226796
03336221996
03336226844
03336226271
03336226185
03336223535
03336221318
03336224808
03336225641
03336221783
03336226223
03336222436
03336226151
03336227525
03336224935
03336226189
03336223961
03336223810
03336222097
03336227400
03336222432
03336227555
03336222889
03336226597
03336222356
03336226041
03336222653
03336224671
03336222061
03336224595
03336227092
03336225364
03336228165
03336221456
03336228334
03336223999
03336222285
03336223188
03336225750
03336223576
03336221505
03336227053
03336229568
03336227446
03336226744
03336224366
03336222739
03336224545
03336228383
03336221102
03336224364
03336224441
03336229674
03336223828
03336227493
03336228664
03336223579
03336227187
03336229130
03336227071
03336227986
03336222833
03336222189
03336221675
03336226347
03336228855
03336226050
03336225836
03336227028
03336226420
03336228595
03336225909
03336229322
03336226421
03336227063
03336226302
03336227015
03336224379
03336224325
03336228457
03336225695
03336227085
03336229899
03336229997
03336224318
03336227922
03336222497
03336224613
03336227764
03336222869
03336222036
03336223737
03336225508
03336228390
03336228118
03336222645
03336227408
03336222755
03336229830
03336224256
03336222709
03336226530
03336229054
03336222221
03336223218
03336224926
03336229262
03336227465
03336228858
03336221732
03336227914
03336224531
03336228469
03336223981
03336225233
03336222540
03336228772
03336227180
03336226371
03336224944
03336223325
03336228624
03336226261
03336221679
03336221048
03336224329
03336225740
03336225213
03336222406
03336227027
03336228082
03336221621
03336225542
03336222685
03336229651
03336225123
03336222773
03336226272
03336226650
03336226658
03336228114
03336228938
03336224917
03336227521
03336227289
03336225483
03336229956
03336226337
03336227598
03336225737
03336225960
03336222169
03336228129
03336224932
03336227397
03336223117
03336224551
03336222701
03336221442
03336225898
03336223612
03336226998
03336226086
03336227529
03336221248
03336222170
03336227052
03336221965
03336223564
03336222109
03336221879
03336226808
03336222778
03336227224
03336228875
03336227260
03336229428
03336222345
03336221191
03336229582
03336226501
03336227481
03336226993
03336227841
03336223532
03336222107
03336227503
03336227496
03336229018
03336229397
03336222427
03336225089
03336221593
03336228464
03336229902
03336222620
03336228124
03336224618
03336222860
03336227327
03336223825
03336224864
03336222013
03336222421
03336227415
03336224255
03336228176
03336229858
03336228554
03336227575
03336222861
03336222899
03336222486
03336224797
03336223785
03336224286
03336228883
03336222727
03336229680
03336223881
03336227421
03336229717
03336224780
03336223677
03336221124
03336225482
03336225465
03336221487
03336222876
03336229811
03336222378
03336228645
03336222368
03336228605
03336225446
03336223388
03336225224
03336222132
03336222000
03336222530
03336223130
03336229694
03336227735
03336225704
03336222627
03336223511
03336224612
03336223919
03336229937
03336225078
03336224877
03336226450
03336229131
03336227395
03336221412
03336229610
03336222418
03336222951
03336225640
03336226514
03336229768
03336224121
03336228332
03336228836
03336221974
03336224492
03336222124
03336228672
03336222250
03336223637
03336222351
03336222665
03336221792
03336225141
03336229751
03336227322
03336224033
03336228448
03336221045
03336226470
03336228593
03336226314
03336225993
03336223812
03336227088
03336224937
03336223031
03336225573
03336229402
03336226157
03336221795
03336221265
03336222828
03336221240
03336225903
03336226780
03336224730
03336229619
03336224468
03336226941
03336222667
03336225629
03336221607
03336228723
03336221861
03336225660
03336221360
03336229602
03336227720
03336222138
03336226548
03336225608
03336225734
03336229633
03336226219
03336227238
03336229098
03336221164
03336223913
03336226653
03336229779
03336222690
03336229534
03336221263
03336224193
03336228053
03336224009
03336227444
03336221458
03336223330
03336228551
03336224308
03336224978
03336227540
03336226625
03336224796
03336229439
03336222192
03336223545
03336224691
03336225096
03336228730
03336229703
03336223568
03336224464
03336227693
03336221411
03336228943
03336229895
03336227552
03336226126
03336226486
03336221549
03336223710
03336224693
03336225090
03336222278
03336227183
03336225325
03336228197
03336226368
03336224474
03336224461
03336226234
03336222395
03336228488
03336224306
03336225637
03336227139
03336225083
03336229073
03336228865
03336224698
03336229834
03336225996
03336229600
03336228016
03336223862
03336229771
03336222158
03336229090
03336229461
03336228096
03336226950
03336222708
03336229886
03336226092
03336225157
03336227637
03336223930
03336225692
03336229403
03336226641
03336229960
03336227288
03336221539
03336225241
03336221669
03336221520
03336223818
03336226400
03336224012
03336224378
03336224626
03336226395
03336228635
03336228789
03336225215
03336224415
03336228897
03336222417
03336222656
03336225196
03336224816
03336221228
03336228415
03336225179
03336221504
03336221375
03336229810
03336226000
03336223244
03336227551
03336224219
03336226427
03336221698
03336223131
03336226308
03336225874
03336225154
03336227057
03336223437
03336224187
03336226401
03336229198
03336224223
03336229853
03336227304
03336222471
03336227623
03336224259
03336225402
03336225969
03336228833
03336229433
03336223003
03336226584
03336222634
03336225544
03336227664
03336222470
03336229321
03336223136
03336228217
03336223232
03336228777
03336222305
03336223965
03336225039
03336229927
03336225525
03336227438
03336227729
03336227041
03336225720
03336227775
03336222202
03336224422
03336227892
03336226523
03336226206
03336226728
03336223504
03336222795
03336221639
03336222808
03336224486
03336227668
03336224056
03336229726
03336227127
03336225851
03336224078
03336227594
03336224771
03336227737
03336229988
03336226944
03336223280
03336226007
03336222280
03336223942
03336225361
03336226014
03336222281
03336225780
03336227086
03336229719
03336222571
03336225577
03336223647
03336221169
03336227964
03336225440
03336224411
03336223382
03336227305
03336226985
03336228592
03336221923
03336226872
03336226828
03336228785
03336226217
03336229784
03336223466
03336224949
03336229359
03336229125
03336229780
03336225387
03336228275
03336223337
03336227484
03336221550
03336222204
03336225673
03336222528
03336224195
03336226806
03336222296
03336225576
03336229087
03336229898
03336222023
03336225394
03336225295
03336225349
03336225408
03336228952
03336225792
03336223424
03336227703
03336226600
03336224040
03336226315
03336224631
03336222469
03336225107
03336223967
03336229500
03336229685
03336224344
03336222633
03336226488
03336221443
03336229554
03336224063
03336223516
03336225687
03336229124
03336229978
03336229372
03336229072
03336221130
03336225757
03336228780
03336227970
03336225928
03336227708
03336225981
03336226617
03336224791
03336228055
03336224788
03336225794
03336228307
03336223718
03336221064
03336226319
03336224444
03336225712
03336223099
03336226260
03336227045
03336225506
03336222491
03336225784
03336221533
03336228369
03336221283
03336221715
03336222478
03336224079
03336225533
03336223387
03336224765
03336228269
03336225209
03336221968
03336228155
03336228913
03336224628
03336225418
03336225680
03336221710
03336228882
03336222127
03336225354
03336225439
03336224125
03336229006
03336223255
03336227424
03336227023
03336222779
03336229254
03336222648
03336223841
03336229045
03336223937
03336226018
03336221017
03336227566
03336222872
03336221707
03336228659
03336227351
03336223578
03336222782
03336222874
03336226905
03336225258
03336222300
03336226478
03336225153
03336229953
03336226527
03336221510
03336228185
03336229188
03336228900
03336226264
03336229161
03336222675
03336229399
03336229644
03336228837
03336226602
03336228470
03336221755
03336226695
03336228088
03336226350
03336224472
03336229249
03336223115
03336221540
03336222567
03336228784
03336221762
03336221063
03336221038
03336222945
03336222186
03336229470
03336228450
03336227313
03336223620
03336226214
03336223551
03336227144
03336221167
03336222930
03336223829
03336224722
03336228458
03336226167
03336229406
03336229342
03336226372
03336221784
03336223148
03336227621
03336221905
03336228580
03336225892
03336225832
03336227608
03336229637
03336223233
03336225423
03336227710
03336227844
03336221657
03336223602
03336225610
03336224489
03336227803
03336228799
03336224164
03336225914
03336222397
03336227098
03336226221
03336221233
03336226529
03336226172
03336227700
03336228956
03336225024
03336225451
03336226360
03336221290
03336221569
03336222964
03336229911
03336222262
03336221579
03336222041
03336226923
03336226340
03336222289
03336223118
03336229421
03336226604
03336225826
03336225006
03336223026
03336222807
03336223086
03336221489
03336229093
03336229065
03336225485
03336223035
03336224646
03336229038
03336224041
03336226512
03336221200
03336227829
03336222729
03336223872
03336225474
03336223729
03336222985
03336226876
03336223102
03336225987
03336221811
03336225691
03336227103
03336221095
03336228663
03336229197
03336223334
03336228762
03336229877
03336228421
03336229572
03336222976
03336221437
03336223305
03336227643
03336229636
03336225124
03336222908
03336223608
03336227868
03336222463
03336223097
03336221133
03336226578
03336229821
03336226210
03336228386
03336226702
03336227281
03336223374
03336228381
03336225982
03336221388
03336228594
03336225530
03336221322
03336227665
03336228257
03336224036
03336225342
03336227239
03336229022
03336228902
03336222082
03336229235
03336226199
03336226100
03336229310
03336225782
03336224404
03336228940
03336223667
03336225204
03336229601
03336223055
03336221365
03336221660
03336228247
03336224417
03336227378
03336226545
03336222851
03336224206
03336223515
03336226154
03336224479
03336228970
03336229364
03336228378
03336221292
03336229146
03336229783
03336225288
03336229283
03336221126
03336227655
03336227630
03336223681
03336228992
03336223536
03336226445
03336221524
03336222689
03336227727
03336221992
03336223246
03336222266
03336228249
03336224460
03336224697
03336226825
03336228309
03336221877
03336222959
03336226202
03336229492
03336225613
03336225220
03336228818
03336227814
03336228942
03336227095
03336229977
03336229394
03336226854
03336224350
03336226457
03336223633
03336227790
03336222658
03336225066
03336226960
03336228358
03336228213
03336227072
03336229053
03336221804
03336226033
03336226952
03336225271
03336221327
03336223799
03336222507
03336223174
03336225432
03336229732
03336221153
03336223662
03336224719
03336227634
03336229971
03336223958
03336227451
03336224086
03336225991
03336226834
03336225931
03336228259
03336225957
03336225462
03336228041
03336228993
03336223944
03336228493
03336222441
03336221582
03336223023
03336222657
03336221125
03336224615
03336226609
03336222925
03336221723
03336221404
03336222117
03336228241
03336229026
03336229620
03336222682
03336227717
03336221343
03336221895
03336227867
03336224247
03336222715
03336225830
03336224172
03336224269
03336223111
03336224668
03336226349
03336225192
03336228388
03336224793
03336225245
03336229471
03336224307
03336225911
03336221652
03336229142
03336226141
03336229735
03336221359
03336225842
03336221276
03336228829
03336227149
03336229686
03336222242
03336226877
03336221900
03336225907
03336228656
03336228611
03336226736
03336227464
03336225768
03336225531
03336229852
03336228091
03336224826
03336227437
03336228246
03336226209
03336221637
03336228106
03336222980
03336224471
03336227242
03336228427
03336227752
03336223391
03336221944
03336229199
03336228702
03336228692
03336228367
03336227570
03336223529
03336225252
03336223041
03336224203
03336221506
03336228839
03336221015
03336223030
03336221717
03336226113
03336229443
03336228771
03336228920
03336226306
03336228665
03336223344
03336226568
03336222661
03336221150
03336229398
03336224822
03336229069
03336227278
03336225428
03336227201
03336229231
03336229946
03336228776
03336222965
03336228403
03336223923
03336227482
03336226756
03336229258
03336228087
03336229595
03336228650
03336227222
03336221338
03336225023
03336222181
03336229062
03336224708
03336223805
03336229440
03336226193
03336228852
03336222354
03336226288
03336225156
03336221373
03336224669
03336221039
03336223341
03336222817
03336221029
03336222982
03336221596
03336229086
03336225905
03336221892
03336221311
03336229473
03336222025
03336224090
03336223927
03336227234
03336222609
03336221218
03336228007
03336223179
03336221193
03336221599
03336227016
03336226713
03336228556
03336228506
03336223880
03336221076
03336222206
03336221152
03336226079
03336223112
03336225636
03336228462
03336226759
03336229379
03336222198
03336229223
03336221204
03336229432
03336227112
03336222909
03336221299
03336224975
03336228416
03336224305
03336224876
03336224597
03336228714
03336223519
03336226175
03336223014
03336223727
03336223867
03336224089
03336229208
03336221598
03336224146
03336224458
03336221597
03336227678
03336228995
03336229793
03336221287
03336225596
03336229776
03336221100
03336221104
03336224695
03336226826
03336221330
03336223586
03336223531
03336228045
03336226809
03336224512
03336229183
03336225495
03336223355
03336227115
03336227903
03336227140
03336228454
03336227296
03336225925
03336228896
03336221929
03336225082
03336227426
03336229472
03336222766
03336222984
03336227428
03336222381
03336227301
03336223135
03336227979
03336226880
03336226438
03336228393
03336223979
03336223540
03336224285
03336226564
03336229309
03336222646
03336223808
03336227929
03336229401
03336228504
03336224443
03336228990
03336228886
03336221486
03336225945
03336224131
03336229878
03336225522
03336221043
03336226024
03336223165
03336225319
03336227946
03336229085
03336225048
03336228643
03336223447
03336223636
03336226462
03336223928
03336229653
03336229176
03336228658
03336224451
03336222055
03336222857
03336224144
03336221982
03336226492
03336223865
03336224505
03336224101
03336228018
03336223242
03336226144
03336222738
03336227380
03336228844
03336224352
03336229860
03336223748
03336227171
03336223058
03336225250
03336222017
03336222721
03336221220
03336221070
03336223968
03336224933
03336221174
03336221453
03336225219
03336222793
03336226432
03336229345
03336227913
03336225922
03336226915
03336227834
03336225607
03336222195
03336229108
03336228622
03336221086
03336221468
03336221847
03336225381
03336229307
03336222881
03336223066
03336226570
03336227805
03336226152
03336222936
03336229370
03336223624
03336223809
03336227066
03336227315
03336225144
03336224855
03336229101
03336224234
03336225806
03336227675
03336223159
03336223385
03336225463
03336223661
03336221773
03336221199
03336226310
03336223372
03336228759
03336227412
03336227125
03336226464
03336229352
03336221947
03336229109
03336226640
03336228463
03336221983
03336222704
03336225128
03336221793
03336221876
03336222366
03336227705
03336226147
03336229495
03336221484
03336229404
03336224637
03336221495
03336226064
03336225223
03336225049
03336229654
03336224178
03336227528
03336229749
03336222287
03336226697
03336221035
03336224300
03336224922
03336223479
03336229405
03336225512
03336227618
03336225758
03336229706
03336226969
03336229481
03336227923
03336224554
03336227309
03336227614
03336223635
03336229077
03336221730
03336225473
03336221603
03336229436
03336224348
03336222617
03336225326
03336229280
03336221846
03336224572
03336228004
03336228447
03336228151
03336221917
03336229387
03336221767
03336224493
03336222267
03336229947
03336229211
03336224391
03336224696
03336229604
03336225194
03336224977
03336229083
03336225844
03336221749
03336223301
03336221171
03336227802
03336226076
03336222383
03336225000
03336223502
03336229132
03336222396
03336221477
03336229476
03336226403
03336222077
03336221631
03336228657
03336227310
03336227237
03336222392
03336225045
03336224743
03336227422
03336226211
03336221180
03336226255
03336227429
03336229906
03336227899
03336226766
03336224060
03336228765
03336226911
03336221994
03336228791
03336221801
03336226417
03336228534
03336224511
03336225645
03336225410
03336221031
03336225317
03336227577
03336226824
03336227951
03336223668
03336225222
03336224330
03336224648
03336229123
03336226348
03336223177
03336226622
03336228614
03336222313
03336223050
03336223847
03336224614
03336228631
03336227448
03336222745
03336224410
03336224763
03336221743
03336227230
03336221334
03336222019
03336228874
03336224216
03336223975
03336225459
03336222126
03336228326
03336227996
03336225798
03336229368
03336228251
03336225726
03336222677
03336227991
03336221291
03336223096
03336227980
03336221470
03336222129
03336228946
03336222635
03336222413
03336223187
03336223475
03336223478
03336227099
03336222629
03336222850
03336224907
03336221354
03336229201
03336221162
03336228526
03336224724
03336225850
03336228816
03336227019
03336221733
03336225939
03336224303
03336228922
03336229025
03336221340
03336224899
03336227673
03336228939
03336224850
03336224518
03336228698
03336221281
03336225621
03336222875
03336227769
03336226636
03336228505
03336223256
03336225620
03336223313
03336229683
03336223438
03336221272
03336223068
03336221160
03336223784
03336223706
03336221956
03336222162
03336227861
03336226263
03336221247
03336229873
03336221332
03336227981
03336223575
03336223963
03336229817
03336225565
03336228276
03336225810
03336226013
03336227638
03336227124
03336225711
03336226992
03336221449
03336227538
03336227497
03336221914
03336228709
03336225524
03336224271
03336227652
03336221661
03336224288
03336223196
03336221702
03336229862
03336229396
03336226717
03336228676
03336225706
03336224792
03336227985
03336225038
03336229959
03336223860
03336226295
03336229883
03336222579
03336223225
03336228357
03336221108
03336224005
03336228146
03336222836
03336228856
03336228039
03336221962
03336221769
03336227871
03336226657
03336222188
03336229511
03336224221
03336228254
03336224970
03336224312
03336228961
03336223792
03336224405
03336228201
03336226171
03336228360
03336227567
03336225665
03336223405
03336229839
03336223342
03336222201
03336227939
03336221697
03336221919
03336222941
03336223584
03336228424
03336227439
03336226624
03336227788
03336222854
03336229692
03336224354
03336223491
03336227168
03336228431
03336221899
03336229838
03336225791
03336221915
03336224201
03336222205
03336225870
03336229672
03336226537
03336223273
03336226020
03336221826
03336228662
03336221179
03336229547
03336224713
03336221094
03336229851
03336222894
03336223770
03336226040
03336222081
03336227150
03336224831
03336226218
03336227355
03336221608
03336221300
03336226561
03336222539
03336221796
03336227299
03336226962
03336221665
03336227252
03336221673
03336227392
03336229076
03336226243
03336221344
03336229487
03336221610
03336224776
03336224186
03336221027
03336224596
03336224273
03336228870
03336228538
03336222444
03336223823
03336228616
03336224199
03336221149
03336222173
03336228798
03336223794
03336226518
03336224367
03336226666
03336223004
03336225343
03336224607
03336223247
03336227114
03336225534
03336226443
03336224824
03336228266
03336228092
03336224670
03336226061
03336223428
03336223056
03336226783
03336227314
03336222812
03336224900
03336228078
03336222547
03336227306
03336227963
03336221651
03336227836
03336221244
03336225369
03336221830
03336223017
03336223907
03336226216
03336226805
03336225367
03336225730
03336223090
03336221310
03336228219
03336228127
03336224122
03336228029
03336228346
03336224266
03336222692
03336226745
03336228359
03336229681
03336227394
03336223018
03336228224
03336222183
03336227687
03336223766
03336223869
03336223406
03336226595
03336224175
03336227117
03336229325
03336224988
03336224328
03336229179
03336223621
03336229647
03336227022
03336227564
03336225972
03336225829
03336229579
03336225547
03336226182
03336227123
03336225238
03336228336
03336223622
03336221602
03336224622
03336225200
03336228813
03336223367
03336221757
03336229763
03336225705
03336226287
03336229312
03336222536
03336229051
03336227936
03336224290
03336227859
03336228828
03336224082
03336224974
03336222726
03336228999
03336222225
03336228209
03336222605
03336229571
03336227821
03336225783
03336226621
03336228951
03336229023
03336221099
03336227917
03336228370
03336222956
03336222550
03336221676
03336222419
03336221971
03336226763
03336224787
03336228368
03336224538
03336225431
03336223238
03336222802
03336227491
03336228636
03336227633
03336228365
03336226468
03336222075
03336229936
03336229756
03336227728
03336225587
03336221065
03336229849
03336222235
03336226053
03336221855
03336223691
03336222047
03336228066
03336224139
03336226148
03336221532
03336226574
03336228059
03336224043
03336224054
03336225503
03336224687
03336229939
03336229174
03336226810
03336222772
03336222804
03336221737
03336227641
03336228161
03336225289
03336226589
03336229567
03336224225
03336226321
03336221081
03336222439
03336227047
03336229194
03336227026
03336226334
03336221544
03336227011
03336224346
03336227548
03336221203
03336221916
03336224516
03336223435
03336221256
03336221616
03336228183
03336228222
03336224692
03336225731
03336223891
03336221285
03336221735
03336227324
03336224476
03336229828
03336223606
03336222411
03336222891
03336229979
03336226188
03336224311
03336226107
03336224726
03336223294
03336226538
03336224248
03336223153
03336228310
03336228138
03336222859
03336227746
03336221316
03336224783
03336224332
03336228048
03336228936
03336227068
03336227182
03336225164
03336223941
03336228792
03336224536
03336223048
03336221472
03336226965
03336221926
03336227198
03336227487
03336224171
03336226165
03336227219
03336224664
03336226054
03336225297
03336221139
03336221475
03336227606
03336229039
03336227543
03336226672
03336225294
03336227513
03336229711
03336226838
03336225893
03336229596
03336221692
03336225097
03336223735
03336222559
03336227850
03336224982
03336222293
03336229963
03336223193
03336224127
03336227450
03336229340
03336226174
03336224289
03336225490
03336222142
03336222467
03336225254
03336221904
03336225552
03336229327
03336226777
03336224854
03336225068
03336222319
03336222737
03336223289
03336221280
03336229182
03336222840
03336228136
03336227579
03336224008
03336221166
03336221107
03336222954
03336221268
03336229429
03336224517
03336221575
03336229925
03336227343
03336228339
03336229059
03336227568
03336229240
03336224674
03336223436
03336221000
03336224563
03336221775
03336227404
03336227147
03336224452
03336226015
03336228774
03336221051
03336221851
03336224665
03336227653
03336226665
03336225139
03336222494
03336228437
03336227226
03336221891
03336224094
03336221349
03336228660
03336222810
03336225208
03336223939
03336229743
03336222911
03336227223
03336223887
03336223043
03336228793
03336222096
03336223656
03336221643
03336225886
03336226909
03336228629
03336222995
03336226274
03336222518
03336225255
03336229791
03336224666
03336228752
03336228240
03336222134
03336227911
03336222398
03336223650
03336224875
03336229441
03336221252
03336229064
03336223701
03336224814
03336229221
03336228234
03336225788
03336221482
03336228893
03336227225
03336221473
03336227522
03336227432
03336228376
03336228679
03336225382
03336228101
03336221522
03336226565
03336223162
03336222236
03336222033
03336225384
03336229565
03336229294
03336227240
03336222215
03336223938
03336227906
03336228877
03336227340
03336227270
03336221009
03336225556
03336226967
03336226714
03336225173
03336222176
03336227722
03336225021
03336225689
03336221120
03336226712
03336229287
03336222626
03336229448
03336223508
03336227013
03336221649
03336223597
03336229521
03336223493
03336225622
03336229499
03336228158
03336225966
03336229598
03336227375
03336227988
03336224680
03336227661
03336224272
03336221551
03336228271
03336224651
03336229545
03336226251
03336228557
03336227501
03336228542
03336225651
03336222918
03336226852
03336228516
03336222100
03336223683
03336229615
03336221273
03336224028
03336229688
03336224768
03336228324
03336225847
03336228135
03336227377
03336222045
03336221250
03336228162
03336228842
03336229590
03336227423
03336224281
03336224258
03336222337
03336227141
03336227827
03336221825
03336225561
03336227689
03336221936
03336226997
03336229563
03336224962
03336228561
03336221613
03336226324
03336223053
03336221653
03336221071
03336224401
03336224755
03336226661
03336226023
03336227940
03336229147
03336224438
03336223322
03336225407
03336226726
03336223336
03336226940
03336226499
03336226788
03336224252
03336223879
03336227515
03336221634
03336225199
03336229366
03336226341
03336227935
03336222386
03336221165
03336222151
03336229537
03336229748
03336225324
03336226241
03336229555
03336221834
03336229313
03336222988
03336226112
03336223734
03336221367
03336229961
03336221151
03336223658
03336226034
03336226163
03336222306
03336229066
03336223538
03336224347
03336229536
03336228927
03336228468
03336224386
03336224324
03336222321
03336225632
03336226569
03336227054
03336225190
03336227786
03336228727
03336225130
03336226356
03336223442
03336229934
03336228296
03336224948
03336222038
03336229386
03336229263
03336225805
03336221425
03336221221
03336221648
03336222826
03336225713
03336226674
03336229932
03336229251
03336221313
03336226577
03336222222
03336227990
03336229718
03336227254
03336224839
03336225125
03336222342
03336223835
03336227384
03336227372
03336223183
03336228750
03336226245
03336225951
03336229384
03336223537
03336223482
03336228203
03336226343
03336226194
03336226612
03336226982
03336229815
03336221396
03336226300
03336227197
03336227635
03336225442
03336222529
03336228325
03336223980
03336221461
03336224491
03336228685
03336227161
03336223104
03336221515
03336227797
03336229566
03336223769
03336229001
03336229057
03336224849
03336225051
03336225781
03336228419
03336224499
03336226285
03336227251
03336222760
03336222844
03336229009
03336222213
03336222121
03336222531
03336228292
03336229383
03336224211
03336228509
03336225744
03336226698
03336223427
03336227611
03336229267
03336225579
03336228929
03336225679
03336226072
03336228757
03336227995
03336228754
03336224952
03336227784
03336223651
03336223935
03336224548
03336225100
03336223933
03336222237
03336226526
03336226556
03336225668
03336227500
03336225990
03336225509
03336223991
03336223100
03336229741
03336223283
03336223541
03336226048
03336223134
03336221654
03336223133
03336222092
03336222763
03336221106
03336226968
03336222741
03336223260
03336224110
03336228571
03336223248
03336224004
03336229013
03336221034
03336224683
03336223316
03336221006
03336221041
03336224871
03336224117
03336222310
03336223416
03336221227
03336223977
03336221526
03336226614
03336228264
03336226176
03336227000
03336221312
03336229431
03336227477
03336226352
03336223425
03336229594
03336229539
03336222111
03336227872
03336226259
03336227627
03336225927
03336227869
03336224905
03336228221
03336221799
03336224205
03336229831
03336222776
03336224419
03336221455
03336222039
03336223049
03336224689
03336229972
03336225445
03336222771
03336225916
03336225572
03336224640
03336229116
03336226105
03336225267
03336228986
03336228354
03336226406
03336227631
03336223272
03336226667
03336226520
03336225938
03336225174
03336228083
03336229943
03336228649
03336226772
03336221483
03336226297
03336224684
03336224578
03336221237
03336227849
03336226633
03336222775
03336229028
03336228288
03336225191
03336223660
03336222219
03336229118
03336225597
03336223943
03336228303
03336226381
03336228168
03336223618
03336221641
03336224752
03336224688
03336227632
03336229807
03336224408
03336222191
03336228603
03336228477
03336221329
03336222693
03336221658
03336223719
03336229742
03336225741
03336222353
03336228196
03336223069
03336224231
03336229462
03336222505
03336224340
03336222315
03336221266
03336227323
03336226028
03336228128
03336221636
03336221024
03336228019
03336225340
03336223319
03336227904
03336226839
03336229983
03336221033
03336225723
03336226181
03336221181
03336226693
03336227454
03336226212
03336228030
03336226273
03336227505
03336224263
03336227210
03336224006
03336223530
03336227768
03336222856
03336227012
03336226230
03336225008
03336228429
03336221977
03336226134
03336221052
03336227435
03336224811
03336222905
03336221077
03336224260
03336226453
03336228950
03336221809
03336224777
03336226037
03336228925
03336222119
03336225919
03336221800
03336222968
03336224542
03336225646
03336226532
03336227126
03336223376
03336225612
03336223906
03336226770
03336222424
03336229576
03336225935
03336222409
03336229599
03336223397
03336228555
03336229478
03336223839
03336224232
03336221703
03336228933
03336226296
03336228892
03336228188
03336226376
03336228737
03336224119
03336223567
03336229456
03336228647
03336223596
03336224304
03336223820
03336229266
03336222542
03336224506
03336226320
03336223922
03336224821
03336224374
03336221807
03336226435
03336222893
03336226679
03336228350
03336222768
03336226365
03336222016
03336226032
03336223940
03336224958
03336222264
03336229868
03336226390
03336227565
03336229785
03336226482
03336226465
03336221554
03336224362
03336227684
03336227782
03336225953
03336222900
03336221119
03336224001
03336224462
03336223525
03336228984
03336222110
03336221789
03336225604
03336222089
03336226897
03336222442
03336225550
03336229160
03336226476
03336226882
03336225358
03336228428
03336229220
03336229374
03336228965
03336227930
03336229392
03336228748
03336224686
03336222283
03336225323
03336227480
03336221907
03336222251
03336221833
03336222080
03336228583
03336225978
03336224074
03336225168
03336228069
03336223016
03336225861
03336225227
03336227119
03336229835
03336224929
03336224998
03336222736
03336222823
03336222697
03336225172
03336227659
03336226927
03336228070
03336224224
03336228524
03336226774
03336226748
03336229910
03336224051
03336224913
03336226789
03336229459
03336224606
03336227018
03336222482
03336221480
03336229515
03336229010
03336224406
03336222922
03336221508
03336226089
03336227791
03336224706
03336221002
03336222070
03336228154
03336228347
03336225087
03336226375
03336221927
03336222759
03336226266
03336226142
03336226370
03336222805
03336229067
03336225772
03336224709
03336226038
03336224118
03336227256
03336221008
03336222543
03336228639
03336228824
03336222535
03336228894
03336229512
03336225105
03336227082
03336221646
03336226720
03336226656
03336225137
03336229770
03336226292
03336227192
03336227266
03336223831
03336225169
03336224183
03336227685
03336221746
03336228193
03336229003
03336228955
03336224167
03336222672
03336227405
03336221156
03336222164
03336226502
03336228786
03336221932
03336228026
03336221835
03336223314
03336227711
03336222472
03336224745
03336223875
03336228023
03336227467
03336227076
03336224721
03336223098
03336221406
03336226426
03336229889
03336225520
03336221527
03336221606
03336221674
03336223720
03336224878
03336228466
03336228484
03336222367
03336222659
03336222691
03336224334
03336224882
03336229426
03336224065
03336224893
03336221908
03336224846
03336224912
03336221438
03336226730
03336223139
03336229747
03336228872
03336228823
03336223760
03336222139
03336228456
03336223767
03336226731
03336228036
03336227799
03336222101
03336225961
03336222970
03336224547
03336221942
03336226689
03336221754
03336223589
03336229519
03336225079
03336224587
03336226009
03336226051
03336224104
03336226608
03336225619
03336226436
03336222868
03336221079
03336229792
03336226875
03336227777
03336225285
03336226084
03336226675
03336225598
03336229361
03336228341
03336225356
03336224758
03336225449
03336223212
03336229965
03336224593
03336226232
03336226389
03336223467
03336222150
03336221405
03336224424
03336225670
03336226914
03336223920
03336225718
03336227666
03336224235
03336221684
03336229171
03336223326
03336221850
03336229734
03336227418
03336226832
03336228140
03336227227
03336224564
03336223077
03336225142
03336221491
03336223129
03336227999
03336226058
03336224045
03336221032
03336228535
03336225546
03336225422
03336224381
03336226655
03336222683
03336226635
03336224010
03336226841
03336221346
03336224179
03336221758
03336222589
03336227135
03336228177
03336226479
03336223953
03336226123
03336226505
03336227626
03336227346
03336226684
03336226068
03336224111
03336222051
03336228747
03336224222
03336229528
03336228987
03336221860
03336228568
03336223343
03336227554
03336228410
03336227553
03336226156
03336222865
03336224050
03336223800
03336221803
03336226673
03336227823
03336229577
03336228110
03336222562
03336223842
03336224802
03336226603
03336226951
03336221422
03336228338
03336221849
03336227937
03336228863
03336225895
03336225881
03336223775
03336229574
03336224092
03336228917
03336222855
03336224987
03336228207
03336228742
03336229298
03336228861
03336229501
03336223332
03336225150
03336222751
03336221028
03336222696
03336224733
03336226103
03336226778
03336222939
03336227215
03336223811
03336227961
03336227337
03336222511
03336224803
03336224096
03336223107
03336227724
03336225456
03336221768
03336221161
03336228064
03336226253
03336227492
03336227682
03336222887
03336227813
03336227523
03336228517
03336228600
03336222796
03336225580
03336222996
03336223116
03336229861
03336221759
03336227164
03336222501
03336226330
03336222650
03336222416
03336227518
03336227842
03336222448
03336227386
03336226524
03336224027
03336227642
03336229518
03336229506
03336225371
03336223167
03336223142
03336222748
03336222483
03336222399
03336226392
03336225732
03336223617
03336225180
03336224869
03336227905
03336223629
03336228796
03336226036
03336225609
03336225756
03336227645
03336229823
03336228691
03336223490
03336227268
03336226861
03336221628
03336223346
03336227347
03336224427
03336221741
03336222410
03336226711
03336221211
03336229695
03336226642
03336221615
03336225971
03336222185
03336229454
03336227202
03336225306
03336225863
03336227460
03336222662
03336226769
03336221394
03336228081
03336225161
03336222957
03336227479
03336222131
03336221067
03336221874
03336227170
03336226158
03336228736
03336229244
03336227747
03336228027
03336225521
03336224539
03336229040
03336223817
03336223488
03336222465
03336222752
03336222621
03336227730
03336226496
03336223947
03336227417
03336223431
03336228724
03336229923
03336225873
03336227649
03336226120
03336229140
03336227056
03336227143
03336224418
03336224293
03336221005
03336222676
03336227628
03336229106
03336221573
03336227121
03336224861
03336228093
03336229875
03336223509
03336221772
03336225823
03336227561
03336224916
03336229079
03336221609
03336227356
03336223006
03336221776
03336227218
03336224894
03336226402
03336221305
03336221934
03336227718
03336227246
03336224299
03336222787
03336221046
03336226387
03336225548
03336221205
03336226856
03336229376
03336224457
03336225390
03336229670
03336224525
03336229903
03336229967
03336229206
03336226787
03336226222
03336227474
03336226706
03336221476
03336221097
03336226309
03336227662
03336229346
03336224448
03336227110
03336226247
03336228322
03336227576
03336226775
03336226516
03336221306
03336228125
03336224997
03336225380
03336221797
03336225170
03336228299
03336229081
03336221011
03336228563
03336221111
03336229112
03336226227
03336227469
03336227559
03336227696
03336222050
03336229643
03336223780
03336227070
03336222797
03336228305
03336225466
03336225405
03336222199
03336221920
03336229012
03336223126
03336224918
03336225655
03336227473
03336228508
03336227030
03336225589
03336223270
03336223430
03336226437
03336226409
03336227255
03336226926
03336229552
03336224747
03336229202
03336223432
03336223603
03336221514
03336223562
03336225958
03336226660
03336225614
03336229962
03336225403
03336227992
03336221976
03336226900
03336228957
03336229367
03336224759
03336228853
03336223946
03336226860
03336227328
03336226547
03336229869
03336221296
03336229569
03336223269
03336222892
03336225864
03336224130
03336229239
03336222223
03336221627
03336225500
03336226662
03336221980
03336225320
03336222335
03336225376
03336225292
03336224107
03336225187
03336225419
03336226475
03336227235
03336225854
03336224919
03336229665
03336227589
03336229691
03336222346
03336222520
03336226899
03336221243
03336224672
03336224744
03336229034
03336229319
03336229164
03336227650
03336225880
03336229760
03336225366
03336222085
03336228775
03336225816
03336228001
03336228954
03336221635
03336227388
03336225698
03336224969
03336227793
03336222864
03336222845
03336227294
03336223756
03336229189
03336229589
03336229318
03336225515
03336228100
03336229587
03336226938
03336222587
03336223402
03336227399
03336228918
03336229162
03336223929
03336224785
03336222466
03336221970
03336227740
03336229253
03336222895
03336226498
03336229032
03336229453
03336223648
03336224085
03336223917
03336226776
03336225912
03336227295
03336224395
03336227817
03336222403
03336228046
03336228071
03336222429
03336228366
03336222326
03336224741
03336227205
03336224509
03336228054
03336224116
03336224857
03336222867
03336223791
03336227531
03336221214
03336224188
03336228862
03336223170
03336221488
03336226046
03336225860
03336227545
03336227772
03336223307
03336228095
03336222703
03336228351
03336223955
03336221401
03336222827
03336224897
03336226959
03336221523
03336227152
03336228137
03336221560
03336227921
03336228834
03336222327
03336223925
03336229296
03336225475
03336222359
03336225266
03336226344
03336228080
03336227907
03336226093
03336223476
03336223758
03336229444
03336226590
03336224337
03336226831
03336222586
03336221818
03336221140
03336229119
03336229382
03336223657
03336227812
03336224465
03336227284
03336223443
03336229245
03336222044
03336221278
03336228851
03336224993
03336229975
03336224995
03336229773
03336221321
03336228960
03336222435
03336226671
03336225487
03336228537
03336224237
03336227550
03336228397
03336229293
03336222160
03336221148
03336225337
03336223558
03336226593
03336227837
03336223195
03336224023
03336221207
03336225963
03336229715
03336229608
03336223539
03336221301
03336223452
03336223015
03336221739
03336225027
03336223856
03336223132
03336222489
03336221689
03336223771
03336222292
03336224513
03336223029
03336224600
03336226196
03336228755
03336226411
03336228340
03336225831
03336229921
03336226179
03336228478
03336225182
03336225409
03336222792
03336221410
03336221571
03336228227
03336228529
03336221559
03336222983
03336227690
03336228677
03336228200
03336226116
03336224011
03336224592
03336226849
03336226842
03336224579
03336226122
03336221014
03336228440
03336223345
03336223360
03336229570
03336224137
03336222067
03336223262
03336228473
03336222231
03336221580
03336224748
03336226898
03336224921
03336227896
03336227560
03336225385
03336224190
03336223950
03336223119
03336224072
03336229334
03336223412
03336221979
03336224754
03336222583
03336228901
03336228745
03336222361
03336225269
03336222094
03336228815
03336226949
03336228697
03336228577
03336225800
03336228751
03336223572
03336228835
03336228159
03336225999
03336225413
03336227303
03336224860
03336222338
03336221538
03336229150
03336226812
03336228050
03336221274
03336221513
03336222688
03336225375
03336227002
03336227888
03336227476
03336223227
03336221245
03336226984
03336223526
03336224202
03336229269
03336226681
03336225133
03336228979
03336225307
03336226359
03336227038
03336228988
03336224661
03336227972
03336229824
03336228565
03336222783
03336228997
03336227524
03336228263
03336221691
03336221092
03336223976
03336226207
03336225414
03336226379
03336227331
03336229016
03336229964
03336225592
03336222814
03336224591
03336221420
03336221378
03336228407
03336229156
03336226869
03336224930
03336228352
03336222484
03336228319
03336222780
03336222557
03336223444
03336228274
03336223609
03336228767
03336228212
03336228495
03336227100
03336223176
03336225569
03336224168
03336227145
03336225654
03336229509
03336224148
03336223749
03336222969
03336225225
03336226803
03336224156
03336227976
03336228418
03336221239
03336227830
03336228111
03336225594
03336229308
03336222749
03336228612
03336221935
03336226299
03336223934
03336221928
03336229739
03336221553
03336224658
03336224071
03336226085
03336221696
03336225739
03336228533
03336229335
03336228171
03336229588
03336227856
03336228977
03336226489
03336222565
03336227714
03336227533
03336223898
03336222873
03336223931
03336227878
03336227265
03336226118
03336224091
03336228822
03336228228
03336227654
03336229660
03336229649
03336223138
03336224662
03336224257
03336228926
03336229358
03336223456
03336226304
03336222430
03336225429
03336226970
03336223797
03336224936
03336223559
03336228229
03336223205
03336226725
03336229931
03336227604
03336221208
03336225518
03336228235
03336228262
03336224602
03336224037
03336227709
03336225093
03336228014
03336223989
03336223804
03336223777
03336225799
03336223480
03336229794
03336229193
03336228164
03336221859
03336221222
03336229904
03336224885
03336229290
03336228888
03336224837
03336223649
03336224823
03336225517
03336225555
03336222815
03336226801
03336229261
03336222942
03336226111
03336225280
03336228574
03336228210
03336224003
03336221525
03336223866
03336224349
03336227605
03336223836
03336221342
03336223400
03336229767
03336228878
03336225904
03336221122
03336226922
03336224807
03336229165
03336222863
03336227862
03336223274
03336228811
03336229710
03336224323
03336229091
03336225327
03336228179
03336229375
03336227452
03336225452
03336222794
03336226270
03336223544
03336223510
03336226966
03336224904
03336228439
03336224656
03336225132
03336228034
03336225683
03336221177
03336226522
03336226215
03336227199
03336221572
03336223899
03336224836
03336227822
03336229757
03336222495
03336227105
03336221271
03336229667
03336224426
03336227787
03336229236
03336223909
03336224782
03336229071
03336229887
03336223659
03336227794
03336221805
03336227073
03336222294
03336224245
03336221144
03336222730
03336228490
03336229480
03336228585
03336226391
03336222608
03336228653
03336222239
03336229832
03336222765
03336223282
03336228923
03336222042
03336224989
03336221223
03336225897
03336221545
03336224764
03336223717
03336226169
03336228873
03336226648
03336225101
03336226180
03336228567
03336223893
03336223863
03336229050
03336227188
03336223751
03336226710
03336223990
03336222816
03336229047
03336229559
03336228713
03336225393
03336229912
03336229888
03336225042
03336227815
03336224385
03336223772
03336226699
03336227325
03336229790
03336226128
03336223868
03336225599
03336227910
03336226750
03336229491
03336228475
03336224014
03336229380
03336228546
03336225458
03336224852
03336223331
03336229256
03336221430
03336222735
03336227984
03336225278
03336225856
03336229420
03336228261
03336225776
03336223708
03336224488
03336225165
03336227118
03336225593
03336226385
03336226029
03336226278
03336221950
03336221969
03336225752
03336225046
03336221568
03336224841
03336222412
03336223732
03336226979
03336222498
03336225970
03336229746
03336224529
03336229725
03336228190
03336221083
03336229413
03336222108
03336221991
03336221069
03336225221
03336228170
03336225094
03336229628
03336225122
03336225270
03336225117
03336223966
03336222548
03336223733
03336228117
03336228597
03336225064
03336228314
03336224510
03336227920
03336228510
03336228808
03336227403
03336226342
03336224624
03336225007
03336229411
03336222114
03336225543
03336224447
03336228374
03336226374
03336227749
03336221995
03336221030
03336226735
03336225336
03336225701
03336223216
03336226430
03336228306
03336227556
03336223904
03336227670
03336224149
03336221546
03336221058
03336229712
03336223074
03336222607
03336225067
03336223885
03336223259
03336229265
03336224659
03336223157
03336222948
03336229442
03336224439
03336221433
03336227894
03336229141
03336229414
03336224377
03336229736
03336227960
03336223239
03336227349
03336221089
03336227244
03336222923
03336229490
03336228278
03336226114
03336229671
03336226187
03336223522
03336222877
03336227083
03336225197
03336226203
03336227089
03336221897
03336227779
03336221933
03336224088
03336226110
03336228195
03336228768
03336222240
03336223709
03336227344
03336224151
03336226557
03336226004
03336224277
03336223722
03336223054
03336225412
03336222148
03336224217
03336226704
03336226846
03336228453
03336224753
03336226043
03336229168
03336229738
03336223350
03336224973
03336223172
03336221003
03336222943
03336222919
03336223473
03336224889
03336224981
03336222259
03336229158
03336226528
03336225351
03336228968
03336224302
03336222669
03336229840
03336227599
03336227725
03336226042
03336227157
03336224980
03336229864
03336225952
03336227271
03336225875
03336225722
03336222714
03336228037
03336227592
03336229207
03336223161
03336223078
03336229056
03336221234
03336221542
03336227974
03336223323
03336221586
03336229103
03336226793
03336223821
03336222091
03336229687
03336222946
03336226835
03336224818
03336227853
03336221116
03336223746
03336227977
03336226931
03336224135
03336221439
03336223060
03336225891
03336222728
03336226137
03336225244
03336227221
03336225198
03336227546
03336229264
03336224751
03336223641
03336224241
03336227928
03336228515
03336225725
03336225710
03336227272
03336225118
03336221428
03336226333
03336229447
03336229363
03336227810
03336222437
03336226651
03336222099
03336228214
03336225835
03336223124
03336228020
03336224654
03336221333
03336225652
03336222040
03336222799
03336222066
03336226853
03336225108
03336225129
03336229356
03336229669
03336223033
03336225764
03336226238
03336221364
03336223631
03336223320
03336221864
03336228411
03336222249
03336227243
03336229449
03336224031
03336223986
03336222618
03336226275
03336226560
03336228985
03336221794
03336222446
03336224436
03336229419
03336221503
03336226035
03336227763
03336221270
03336225037
03336223988
03336227998
03336229177
03336229355
03336226870
03336224181
03336222743
03336224002
03336227743
03336229425
03336229689
03336226290
03336221192
03336228395
03336226268
03336225813
03336229339
03336229774
03336221721
03336228482
03336228265
03336227796
03336224810
03336225416
03336224735
03336228620
03336221845
03336222871
03336228746
03336229292
03336223299
03336229560
03336222604
03336226929
03336224228
03336229795
03336226416
03336221424
03336228494
03336229885
03336222480
03336227648
03336226902
03336223278
03336228921
03336224557
03336228669
03336227881
03336224775
03336226428
03336221563
03336227959
03336226454
03336229782
03336229407
03336223731
03336228480
03336222723
03336227792
03336221893
03336224097
03336227186
03336224586
03336221314
03336222852
03336228444
03336225443
03336222238
03336223870
03336229516
03336225136
03336225602
03336226582
03336224701
03336226472
03336229702
03336221226
03336229092
03336222596
03336227640
03336227562
03336223779
03336226094
03336223034
03336227060
03336228022
03336222678
03336221626
03336222468
03336223469
03336224519
03336228090
03336226467
03336224497
03336223203
03336222888
03336229617
03336225362
03336229986
03336221871
03336222152
03336222937
03336222897
03336221555
03336225625
03336228380
03336223739
03336228423
03336223851
03336224532
03336226143
03336222999
03336226279
03336229755
03336226862
03336229847
03336223859
03336225214
03336224046
03336228272
03336224642
03336226323
03336226958
03336222030
03336226746
03336223252
03336222599
03336228452
03336227617
03336222316
03336224896
03336226836
03336222731
03336229139
03336226026
03336226388
03336222298
03336223235
03336223554
03336229867
03336226155
03336229645
03336225513
03336229191
03336227596
03336221729
03336223877
03336227943
03336222210
03336222955
03336229153
03336221987
03336226161
03336223210
03336223468
03336225571
03336227726
03336221350
03336222997
03336222479
03336221883
03336225290
03336227203
03336226821
03336225568
03336227656
03336222297
03336227580
03336225857
03336226925
03336229349
03336227427
03336229606
03336224278
03336223850
03336226022
03336227312
03336227109
03336226336
03336226910
03336223895
03336223547
03336221182
03336225262
03336226654
03336227766
03336225920
03336222312
03336227447
03336223832
03336222010
03336225486
03336225005
03336223348
03336228648
03336228599
03336227044
03336224227
03336227748
03336223051
03336225148
03336227873
03336229981
03336221918
03336228543
03336221147
03336221619
03336222710
03336224990
03336224647
03336224960
03336225707
03336226939
03336227391
03336226494
03336228820
03336222462
03336223245
03336222695
03336228693
03336225333
03336222373
03336221242
03336222687
03336225121
03336227167
03336221050
03336221413
03336223204
03336224888
03336226813
03336228496
03336226946
03336223393
03336225438
03336229465
03336225015
03336228033
03336227368
03336227475
03336224233
03336221372
03336229493
03336229100
03336222137
03336222194
03336228107
03336223037
03336228640
03336224267
03336229505
03336224296
03336227719
03336225656
03336227762
03336229612
03336226975
03336229338
03336223454
03336225889
03336227845
03336227286
03336221590
03336228527
03336223912
03336221190
03336228074
03336224440
03336221132
03336224928
03336223073
03336226451
03336229228
03336225263
03336223062
03336227466
03336222643
03336226815
03336228109
03336226197
03336224840
03336225162
03336229679
03336221666
03336225528
03336229510
03336227321
03336223471
03336223921
03336227489
03336228474
03336223422
03336226615
03336227691
03336226646
03336228814
03336225650
03336228732
03336223271
03336227097
03336227557
03336223801
03336224261
03336222564
03336229618
03336226062
03336222967
03336226974
03336225908
03336229268
03336227379
03336226867
03336222332
03336227646
03336222707
03336225229
03336225872
03336227206
03336223874
03336221421
03336225058
03336222247
03336223638
03336224767
03336229854
03336224535
03336229218
03336228683
03336221687
03336224641
03336227269
03336223200
03336229797
03336227840
03336222519
03336228321
03336223740
03336222712
03336225114
03336223464
03336223557
03336226010
03336229418
03336227189
03336223144
03336222187
03336227789
03336229639
03336229488
03336229720
03336224943
03336227111
03336222157
03336224556
03336225815
03336226269
03336221518
03336228202
03336223194
03336224069
