03217627671
03217621458
03217627308
03217627255
03217627915
03217627081
03217626372
03217628775
03217621454
03217628813
03217628427
03217623052
03217623783
03217622749
03217628817
03217629195
03217629819
03217622481
03217625729
03217624450
03217624515
03217625422
03217627660
03217628727
03217624174
03217621359
03217628073
03217627053
03217627650
03217624593
03217629112
03217627357
03217623577
03217625585
03217629731
03217627517
03217626549
03217623026
03217629106
03217628091
03217628077
03217629236
03217624112
03217629968
03217622368
03217625386
03217621528
03217621082
03217627146
03217623221
03217626942
03217624978
03217629647
03217628527
03217623741
03217625722
03217628299
03217621722
03217623803
03217624220
03217628066
03217623940
03217622969
03217625392
03217625240
03217625071
03217629464
03217622302
03217625931
03217625248
03217621423
03217625409
03217627330
03217629582
03217629490
03217621390
03217625704
03217621666
03217627370
03217623064
03217629279
03217621965
03217627592
03217628599
03217625937
03217621203
03217623775
03217622181
03217621304
03217625302
03217623870
03217625296
03217621143
03217624575
03217627128
03217629226
03217625150
03217621898
03217621797
03217621533
03217627647
03217629036
03217623680
03217624331
03217622594
03217626432
03217621156
03217628787
03217621974
03217625376
03217624977
03217626641
03217629134
03217628261
03217628526
03217625104
03217623066
03217623460
03217629571
03217624194
03217628918
03217626814
03217628576
03217621352
03217626555
03217623837
03217624128
03217625795
03217628881
03217625872
03217622166
03217626495
03217629587
03217621248
03217628870
03217622714
03217621224
03217623321
03217625766
03217629598
03217621180
03217622554
03217628832
03217621678
03217621427
03217624187
03217624842
03217624761
03217624017
03217628703
03217629877
03217627318
03217624658
03217621907
03217629581
03217626096
03217625689
03217623261
03217626094
03217628430
03217628609
03217623479
03217621236
03217628346
03217623151
03217627216
03217628089
03217624001
03217623137
03217624082
03217621234
03217624116
03217627454
03217626764
03217625379
03217627324
03217625334
03217628977
03217625569
03217622545
03217628993
03217625396
03217626565
03217621414
03217626185
03217623501
03217624797
03217627918
03217626459
03217622269
03217621435
03217625353
03217622807
03217623441
03217622147
03217623969
03217621610
03217625928
03217628531
03217625875
03217624180
03217625464
03217628642
03217628924
03217627882
03217628770
03217623096
03217629631
03217627909
03217626325
03217622242
03217625349
03217621780
03217629458
03217626966
03217623715
03217623291
03217622252
03217627541
03217622646
03217625881
03217621309
03217627262
03217623322
03217623232
03217623354
03217623723
03217628677
03217629641
03217624013
03217623117
03217621216
03217625989
03217624859
03217627689
03217629173
03217621803
03217627443
03217626482
03217627948
03217628092
03217624511
03217624643
03217626584
03217622636
03217626278
03217628333
03217623312
03217627929
03217624791
03217624155
03217621379
03217625602
03217624650
03217625415
03217629372
03217628268
03217622311
03217629125
03217624132
03217625791
03217628715
03217626245
03217628856
03217627418
03217622216
03217629852
03217621695
03217628437
03217624826
03217629314
03217625230
03217622865
03217628843
03217629080
03217622092
03217627004
03217627734
03217624783
03217627903
03217628060
03217625950
03217625385
03217622273
03217629800
03217629175
03217624170
03217628822
03217623959
03217628397
03217627728
03217625217
03217624062
03217628480
03217621617
03217627086
03217626353
03217629328
03217622064
03217621784
03217626572
03217628861
03217621264
03217624576
03217624341
03217626229
03217627730
03217622765
03217629680
03217627147
03217626830
03217627579
03217621894
03217629993
03217629262
03217621270
03217628290
03217623047
03217624364
03217621786
03217623672
03217626302
03217626286
03217629597
03217627236
03217629899
03217623601
03217625700
03217629508
03217621988
03217627911
03217629593
03217624481
03217626844
03217623030
03217628717
03217622352
03217628069
03217627231
03217629722
03217627092
03217627091
03217628672
03217621573
03217629101
03217623494
03217623524
03217629609
03217624496
03217629477
03217628038
03217629942
03217626755
03217623167
03217622444
03217623961
03217627248
03217623229
03217621878
03217622386
03217628005
03217621351
03217621062
03217626010
03217623539
03217621445
03217621964
03217622012
03217623716
03217626441
03217625401
03217626563
03217623881
03217622505
03217628563
03217629841
03217622176
03217629898
03217627491
03217628433
03217628689
03217626442
03217627787
03217629862
03217626273
03217628390
03217629022
03217627336
03217629087
03217625740
03217627610
03217625562
03217625561
03217622048
03217623506
03217627644
03217622484
03217625760
03217624462
03217622637
03217623379
03217622874
03217623880
03217624120
03217626451
03217623122
03217629702
03217622488
03217622917
03217622372
03217629568
03217625752
03217621356
03217625691
03217623621
03217622895
03217622440
03217626379
03217629227
03217624794
03217626765
03217624278
03217625236
03217628059
03217628669
03217622253
03217625006
03217622672
03217624227
03217623805
03217624408
03217627214
03217629200
03217622393
03217624270
03217624369
03217629319
03217624848
03217628573
03217622822
03217625238
03217625994
03217629809
03217623352
03217621953
03217628862
03217622021
03217626257
03217624152
03217628079
03217623896
03217622926
03217621214
03217625063
03217621033
03217625506
03217628144
03217625763
03217621344
03217624142
03217623298
03217629351
03217628525
03217621561
03217627059
03217624379
03217626220
03217623942
03217625715
03217628284
03217625427
03217627367
03217625317
03217626143
03217629807
03217622206
03217627547
03217629135
03217625303
03217629466
03217624428
03217623155
03217625815
03217628286
03217624613
03217623067
03217622578
03217627093
03217628464
03217622397
03217628654
03217629511
03217624339
03217629198
03217629773
03217621859
03217629954
03217627211
03217621556
03217625787
03217627695
03217629934
03217629362
03217625938
03217628216
03217621088
03217625007
03217625650
03217623831
03217624922
03217625370
03217625745
03217628772
03217629766
03217623153
03217621364
03217628621
03217628053
03217626962
03217622919
03217621645
03217626632
03217625468
03217621745
03217628348
03217627275
03217622255
03217622872
03217628119
03217622570
03217624678
03217623704
03217622141
03217621155
03217622014
03217627376
03217621542
03217626746
03217624823
03217624588
03217628968
03217624714
03217628706
03217628590
03217628589
03217623502
03217628825
03217626876
03217622795
03217628289
03217622730
03217624969
03217624192
03217629867
03217627731
03217621576
03217622050
03217628003
03217627625
03217626201
03217625087
03217629448
03217629223
03217627466
03217626038
03217629585
03217629276
03217626173
03217626821
03217622044
03217626499
03217627030
03217627922
03217628569
03217626759
03217623666
03217629369
03217628542
03217621243
03217629774
03217626388
03217627171
03217626770
03217623810
03217626444
03217623247
03217622538
03217627088
03217624223
03217624919
03217629257
03217629366
03217621122
03217627463
03217629239
03217627599
03217626622
03217621467
03217628469
03217627162
03217621944
03217629161
03217623542
03217622680
03217629461
03217626382
03217626427
03217628699
03217628474
03217622051
03217623891
03217622815
03217625465
03217629728
03217623574
03217629506
03217625533
03217629941
03217623698
03217625556
03217629312
03217627392
03217622543
03217621905
03217629302
03217623643
03217623152
03217624920
03217628702
03217629799
03217624649
03217622901
03217625337
03217629857
03217621504
03217627796
03217626219
03217627315
03217623572
03217626424
03217622133
03217626893
03217627893
03217621179
03217622936
03217627220
03217628245
03217624573
03217629849
03217626150
03217625365
03217622739
03217623274
03217623778
03217628185
03217623349
03217623689
03217626827
03217628237
03217629649
03217624028
03217629235
03217625902
03217629336
03217628528
03217621925
03217622878
03217621509
03217626258
03217627027
03217629109
03217625765
03217622579
03217621956
03217622067
03217624799
03217626751
03217629971
03217629082
03217621345
03217627966
03217624521
03217622441
03217622597
03217623966
03217629913
03217629883
03217621317
03217629656
03217621530
03217628907
03217627985
03217622343
03217621320
03217626073
03217623440
03217627280
03217621230
03217627016
03217629076
03217627583
03217628125
03217621732
03217624106
03217626016
03217628265
03217622683
03217621268
03217621380
03217626895
03217625930
03217626110
03217622011
03217628450
03217622628
03217626191
03217626858
03217624594
03217629612
03217623478
03217626531
03217626640
03217624065
03217626736
03217627505
03217623521
03217621788
03217628150
03217626144
03217625300
03217629990
03217621391
03217626224
03217626716
03217628341
03217625390
03217629963
03217621428
03217623991
03217624651
03217621038
03217629380
03217621496
03217623531
03217622120
03217629398
03217621733
03217623926
03217628617
03217624532
03217623874
03217621205
03217622408
03217629727
03217626484
03217624891
03217625979
03217626615
03217627877
03217628648
03217628489
03217628088
03217625103
03217622649
03217629413
03217625697
03217626681
03217626308
03217622024
03217625657
03217628257
03217626030
03217628868
03217622762
03217629657
03217627037
03217627606
03217622183
03217627089
03217627135
03217622981
03217623691
03217628167
03217626147
03217624623
03217623401
03217624881
03217625653
03217623471
03217628785
03217624449
03217628684
03217626630
03217621276
03217629203
03217628835
03217627192
03217624897
03217624070
03217624269
03217627615
03217622129
03217625608
03217626322
03217629577
03217625694
03217621559
03217621354
03217625107
03217623897
03217628957
03217621245
03217629550
03217622058
03217622907
03217627143
03217625565
03217622604
03217622558
03217628313
03217628403
03217623348
03217629896
03217622238
03217626165
03217629421
03217629014
03217627078
03217627064
03217629959
03217621912
03217627431
03217629341
03217628206
03217622732
03217622319
03217627957
03217629284
03217625134
03217621989
03217623240
03217628504
03217629361
03217621711
03217627532
03217623815
03217623700
03217623295
03217623817
03217622345
03217621662
03217629116
03217622510
03217624313
03217624657
03217629535
03217625532
03217623043
03217625828
03217621839
03217628500
03217622645
03217622651
03217628971
03217623701
03217624063
03217629356
03217629878
03217627710
03217623020
03217625313
03217623782
03217621486
03217627613
03217628315
03217623893
03217628075
03217622783
03217627264
03217623752
03217622091
03217626160
03217621400
03217621065
03217624880
03217624843
03217629999
03217623001
03217624178
03217628282
03217626900
03217628867
03217623154
03217626652
03217624779
03217621824
03217627672
03217625330
03217627729
03217622045
03217626059
03217625031
03217624336
03217629808
03217622218
03217623180
03217622670
03217624087
03217627955
03217627656
03217623162
03217626645
03217628139
03217625358
03217625314
03217621110
03217628262
03217629331
03217629447
03217623676
03217627240
03217629591
03217628422
03217624361
03217624114
03217621047
03217623943
03217621684
03217622702
03217629718
03217627970
03217624229
03217624780
03217625198
03217628995
03217625179
03217629533
03217629972
03217622415
03217629242
03217627797
03217627047
03217624888
03217628465
03217622567
03217628923
03217629698
03217623589
03217621888
03217628309
03217626908
03217623712
03217621477
03217625976
03217627595
03217622655
03217625122
03217629998
03217627265
03217621360
03217629119
03217624667
03217628477
03217625779
03217621945
03217622849
03217621804
03217626146
03217625984
03217623620
03217625655
03217624237
03217627623
03217627408
03217626082
03217625919
03217624807
03217625282
03217629202
03217621937
03217627316
03217627293
03217621266
03217627850
03217627928
03217629987
03217624322
03217627244
03217623918
03217623530
03217623438
03217626364
03217627122
03217627566
03217625492
03217622355
03217621939
03217628418
03217627498
03217628138
03217621371
03217629856
03217625278
03217623199
03217629859
03217622962
03217621539
03217626576
03217628121
03217621133
03217624652
03217621583
03217623953
03217625615
03217621644
03217625692
03217625434
03217624249
03217623301
03217624615
03217626101
03217623877
03217622643
03217629555
03217627684
03217623186
03217627716
03217624646
03217626847
03217629997
03217628898
03217629794
03217623128
03217626479
03217629061
03217624729
03217625705
03217627342
03217622305
03217621712
03217625539
03217621150
03217621950
03217623848
03217626663
03217626505
03217624168
03217624197
03217623522
03217625269
03217622635
03217623644
03217622174
03217627000
03217625245
03217626892
03217629729
03217628123
03217622235
03217624858
03217628454
03217627474
03217624940
03217622583
03217625072
03217624448
03217621942
03217628910
03217628759
03217628468
03217627842
03217622145
03217622036
03217623491
03217625597
03217629605
03217621209
03217624695
03217626426
03217621085
03217628187
03217622800
03217626113
03217628812
03217627612
03217627285
03217626854
03217627084
03217623675
03217627010
03217621432
03217629720
03217624612
03217626510
03217627511
03217622297
03217625801
03217624963
03217629480
03217626093
03217629545
03217624631
03217627506
03217629260
03217628848
03217626264
03217626157
03217626885
03217621648
03217621146
03217621182
03217625061
03217628360
03217628755
03217624483
03217625008
03217623342
03217624993
03217624699
03217627184
03217625284
03217628158
03217627836
03217626633
03217622719
03217628067
03217622654
03217622563
03217627593
03217628235
03217627411
03217625822
03217624547
03217628071
03217625363
03217626329
03217622030
03217624812
03217624967
03217626602
03217626560
03217622572
03217622497
03217625918
03217623855
03217621564
03217623060
03217622028
03217623812
03217629194
03217627378
03217623079
03217627703
03217623394
03217626825
03217624426
03217628661
03217626937
03217626915
03217629335
03217622098
03217623190
03217621233
03217625909
03217626159
03217623005
03217621674
03217624380
03217625846
03217623078
03217621228
03217625819
03217624259
03217627232
03217627136
03217622284
03217627800
03217624326
03217621418
03217628142
03217628734
03217626400
03217625559
03217629003
03217623376
03217622229
03217622205
03217629930
03217624122
03217625537
03217623285
03217621219
03217628446
03217627636
03217621720
03217622445
03217625102
03217628285
03217621348
03217627433
03217621692
03217622678
03217629682
03217623341
03217627050
03217623054
03217627771
03217629052
03217625048
03217625579
03217627174
03217624025
03217626605
03217625020
03217624506
03217622671
03217621003
03217623617
03217621498
03217623147
03217627105
03217621680
03217623947
03217625917
03217622210
03217629354
03217626689
03217625696
03217628967
03217623368
03217622881
03217629321
03217625178
03217629151
03217622159
03217625069
03217626998
03217627193
03217623468
03217623426
03217623130
03217629048
03217621442
03217621485
03217626787
03217628200
03217621410
03217625734
03217627423
03217624840
03217623699
03217621081
03217625028
03217626725
03217623239
03217627637
03217621651
03217621624
03217628438
03217622346
03217622035
03217629792
03217624681
03217627837
03217628724
03217628741
03217625927
03217623559
03217624253
03217629066
03217623662
03217622585
03217628639
03217621958
03217621884
03217623586
03217622611
03217625452
03217621077
03217621137
03217621970
03217629385
03217625830
03217621775
03217621505
03217625699
03217623046
03217624440
03217627212
03217628291
03217626315
03217627897
03217626098
03217627772
03217627522
03217628705
03217625097
03217625962
03217623062
03217628997
03217629693
03217629740
03217629763
03217628356
03217628100
03217626894
03217629910
03217626320
03217628655
03217622711
03217628451
03217624770
03217622910
03217624151
03217622054
03217624950
03217623779
03217626019
03217629221
03217625372
03217625568
03217625688
03217623912
03217624240
03217627679
03217623555
03217627009
03217626039
03217626008
03217626833
03217622082
03217621764
03217625935
03217622118
03217624946
03217627546
03217627302
03217623604
03217629446
03217623928
03217623187
03217625467
03217623754
03217621318
03217623840
03217628649
03217629352
03217624171
03217624075
03217624443
03217623860
03217629215
03217626354
03217629310
03217622615
03217626702
03217622128
03217621472
03217626077
03217622069
03217621660
03217621072
03217621675
03217628070
03217628377
03217626242
03217629983
03217621052
03217624058
03217623254
03217624720
03217626065
03217622482
03217628016
03217628183
03217621860
03217627675
03217621086
03217628330
03217622660
03217626901
03217627317
03217622456
03217627109
03217621551
03217624740
03217629658
03217622165
03217621973
03217622207
03217627832
03217624459
03217625156
03217628266
03217626055
03217627895
03217629646
03217623455
03217627894
03217629339
03217622696
03217627154
03217623985
03217629986
03217623344
03217627121
03217625717
03217627032
03217625062
03217627527
03217622507
03217622909
03217628514
03217627195
03217624027
03217623215
03217628279
03217623174
03217622681
03217626604
03217622451
03217629000
03217622211
03217627585
03217625672
03217628884
03217628820
03217624554
03217624941
03217627145
03217628908
03217626932
03217628864
03217625356
03217627540
03217622832
03217623442
03217629329
03217629982
03217628583
03217627311
03217623126
03217621706
03217624439
03217624581
03217628797
03217621253
03217624727
03217629389
03217628311
03217623357
03217628239
03217625119
03217626282
03217629415
03217627325
03217629064
03217629618
03217628342
03217626348
03217629233
03217623628
03217625169
03217624458
03217624902
03217627177
03217628650
03217625442
03217628347
03217627655
03217628406
03217624136
03217622353
03217624927
03217626611
03217625131
03217621938
03217626625
03217622768
03217629072
03217628007
03217624487
03217622291
03217629645
03217627114
03217624962
03217625975
03217622177
03217625494
03217626666
03217625258
03217626470
03217622846
03217627914
03217625454
03217629891
03217627464
03217627876
03217628171
03217622398
03217622452
03217626175
03217627691
03217624410
03217622607
03217626097
03217624885
03217629004
03217628536
03217625394
03217625397
03217624744
03217626228
03217625686
03217629668
03217628955
03217623997
03217624986
03217628710
03217627313
03217629180
03217626610
03217627013
03217621474
03217624716
03217628786
03217622401
03217627767
03217622886
03217625806
03217624071
03217626248
03217623841
03217626526
03217622520
03217627518
03217622720
03217626636
03217622729
03217623694
03217625523
03217627534
03217623547
03217626916
03217625908
03217623804
03217627872
03217627530
03217623820
03217627798
03217624088
03217622342
03217628461
03217625755
03217629880
03217624883
03217627748
03217621144
03217626189
03217621661
03217627822
03217628989
03217621986
03217621566
03217624589
03217626878
03217628988
03217622259
03217622244
03217624110
03217628376
03217626311
03217622705
03217624722
03217623446
03217623430
03217622221
03217622189
03217622336
03217625945
03217627707
03217626291
03217625255
03217628085
03217628842
03217627495
03217628540
03217621833
03217622514
03217625044
03217629498
03217628227
03217626766
03217627621
03217626012
03217624616
03217629371
03217624832
03217623809
03217628231
03217627445
03217629495
03217626385
03217629765
03217623094
03217629230
03217628644
03217622499
03217623049
03217621281
03217625967
03217626989
03217626024
03217621424
03217628402
03217623931
03217624912
03217624959
03217624982
03217623958
03217626177
03217627719
03217626573
03217629546
03217629539
03217626239
03217627023
03217627066
03217627999
03217622154
03217622068
03217629419
03217625813
03217622965
03217625485
03217621653
03217621273
03217623192
03217628490
03217627061
03217626771
03217629259
03217625406
03217624299
03217622532
03217626816
03217625381
03217621403
03217626917
03217621510
03217622070
03217622952
03217623509
03217625041
03217623485
03217629965
03217625384
03217624357
03217625616
03217628804
03217622788
03217622588
03217623077
03217621947
03217629780
03217628629
03217623329
03217622684
03217624526
03217628082
03217626979
03217627075
03217622724
03217628107
03217622618
03217626261
03217622501
03217624302
03217628783
03217621668
03217621308
03217624602
03217628834
03217621444
03217627967
03217626471
03217622817
03217621222
03217627035
03217626752
03217623121
03217626983
03217623987
03217628061
03217626409
03217627277
03217624107
03217624865
03217622542
03217624293
03217621935
03217628111
03217625161
03217621376
03217621587
03217622474
03217621040
03217624800
03217624257
03217621501
03217625865
03217622677
03217623139
03217621773
03217627319
03217624795
03217629544
03217622381
03217621758
03217624067
03217625345
03217626579
03217625424
03217626184
03217626928
03217628566
03217622911
03217629140
03217621291
03217621513
03217629427
03217625940
03217627553
03217622152
03217625739
03217629755
03217624398
03217622187
03217629402
03217628513
03217622390
03217625803
03217623403
03217624262
03217627129
03217624460
03217629376
03217624323
03217629725
03217628872
03217624291
03217627298
03217621394
03217622633
03217626027
03217623281
03217624987
03217624828
03217628328
03217627570
03217623835
03217624392
03217626021
03217623565
03217627429
03217626259
03217621739
03217622763
03217624436
03217624878
03217624384
03217626564
03217622426
03217621165
03217626600
03217627099
03217622421
03217628008
03217625880
03217624939
03217626216
03217622196
03217623797
03217628980
03217626691
03217626182
03217622612
03217622552
03217624535
03217626957
03217627754
03217628897
03217625149
03217621599
03217627179
03217627163
03217626687
03217627235
03217623847
03217621971
03217628013
03217621791
03217628626
03217621213
03217623986
03217629542
03217621787
03217625710
03217625456
03217628186
03217623198
03217628202
03217624900
03217623210
03217626577
03217626266
03217624021
03217628269
03217624047
03217622163
03217621050
03217629238
03217627123
03217623773
03217629375
03217626617
03217621817
03217629893
03217622334
03217628095
03217625340
03217624860
03217623009
03217622747
03217624546
03217629567
03217622502
03217625212
03217625022
03217623141
03217628417
03217621284
03217626963
03217623665
03217629387
03217626863
03217625768
03217622412
03217629093
03217623639
03217628182
03217623305
03217625868
03217626804
03217627869
03217621716
03217628731
03217629643
03217629815
03217627617
03217629548
03217628558
03217626624
03217626873
03217628561
03217624353
03217628675
03217621586
03217626705
03217621049
03217628287
03217621195
03217628147
03217621763
03217625453
03217627862
03217621385
03217629196
03217623445
03217627343
03217625049
03217628774
03217622149
03217621468
03217622191
03217627414
03217622650
03217627269
03217629989
03217627207
03217628058
03217623388
03217626595
03217624818
03217628516
03217629491
03217626054
03217627879
03217629479
03217621686
03217627172
03217621798
03217623428
03217621217
03217623626
03217622812
03217624555
03217629580
03217626087
03217625496
03217624767
03217622277
03217622898
03217624789
03217622596
03217624928
03217627851
03217622784
03217621597
03217628994
03217628352
03217625727
03217627934
03217625110
03217625470
03217626561
03217625990
03217629866
03217621337
03217625237
03217622420
03217624433
03217621287
03217626106
03217623764
03217627201
03217628788
03217622383
03217624943
03217621790
03217628499
03217623365
03217628263
03217621917
03217626203
03217627591
03217626069
03217628152
03217629297
03217624043
03217625267
03217622198
03217621006
03217624769
03217622508
03217629323
03217628350
03217626509
03217624788
03217624587
03217624787
03217629928
03217626938
03217625551
03217623679
03217622624
03217628746
03217627941
03217621865
03217625840
03217627646
03217626350
03217626280
03217624701
03217621990
03217629721
03217621934
03217627900
03217627226
03217624391
03217627020
03217625991
03217624041
03217629912
03217626923
03217621615
03217622804
03217626140
03217628297
03217622601
03217625617
03217627150
03217626520
03217624855
03217629141
03217624711
03217626032
03217621807
03217624866
03217622852
03217629712
03217624175
03217625774
03217626658
03217628582
03217622525
03217629782
03217624735
03217624224
03217624994
03217623744
03217628302
03217625413
03217622371
03217629897
03217629833
03217628009
03217623607
03217623235
03217626749
03217629951
03217628585
03217628426
03217624444
03217628958
03217625079
03217622836
03217627686
03217621731
03217625073
03217624405
03217622281
03217625947
03217621037
03217627326
03217629344
03217627438
03217628385
03217627340
03217626761
03217622237
03217628917
03217621500
03217627475
03217624890
03217625253
03217628664
03217627727
03217621911
03217627830
03217629193
03217623886
03217626971
03217629452
03217626281
03217623086
03217622512
03217621244
03217626486
03217622842
03217622263
03217626694
03217622814
03217626496
03217622905
03217623011
03217627390
03217624628
03217623136
03217627289
03217621930
03217621098
03217629711
03217626473
03217624109
03217629146
03217628351
03217623600
03217621538
03217626715
03217628413
03217627290
03217622378
03217625164
03217628766
03217623201
03217621032
03217629097
03217624924
03217626181
03217624036
03217628991
03217621600
03217629086
03217622801
03217629253
03217621201
03217622377
03217621448
03217623050
03217624491
03217628663
03217625721
03217625012
03217624370
03217625603
03217626713
03217625663
03217627896
03217628678
03217629241
03217629184
03217628921
03217624314
03217621257
03217625223
03217626785
03217626813
03217628203
03217621116
03217623963
03217626389
03217621331
03217624538
03217625876
03217628919
03217621020
03217624556
03217622879
03217623216
03217621189
03217621877
03217621960
03217624129
03217627405
03217629932
03217626532
03217622995
03217627677
03217628363
03217625500
03217627980
03217623358
03217628456
03217628220
03217628750
03217623708
03217629757
03217628378
03217623278
03217623569
03217627014
03217625455
03217622003
03217623196
03217628037
03217621154
03217627132
03217625943
03217628025
03217622755
03217622943
03217629778
03217626193
03217623964
03217628022
03217621605
03217627831
03217623420
03217623739
03217624441
03217629027
03217626654
03217626276
03217629426
03217626802
03217629979
03217629124
03217623497
03217624784
03217625856
03217623177
03217626225
03217626857
03217626070
03217625995
03217623930
03217623563
03217621000
03217629313
03217622233
03217624899
03217629269
03217629183
03217624134
03217625818
03217628754
03217629038
03217627616
03217628105
03217629289
03217625953
03217627069
03217622160
03217628428
03217627350
03217623544
03217626490
03217628027
03217624042
03217621319
03217625845
03217625233
03217626029
03217626817
03217628892
03217628120
03217627568
03217629960
03217621595
03217624874
03217624131
03217626494
03217627118
03217622738
03217627577
03217629671
03217628467
03217624719
03217625883
03217621126
03217621948
03217624072
03217628420
03217621121
03217623954
03217623763
03217628647
03217623150
03217625348
03217623268
03217625987
03217623484
03217628405
03217628280
03217622359
03217623975
03217624837
03217625720
03217627766
03217628559
03217628042
03217625620
03217627892
03217627523
03217621620
03217628471
03217626982
03217624718
03217629470
03217624853
03217624092
03217622777
03217622770
03217621903
03217627602
03217629169
03217624741
03217621729
03217627379
03217627780
03217628926
03217628133
03217624414
03217625501
03217627428
03217629497
03217624424
03217626784
03217624527
03217622182
03217627629
03217622436
03217629256
03217622317
03217621837
03217623395
03217623760
03217627743
03217623331
03217628999
03217625037
03217625239
03217629890
03217626373
03217622396
03217629553
03217623968
03217627425
03217621580
03217625118
03217623074
03217625891
03217626733
03217624516
03217629966
03217629892
03217624385
03217625165
03217623612
03217621083
03217626502
03217626570
03217629697
03217628154
03217629786
03217623825
03217622099
03217628952
03217624411
03217621890
03217622180
03217629396
03217628698
03217622139
03217626362
03217625272
03217628643
03217628011
03217628638
03217629947
03217625941
03217629220
03217625035
03217622079
03217621111
03217621882
03217628225
03217626798
03217622065
03217624634
03217623845
03217629882
03217621618
03217625481
03217626731
03217622494
03217622985
03217624913
03217623244
03217624431
03217624030
03217621774
03217625187
03217622151
03217624730
03217629732
03217625335
03217627080
03217622517
03217623654
03217625516
03217625652
03217628953
03217621027
03217628392
03217623378
03217627648
03217625249
03217621330
03217625408
03217625023
03217629115
03217626105
03217627811
03217621715
03217622688
03217625491
03217628470
03217626164
03217626925
03217627649
03217629534
03217623197
03217623702
03217621339
03217627503
03217629142
03217629927
03217628411
03217624100
03217623801
03217622964
03217628195
03217626588
03217624908
03217625626
03217625567
03217624991
03217627809
03217628765
03217627344
03217628810
03217623233
03217628519
03217626540
03217625542
03217625771
03217625564
03217627339
03217623499
03217625002
03217628131
03217629994
03217622117
03217621828
03217622857
03217625738
03217627988
03217622122
03217629684
03217627559
03217625785
03217627422
03217622423
03217627337
03217629663
03217628819
03217627455
03217627651
03217624309
03217624282
03217628298
03217625992
03217629884
03217625777
03217625106
03217626048
03217623105
03217624073
03217626671
03217629148
03217625823
03217621101
03217622294
03217621728
03217622859
03217625204
03217627808
03217625520
03217622083
03217621456
03217629689
03217621751
03217629045
03217625901
03217626646
03217623890
03217626558
03217627331
03217624191
03217629995
03217628369
03217629637
03217621625
03217621703
03217622475
03217629270
03217625074
03217624266
03217624263
03217629207
03217623433
03217629901
03217625638
03217621021
03217624708
03217624373
03217625623
03217625932
03217629638
03217627210
03217624582
03217625736
03217629074
03217623345
03217628668
03217622347
03217624292
03217629438
03217625882
03217629752
03217627213
03217623971
03217629065
03217622487
03217623212
03217626283
03217628252
03217625536
03217627945
03217626897
03217621349
03217621386
03217623996
03217626001
03217625770
03217622837
03217622059
03217628529
03217625189
03217625861
03217622369
03217625609
03217626199
03217624956
03217623220
03217624638
03217621677
03217627070
03217623355
03217621128
03217626448
03217627015
03217624456
03217623981
03217624375
03217622113
03217622126
03217622053
03217624972
03217622989
03217626747
03217628492
03217623051
03217629482
03217623101
03217626363
03217628329
03217624061
03217625050
03217621487
03217627630
03217628844
03217629939
03217621159
03217621141
03217624957
03217623243
03217623018
03217626904
03217628322
03217625226
03217622771
03217626330
03217624213
03217625629
03217622223
03217621591
03217624893
03217627320
03217627115
03217628052
03217625067
03217622001
03217629186
03217621296
03217628175
03217628866
03217622015
03217624831
03217621048
03217625588
03217621968
03217621548
03217629847
03217622457
03217626801
03217626196
03217628040
03217623102
03217625922
03217628720
03217625911
03217625857
03217622239
03217625407
03217624514
03217623951
03217628936
03217627950
03217628592
03217623495
03217626360
03217626123
03217627940
03217625281
03217628624
03217628278
03217626548
03217621744
03217628472
03217621124
03217629102
03217622130
03217624776
03217626347
03217626089
03217623328
03217629056
03217624351
03217621544
03217628414
03217629723
03217621896
03217623865
03217626742
03217629798
03217628701
03217627286
03217627578
03217624732
03217621571
03217625859
03217621494
03217624968
03217624774
03217627048
03217621603
03217626551
03217622009
03217627060
03217626851
03217629863
03217621484
03217629848
03217624606
03217624786
03217622360
03217622332
03217626075
03217622908
03217628802
03217625749
03217628035
03217626936
03217626575
03217628581
03217622675
03217621362
03217624733
03217625645
03217621640
03217626587
03217627714
03217624206
03217623781
03217622922
03217626964
03217623788
03217627473
03217622442
03217628694
03217624416
03217623185
03217629342
03217623753
03217622040
03217629915
03217621282
03217628275
03217621647
03217627626
03217626686
03217624435
03217626321
03217628596
03217629158
03217628658
03217623435
03217625977
03217622787
03217621108
03217627847
03217621598
03217627662
03217628722
03217621173
03217624305
03217621892
03217629600
03217626672
03217629701
03217623366
03217623720
03217629425
03217623123
03217629846
03217626537
03217626381
03217625089
03217621769
03217623937
03217627717
03217625580
03217622924
03217625648
03217624835
03217628894
03217621602
03217628747
03217625292
03217629714
03217624522
03217621518
03217621262
03217625166
03217629225
03217622559
03217622341
03217626823
03217626083
03217622535
03217621507
03217622735
03217621983
03217628933
03217626501
03217623632
03217626524
03217621701
03217622723
03217626209
03217627880
03217626341
03217626476
03217623570
03217622418
03217628054
03217628911
03217621256
03217621406
03217623021
03217628824
03217623407
03217623327
03217626914
03217626910
03217625343
03217626483
03217629813
03217621574
03217628020
03217622708
03217624738
03217621130
03217623464
03217626349
03217627562
03217628943
03217629741
03217627937
03217623929
03217627348
03217626677
03217625117
03217627740
03217628374
03217625809
03217629298
03217629436
03217621396
03217626528
03217626593
03217629029
03217625549
03217629709
03217624172
03217627942
03217624726
03217622250
03217626597
03217627994
03217628076
03217622286
03217623206
03217626457
03217622102
03217622721
03217625805
03217623389
03217627051
03217628126
03217623213
03217621941
03217622387
03217621904
03217623175
03217629584
03217624447
03217628445
03217621011
03217625489
03217622983
03217629211
03217626316
03217621441
03217623319
03217624241
03217623386
03217622571
03217623447
03217626988
03217626218
03217625173
03217621536
03217629620
03217624894
03217625260
03217623002
03217621076
03217624819
03217629796
03217622701
03217628758
03217629246
03217627987
03217622106
03217621481
03217626684
03217626079
03217628940
03217623619
03217628002
03217621543
03217626732
03217627773
03217625751
03217625180
03217629981
03217626621
03217624560
03217624243
03217624372
03217627185
03217628836
03217628885
03217628209
03217621480
03217622370
03217628253
03217625969
03217621199
03217623140
03217622236
03217622124
03217628259
03217625495
03217621451
03217624808
03217624697
03217628714
03217622706
03217625986
03217622856
03217624625
03217626571
03217624239
03217629803
03217625570
03217628781
03217625374
03217629529
03217623830
03217624949
03217626116
03217621795
03217628146
03217627399
03217624048
03217626131
03217629364
03217626675
03217626000
03217625547
03217622990
03217621405
03217625174
03217628515
03217625664
03217626204
03217625646
03217625435
03217621861
03217622669
03217629434
03217629717
03217625867
03217626589
03217627364
03217621060
03217622268
03217628841
03217626554
03217623173
03217625587
03217626127
03217621638
03217624355
03217625315
03217622416
03217624387
03217627886
03217625060
03217626697
03217627711
03217623406
03217621929
03217622697
03217622906
03217627938
03217629650
03217629681
03217622472
03217626456
03217625713
03217623307
03217625361
03217626583
03217624947
03217626673
03217628805
03217623761
03217628389
03217624320
03217621382
03217623670
03217623861
03217623429
03217621881
03217621449
03217627377
03217622460
03217622766
03217624706
03217625271
03217621430
03217626250
03217625913
03217628181
03217627696
03217628045
03217623548
03217622602
03217623041
03217628961
03217625360
03217621090
03217622785
03217623304
03217623016
03217622190
03217624123
03217621687
03217621967
03217623534
03217622330
03217624053
03217625599
03217621147
03217626275
03217625297
03217628606
03217629538
03217625885
03217628846
03217627828
03217629418
03217628303
03217629345
03217624181
03217628645
03217621301
03217622609
03217623512
03217629562
03217628317
03217625490
03217623288
03217628548
03217627073
03217627442
03217629659
03217629085
03217621931
03217622664
03217624189
03217628006
03217622248
03217625065
03217624704
03217623384
03217622622
03217629353
03217623685
03217622752
03217624508
03217621584
03217622143
03217629806
03217625318
03217629181
03217622220
03217621976
03217627362
03217622300
03217625981
03217627111
03217625671
03217624721
03217624932
03217625270
03217621004
03217625796
03217627206
03217627007
03217628074
03217622805
03217621747
03217628199
03217629092
03217621157
03217623605
03217622728
03217626022
03217627919
03217622361
03217627102
03217627704
03217625640
03217625264
03217629679
03217621335
03217624271
03217623076
03217623454
03217625974
03217627509
03217624536
03217628177
03217622240
03217624501
03217623549
03217624225
03217623318
03217629445
03217624012
03217625364
03217626402
03217621663
03217622066
03217621993
03217628304
03217623901
03217622275
03217627328
03217625096
03217629350
03217625993
03217624238
03217623663
03217622980
03217627759
03217625092
03217623693
03217629043
03217627657
03217629320
03217626985
03217628777
03217621388
03217628598
03217624275
03217624345
03217621607
03217627640
03217625833
03217628019
03217621125
03217627223
03217629034
03217624033
03217622010
03217624233
03217623818
03217623657
03217626243
03217623080
03217625776
03217626818
03217625088
03217627962
03217625639
03217626478
03217628704
03217627821
03217625920
03217628448
03217629258
03217623271
03217629150
03217627486
03217624743
03217629378
03217629747
03217623528
03217627087
03217628031
03217621381
03217624465
03217628327
03217623603
03217624363
03217622131
03217626006
03217625486
03217626260
03217629131
03217628113
03217623561
03217624559
03217628681
03217628584
03217622264
03217622949
03217626439
03217629921
03217629667
03217625228
03217625430
03217629665
03217623664
03217629956
03217626629
03217625816
03217625633
03217623142
03217623735
03217621569
03217624565
03217623742
03217624626
03217623311
03217628127
03217622322
03217625357
03217623250
03217623246
03217627065
03217627094
03217625534
03217622767
03217623585
03217621322
03217627969
03217627718
03217624637
03217625395
03217621210
03217621883
03217629037
03217623533
03217624863
03217622424
03217622978
03217626100
03217626670
03217624474
03217622950
03217629030
03217623503
03217624542
03217627267
03217628939
03217625287
03217625322
03217623230
03217621366
03217627323
03217623323
03217625234
03217622951
03217625775
03217627382
03217625221
03217622746
03217629032
03217625606
03217621103
03217628811
03217621966
03217623303
03217621031
03217626889
03217622972
03217624143
03217624734
03217627899
03217629627
03217623795
03217623792
03217628211
03217626121
03217623935
03217623112
03217627891
03217621306
03217625113
03217622321
03217628512
03217622977
03217627496
03217622712
03217621632
03217624846
03217622406
03217629945
03217629405
03217621810
03217626848
03217624350
03217625018
03217626838
03217625056
03217628853
03217625479
03217621665
03217626425
03217624471
03217626434
03217625295
03217626488
03217623075
03217629675
03217625484
03217621464
03217621901
03217623302
03217623827
03217627971
03217629348
03217626139
03217629275
03217629572
03217628221
03217628680
03217623854
03217625459
03217626741
03217623510
03217621283
03217624425
03217621572
03217621084
03217621980
03217624014
03217622598
03217629454
03217625892
03217629525
03217625864
03217626112
03217627284
03217624272
03217628267
03217624764
03217623977
03217629642
03217626608
03217624215
03217628743
03217627953
03217627791
03217622019
03217625129
03217624923
03217621921
03217629485
03217627294
03217621759
03217626874
03217623979
03217629566
03217625170
03217621413
03217626232
03217626807
03217629098
03217622338
03217629621
03217626061
03217621972
03217627468
03217621987
03217626378
03217628725
03217627927
03217625525
03217622354
03217625847
03217627103
03217621526
03217625114
03217629599
03217624955
03217628564
03217626868
03217628145
03217626945
03217623165
03217623787
03217621991
03217625595
03217621267
03217627243
03217625888
03217622096
03217629177
03217628368
03217626674
03217623907
03217627385
03217625754
03217622270
03217626860
03217628857
03217624045
03217623769
03217628657
03217629349
03217625916
03217628902
03217623938
03217623671
03217629053
03217627954
03217629039
03217629604
03217627827
03217627356
03217626669
03217624154
03217622018
03217626626
03217624674
03217626305
03217621238
03217629263
03217626737
03217629526
03217625276
03217625594
03217624528
03217626180
03217622056
03217621426
03217623003
03217628889
03217621188
03217629430
03217621932
03217625924
03217623396
03217624762
03217624702
03217623623
03217623973
03217625488
03217624705
03217623729
03217623525
03217627632
03217626906
03217622433
03217622315
03217623762
03217624742
03217621723
03217622828
03217622097
03217625181
03217625277
03217625767
03217625438
03217625675
03217622742
03217629050
03217624111
03217627841
03217624500
03217622034
03217621303
03217625200
03217624520
03217623134
03217621002
03217627189
03217625531
03217625327
03217624273
03217622605
03217628442
03217623380
03217628937
03217626592
03217627539
03217624591
03217621254
03217622459
03217624636
03217622029
03217627834
03217624268
03217627575
03217626072
03217626566
03217625186
03217622722
03217625552
03217623518
03217627274
03217629429
03217627460
03217629895
03217628607
03217623259
03217624804
03217626343
03217629024
03217621725
03217621879
03217622553
03217629931
03217628538
03217628336
03217625502
03217626304
03217625127
03217624011
03217621028
03217625064
03217624537
03217624311
03217626788
03217627925
03217628550
03217624347
03217628730
03217627975
03217626709
03217622999
03217626535
03217628851
03217628735
03217621092
03217627932
03217629676
03217623960
03217627713
03217628660
03217627739
03217623412
03217625955
03217623143
03217629767
03217623408
03217622316
03217622961
03217626772
03217625550
03217625644
03217622897
03217622933
03217625159
03217629758
03217623923
03217627864
03217623353
03217627514
03217624590
03217629902
03217623296
03217626274
03217623863
03217625707
03217624277
03217627652
03217627620
03217622382
03217626530
03217625261
03217626779
03217627477
03217625432
03217623610
03217622031
03217626293
03217624937
03217621902
03217627726
03217626327
03217625647
03217621815
03217626623
03217627745
03217624664
03217629451
03217626862
03217629078
03217626271
03217622727
03217626574
03217624080
03217626292
03217628355
03217624242
03217627723
03217627783
03217621324
03217626734
03217624715
03217622914
03217626748
03217624736
03217629299
03217623481
03217622860
03217628567
03217622247
03217626711
03217629355
03217629559
03217622380
03217622547
03217626539
03217621295
03217627643
03217621809
03217627261
03217626960
03217629688
03217626418
03217629524
03217629543
03217627609
03217628482
03217622987
03217625273
03217627765
03217626841
03217627983
03217625155
03217627775
03217629710
03217623673
03217624420
03217627607
03217623103
03217626300
03217629611
03217627062
03217622556
03217621269
03217627186
03217629811
03217626206
03217627033
03217621820
03217621171
03217624781
03217629660
03217625870
03217621805
03217627669
03217629779
03217622366
03217627805
03217627807
03217627567
03217628948
03217622541
03217623878
03217622676
03217621853
03217623249
03217623443
03217624942
03217625324
03217625153
03217624495
03217621961
03217625461
03217621875
03217626227
03217626972
03217621582
03217629961
03217629918
03217624006
03217621854
03217628063
03217628223
03217622863
03217623308
03217628823
03217621063
03217625084
03217629307
03217622344
03217623095
03217621439
03217627090
03217628488
03217625703
03217623287
03217627227
03217621588
03217621639
03217623655
03217621402
03217627112
03217625949
03217623500
03217626498
03217623248
03217629510
03217625224
03217624367
03217627558
03217622215
03217622592
03217621957
03217628230
03217627283
03217629474
03217625848
03217622246
03217629746
03217621693
03217625437
03217624149
03217623466
03217623772
03217629192
03217622033
03217622078
03217625600
03217627271
03217626541
03217621827
03217623422
03217628665
03217621338
03217622243
03217624251
03217628173
03217628634
03217627239
03217624815
03217629787
03217621829
03217627705
03217628748
03217627396
03217624393
03217627802
03217625619
03217621162
03217624534
03217629171
03217623872
03217629520
03217621177
03217626386
03217622314
03217628637
03217627825
03217625359
03217623576
03217621184
03217621398
03217622389
03217627225
03217623941
03217623714
03217629617
03217623014
03217622704
03217627956
03217629190
03217626466
03217627526
03217628117
03217625019
03217627270
03217625081
03217623608
03217626809
03217621455
03217628556
03217628913
03217626781
03217624572
03217623372
03217629903
03217627543
03217623682
03217622292
03217625140
03217626168
03217627110
03217627738
03217628860
03217628010
03217622753
03217622107
03217621465
03217624617
03217624153
03217624663
03217623588
03217629625
03217626756
03217624091
03217625903
03217625632
03217626599
03217622582
03217625712
03217629130
03217627095
03217623483
03217624790
03217621627
03217627068
03217628393
03217623427
03217626657
03217625518
03217628671
03217624150
03217626071
03217628789
03217625773
03217626051
03217623135
03217628662
03217624793
03217628415
03217622262
03217628905
03217629873
03217624157
03217627997
03217629687
03217626480
03217622540
03217624504
03217624183
03217628974
03217621080
03217623911
03217626975
03217623356
03217621044
03217627744
03217626033
03217623211
03217624015
03217626668
03217626375
03217624513
03217623583
03217626655
03217626122
03217624585
03217629440
03217621181
03217626489
03217629264
03217623734
03217622791
03217623746
03217626413
03217623019
03217626053
03217629894
03217628128
03217623995
03217629397
03217629772
03217623692
03217623158
03217626246
03217623770
03217622834
03217623381
03217624709
03217628931
03217621899
03217628099
03217628928
03217626005
03217623343
03217626614
03217623984
03217625746
03217627011
03217623732
03217628945
03217621893
03217623740
03217627820
03217621015
03217625339
03217622840
03217626512
03217623419
03217623536
03217621297
03217625051
03217627349
03217624362
03217623091
03217623777
03217628808
03217629648
03217621434
03217622356
03217624845
03217624990
03217629293
03217621550
03217629254
03217622209
03217625794
03217626007
03217624286
03217621697
03217628251
03217629753
03217624193
03217626864
03217621119
03217625378
03217626452
03217629674
03217623793
03217627258
03217627292
03217623265
03217621271
03217625285
03217628194
03217623097
03217625978
03217621818
03217629791
03217622850
03217627979
03217628690
03217626152
03217626831
03217628017
03217626708
03217626369
03217623237
03217624403
03217623373
03217622461
03217623599
03217625590
03217627481
03217627183
03217623696
03217629315
03217621212
03217624429
03217628416
03217628046
03217626556
03217624901
03217622047
03217628719
03217622293
03217623758
03217626775
03217623065
03217628444
03217628288
03217629251
03217628132
03217623251
03217628670
03217623012
03217626338
03217624318
03217624689
03217624910
03217624510
03217627042
03217624945
03217623270
03217622875
03217628762
03217622157
03217626965
03217621796
03217623253
03217626296
03217622178
03217628398
03217621549
03217628395
03217627604
03217628847
03217622279
03217625515
03217626750
03217623116
03217624777
03217629907
03217624757
03217622522
03217628613
03217622318
03217626929
03217629734
03217624480
03217627628
03217628476
03217629751
03217623110
03217622076
03217623640
03217625575
03217622689
03217629191
03217624552
03217624875
03217626145
03217626187
03217621232
03217625043
03217628711
03217628115
03217625895
03217622278
03217627471
03217629157
03217625855
03217622976
03217626067
03217624801
03217623289
03217626970
03217627190
03217622410
03217628106
03217624069
03217629935
03217628517
03217628475
03217628733
03217621367
03217624731
03217629719
03217621343
03217627902
03217629613
03217627287
03217621452
03217625124
03217622230
03217627720
03217622422
03217621936
03217627173
03217621277
03217627120
03217627034
03217622333
03217627157
03217625782
03217628387
03217623393
03217622725
03217622521
03217627124
03217623138
03217623279
03217622071
03217621107
03217624810
03217624141
03217627641
03217623647
03217629962
03217621417
03217627228
03217626091
03217621981
03217624549
03217625988
03217628837
03217622362
03217622504
03217629205
03217626013
03217626088
03217621058
03217623591
03217621353
03217624948
03217621975
03217622658
03217626050
03217625293
03217627569
03217624235
03217626557
03217628153
03217627407
03217628449
03217623227
03217621164
03217623029
03217625851
03217629764
03217625004
03217624000
03217629094
03217626861
03217629703
03217629904
03217621227
03217628707
03217629455
03217629629
03217625141
03217629384
03217627218
03217626124
03217626285
03217621018
03217623989
03217622557
03217626374
03217625163
03217628544
03217628963
03217629937
03217624759
03217621844
03217628249
03217622093
03217628243
03217621314
03217626529
03217627905
03217629616
03217623245
03217624280
03217621329
03217628904
03217628429
03217628134
03217627516
03217629162
03217622458
03217622038
03217628184
03217624498
03217624973
03217625718
03217627404
03217622940
03217622665
03217624717
03217622931
03217625168
03217629417
03217629199
03217625116
03217628324
03217621777
03217629281
03217627668
03217623444
03217622648
03217621978
03217628371
03217624169
03217629070
03217625252
03217622772
03217625080
03217629830
03217627282
03217621397
03217629573
03217628205
03217627824
03217623477
03217621057
03217624340
03217622088
03217621446
03217629487
03217627439
03217622337
03217626679
03217627795
03217626045
03217624992
03217626183
03217624971
03217621998
03217626317
03217622046
03217621696
03217622404
03217623515
03217627420
03217629957
03217627449
03217628891
03217627943
03217621778
03217628485
03217628273
03217621185
03217629368
03217627440
03217622214
03217621601
03217627838
03217624023
03217623160
03217622946
03217626735
03217623107
03217627329
03217621737
03217629832
03217625921
03217621290
03217626634
03217626718
03217624620
03217628791
03217626335
03217626339
03217622357
03217628855
03217629864
03217623581
03217622733
03217626503
03217627712
03217626205
03217624499
03217621655
03217623176
03217623982
03217627490
03217622971
03217628207
03217624060
03217628932
03217628213
03217621800
03217628156
03217628769
03217625241
03217625839
03217627470
03217621840
03217627402
03217625679
03217622960
03217627256
03217624934
03217623330
03217627654
03217626342
03217624407
03217629414
03217626346
03217628204
03217625750
03217622329
03217621025
03217627507
03217625196
03217629234
03217624478
03217621096
03217625666
03217628716
03217629201
03217622476
03217625498
03217625139
03217623324
03217626919
03217621755
03217627763
03217625589
03217627427
03217625929
03217627784
03217628318
03217627742
03217621743
03217622693
03217624182
03217622437
03217623887
03217627479
03217621041
03217625649
03217623789
03217628869
03217627639
03217626758
03217622142
03217629607
03217627355
03217623462
03217624203
03217629565
03217624970
03217629439
03217624135
03217623998
03217622877
03217627416
03217628473
03217627259
03217621069
03217626336
03217628608
03217626890
03217625797
03217625497
03217629790
03217629311
03217622479
03217623085
03217628316
03217628234
03217624321
03217622089
03217621370
03217624394
03217624246
03217627557
03217627312
03217629128
03217624824
03217627888
03217627688
03217621438
03217629662
03217622937
03217628979
03217629306
03217621421
03217621102
03217621928
03217622170
03217626395
03217625866
03217627706
03217623335
03217626546
03217622979
03217629695
03217621869
03217624584
03217625215
03217627306
03217622823
03217627762
03217628026
03217628143
03217629759
03217626132
03217627863
03217625858
03217625042
03217626659
03217628740
03217625307
03217622606
03217626018
03217622780
03217624895
03217621387
03217626902
03217621231
03217624723
03217629346
03217627608
03217629943
03217622916
03217626786
03217623836
03217626443
03217625209
03217628625
03217625844
03217623892
03217628792
03217621240
03217621134
03217626172
03217625824
03217622947
03217625571
03217628969
03217628108
03217621225
03217629411
03217628277
03217624635
03217622384
03217624104
03217623436
03217628522
03217624746
03217622121
03217626142
03217622569
03217624703
03217622073
03217629009
03217625899
03217621073
03217625784
03217629969
03217624768
03217622963
03217624644
03217622516
03217627045
03217627698
03217626869
03217623717
03217627510
03217621302
03217628201
03217623449
03217626399
03217623072
03217625933
03217625684
03217628228
03217622614
03217628326
03217626544
03217621373
03217629606
03217622862
03217622186
03217626920
03217621106
03217625182
03217627278
03217628640
03217627194
03217621657
03217623568
03217626793
03217629123
03217628068
03217622000
03217625898
03217623554
03217622055
03217625389
03217622327
03217622833
03217626154
03217626940
03217625897
03217629318
03217626041
03217622290
03217621476
03217626676
03217624130
03217627246
03217625085
03217623034
03217623794
03217627041
03217623181
03217623857
03217624904
03217622968
03217623397
03217621132
03217622744
03217621187
03217625674
03217625305
03217626948
03217625651
03217624044
03217621478
03217629108
03217627835
03217623414
03217622539
03217623946
03217627551
03217624519
03217623806
03217628814
03217622959
03217623486
03217624090
03217624659
03217629316
03217624301
03217626934
03217623785
03217628478
03217623681
03217621152
03217625123
03217623828
03217628744
03217621100
03217626117
03217621034
03217624029
03217624600
03217626337
03217624406
03217626241
03217629071
03217627603
03217629367
03217621821
03217623236
03217621772
03217627151
03217625243
03217626003
03217625133
03217629654
03217622023
03217625915
03217621502
03217621646
03217624413
03217627659
03217626429
03217627746
03217626474
03217624854
03217626223
03217622584
03217621887
03217624915
03217621886
03217626891
03217629467
03217624751
03217621688
03217621806
03217627359
03217629492
03217628533
03217622751
03217621148
03217629104
03217627601
03217627108
03217627813
03217625711
03217628192
03217627666
03217623166
03217626449
03217622409
03217624696
03217624140
03217627680
03217629554
03217621300
03217623391
03217627981
03217624310
03217624660
03217621685
03217626884
03217624185
03217623290
03217626114
03217626485
03217622470
03217625014
03217626398
03217629063
03217621856
03217622511
03217625513
03217629523
03217626591
03217628104
03217623726
03217621730
03217622391
03217624610
03217625136
03217625059
03217625247
03217629855
03217627776
03217626590
03217625266
03217621170
03217629473
03217629465
03217622449
03217624464
03217626306
03217624190
03217628942
03217621220
03217628149
03217627437
03217622806
03217622339
03217627642
03217628959
03217621734
03217628782
03217629077
03217625910
03217628830
03217628574
03217625877
03217625310
03217621776
03217628887
03217627321
03217626815
03217627529
03217624633
03217626880
03217621094
03217629332
03217628915
03217625811
03217621606
03217625800
03217623633
03217622188
03217625946
03217627138
03217622515
03217627590
03217627774
03217624335
03217626176
03217629745
03217621258
03217625268
03217629822
03217623593
03217626882
03217625147
03217629872
03217629149
03217626043
03217622005
03217623705
03217628493
03217628135
03217621325
03217629929
03217626460
03217623649
03217622241
03217628686
03217622626
03217621710
03217624166
03217625206
03217621055
03217621609
03217622939
03217622435
03217622443
03217628946
03217622394
03217621250
03217627920
03217626076
03217623488
03217622639
03217626967
03217625404
03217628168
03217622825
03217628306
03217626568
03217628319
03217624754
03217628452
03217624470
03217624642
03217621522
03217621771
03217621079
03217625146
03217621140
03217621163
03217627166
03217626782
03217627812
03217624578
03217627038
03217627781
03217624354
03217625825
03217628845
03217626396
03217626009
03217624018
03217629652
03217626757
03217624264
03217623325
03217625963
03217622127
03217624089
03217628925
03217627972
03217623667
03217629204
03217626628
03217629325
03217629640
03217625256
03217628321
03217629422
03217629268
03217628159
03217624914
03217622773
03217623916
03217625193
03217628780
03217627191
03217627167
03217627873
03217623706
03217627741
03217624258
03217622818
03217623656
03217622480
03217628752
03217626430
03217622172
03217628899
03217626958
03217628029
03217627815
03217629541
03217623266
03217624453
03217623631
03217626667
03217624611
03217625185
03217622984
03217629120
03217628973
03217628434
03217621113
03217623277
03217623228
03217628193
03217627309
03217621579
03217622799
03217629365
03217622631
03217628272
03217624452
03217626458
03217628738
03217623013
03217622518
03217626387
03217627961
03217627996
03217628826
03217622204
03217627499
03217625032
03217621506
03217626332
03217629182
03217621204
03217628097
03217622642
03217627898
03217625964
03217623252
03217624766
03217623906
03217624988
03217629401
03217625842
03217629229
03217629249
03217622991
03217626647
03217628460
03217626523
03217625756
03217622760
03217621585
03217622295
03217628116
03217623202
03217625207
03217623826
03217626351
03217629707
03217628340
03217627634
03217627117
03217625658
03217622993
03217629278
03217625458
03217621272
03217622925
03217624624
03217627334
03217628130
03217626740
03217624078
03217626582
03217623056
03217621095
03217626774
03217625216
03217622464
03217622213
03217629040
03217627371
03217627056
03217628164
03217628618
03217628849
03217629810
03217626660
03217626410
03217624647
03217627883
03217629020
03217625045
03217625584
03217624438
03217623144
03217628859
03217625886
03217621475
03217622674
03217629144
03217623914
03217627538
03217621683
03217625021
03217625702
03217622827
03217626340
03217628179
03217629159
03217625176
03217624907
03217626665
03217625098
03217623275
03217622546
03217624857
03217626508
03217624217
03217627366
03217621689
03217629340
03217622285
03217625954
03217625759
03217625167
03217625308
03217624247
03217627803
03217628729
03217622803
03217624569
03217629089
03217625665
03217623618
03217628226
03217626368
03217629118
03217621198
03217622661
03217623400
03217625478
03217629739
03217623832
03217629028
03217628354
03217624562
03217627119
03217623546
03217623118
03217623461
03217622140
03217621471
03217628749
03217628404
03217629661
03217627853
03217621908
03217624308
03217629632
03217625814
03217625263
03217621681
03217621399
03217629503
03217621061
03217624455
03217621259
03217624007
03217624869
03217628693
03217623053
03217622956
03217625211
03217623451
03217627515
03217627572
03217626877
03217627818
03217627383
03217621346
03217622306
03217622032
03217627453
03217629985
03217629252
03217628358
03217622017
03217628546
03217626233
03217623910
03217624265
03217626188
03217626651
03217622513
03217624381
03217623171
03217621200
03217628136
03217622399
03217627758
03217621035
03217629156
03217629886
03217628169
03217628659
03217625158
03217622692
03217629730
03217628806
03217625996
03217623200
03217629909
03217621511
03217623184
03217622831
03217627573
03217625154
03217624074
03217625001
03217627544
03217626797
03217622245
03217625701
03217627187
03217626133
03217625417
03217626820
03217626728
03217629507
03217621765
03217624256
03217624208
03217623337
03217621241
03217625321
03217622890
03217621440
03217629288
03217626464
03217623677
03217623148
03217628343
03217623915
03217627852
03217624337
03217621690
03217626334
03217623784
03217623552
03217628996
03217629569
03217628623
03217621145
03217626279
03217621841
03217626195
03217622427
03217624607
03217629551
03217628987
03217625078
03217622537
03217628809
03217627488
03217627531
03217622365
03217623851
03217626135
03217625959
03217629771
03217629532
03217622657
03217629623
03217626552
03217623256
03217624388
03217628890
03217623545
03217622779
03217621527
03217628219
03217622025
03217624221
03217621336
03217622894
03217624748
03217623999
03217627351
03217624232
03217623022
03217628652
03217625878
03217622589
03217623179
03217628004
03217625541
03217622434
03217624892
03217627597
03217629988
03217629327
03217626284
03217623172
03217623543
03217629041
03217624693
03217629865
03217626792
03217628462
03217622871
