03028223475
03028223064
03028225611
03028224044
03028229790
03028225670
03028228847
03028227733
03028223567
03028223883
03028221865
03028225597
03028225766
03028228202
03028221143
03028227488
03028223021
03028224443
03028225614
03028226201
03028227367
03028228280
03028229731
03028228068
03028224575
03028221287
03028227023
03028228612
03028229436
03028223297
03028224950
03028226531
03028221570
03028223937
03028228606
03028224038
03028222375
03028222950
03028223042
03028228021
03028224636
03028227551
03028225052
03028228948
03028223622
03028221471
03028221353
03028226966
03028223079
03028222597
03028227450
03028224083
03028228244
03028225763
03028227601
03028224271
03028226446
03028226544
03028225270
03028222428
03028222300
03028221671
03028229572
03028223550
03028222159
03028228983
03028222067
03028227927
03028224882
03028223158
03028229346
03028223643
03028222180
03028223015
03028221149
03028229815
03028225669
03028221646
03028226357
03028227500
03028222448
03028223326
03028228174
03028228547
03028226436
03028221648
03028228678
03028224285
03028226497
03028222750
03028222208
03028225250
03028224237
03028227277
03028224049
03028227921
03028229193
03028227983
03028221011
03028224669
03028222567
03028228898
03028222120
03028227879
03028224586
03028229576
03028223318
03028226630
03028223624
03028226070
03028221600
03028223314
03028229223
03028226245
03028225376
03028223612
03028222546
03028229248
03028226660
03028226595
03028221435
03028226929
03028228778
03028223871
03028226903
03028221894
03028226475
03028223662
03028225346
03028226030
03028224933
03028221523
03028224428
03028226053
03028221850
03028222071
03028225359
03028227655
03028225623
03028229125
03028226138
03028223650
03028228054
03028227803
03028222544
03028225581
03028225436
03028225420
03028221970
03028224263
03028222302
03028225808
03028225705
03028226414
03028224735
03028224399
03028229962
03028225570
03028228381
03028227699
03028221817
03028229322
03028222944
03028228346
03028223888
03028222942
03028221037
03028227469
03028225297
03028223279
03028227856
03028225817
03028229099
03028229350
03028228225
03028224753
03028222962
03028227260
03028222126
03028225369
03028229717
03028226041
03028226366
03028228945
03028222919
03028221223
03028229163
03028225414
03028228080
03028222540
03028225986
03028223222
03028222636
03028224740
03028222245
03028221532
03028229028
03028223225
03028224832
03028225387
03028227670
03028227952
03028229887
03028227315
03028225385
03028223505
03028221736
03028225969
03028224961
03028225419
03028229691
03028223953
03028223226
03028224654
03028221979
03028224943
03028229814
03028228306
03028229883
03028225198
03028225315
03028225462
03028223113
03028226127
03028228257
03028223485
03028222508
03028229077
03028223934
03028224034
03028227293
03028229981
03028222046
03028228089
03028226479
03028221629
03028227534
03028227718
03028227427
03028229444
03028223119
03028227121
03028229916
03028226295
03028229268
03028229410
03028226588
03028229006
03028223411
03028226526
03028225504
03028222472
03028224425
03028224201
03028229257
03028225247
03028228250
03028223461
03028225883
03028221484
03028226404
03028222397
03028223971
03028221179
03028226565
03028225500
03028223313
03028222487
03028222095
03028222079
03028228194
03028225545
03028226818
03028226859
03028223400
03028222242
03028222489
03028224928
03028224477
03028229574
03028225453
03028222054
03028227428
03028228277
03028222470
03028229176
03028225982
03028227235
03028225636
03028223512
03028223897
03028228230
03028223519
03028224765
03028223274
03028226518
03028221316
03028225647
03028225065
03028224441
03028228879
03028227382
03028222398
03028226400
03028224850
03028221219
03028223394
03028226556
03028225781
03028221630
03028229494
03028221605
03028221112
03028223446
03028225885
03028224210
03028229624
03028221702
03028224456
03028224844
03028222558
03028222033
03028222920
03028221562
03028229880
03028227476
03028229214
03028228409
03028229306
03028225119
03028229411
03028229182
03028223174
03028225878
03028224325
03028224762
03028223840
03028229079
03028227730
03028222266
03028225802
03028226625
03028222407
03028221319
03028227388
03028222307
03028221691
03028223944
03028225547
03028221883
03028226845
03028224461
03028225783
03028224970
03028223742
03028224179
03028228146
03028226474
03028226511
03028222422
03028225839
03028228331
03028223554
03028227377
03028229693
03028221003
03028223478
03028224303
03028225759
03028223991
03028227472
03028226157
03028221826
03028226102
03028227614
03028221174
03028228801
03028223635
03028229128
03028226329
03028225583
03028225042
03028229355
03028221020
03028229660
03028221256
03028225755
03028225719
03028224202
03028222306
03028221047
03028221549
03028223976
03028228137
03028226567
03028224543
03028228404
03028222542
03028223807
03028225076
03028221792
03028227497
03028227585
03028222353
03028222044
03028228859
03028225336
03028221281
03028228787
03028223942
03028223288
03028223267
03028228673
03028221343
03028222545
03028223046
03028224898
03028229788
03028225165
03028225110
03028222125
03028229477
03028224607
03028227885
03028229091
03028223786
03028221776
03028229966
03028228493
03028221857
03028223434
03028227307
03028228888
03028222396
03028224437
03028225415
03028221334
03028227104
03028221293
03028224869
03028228545
03028222243
03028223200
03028225858
03028229495
03028228909
03028225035
03028222003
03028222331
03028222474
03028222076
03028229918
03028229382
03028223396
03028229695
03028228479
03028223322
03028224774
03028226164
03028225238
03028224035
03028223656
03028224479
03028225603
03028224372
03028223831
03028228005
03028228982
03028221438
03028226061
03028225642
03028225891
03028224865
03028224290
03028222866
03028224930
03028226489
03028229526
03028225230
03028228969
03028223014
03028229690
03028221041
03028225720
03028221085
03028226949
03028222814
03028227364
03028222381
03028227004
03028229164
03028222201
03028228846
03028224429
03028229432
03028227631
03028228499
03028224469
03028223093
03028228480
03028224775
03028224667
03028227754
03028223804
03028225383
03028225864
03028225612
03028228391
03028228284
03028226637
03028224278
03028228805
03028224687
03028227635
03028224788
03028224562
03028228652
03028222745
03028221056
03028226168
03028224073
03028224511
03028223680
03028228637
03028226726
03028222663
03028225444
03028228436
03028225498
03028228858
03028221026
03028226490
03028222136
03028228239
03028225023
03028223286
03028221916
03028225702
03028221084
03028227201
03028228973
03028221811
03028225743
03028222726
03028227514
03028221211
03028229641
03028228978
03028225753
03028223413
03028226925
03028224406
03028229117
03028227077
03028222720
03028227175
03028222892
03028229425
03028227787
03028226668
03028224197
03028229395
03028229765
03028221275
03028226735
03028227043
03028229971
03028228966
03028225100
03028222700
03028227936
03028225910
03028226367
03028225148
03028224233
03028228795
03028225272
03028223076
03028225211
03028226082
03028227975
03028224036
03028224169
03028224839
03028222981
03028226080
03028222386
03028224938
03028223690
03028223317
03028221815
03028229875
03028223594
03028228709
03028223442
03028227958
03028227563
03028223050
03028223206
03028227572
03028226186
03028228379
03028222264
03028229545
03028224710
03028221457
03028228114
03028221420
03028225729
03028227105
03028221896
03028224062
03028228940
03028229019
03028222676
03028221831
03028222417
03028228920
03028227034
03028227636
03028226562
03028229634
03028227253
03028226775
03028224128
03028225409
03028224478
03028223816
03028222841
03028229794
03028222233
03028225202
03028224145
03028226488
03028224647
03028224135
03028229017
03028227249
03028225246
03028222234
03028228033
03028225740
03028223768
03028229458
03028225229
03028221908
03028223775
03028224204
03028221339
03028221007
03028224743
03028226142
03028227767
03028224827
03028225203
03028227473
03028228009
03028226628
03028222022
03028227290
03028221915
03028228235
03028223162
03028225739
03028228728
03028226094
03028229668
03028222187
03028228586
03028226019
03028225151
03028228029
03028223862
03028229387
03028229401
03028222579
03028225995
03028229307
03028221723
03028225084
03028229776
03028227236
03028221489
03028227590
03028229112
03028221746
03028224683
03028224618
03028221860
03028229577
03028225968
03028224851
03028227844
03028229003
03028227413
03028221672
03028224117
03028225105
03028226616
03028226540
03028221990
03028225593
03028222414
03028222765
03028222634
03028225373
03028225919
03028226190
03028221403
03028223386
03028228503
03028227238
03028228504
03028228963
03028227504
03028223902
03028226314
03028224159
03028225574
03028222060
03028229011
03028221542
03028222931
03028227011
03028225189
03028226617
03028228467
03028223235
03028225896
03028225176
03028226346
03028229111
03028229309
03028224483
03028229907
03028225940
03028229457
03028223447
03028224458
03028223168
03028228426
03028225154
03028222713
03028227830
03028223753
03028221091
03028224974
03028227268
03028228907
03028221000
03028229893
03028222936
03028223256
03028221342
03028223327
03028229852
03028229419
03028226406
03028228218
03028222602
03028225564
03028227084
03028229898
03028222757
03028227738
03028228585
03028229016
03028225754
03028223009
03028227415
03028225877
03028224822
03028222592
03028228019
03028224335
03028227215
03028226103
03028227033
03028222385
03028229563
03028224307
03028227243
03028228832
03028229840
03028224216
03028225301
03028229406
03028223294
03028223818
03028229612
03028227831
03028227750
03028228189
03028224007
03028226065
03028227181
03028227140
03028225840
03028225464
03028221617
03028221833
03028223859
03028222203
03028221185
03028229802
03028223039
03028225053
03028222777
03028222654
03028223924
03028227897
03028224368
03028224734
03028229609
03028222459
03028229191
03028228046
03028227071
03028224403
03028224012
03028229258
03028222704
03028226710
03028228685
03028223329
03028227166
03028223368
03028221336
03028222598
03028223468
03028221090
03028223515
03028228028
03028224711
03028223135
03028221229
03028228168
03028225953
03028226230
03028221267
03028224722
03028227949
03028228036
03028227418
03028221432
03028227214
03028227821
03028224601
03028229499
03028224474
03028224353
03028221724
03028221250
03028226561
03028221769
03028221266
03028221368
03028225675
03028229376
03028222360
03028222782
03028226835
03028222117
03028221869
03028228607
03028229216
03028223366
03028225949
03028229903
03028225646
03028221591
03028223249
03028223951
03028229647
03028221411
03028225618
03028221171
03028221607
03028224184
03028224964
03028227204
03028223353
03028222274
03028228660
03028227400
03028229072
03028225947
03028225038
03028227766
03028227381
03028228396
03028223718
03028223192
03028226935
03028223117
03028226394
03028227884
03028224606
03028226657
03028226385
03028225619
03028222426
03028225425
03028229855
03028227163
03028225663
03028222087
03028226572
03028225253
03028226942
03028224706
03028228548
03028223179
03028224852
03028226454
03028223422
03028228294
03028229224
03028223287
03028225423
03028224949
03028227798
03028229344
03028224087
03028223576
03028229848
03028223234
03028227030
03028227068
03028226092
03028227874
03028222102
03028225293
03028228135
03028227146
03028222966
03028226721
03028227863
03028229452
03028223178
03028226057
03028225826
03028225011
03028229937
03028225565
03028227573
03028225191
03028223915
03028228581
03028221560
03028227939
03028222376
03028226664
03028225312
03028228774
03028226125
03028221677
03028227093
03028221518
03028223762
03028223343
03028222733
03028221077
03028228917
03028226717
03028223087
03028223488
03028226700
03028229771
03028229365
03028229122
03028224333
03028224150
03028228010
03028228043
03028223115
03028228487
03028224531
03028229935
03028229725
03028228629
03028222822
03028228371
03028222086
03028222358
03028221707
03028224539
03028222063
03028223605
03028222277
03028228860
03028226648
03028222104
03028221881
03028221129
03028222267
03028227298
03028226189
03028227925
03028226546
03028221975
03028223666
03028224819
03028223428
03028228403
03028225275
03028228812
03028222798
03028221351
03028223894
03028224715
03028221401
03028224245
03028228401
03028224826
03028227058
03028227242
03028222056
03028225289
03028221361
03028221418
03028225938
03028222687
03028226606
03028223401
03028221766
03028227458
03028221331
03028226633
03028225539
03028228620
03028222519
03028227539
03028228278
03028226136
03028226788
03028224793
03028229479
03028227509
03028226361
03028226961
03028227389
03028229025
03028225777
03028226884
03028223865
03028229130
03028224490
03028226686
03028222304
03028227489
03028225715
03028228668
03028225411
03028221031
03028223892
03028228956
03028227261
03028224269
03028225862
03028227483
03028221725
03028229874
03028228689
03028222449
03028222576
03028227780
03028225000
03028224457
03028228549
03028226517
03028221012
03028223593
03028227502
03028229762
03028221049
03028221934
03028224138
03028228120
03028228448
03028223616
03028227405
03028229699
03028228293
03028225158
03028223782
03028228234
03028221914
03028228906
03028227304
03028228942
03028228939
03028222052
03028227839
03028228893
03028229759
03028224506
03028224813
03028225549
03028221510
03028225735
03028229333
03028228267
03028222149
03028223067
03028224163
03028227595
03028224758
03028225429
03028222535
03028221358
03028229850
03028228641
03028221528
03028229135
03028223028
03028222910
03028225196
03028221849
03028228369
03028228429
03028229940
03028228613
03028228349
03028222744
03028223648
03028225144
03028224409
03028225515
03028225167
03028227785
03028224742
03028229708
03028223509
03028221552
03028225304
03028227535
03028229886
03028225021
03028221117
03028222977
03028225678
03028222520
03028228599
03028221868
03028222578
03028225699
03028224818
03028226815
03028222150
03028227709
03028224987
03028225441
03028229561
03028221930
03028221349
03028228285
03028223201
03028228339
03028226816
03028224976
03028222952
03028228542
03028222868
03028222286
03028228822
03028222671
03028225049
03028224605
03028225616
03028224842
03028222588
03028223896
03028229421
03028229366
03028226694
03028229402
03028225513
03028229825
03028224899
03028225007
03028225459
03028229186
03028226615
03028224328
03028224235
03028225397
03028229527
03028229143
03028223081
03028226892
03028229626
03028227156
03028227977
03028228000
03028229566
03028222660
03028228516
03028227088
03028223773
03028229262
03028224389
03028223780
03028221645
03028227414
03028229462
03028223126
03028227861
03028226826
03028229635
03028229020
03028228342
03028225988
03028229651
03028225078
03028227781
03028222534
03028225918
03028221421
03028223371
03028225514
03028229923
03028227165
03028224516
03028226491
03028221515
03028222097
03028222842
03028225066
03028229845
03028227881
03028225667
03028227429
03028226499
03028221173
03028226359
03028222158
03028221136
03028223578
03028223008
03028221409
03028229139
03028224332
03028228471
03028222359
03028228274
03028226131
03028227491
03028225961
03028229126
03028221370
03028225311
03028227537
03028226178
03028223276
03028228034
03028227196
03028226867
03028226462
03028221417
03028225801
03028223355
03028228786
03028222368
03028224156
03028229212
03028225756
03028222958
03028222030
03028221374
03028229607
03028221365
03028228175
03028223913
03028224385
03028228746
03028228821
03028225980
03028227860
03028227435
03028228108
03028224541
03028228619
03028224348
03028222915
03028222669
03028222111
03028221262
03028222776
03028228704
03028221146
03028221804
03028229914
03028225613
03028225205
03028224579
03028224147
03028224768
03028228776
03028227588
03028228918
03028228691
03028225924
03028227031
03028227054
03028228190
03028227374
03028221104
03028225307
03028225563
03028224339
03028227681
03028227818
03028228344
03028228589
03028229471
03028222766
03028228733
03028224471
03028223133
03028224242
03028221832
03028225317
03028222667
03028226197
03028221531
03028225850
03028222012
03028228424
03028225615
03028227725
03028223072
03028225401
03028227778
03028226213
03028222622
03028228809
03028226466
03028224724
03028226063
03028229243
03028229220
03028223839
03028227190
03028222560
03028223921
03028223729
03028223947
03028225542
03028225608
03028222984
03028229713
03028222326
03028229256
03028223089
03028229420
03028223188
03028221692
03028226553
03028226111
03028225661
03028222827
03028221014
03028224002
03028225366
03028226603
03028224567
03028221202
03028226629
03028228173
03028221234
03028223323
03028221694
03028223996
03028229124
03028229858
03028222170
03028223946
03028229637
03028228224
03028226530
03028229928
03028227912
03028227209
03028222790
03028222973
03028222209
03028227527
03028227285
03028221079
03028226898
03028221093
03028222714
03028229945
03028225015
03028225662
03028228416
03028222573
03028223083
03028224152
03028228022
03028228611
03028221395
03028225424
03028226147
03028229522
03028222607
03028226473
03028227437
03028226297
03028221086
03028226089
03028228156
03028223630
03028227303
03028229102
03028226424
03028229179
03028229682
03028227155
03028228283
03028221221
03028228914
03028223957
03028226844
03028223759
03028224178
03028221577
03028226785
03028227824
03028223810
03028224678
03028229461
03028224796
03028221628
03028223855
03028222019
03028227212
03028222032
03028226058
03028222005
03028228510
03028223981
03028223264
03028227867
03028222186
03028224142
03028226968
03028223647
03028222367
03028224323
03028225252
03028228522
03028222340
03028222330
03028222053
03028225572
03028221096
03028226210
03028225548
03028226963
03028225804
03028229653
03028225324
03028227662
03028229943
03028226251
03028225162
03028226909
03028225446
03028222862
03028221318
03028221992
03028222643
03028225638
03028229353
03028222455
03028227386
03028221525
03028223049
03028223587
03028229979
03028222526
03028228258
03028222885
03028222319
03028225222
03028224990
03028224488
03028221644
03028225985
03028222423
03028228071
03028221613
03028226893
03028221379
03028221834
03028227650
03028221631
03028221270
03028222929
03028228623
03028225458
03028225855
03028226195
03028226024
03028223348
03028223799
03028224612
03028226355
03028226272
03028224677
03028224382
03028227188
03028229977
03028223441
03028228999
03028226769
03028225791
03028228154
03028229211
03028224177
03028223214
03028222283
03028229264
03028229325
03028225561
03028226006
03028225399
03028221955
03028228708
03028227555
03028228169
03028221198
03028226123
03028229197
03028221641
03028222220
03028227845
03028221372
03028226068
03028221798
03028225412
03028227230
03028229705
03028221402
03028228393
03028228651
03028224862
03028225478
03028225911
03028223572
03028226930
03028226699
03028226261
03028224108
03028229213
03028227564
03028222550
03028222875
03028224149
03028225933
03028221366
03028222805
03028227145
03028223852
03028224604
03028221297
03028226747
03028223229
03028222780
03028224491
03028222257
03028225183
03028227626
03028222498
03028223854
03028225959
03028223736
03028221669
03028224234
03028228290
03028226750
03028228851
03028226150
03028225775
03028227289
03028221328
03028228841
03028228044
03028223106
03028225097
03028223078
03028224603
03028221931
03028221656
03028222811
03028222465
03028227305
03028224334
03028224340
03028226761
03028227366
03028224616
03028223682
03028225073
03028229973
03028227630
03028225476
03028226250
03028225344
03028225169
03028225752
03028225146
03028229803
03028221900
03028223939
03028229150
03028224538
03028226114
03028227894
03028221923
03028224363
03028229899
03028223950
03028223925
03028221485
03028221534
03028222092
03028222216
03028221033
03028228867
03028222460
03028229621
03028226837
03028227517
03028229259
03028226762
03028225904
03028227665
03028221492
03028227501
03028222434
03028229541
03028227610
03028227280
03028227567
03028227179
03028226705
03028226350
03028221611
03028224582
03028221244
03028224267
03028223611
03028227587
03028225071
03028226032
03028226690
03028227701
03028228597
03028228635
03028225161
03028228399
03028223259
03028228200
03028226861
03028227465
03028223548
03028221220
03028224205
03028221456
03028224525
03028225036
03028222661
03028223197
03028223708
03028221508
03028228508
03028225906
03028224676
03028225518
03028221637
03028224053
03028222613
03028221567
03028225330
03028223508
03028228970
03028228544
03028223210
03028227271
03028223445
03028222751
03028224250
03028228885
03028228062
03028223361
03028224929
03028222154
03028224354
03028228204
03028221874
03028222324
03028225181
03028221956
03028222691
03028223958
03028229643
03028229206
03028225587
03028226947
03028225897
03028227711
03028225393
03028229080
03028225554
03028226492
03028229451
03028225925
03028228757
03028224257
03028221601
03028227843
03028221315
03028221575
03028221898
03028227363
03028223362
03028223455
03028221184
03028224858
03028226279
03028224585
03028223566
03028224239
03028222987
03028229844
03028225650
03028229536
03028222672
03028223074
03028228799
03028228753
03028222061
03028224847
03028229055
03028225186
03028227329
03028229583
03028226527
03028222530
03028223918
03028229275
03028221907
03028225884
03028226023
03028221593
03028226953
03028227999
03028225665
03028221051
03028228902
03028228824
03028221306
03028224609
03028227506
03028229123
03028229315
03028227159
03028229548
03028221431
03028221942
03028225322
03028226932
03028229834
03028227720
03028225081
03028229882
03028229155
03028229524
03028226038
03028224830
03028226999
03028226847
03028226978
03028228003
03028226284
03028228482
03028227870
03028227926
03028227256
03028227403
03028225371
03028224369
03028229964
03028221373
03028229090
03028221759
03028229233
03028228161
03028222918
03028226542
03028221169
03028228761
03028229934
03028221740
03028226973
03028223084
03028224485
03028222549
03028224584
03028226508
03028229038
03028228449
03028221963
03028229442
03028221718
03028229544
03028224770
03028224785
03028221680
03028224186
03028221495
03028223071
03028221511
03028228838
03028223928
03028226834
03028227523
03028228813
03028221122
03028226185
03028224318
03028225853
03028221820
03028224864
03028221054
03028229795
03028225634
03028225093
03028224823
03028221625
03028223990
03028224883
03028228253
03028222968
03028226532
03028226137
03028221413
03028224902
03028223710
03028224528
03028229673
03028224027
03028228320
03028226340
03028227541
03028225813
03028222965
03028228421
03028229385
03028226305
03028221720
03028223203
03028228834
03028225208
03028223532
03028223930
03028229683
03028228153
03028225941
03028223750
03028228181
03028224439
03028224054
03028228109
03028222604
03028225190
03028229539
03028221005
03028225767
03028221470
03028229294
03028227552
03028227423
03028227934
03028228176
03028221917
03028229832
03028223613
03028227147
03028229831
03028223181
03028228915
03028224464
03028227982
03028225704
03028224344
03028223790
03028229218
03028229250
03028224855
03028225816
03028228713
03028221440
03028229846
03028225299
03028227508
03028223908
03028221282
03028227274
03028225355
03028222013
03028224370
03028222327
03028226302
03028227602
03028221556
03028221423
03028221303
03028228895
03028223761
03028228683
03028226417
03028227061
03028224015
03028225068
03028222173
03028227300
03028224532
03028226598
03028222627
03028223691
03028224493
03028225796
03028227187
03028222948
03028225033
03028229998
03028226084
03028228946
03028225013
03028227520
03028229985
03028228590
03028228938
03028224951
03028225834
03028229301
03028229302
03028223817
03028225673
03028227940
03028223535
03028228929
03028221609
03028225507
03028226574
03028227334
03028225529
03028229807
03028227911
03028221459
03028229010
03028224533
03028224544
03028223984
03028221585
03028223017
03028228600
03028223688
03028228740
03028228658
03028226494
03028227917
03028227052
03028227275
03028222946
03028226325
03028227178
03028229360
03028228388
03028229154
03028223439
03028224189
03028222650
03028222855
03028223408
03028225143
03028226852
03028221389
03028228694
03028229283
03028221128
03028223956
03028229418
03028227227
03028224935
03028225240
03028222869
03028228271
03028229012
03028222906
03028228690
03028228460
03028222583
03028223557
03028224193
03028221586
03028224280
03028229649
03028226144
03028225390
03028227395
03028228088
03028225745
03028223596
03028221805
03028227591
03028227768
03028226146
03028228990
03028226831
03028227560
03028226233
03028224120
03028225519
03028224427
03028221283
03028222256
03028224394
03028222658
03028224413
03028223138
03028225738
03028223410
03028222023
03028225156
03028229190
03028224960
03028229272
03028226465
03028223906
03028223683
03028221098
03028222513
03028222313
03028223592
03028226725
03028225353
03028222037
03028226117
03028221350
03028229454
03028222010
03028229146
03028225302
03028224809
03028226948
03028224630
03028225579
03028224808
03028222404
03028224230
03028223053
03028229159
03028226246
03028224417
03028227600
03028221157
03028222081
03028227232
03028224859
03028226025
03028224449
03028225113
03028221231
03028225341
03028226283
03028225506
03028227262
03028227318
03028228604
03028228873
03028227883
03028221905
03028228013
03028224229
03028221123
03028226369
03028224378
03028225596
03028228511
03028228657
03028222221
03028227150
03028223121
03028222433
03028222116
03028228286
03028228897
03028227062
03028227946
03028225213
03028223653
03028228984
03028227098
03028228726
03028227008
03028221972
03028229219
03028221796
03028223325
03028223392
03028228744
03028228134
03028221142
03028221696
03028227399
03028226684
03028228570
03028223284
03028227751
03028226440
03028222314
03028222728
03028229727
03028223019
03028223176
03028223769
03028222715
03028225394
03028222990
03028229785
03028229092
03028223001
03028224208
03028221325
03028229040
03028226589
03028221498
03028227528
03028226643
03028228872
03028222901
03028224165
03028224693
03028226205
03028227447
03028229492
03028229922
03028224629
03028229622
03028226029
03028222739
03028228151
03028228016
03028225903
03028222872
03028221784
03028223137
03028221521
03028226787
03028225648
03028227126
03028222345
03028226521
03028229514
03028227499
03028226954
03028227686
03028226695
03028227378
03028229417
03028227060
03028221242
03028228573
03028223884
03028225343
03028221001
03028222969
03028223941
03028224886
03028225468
03028224421
03028222753
03028226354
03028227842
03028224500
03028222496
03028226217
03028228063
03028228501
03028228839
03028227832
03028226773
03028221618
03028226177
03028222845
03028222164
03028224811
03028224564
03028227637
03028221444
03028224646
03028229961
03028222259
03028223552
03028225573
03028221486
03028223265
03028228891
03028227154
03028228853
03028222877
03028226921
03028223376
03028225024
03028221819
03028222161
03028229332
03028223851
03028223304
03028223878
03028227942
03028221790
03028226397
03028229853
03028221424
03028222665
03028222928
03028226594
03028228941
03028229618
03028225734
03028227324
03028229968
03028221060
03028228788
03028222992
03028223868
03028224181
03028222484
03028222200
03028226207
03028224476
03028225709
03028229386
03028225364
03028225120
03028223023
03028224387
03028221951
03028223815
03028227142
03028226267
03028226587
03028223694
03028225617
03028225843
03028228360
03028227297
03028226895
03028227369
03028222478
03028221795
03028228451
03028228412
03028226187
03028227992
03028224254
03028224868
03028226944
03028226673
03028226836
03028223160
03028227350
03028223513
03028225251
03028226583
03028229680
03028229865
03028223665
03028225999
03028228066
03028225654
03028222482
03028229473
03028221893
03028222020
03028224475
03028222255
03028229439
03028225003
03028221658
03028224183
03028229170
03028227680
03028225200
03028225773
03028229946
03028228702
03028221666
03028223881
03028222115
03028225102
03028221926
03028224747
03028225160
03028221993
03028226188
03028222388
03028221289
03028224191
03028227362
03028228659
03028223124
03028221258
03028225497
03028227840
03028225811
03028221580
03028229165
03028228930
03028221536
03028228012
03028229904
03028223588
03028227507
03028223251
03028222614
03028227028
03028222893
03028224979
03028223933
03028228617
03028226170
03028227444
03028225973
03028223826
03028221416
03028222301
03028224094
03028225937
03028221230
03028228762
03028229334
03028221767
03028228067
03028223458
03028227106
03028223375
03028225117
03028223254
03028227251
03028225070
03028227434
03028222559
03028228965
03028226271
03028225716
03028225668
03028221608
03028226832
03028222759
03028224092
03028228209
03028226989
03028225710
03028225810
03028227651
03028228745
03028228638
03028223935
03028225786
03028221603
03028225199
03028225594
03028223693
03028225714
03028226391
03028228856
03028223335
03028223101
03028229666
03028223094
03028227440
03028221235
03028229000
03028224288
03028227543
03028221441
03028227419
03028225004
03028228796
03028227376
03028229809
03028227056
03028224112
03028221214
03028222494
03028221973
03028222374
03028222708
03028227985
03028225803
03028225651
03028228463
03028223948
03028228457
03028224934
03028226889
03028225218
03028229924
03028228798
03028226336
03028221360
03028227594
03028221479
03028223526
03028226045
03028229181
03028222625
03028226226
03028229915
03028223533
03028228602
03028226402
03028225787
03028225168
03028228732
03028229434
03028223453
03028229352
03028225890
03028221352
03028222121
03028223595
03028228894
03028229556
03028228078
03028221708
03028221134
03028223003
03028228848
03028226663
03028228803
03028224401
03028223026
03028222236
03028228563
03028224924
03028226332
03028229430
03028228596
03028227966
03028221192
03028229363
03028222882
03028229336
03028225470
03028228051
03028223923
03028225585
03028222507
03028223069
03028228148
03028229597
03028225268
03028222784
03028221821
03028226320
03028222068
03028229051
03028226326
03028221753
03028226428
03028225789
03028223109
03028229463
03028222453
03028222371
03028225725
03028222441
03028226674
03028222740
03028223218
03028229956
03028224088
03028224524
03028222219
03028229438
03028225217
03028226646
03028223830
03028223010
03028221816
03028225524
03028227951
03028222476
03028223044
03028222110
03028224757
03028224521
03028229605
03028227059
03028229380
03028229645
03028229328
03028227412
03028227157
03028226370
03028229564
03028222786
03028225575
03028227891
03028222817
03028228465
03028223719
03028224115
03028229361
03028223847
03028224489
03028228850
03028227846
03028226052
03028228496
03028227462
03028224916
03028229586
03028227394
03028222000
03028221321
03028226640
03028222251
03028222738
03028221783
03028229570
03028222630
03028225757
03028224890
03028228716
03028226670
03028228307
03028228523
03028227401
03028226746
03028221433
03028222279
03028223230
03028226789
03028227441
03028222721
03028221595
03028222113
03028229392
03028226156
03028229920
03028226482
03028225543
03028226819
03028229756
03028229854
03028222727
03028222504
03028225072
03028224650
03028228365
03028228116
03028228739
03028224790
03028226995
03028221137
03028223104
03028222439
03028224162
03028229397
03028229323
03028221899
03028229684
03028228603
03028229927
03028222425
03028224284
03028225135
03028227747
03028229076
03028229014
03028227138
03028222473
03028221627
03028228782
03028223377
03028225310
03028223618
03028227317
03028225691
03028223330
03028229726
03028223960
03028223173
03028224136
03028228681
03028229512
03028221709
03028224863
03028228671
03028229879
03028225124
03028222485
03028224124
03028227834
03028225639
03028224721
03028226661
03028228056
03028229820
03028223652
03028228492
03028226547
03028226308
03028224360
03028226733
03028227172
03028224558
03028221961
03028223610
03028225091
03028226827
03028224021
03028229738
03028223801
03028223972
03028225134
03028222644
03028222825
03028229493
03028229482
03028224384
03028222947
03028229238
03028223747
03028227475
03028229692
03028226569
03028228554
03028224311
03028223145
03028229319
03028222293
03028228875
03028222742
03028223555
03028224983
03028222689
03028222921
03028227890
03028225848
03028223721
03028224877
03028222348
03028224225
03028229982
03028228213
03028226135
03028229770
03028223134
03028227451
03028229490
03028225815
03028229636
03028229481
03028223949
03028226739
03028224223
03028224255
03028228124
03028224786
03028227702
03028221802
03028227857
03028222848
03028221738
03028225094
03028221823
03028223959
03028227343
03028224166
03028223798
03028226133
03028221862
03028227448
03028229772
03028228125
03028224833
03028225727
03028221348
03028223597
03028225231
03028225288
03028229445
03028227813
03028222029
03028221209
03028229396
03028227152
03028228304
03028222924
03028221478
03028221296
03028223822
03028224993
03028221391
03028221891
03028223746
03028221840
03028225132
03028229562
03028224352
03028226077
03028225418
03028228562
03028229247
03028228741
03028229696
03028228098
03028224821
03028221527
03028228758
03028228759
03028227358
03028227036
03028229672
03028229818
03028229912
03028225649
03028223838
03028225913
03028224991
03028229644
03028224513
03028221439
03028222554
03028221699
03028224398
03028224125
03028229722
03028223698
03028227018
03028221322
03028228035
03028226448
03028228382
03028222160
03028228743
03028223091
03028225660
03028229167
03028222184
03028227333
03028226939
03028229830
03028227013
03028225658
03028226060
03028227313
03028222911
03028222516
03028226609
03028225770
03028223170
03028224576
03028225633
03028223159
03028226759
03028221021
03028228275
03028228815
03028229864
03028221068
03028229249
03028229842
03028221140
03028229506
03028228976
03028223221
03028226681
03028221243
03028226742
03028229620
03028223685
03028226758
03028228334
03028225192
03028221105
03028227484
03028227802
03028228419
03028225540
03028223879
03028222262
03028228322
03028224917
03028226480
03028223966
03028229778
03028223061
03028229194
03028226179
03028229888
03028224309
03028223510
03028222912
03028228447
03028222951
03028223772
03028224861
03028227346
03028226301
03028228711
03028227139
03028224884
03028229906
03028229171
03028223114
03028228608
03028222240
03028227319
03028223207
03028228751
03028222410
03028228721
03028225471
03028223626
03028226280
03028226285
03028222028
03028225950
03028228246
03028225362
03028226115
03028229447
03028223568
03028229121
03028229263
03028222989
03028224304
03028228316
03028226449
03028221127
03028224199
03028226044
03028228538
03028222096
03028221414
03028229390
03028222461
03028224295
03028222431
03028227492
03028229061
03028227164
03028226878
03028224074
03028223751
03028228836
03028227391
03028225139
03028221700
03028221895
03028226269
03028229835
03028229905
03028229707
03028223266
03028224700
03028221107
03028222837
03028224804
03028226407
03028223164
03028228192
03028225825
03028225936
03028224665
03028227375
03028225320
03028226808
03028225249
03028222637
03028223212
03028226161
03028221018
03028221954
03028229235
03028223150
03028227258
03028229373
03028221726
03028224553
03028225020
03028228536
03028223872
03028223525
03028222937
03028224986
03028223480
03028229625
03028228643
03028224452
03028223929
03028225041
03028228566
03028227826
03028222939
03028224731
03028226558
03028229587
03028221177
03028221145
03028224495
03028222835
03028229340
03028225828
03028224048
03028226196
03028222983
03028222840
03028225281
03028227770
03028228598
03028224984
03028227503
03028223770
03028222230
03028228793
03028226379
03028223808
03028227739
03028226046
03028227632
03028227091
03028222175
03028222629
03028221276
03028227326
03028222458
03028226571
03028226991
03028222364
03028222057
03028223617
03028229828
03028221966
03028226055
03028224637
03028224643
03028228876
03028222574
03028226974
03028227194
03028223379
03028222131
03028226163
03028225103
03028229520
03028229550
03028221771
03028227237
03028221578
03028227783
03028226387
03028227713
03028223792
03028225125
03028222900
03028221596
03028224998
03028226639
03028222683
03028226088
03028228413
03028229596
03028229796
03028223471
03028224815
03028221889
03028223340
03028223522
03028226356
03028227653
03028228119
03028229260
03028226715
03028228254
03028228302
03028227133
03028229589
03028228464
03028229547
03028225682
03028221638
03028227640
03028229408
03028229295
03028224897
03028222916
03028222898
03028221010
03028228255
03028221476
03028225029
03028222226
03028221971
03028223882
03028224512
03028224113
03028227741
03028222756
03028227823
03028222288
03028223270
03028226362
03028226513
03028223324
03028227291
03028221743
03028225657
03028221807
03028227664
03028228178
03028228565
03028229833
03028221943
03028229034
03028229470
03028222556
03028222272
03028224059
03028225215
03028228955
03028223973
03028227406
03028226498
03028228719
03028228696
03028223867
03028229035
03028223066
03028226333
03028228394
03028226675
03028221564
03028228495
03028221649
03028227989
03028224236
03028228818
03028224959
03028229535
03028223604
03028222963
03028223331
03028229553
03028221159
03028224608
03028221113
03028223247
03028228378
03028226232
03028224161
03028224726
03028224871
03028224718
03028229065
03028224499
03028229967
03028229532
03028225685
03028223209
03028229500
03028223370
03028225063
03028227122
03028227336
03028227041
03028226876
03028227097
03028229069
03028221436
03028222585
03028228823
03028226611
03028225025
03028227607
03028228911
03028228091
03028225737
03028229172
03028226659
03028224640
03028221581
03028226732
03028226943
03028229537
03028229097
03028223563
03028228314
03028227390
03028223582
03028227774
03028222722
03028225676
03028223356
03028222794
03028227772
03028222976
03028225278
03028224645
03028226634
03028222400
03028225294
03028224252
03028229588
03028223696
03028228110
03028227073
03028225927
03028224043
03028229598
03028222843
03028225329
03028228340
03028224008
03028221199
03028221284
03028227074
03028222192
03028226143
03028225016
03028225434
03028224891
03028226928
03028226444
03028226713
03028221182
03028223899
03028223521
03028226455
03028227565
03028226282
03028228579
03028228750
03028225259
03028223585
03028224557
03028229441
03028222626
03028221115
03028228220
03028229709
03028228679
03028222181
03028227114
03028223154
03028226129
03028224146
03028226795
03028229994
03028223381
03028226010
03028223418
03028225002
03028221300
03028222059
03028221430
03028223764
03028224302
03028225774
03028227020
03028229320
03028222380
03028226509
03028224888
03028224100
03028221635
03028225019
03028224003
03028229144
03028228164
03028229245
03028224658
03028226275
03028226112
03028224343
03028222015
03028228825
03028227248
03028221847
03028222812
03028227379
03028229109
03028224079
03028225845
03028227613
03028229501
03028228529
03028229664
03028228515
03028222308
03028229804
03028224316
03028225056
03028223954
03028226419
03028222090
03028229261
03028222685
03028222253
03028226901
03028227639
03028224893
03028227032
03028224684
03028226779
03028225157
03028227746
03028223237
03028229054
03028229895
03028222042
03028224639
03028227755
03028226263
03028228364
03028222809
03028222007
03028228648
03028225958
03028222998
03028228864
03028223182
03028223036
03028224299
03028222261
03028221067
03028221376
03028226528
03028226907
03028227571
03028229633
03028226405
03028221902
03028222395
03028224952
03028226315
03028223056
03028228276
03028222157
03028229478
03028221382
03028223997
03028227338
03028223473
03028229773
03028225831
03028221985
03028222443
03028227896
03028221872
03028221040
03028227511
03028223057
03028225610
03028226720
03028223289
03028221588
03028221070
03028221162
03028223627
03028223743
03028229066
03028222621
03028225452
03028228722
03028226290
03028224260
03028227606
03028229202
03028226432
03028227087
03028224697
03028228539
03028225147
03028223369
03028228185
03028228428
03028225472
03028222064
03028222248
03028229632
03028227604
03028221449
03028226235
03028228223
03028228811
03028226322
03028224671
03028228512
03028224279
03028222978
03028224509
03028224436
03028227024
03028228015
03028226064
03028224801
03028227200
03028222021
03028226800
03028228923
03028222176
03028226335
03028227526
03028224203
03028226622
03028223983
03028225555
03028225640
03028224356
03028227784
03028221939
03028221075
03028225122
03028223727
03028226056
03028224504
03028229180
03028224870
03028225747
03028224404
03028224729
03028224066
03028229991
03028226983
03028224503
03028224688
03028224467
03028229415
03028224072
03028225195
03028222754
03028221022
03028228325
03028227672
03028228158
03028228237
03028222017
03028223709
03028222808
03028223118
03028221620
03028221948
03028224432
03028228139
03028223495
03028229861
03028223409
03028228736
03028224789
03028227102
03028223706
03028224430
03028228405
03028228383
03028221384
03028223068
03028223556
03028223733
03028228133
03028229639
03028223538
03028222575
03028226287
03028226828
03028228919
03028224402
03028229255
03028224550
03028221251
03028226026
03028228616
03028228582
03028221455
03028226655
03028225177
03028229073
03028225334
03028227276
03028228921
03028221555
03028227480
03028226982
03028221446
03028223096
03028226351
03028222481
03028228018
03028223414
03028221989
03028225560
03028224486
03028227705
03028225372
03028228242
03028229225
03028227273
03028224492
03028229364
03028228770
03028221634
03028227244
03028221359
03028228974
03028223849
03028228292
03028223213
03028225287
03028229763
03028221858
03028221216
03028226183
03028227756
03028222198
03028224482
03028228330
03028223228
03028221165
03028222315
03028223350
03028223196
03028226059
03028227241
03028221451
03028226398
03028224393
03028224968
03028222605
03028228655
03028221986
03028226786
03028225026
03028224056
03028229354
03028223877
03028225046
03028226877
03028224648
03028225408
03028222684
03028222269
03028221387
03028227752
03028229863
03028223704
03028221589
03028225044
03028223116
03028226073
03028229592
03028225827
03028226343
03028227808
03028225898
03028225900
03028226483
03028223841
03028223542
03028227598
03028222195
03028224574
03028225413
03028228217
03028223580
03028224853
03028228792
03028226501
03028221507
03028226011
03028221965
03028224310
03028222387
03028225454
03028229782
03028227206
03028224876
03028226371
03028225486
03028221268
03028228249
03028226743
03028226105
03028229654
03028225832
03028226411
03028222492
03028224738
03028224701
03028226881
03028226300
03028222212
03028229531
03028222781
03028226740
03028223524
03028221773
03028225630
03028226833
03028228094
03028228724
03028229757
03028221852
03028228594
03028221856
03028225080
03028228575
03028226484
03028222237
03028228717
03028223961
03028222913
03028224638
03028226502
03028224745
03028224397
03028221153
03028228309
03028221665
03028224448
03028228995
03028222312
03028228557
03028225316
03028229509
03028229515
03028226850
03028224529
03028226487
03028224321
03028227871
03028221158
03028226234
03028225269
03028224127
03028226776
03028221194
03028225578
03028226888
03028222797
03028221673
03028227546
03028226624
03028221873
03028227344
03028225508
03028221835
03028228387
03028221154
03028224085
03028226463
03028222025
03028224130
03028227786
03028223486
03028222767
03028224602
03028228742
03028222050
03028225074
03028222967
03028224560
03028226227
03028227950
03028228618
03028224940
03028223860
03028225588
03028229999
03028226075
03028225760
03028228992
03028221859
03028227777
03028222491
03028228335
03028229105
03028228601
03028222501
03028228186
03028228440
03028221867
03028229921
03028229423
03028225512
03028222197
03028223487
03028226691
03028222982
03028226081
03028224025
03028224913
03028227548
03028225006
03028224099
03028226445
03028225159
03028228179
03028221559
03028226237
03028229071
03028228353
03028228937
03028224692
03028224848
03028223638
03028228476
03028222995
03028223527
03028229910
03028229427
03028224373
03028227995
03028229381
03028224795
03028221927
03028228473
03028224668
03028224727
03028227010
03028225975
03028222802
03028223660
03028222807
03028227096
03028228032
03028227471
03028224698
03028222572
03028225375
03028228248
03028221844
03028223940
03028223668
03028226158
03028222231
03028227055
03028221968
03028223673
03028227945
03028227025
03028223895
03028228341
03028222058
03028221461
03028225263
03028227779
03028229719
03028223837
03028226222
03028224253
03028228247
03028229271
03028222972
03028225502
03028221024
03028224627
03028225204
03028222956
03028226323
03028229024
03028227941
03028221356
03028221355
03028224696
03028222518
03028225893
03028222142
03028223415
03028229070
03028229086
03028221754
03028222646
03028226256
03028224039
03028224158
03028228754
03028221777
03028226098
03028226373
03028227961
03028223273
03028229996
03028228892
03028229147
03028225131
03028229710
03028224670
03028224078
03028229312
03028225609
03028222185
03028221557
03028225382
03028228439
03028224451
03028226447
03028223123
03028228591
03028229074
03028222606
03028226243
03028227384
03028225280
03028223619
03028229578
03028224846
03028221651
03028222405
03028224188
03028225544
03028228470
03028226951
03028229954
03028225748
03028225477
03028225990
03028229702
03028222483
03028225188
03028225488
03028223912
03028221055
03028222246
03028224298
03028227349
03028223993
03028226854
03028223517
03028226151
03028223405
03028225018
03028222137
03028223529
03028226288
03028227629
03028221294
03028222988
03028229890
03028225526
03028224055
03028228188
03028221035
03028221246
03028229601
03028223998
03028223100
03028224277
03028221959
03028229839
03028229573
03028227240
03028225137
03028228954
03028223465
03028226176
03028222442
03028225996
03028223224
03028221004
03028226964
03028227990
03028223360
03028224912
03028226829
03028221102
03028224097
03028227789
03028225841
03028225274
03028227851
03028222325
03028222957
03028225546
03028226376
03028222993
03028223968
03028226478
03028227815
03028226461
03028229368
03028224599
03028223890
03028227161
03028223153
03028225929
03028222166
03028227888
03028221747
03028224040
03028222467
03028229676
03028223874
03028221311
03028229543
03028222693
03028221164
03028221080
03028221497
03028228039
03028226074
03028228373
03028227223
03028224713
03028226900
03028224104
03028225935
03028227270
03028221227
03028221002
03028222211
03028222960
03028221333
03028225503
03028225835
03028225237
03028226927
03028226043
03028222320
03028221150
03028225793
03028225902
03028229321
03028226229
03028222723
03028227371
03028228430
03028229669
03028225340
03028221170
03028224889
03028227341
03028227623
03028227634
03028227442
03028226154
03028228706
03028226309
03028223398
03028223740
03028222238
03028226873
03028225104
03028222831
03028224168
03028221030
03028229555
03028227965
03028225228
03028225034
03028222719
03028221681
03028226242
03028225532
03028224286
03028221538
03028224939
03028225099
03028223699
03028227361
03028228692
03028227125
03028224213
03028227769
03028225031
03028225928
03028223969
03028227549
03028227001
03028223858
03028226952
03028225377
03028222735
03028225998
03028226255
03028224903
03028226990
03028228564
03028222464
03028223982
03028227855
03028227731
03028223669
03028222430
03028227264
03028227688
03028225314
03028227712
03028228693
03028227729
03028221674
03028228908
03028228684
03028227308
03028228561
03028221749
03028222926
03028223787
03028227176
03028229484
03028229817
03028225255
03028221076
03028222531
03028223771
03028223848
03028227732
03028221481
03028223298
03028228550
03028223869
03028222002
03028227797
03028223477
03028228840
03028227866
03028223907
03028221196
03028226902
03028222980
03028227913
03028221751
03028222463
03028222323
03028222281
03028223372
03028226890
03028226704
03028229078
03028226980
03028227477
03028222235
03028221772
03028224895
03028222652
03028229529
03028221787
03028224555
03028222566
03028226159
03028224024
03028221998
03028221584
03028224594
03028226631
03028226883
03028222787
03028228958
03028223082
03028226425
03028221344
03028222934
03028224324
03028228767
03028222955
03028224105
03028229324
03028228300
03028224828
03028229296
03028227700
03028227605
03028223607
03028229095
03028222294
03028221566
03028225193
03028225360
03028221048
03028228868
03028223965
03028226965
03028224029
03028224672
03028223300
03028225405
03028224781
03028221597
03028223644
03028226192
03028222930
03028223492
03028227757
03028228117
03028229431
03028223448
03028225957
03028223735
03028223943
03028222712
03028226937
03028226109
03028228259
03028229989
03028226160
03028226914
03028227924
03028227922
03028225180
03028229168
03028229554
03028228191
03028226441
03028228497
03028228677
03028225349
03028229909
03028226069
03028223479
03028225992
03028225765
03028225256
03028225568
03028225284
03028228949
03028226193
03028225580
03028223241
03028228991
03028227432
03028222548
03028228442
03028226667
03028229110
03028225689
03028226087
03028229145
03028222252
03028221799
03028223240
03028223108
03028227078
03028228295
03028222615
03028228332
03028229449
03028225043
03028223217
03028226813
03028228900
03028221822
03028226173
03028224068
03028223920
03028227257
03028228386
03028229894
03028223347
03028224266
03028228193
03028229980
03028226374
03028227357
03028228705
03028226426
03028224207
03028221377
03028229600
03028227027
03028227183
03028222351
03028221579
03028224641
03028223236
03028224140
03028224261
03028224764
03028228773
03028223157
03028223165
03028224047
03028221168
03028224849
03028222372
03028222223
03028228605
03028229063
03028223190
03028221546
03028225627
03028225345
03028228829
03028229133
03028227685
03028225339
03028223577
03028221463
03028228099
03028225527
03028222856
03028225257
03028229291
03028225129
03028227859
03028226638
03028222488
03028221305
03028224023
03028221828
03028225040
03028227801
03028222783
03028225055
03028222152
03028228645
03028228433
03028228715
03028224151
03028228951
03028227109
03028225335
03028225604
03028224065
03028225901
03028222202
03028229983
03028223169
03028224075
03028229648
03028229166
03028228625
03028227987
03028226764
03028223191
03028228337
03028222408
03028225677
03028226608
03028227762
03028223805
03028229371
03028224673
03028226034
03028224227
03028225440
03028224568
03028226756
03028225286
03028227574
03028225112
03028224487
03028225656
03028221885
03028229175
03028222263
03028226152
03028228780
03028223599
03028223819
03028223834
03028222623
03028221324
03028221201
03028222322
03028229236
03028225142
03028221569
03028222743
03028227347
03028224143
03028225736
03028223715
03028222617
03028224424
03028221757
03028226858
03028224600
03028228415
03028224595
03028221452
03028221615
03028225469
03028221464
03028226124
03028221392
03028224032
03028223689
03028226316
03028228026
03028227862
03028228198
03028228636
03028226378
03028225865
03028224185
03028223540
03028227128
03028223054
03028223579
03028221657
03028229610
03028229957
03028225295
03028225086
03028226752
03028227302
03028221474
03028221911
03028225303
03028222047
03028227311
03028227932
03028225318
03028226679
03028224620
03028221097
03028227853
03028229897
03028229958
03028227726
03028221210
03028226970
03028226689
03028221291
03028224244
03028224748
03028224588
03028221573
03028229826
03028222997
03028224042
03028228260
03028224978
03028224561
03028227233
03028222074
03028229534
03028229575
03028223142
03028227493
03028225357
03028221074
03028226510
03028229523
03028227076
03028227017
03028226899
03028224231
03028222619
03028229466
03028226220
03028222128
03028224058
03028222382
03028223763
03028228905
03028228407
03028227186
03028223047
03028226753
03028223546
03028227872
03028221092
03028223684
03028228167
03028226777
03028227994
03028225823
03028222280
03028227740
03028228475
03028223901
03028228315
03028224454
03028222191
03028225254
03028223501
03028224880
03028222996
03028228279
03028221960
03028229786
03028227828
03028228060
03028223766
03028226248
03028221156
03028226798
03028221568
03028222580
03028225426
03028227195
03028222692
03028223187
03028229047
03028225475
03028222204
03028222954
03028228363
03028227193
03028225707
03028227252
03028223723
03028229437
03028224956
03028226412
03028229116
03028225956
03028224131
03028228050
03028229049
03028227915
03028224872
03028227457
03028223384
03028226714
03028228199
03028223233
03028228263
03028223640
03028221703
03028222239
03028224070
03028223631
03028228162
03028222321
03028228647
03028221980
03028221572
03028229697
03028224282
03028225882
03028227693
03028225750
03028222352
03028223127
03028228926
03028224631
03028228093
03028223055
03028226582
03028221537
03028226198
03028226224
03028223726
03028223732
03028227269
03028228866
03028221519
03028226181
03028225520
03028224834
03028227886
03028229347
03028226956
03028228118
03028224346
03028225292
03028223253
03028228084
03028226971
03028229013
03028229800
03028226523
03028228865
03028223714
03028229580
03028228695
03028222336
03028228327
03028228105
03028222886
03028228434
03028227239
03028223813
03028224317
03028223131
03028227421
03028227833
03028229801
03028228857
03028224033
03028224546
03028228768
03028221760
03028223893
03028222816
03028229650
03028225930
03028224312
03028229767
03028221443
03028228944
03028224071
03028229665
03028229652
03028226791
03028227456
03028226118
03028227522
03028229990
03028227466
03028224222
03028225672
03028223645
03028226434
03028223657
03028224265
03028223651
03028222168
03028228700
03028228986
03028222027
03028226278
03028226794
03028227743
03028223649
03028224154
03028222088
03028224281
03028229806
03028224289
03028226915
03028228090
03028229993
03028227132
03028225439
03028227944
03028229877
03028229640
03028229127
03028224419
03028223995
03028227189
03028223156
03028225695
03028228794
03028226853
03028228703
03028227749
03028228634
03028226353
03028228842
03028228577
03028227046
03028223316
03028226651
03028224597
03028224410
03028227404
03028224218
03028223670
03028221274
03028223136
03028227542
03028228100
03028224470
03028226922
03028224098
03028224293
03028222587
03028229950
03028225768
03028222773
03028225577
03028221245
03028228559
03028223417
03028229748
03028221390
03028223380
03028222940
03028224107
03028227895
03028226393
03028221735
03028227453
03028221132
03028227792
03028225172
03028221843
03028227759
03028225806
03028221688
03028222282
03028228624
03028224836
03028229053
03028224656
03028222145
03028223936
03028222666
03028224051
03028225342
03028222511
03028221082
03028229274
03028228828
03028223232
03028226728
03028229008
03028222361
03028223823
03028223140
03028229552
03028228791
03028229267
03028224264
03028227141
03028225108
03028229433
03028228871
03028222565
03028226312
03028227445
03028223700
03028228427
03028221286
03028224440
03028224621
03028223988
03028221326
03028228215
03028223642
03028228203
03028228534
03028228714
03028223707
03028221034
03028226101
03028223464
03028228141
03028224810
03028221205
03028228348
03028229435
03028223821
03028224992
03028229694
03028227533
03028221541
03028226814
03028227597
03028223738
03028227599
03028227383
03028229630
03028227928
03028226165
03028222873
03028229288
03028224139
03028226784
03028227182
03028221388
03028224390
03028228747
03028224835
03028229662
03028225233
03028227678
03028221944
03028225762
03028225210
03028227993
03028227417
03028222538
03028224997
03028223351
03028226863
03028226592
03028221337
03028227807
03028228055
03028226803
03028226908
03028227245
03028225226
03028225629
03028224173
03028222659
03028227761
03028222151
03028225684
03028227231
03028221422
03028228593
03028221400
03028223932
03028224799
03028226221
03028226383
03028222801
03028225915
03028223303
03028227328
03028224548
03028225141
03028221690
03028226719
03028225443
03028227869
03028228150
03028228127
03028228890
03028225309
03028225030
03028226830
03028226591
03028222429
03028229384
03028227411
03028227286
03028225298
03028224957
03028227633
03028228656
03028229178
03028224900
03028229039
03028225098
03028229819
03028226551
03028228187
03028223705
03028225300
03028224644
03028224909
03028227168
03028227433
03028228023
03028223570
03028229732
03028229591
03028223250
03028228372
03028224613
03028227110
03028221252
03028227479
03028226277
03028225173
03028221215
03028222785
03028225711
03028229829
03028224937
03028222493
03028221813
03028227735
03028227160
03028225866
03028227199
03028224554
03028226647
03028222800
03028221193
03028229064
03028223861
03028225492
03028224755
03028224783
03028222819
03028226940
03028224016
03028227878
03028223600
03028227398
03028226223
03028225422
03028222749
03028227066
03028229671
03028227717
03028224172
03028222870
03028228272
03028223828
03028221901
03028221477
03028229162
03028224914
03028222378
03028224361
03028229349
03028222778
03028229149
03028226238
03028229866
03028225592
03028227485
03028228236
03028221309
03028222107
03028222705
03028229585
03028227108
03028228775
03028225467
03028227321
03028223528
03028228075
03028225600
03028224418
03028223342
03028229608
03028226140
03028223675
03028227393
03028229742
03028221106
03028228843
03028226946
03028228420
03028224463
03028224111
03028226771
03028223625
03028221884
03028226241
03028226342
03028227967
03028222499
03028225909
03028228477
03028225027
03028226535
03028224946
03028228878
03028222703
03028226936
03028223767
03028222224
03028226028
03028229871
03028228073
03028221563
03028226107
03028228779
03028222490
03028225348
03028221756
03028229088
03028227822
03028223916
03028221354
03028223205
03028227900
03028224628
03028222133
03028221938
03028225380
03028228103
03028221782
03028225523
03028221124
03028229734
03028224377
03028228521
03028226718
03028226126
03028228357
03028229081
03028226458
03028229975
03028225536
03028227306
03028228392
03028221445
03028224885
03028229281
03028225407
03028227022
03028226635
03028229827
03028221375
03028228633
03028226933
03028224198
03028223476
03028225273
03028221240
03028229754
03028225079
03028228830
03028227737
03028224921
03028225920
03028225836
03028229733
03028225722
03028222303
03028222260
03028224962
03028224571
03028225465
03028223280
03028226296
03028221997
03028229196
03028222543
03028222612
03028227003
03028226247
03028225337
03028228686
03028222014
03028223027
03028228755
03028227487
03028222311
03028222527
03028226013
03028224395
03028227689
03028228102
03028227119
03028226593
03028228558
03028226644
03028224081
03028228526
03028221797
03028225932
03028226037
03028227988
03028223583
03028229728
03028227873
03028223295
03028224797
03028229188
03028223433
03028221744
03028228261
03028226257
03028221437
03028223589
03028227081
03028224268
03028226748
03028222696
03028227960
03028227120
03028223887
03028226560
03028228525
03028225820
03028224494
03028225460
03028222688
03028223102
03028229714
03028225764
03028224996
03028221341
03028227288
03028223299
03028223489
03028223737
03028225227
03028227695
03028222452
03028224725
03028226403
03028228296
03028228123
03028228530
03028225643
03028226706
03028229001
03028229114
03028226846
03028222761
03028228172
03028221695
03028229198
03028225692
03028224744
03028223095
03028229805
03028221886
03028221208
03028227124
03028225697
03028224375
03028226891
03028222466
03028227538
03028229538
03028226601
03028228924
03028221598
03028221962
03028229667
03028229836
03028226548
03028227228
03028222250
03028222986
03028223111
03028229279
03028225659
03028221369
03028222695
03028221458
03028226766
03028221500
03028227070
03028227969
03028226543
03028226920
03028223659
03028224190
03028224020
03028221278
03028229160
03028226918
03028224816
03028221606
03028227676
03028221363
03028222994
03028226191
03028226781
03028227422
03028229744
03028222532
03028228936
03028221071
03028227622
03028226741
03028228932
03028228531
03028225712
03028229568
03028222850
03028224497
03028222908
03028224714
03028223938
03028224583
03028224759
03028225264
03028228431
03028229631
03028225258
03028227408
03028227674
03028221587
03028228912
03028222517
03028222741
03028226021
03028222486
03028224994
03028226669
03028222701
03028224327
03028226121
03028222039
03028222399
03028229209
03028227039
03028221655
03028222949
03028226086
03028227986
03028222409
03028222772
03028222618
03028227355
03028229192
03028221346
03028222132
03028221701
03028224017
03028228212
03028224969
03028228240
03028228243
03028224103
03028228053
03028223692
03028227281
03028221320
03028221172
03028228484
03028226273
03028229930
