03229074826
03229079320
03229062013
03229087640
03229052773
03229097660
03229018324
03229089722
03229045453
03229029415
03229042701
03229052048
03229035694
03229053506
03229077437
03229013341
03229087608
03229065606
03229043818
03229069309
03229040316
03229013444
03229034328
03229016337
03229062335
03229039681
03229088289
03229093440
03229061384
03229048328
03229032880
03229076807
03229049664
03229099429
03229043767
03229077261
03229023327
03229078580
03229078565
03229079211
03229039501
03229017218
03229072557
03229051354
03229037325
03229089175
03229061312
03229013677
03229031008
03229010010
03229021696
03229074196
03229018445
03229090759
03229035325
03229078642
03229052013
03229068030
03229094373
03229019168
03229032620
03229076699
03229027773
03229013912
03229043841
03229060458
03229030557
03229036353
03229045981
03229061736
03229034879
03229055116
03229076835
03229045116
03229067123
03229036935
03229056114
03229072209
03229087015
03229019202
03229072065
03229066796
03229027967
03229025232
03229025321
03229014388
03229065927
03229098618
03229071314
03229010549
03229084191
03229060043
03229040519
03229044784
03229037442
03229093483
03229028717
03229060364
03229083120
03229094654
03229064028
03229059960
03229039316
03229063328
03229013923
03229090209
03229011519
03229064497
03229095899
03229095821
03229099965
03229060555
03229099805
03229088679
03229018519
03229046069
03229035020
03229031938
03229030321
03229074667
03229051186
03229050688
03229095073
03229069955
03229022338
03229099492
03229062630
03229043492
03229026651
03229036082
03229077410
03229068007
03229085916
03229061993
03229075718
03229087099
03229041535
03229075415
03229014728
03229076833
03229060077
03229046324
03229030617
03229044978
03229048763
03229074964
03229082647
03229025344
03229051181
03229064333
03229089361
03229088628
03229068254
03229043967
03229085612
03229089180
03229065004
03229033268
03229052328
03229080706
03229063883
03229083145
03229031798
03229056526
03229045604
03229059301
03229044839
03229088786
03229099252
03229036457
03229073854
03229034996
03229023630
03229073979
03229077359
03229050728
03229087666
03229060844
03229084900
03229013077
03229013406
03229059233
03229097287
03229093739
03229056497
03229090106
03229097918
03229076530
03229042146
03229062399
03229096126
03229096193
03229063179
03229023482
03229013180
03229046000
03229018437
03229037043
03229066042
03229075546
03229090109
03229072316
03229014773
03229033258
03229020337
03229011633
03229011820
03229014275
03229045602
03229091484
03229079399
03229078983
03229070068
03229093728
03229072564
03229062787
03229089106
03229069195
03229046921
03229012256
03229057105
03229074057
03229077728
03229038802
03229060451
03229050496
03229064179
03229069228
03229023801
03229035264
03229078558
03229037530
03229023297
03229086917
03229082513
03229060480
03229036160
03229078472
03229086097
03229062254
03229096544
03229070915
03229016726
03229017210
03229093110
03229029754
03229040615
03229040524
03229055650
03229047936
03229096847
03229059420
03229063290
03229033003
03229098258
03229037045
03229094456
03229059885
03229061136
03229047641
03229076374
03229067682
03229044135
03229032537
03229070431
03229085647
03229022961
03229052946
03229090722
03229060824
03229050001
03229060561
03229061001
03229021591
03229067340
03229020742
03229023564
03229064204
03229013577
03229075864
03229038416
03229019138
03229074240
03229090293
03229088659
03229045468
03229066024
03229076274
03229017335
03229038456
03229052707
03229020169
03229072591
03229016786
03229060573
03229059323
03229054968
03229017562
03229053344
03229094990
03229098595
03229013288
03229072442
03229095116
03229076043
03229072864
03229092544
03229040394
03229024077
03229045342
03229062796
03229091818
03229081285
03229058296
03229080137
03229096988
03229077493
03229036281
03229076671
03229073387
03229022368
03229097293
03229040391
03229099909
03229088410
03229061418
03229068596
03229046641
03229060233
03229080873
03229032291
03229020543
03229060951
03229017850
03229093542
03229069424
03229093160
03229083729
03229076940
03229014379
03229057373
03229011414
03229066872
03229035500
03229079185
03229057980
03229040069
03229017062
03229018319
03229032737
03229076227
03229015995
03229032051
03229095207
03229087633
03229068058
03229085777
03229078975
03229055481
03229098701
03229010944
03229073427
03229060742
03229097345
03229062287
03229043121
03229092941
03229096446
03229089929
03229083017
03229088494
03229021538
03229069304
03229082233
03229010615
03229043170
03229062554
03229099553
03229044315
03229044956
03229085799
03229098335
03229081791
03229025101
03229097951
03229097964
03229058898
03229054810
03229093444
03229074758
03229016898
03229054535
03229032001
03229073941
03229025377
03229036291
03229068238
03229026065
03229049033
03229066095
03229098754
03229081288
03229096742
03229044865
03229092129
03229059392
03229048389
03229073873
03229016426
03229052388
03229076488
03229026277
03229018019
03229094989
03229098481
03229049091
03229081265
03229028207
03229088023
03229028093
03229094545
03229099558
03229065335
03229056080
03229074570
03229037176
03229063262
03229076076
03229018890
03229036765
03229091622
03229015695
03229026347
03229016663
03229014032
03229016534
03229095417
03229052080
03229019570
03229058332
03229052542
03229040410
03229049425
03229055922
03229030388
03229037809
03229019147
03229044800
03229020825
03229018689
03229038001
03229081729
03229031407
03229088784
03229017558
03229090164
03229011212
03229010611
03229040349
03229033498
03229039722
03229013486
03229010581
03229091671
03229078325
03229097259
03229035058
03229064731
03229032790
03229035942
03229036213
03229047015
03229024924
03229068846
03229013306
03229025452
03229056929
03229074089
03229015940
03229072933
03229077694
03229022138
03229034934
03229069814
03229025248
03229098975
03229040867
03229017982
03229019044
03229035938
03229095142
03229064250
03229052062
03229040550
03229084089
03229080069
03229088035
03229082746
03229029478
03229067994
03229034714
03229082128
03229048711
03229076857
03229085158
03229083420
03229059408
03229023782
03229040553
03229032887
03229069533
03229043391
03229027444
03229065755
03229027536
03229095074
03229099563
03229018231
03229027971
03229024236
03229070716
03229073704
03229049055
03229054725
03229084902
03229072840
03229094020
03229027904
03229090186
03229048215
03229054144
03229063331
03229043119
03229050263
03229028395
03229036443
03229034561
03229059635
03229076905
03229095385
03229094717
03229013105
03229074279
03229014314
03229060498
03229087671
03229029914
03229049763
03229082246
03229011412
03229075007
03229027801
03229049699
03229010580
03229065388
03229095877
03229050366
03229084672
03229015388
03229043171
03229064113
03229066689
03229015491
03229099140
03229058631
03229075762
03229083669
03229068335
03229047330
03229075330
03229011449
03229054338
03229046053
03229071797
03229098560
03229079706
03229067405
03229018300
03229093477
03229081085
03229031707
03229075256
03229086743
03229023545
03229023981
03229094247
03229081028
03229045018
03229077582
03229079328
03229065500
03229048992
03229098822
03229061358
03229029040
03229054152
03229066093
03229038407
03229034915
03229036081
03229063557
03229073463
03229028458
03229012020
03229085682
03229028472
03229047851
03229066371
03229011008
03229049693
03229083027
03229034982
03229040235
03229098546
03229071887
03229052216
03229059688
03229074088
03229066302
03229030311
03229033867
03229075010
03229080553
03229022805
03229090969
03229080883
03229073474
03229064147
03229038287
03229055070
03229046169
03229095625
03229011698
03229027131
03229083097
03229095087
03229011960
03229052556
03229097167
03229011210
03229068320
03229015806
03229065964
03229072607
03229058587
03229062811
03229057152
03229064318
03229068613
03229029690
03229098452
03229023092
03229021050
03229022424
03229074377
03229072720
03229094623
03229036857
03229039357
03229028536
03229071415
03229088789
03229057128
03229047727
03229065523
03229013746
03229033144
03229022656
03229064746
03229056841
03229018362
03229022296
03229043236
03229016322
03229062211
03229031882
03229090751
03229077556
03229089855
03229082008
03229028678
03229060005
03229089435
03229090910
03229030131
03229022789
03229095599
03229021182
03229029106
03229033249
03229030050
03229091395
03229068362
03229044807
03229058676
03229098795
03229054866
03229072625
03229091762
03229058346
03229048811
03229082502
03229079188
03229058054
03229040012
03229040837
03229059300
03229049502
03229046528
03229042737
03229028784
03229067693
03229056817
03229061756
03229083614
03229010355
03229013669
03229011090
03229043563
03229027734
03229085112
03229092245
03229051840
03229047959
03229017404
03229073206
03229091956
03229022689
03229017229
03229074973
03229036915
03229040623
03229088222
03229021264
03229050943
03229064734
03229068974
03229054761
03229017310
03229069805
03229083747
03229083522
03229048658
03229039577
03229077113
03229037038
03229071252
03229062270
03229093365
03229080672
03229014782
03229021076
03229017575
03229090256
03229027347
03229010095
03229022608
03229067631
03229011916
03229036610
03229032272
03229071554
03229027125
03229027069
03229068595
03229040492
03229032670
03229045620
03229044694
03229056328
03229026253
03229057929
03229040290
03229071347
03229054917
03229051437
03229054959
03229081608
03229056243
03229086876
03229019547
03229070646
03229031007
03229023595
03229054639
03229046366
03229087130
03229033194
03229051475
03229011967
03229042836
03229012451
03229050043
03229033263
03229096546
03229038581
03229016649
03229048670
03229024343
03229088528
03229063147
03229016210
03229081533
03229024165
03229082318
03229096284
03229056998
03229085173
03229077312
03229089945
03229049578
03229040249
03229097949
03229090980
03229098328
03229069198
03229020859
03229024734
03229049889
03229096755
03229060345
03229095929
03229090246
03229038083
03229058371
03229012855
03229038309
03229032938
03229031900
03229098347
03229056399
03229054435
03229049473
03229099430
03229052925
03229064048
03229090845
03229048394
03229048020
03229074162
03229022021
03229093258
03229072202
03229042520
03229035314
03229087061
03229029506
03229025669
03229050342
03229055144
03229067669
03229038412
03229066321
03229084778
03229063820
03229092071
03229058200
03229098627
03229072317
03229039002
03229057007
03229017678
03229041902
03229051123
03229043513
03229060011
03229038054
03229034279
03229078353
03229072464
03229076714
03229075727
03229074733
03229067086
03229023727
03229047725
03229071309
03229083349
03229012640
03229082595
03229076755
03229030678
03229017987
03229088114
03229064694
03229035609
03229047141
03229071976
03229032644
03229049767
03229075703
03229035159
03229065014
03229075580
03229030299
03229091397
03229091800
03229027049
03229019861
03229087614
03229016062
03229076791
03229095204
03229061698
03229090593
03229010045
03229096733
03229082057
03229044346
03229055431
03229027317
03229088968
03229026362
03229074412
03229040922
03229011224
03229033135
03229055399
03229095317
03229074035
03229090913
03229062303
03229045708
03229022697
03229040567
03229091506
03229093427
03229056327
03229010969
03229044260
03229063487
03229025025
03229066532
03229099964
03229035474
03229056289
03229097520
03229054648
03229038876
03229065084
03229027629
03229077213
03229022449
03229086734
03229090602
03229034658
03229019075
03229058262
03229036400
03229031732
03229045826
03229096701
03229053759
03229031083
03229072506
03229060687
03229050026
03229088629
03229088018
03229044462
03229083057
03229025480
03229040957
03229075749
03229076846
03229057879
03229040668
03229035158
03229025829
03229034673
03229068494
03229031770
03229019116
03229056847
03229074351
03229098065
03229074568
03229012528
03229017661
03229028324
03229012773
03229068881
03229062967
03229095602
03229047493
03229054322
03229033649
03229076454
03229039610
03229032751
03229039392
03229061254
03229082722
03229093700
03229043325
03229081415
03229078520
03229091063
03229010667
03229070872
03229019086
03229062588
03229072258
03229046411
03229018256
03229081209
03229048379
03229014277
03229089953
03229069893
03229070528
03229073011
03229095106
03229072076
03229012782
03229081244
03229010385
03229086345
03229049374
03229095062
03229035743
03229060856
03229053021
03229024309
03229036394
03229031025
03229096048
03229021464
03229057452
03229093687
03229090709
03229049190
03229029237
03229073112
03229085269
03229062176
03229049657
03229062858
03229068863
03229053435
03229034449
03229087615
03229021623
03229030543
03229068134
03229021497
03229024023
03229026845
03229011402
03229093390
03229093947
03229044815
03229085231
03229083252
03229073303
03229073845
03229049064
03229015559
03229065783
03229022073
03229032053
03229081148
03229013233
03229016239
03229087197
03229045404
03229072885
03229091992
03229099585
03229089859
03229048778
03229041523
03229016477
03229027913
03229016746
03229097835
03229035954
03229069663
03229079447
03229079307
03229055800
03229035290
03229028297
03229078924
03229076353
03229089013
03229019799
03229052610
03229086196
03229055840
03229068118
03229086986
03229092918
03229034300
03229078618
03229053960
03229019409
03229093804
03229096036
03229043707
03229082769
03229056825
03229045931
03229032317
03229079604
03229031755
03229086335
03229042765
03229076252
03229045857
03229084936
03229016201
03229069050
03229083871
03229072193
03229046975
03229070969
03229062581
03229085683
03229092012
03229048359
03229040926
03229025261
03229091045
03229025487
03229059897
03229061996
03229031203
03229032260
03229056330
03229096154
03229019528
03229043081
03229087481
03229049620
03229039285
03229054440
03229069504
03229065704
03229091865
03229041128
03229076716
03229026027
03229070088
03229047216
03229046828
03229033117
03229033455
03229058024
03229090757
03229098072
03229077949
03229040710
03229060847
03229082868
03229014256
03229014654
03229052676
03229059871
03229012118
03229049522
03229040790
03229084711
03229097355
03229031684
03229016178
03229026307
03229056494
03229099798
03229018713
03229028201
03229075626
03229081477
03229012681
03229015167
03229098085
03229098805
03229098306
03229011062
03229038076
03229080425
03229051548
03229061335
03229013730
03229082836
03229077608
03229026474
03229053872
03229016844
03229013909
03229060044
03229029297
03229062504
03229049472
03229025314
03229041845
03229064450
03229051971
03229088342
03229069870
03229070186
03229099088
03229016568
03229053871
03229061565
03229038460
03229045807
03229070348
03229094410
03229043471
03229078885
03229073323
03229064841
03229011356
03229061717
03229021432
03229026101
03229050177
03229065694
03229096652
03229073491
03229056460
03229040946
03229059090
03229032870
03229092082
03229081677
03229059012
03229054496
03229012649
03229078519
03229055279
03229021584
03229026584
03229058217
03229031085
03229030903
03229034323
03229020978
03229073086
03229023501
03229058513
03229040605
03229037800
03229079345
03229020009
03229033394
03229019916
03229080380
03229065774
03229079370
03229069843
03229012204
03229064130
03229011335
03229039913
03229030822
03229063418
03229064840
03229056077
03229054529
03229099847
03229099517
03229091959
03229062029
03229065567
03229042587
03229022137
03229019968
03229086003
03229068580
03229023163
03229018406
03229016696
03229023863
03229092639
03229045125
03229089989
03229019620
03229050174
03229041413
03229042214
03229056740
03229046013
03229039535
03229019749
03229090989
03229030011
03229090156
03229072721
03229068464
03229058661
03229086076
03229037952
03229079828
03229028049
03229071364
03229054349
03229037792
03229082967
03229045806
03229093366
03229068855
03229043623
03229040967
03229092928
03229023217
03229080448
03229038182
03229055239
03229073429
03229045219
03229013115
03229057633
03229042777
03229045946
03229022494
03229045817
03229051598
03229092126
03229029812
03229013282
03229032523
03229020727
03229032330
03229078743
03229044035
03229064590
03229073761
03229035639
03229081828
03229067207
03229095607
03229048847
03229087884
03229098568
03229026820
03229067771
03229049562
03229051973
03229017481
03229095034
03229013442
03229096533
03229072960
03229080319
03229037051
03229082102
03229048870
03229086193
03229090841
03229015993
03229080084
03229036332
03229033704
03229020239
03229060598
03229044474
03229036413
03229073592
03229081478
03229037789
03229063390
03229038695
03229017508
03229054892
03229043557
03229023926
03229018996
03229083827
03229042563
03229077838
03229095800
03229037488
03229096477
03229024194
03229059369
03229098424
03229082487
03229024890
03229027108
03229095635
03229076366
03229079613
03229068763
03229051552
03229068684
03229078328
03229066222
03229013149
03229078381
03229036003
03229057245
03229050051
03229057837
03229055452
03229071533
03229082159
03229038545
03229024944
03229089534
03229048277
03229038155
03229084284
03229098843
03229037227
03229096045
03229046049
03229029428
03229091104
03229056587
03229010681
03229067755
03229062329
03229037894
03229040022
03229074872
03229045598
03229052774
03229060530
03229029413
03229099457
03229059796
03229080243
03229046426
03229066356
03229026891
03229024825
03229043942
03229099946
03229037573
03229093269
03229028088
03229041458
03229084478
03229052708
03229031457
03229082282
03229064993
03229077247
03229083720
03229087277
03229079416
03229046563
03229082295
03229095507
03229017557
03229031510
03229078819
03229063672
03229036760
03229041835
03229018863
03229038697
03229024487
03229018600
03229090801
03229029688
03229097311
03229019158
03229047161
03229056640
03229073108
03229074486
03229034241
03229096436
03229055543
03229050630
03229043414
03229063316
03229087780
03229083282
03229045693
03229012180
03229033679
03229070849
03229086359
03229095380
03229046005
03229080270
03229020600
03229051433
03229059991
03229034108
03229040656
03229052593
03229067681
03229058089
03229079117
03229040115
03229022775
03229073455
03229061265
03229021120
03229075967
03229028189
03229020257
03229016029
03229048980
03229058553
03229073170
03229026517
03229044107
03229084921
03229026670
03229058839
03229010952
03229023778
03229058597
03229066891
03229036039
03229072295
03229023053
03229025017
03229093676
03229095552
03229016521
03229010722
03229020098
03229025193
03229066575
03229072064
03229057604
03229060223
03229056321
03229065238
03229019413
03229017816
03229060012
03229051832
03229092880
03229036053
03229076242
03229015883
03229049187
03229013986
03229093753
03229056729
03229034311
03229020520
03229073224
03229086736
03229084755
03229036248
03229080414
03229011667
03229017499
03229028881
03229033359
03229054452
03229086503
03229024697
03229049254
03229045713
03229040780
03229031468
03229020463
03229030172
03229088963
03229017433
03229079669
03229067334
03229088772
03229016968
03229063368
03229090882
03229046055
03229098840
03229070868
03229059064
03229071566
03229073336
03229037794
03229038998
03229042513
03229099264
03229022950
03229059520
03229029458
03229021789
03229029379
03229024490
03229043637
03229044499
03229011016
03229029946
03229079739
03229066346
03229055267
03229080695
03229054582
03229047284
03229044332
03229028726
03229088337
03229065512
03229042477
03229060540
03229055612
03229015635
03229065633
03229098782
03229075918
03229065366
03229034631
03229064364
03229032204
03229097513
03229070652
03229059505
03229095643
03229050289
03229042844
03229045134
03229072469
03229052352
03229060936
03229066315
03229032493
03229015600
03229078368
03229016983
03229026051
03229027784
03229038253
03229061816
03229013787
03229010926
03229057438
03229017042
03229068918
03229066177
03229013744
03229058856
03229044855
03229064580
03229045108
03229023063
03229083182
03229083930
03229087778
03229014366
03229050455
03229083592
03229015868
03229013159
03229081541
03229094224
03229023118
03229087264
03229081799
03229049866
03229080134
03229027112
03229072814
03229050577
03229021277
03229040074
03229053609
03229090587
03229029466
03229036545
03229083987
03229049255
03229096355
03229021207
03229030511
03229092537
03229095185
03229033052
03229038273
03229013417
03229087798
03229060328
03229030194
03229095058
03229044278
03229035501
03229074693
03229043058
03229013709
03229071592
03229063056
03229022962
03229037467
03229072293
03229051404
03229043107
03229030320
03229097190
03229084899
03229017500
03229083313
03229011978
03229063903
03229085185
03229073017
03229092606
03229092078
03229048746
03229011593
03229066717
03229039314
03229012485
03229020382
03229026219
03229095796
03229018108
03229015894
03229086407
03229022835
03229012395
03229037222
03229085176
03229026293
03229058888
03229048913
03229079106
03229052078
03229041082
03229028518
03229073888
03229042828
03229046881
03229083079
03229080374
03229050315
03229050451
03229079513
03229014310
03229056244
03229098153
03229059807
03229031022
03229075566
03229047311
03229012211
03229081296
03229098491
03229091073
03229046091
03229026802
03229037609
03229026297
03229024103
03229013499
03229040000
03229070510
03229038198
03229065425
03229069657
03229073501
03229043139
03229015421
03229067793
03229014218
03229035956
03229016624
03229032882
03229022912
03229078056
03229070048
03229060734
03229048084
03229015184
03229090520
03229059786
03229030026
03229082814
03229037723
03229056277
03229042764
03229024018
03229077572
03229036951
03229089465
03229039512
03229068296
03229036609
03229018045
03229032727
03229090149
03229057521
03229032426
03229031889
03229044418
03229067078
03229062535
03229074449
03229072222
03229023179
03229048745
03229067561
03229065562
03229034997
03229065415
03229035234
03229055492
03229010724
03229082611
03229031934
03229072711
03229086861
03229072657
03229043775
03229036646
03229099004
03229027158
03229093369
03229054615
03229041446
03229052002
03229028007
03229098956
03229090563
03229082757
03229072877
03229046102
03229092708
03229067490
03229077610
03229075203
03229058455
03229042574
03229071536
03229087903
03229012803
03229025885
03229050116
03229058215
03229084809
03229045565
03229059232
03229030432
03229063531
03229047291
03229078853
03229068563
03229015558
03229037555
03229036041
03229074852
03229018803
03229062356
03229018016
03229040681
03229074246
03229066433
03229095100
03229079329
03229097453
03229085319
03229094071
03229027467
03229039254
03229089091
03229041811
03229015561
03229042129
03229077890
03229040740
03229037192
03229013645
03229045459
03229062276
03229061073
03229086647
03229059645
03229020900
03229096683
03229069099
03229041921
03229069191
03229075870
03229091781
03229089709
03229066235
03229061778
03229015323
03229036360
03229036063
03229089762
03229026751
03229091738
03229073428
03229059664
03229095300
03229069098
03229081611
03229048710
03229063931
03229055739
03229036722
03229013173
03229079786
03229086053
03229079096
03229037808
03229064418
03229087537
03229030783
03229070154
03229047169
03229038398
03229072937
03229048959
03229016044
03229070956
03229051866
03229030135
03229025915
03229067895
03229053037
03229096884
03229086216
03229061236
03229011233
03229027585
03229087488
03229093210
03229039481
03229052129
03229032469
03229062697
03229011994
03229087138
03229023970
03229050905
03229048823
03229037881
03229042592
03229088353
03229084046
03229057643
03229046341
03229053054
03229010654
03229096844
03229033796
03229029824
03229068826
03229060135
03229082901
03229070602
03229051591
03229076303
03229082666
03229053958
03229098917
03229055562
03229040468
03229039323
03229036964
03229012389
03229083817
03229027896
03229079230
03229077091
03229062616
03229015155
03229054292
03229093941
03229024448
03229085725
03229064892
03229074530
03229096366
03229022304
03229063642
03229029092
03229099897
03229016536
03229072379
03229047722
03229072519
03229055215
03229088634
03229089436
03229028483
03229060021
03229018320
03229040665
03229026836
03229068947
03229054566
03229052733
03229044980
03229028609
03229046154
03229065865
03229099589
03229011411
03229028668
03229057591
03229093231
03229033257
03229076826
03229036762
03229012491
03229067281
03229055516
03229031507
03229060535
03229059940
03229065657
03229095964
03229025703
03229085272
03229055514
03229033865
03229049997
03229027418
03229051119
03229069571
03229057431
03229057580
03229090080
03229070381
03229048132
03229061107
03229073412
03229049382
03229031042
03229096204
03229095226
03229083195
03229081557
03229028173
03229059555
03229013431
03229023058
03229048161
03229045675
03229085039
03229062952
03229050190
03229040161
03229014317
03229055897
03229094802
03229055835
03229042112
03229063686
03229019394
03229079181
03229022411
03229096899
03229049003
03229083374
03229043464
03229087122
03229010558
03229034614
03229042508
03229054008
03229090442
03229013987
03229028060
03229021410
03229011756
03229072541
03229037531
03229084769
03229020191
03229066352
03229033814
03229078609
03229093547
03229054091
03229031539
03229063800
03229094117
03229062655
03229064427
03229039683
03229074481
03229028337
03229097009
03229049452
03229097653
03229010603
03229089110
03229065392
03229016184
03229014052
03229042275
03229069856
03229037642
03229076708
03229082650
03229049559
03229017010
03229033744
03229054209
03229078707
03229059890
03229099929
03229027786
03229088376
03229016713
03229053203
03229098059
03229087759
03229070739
03229068699
03229023211
03229089498
03229028154
03229084685
03229040039
03229089264
03229056162
03229095736
03229024261
03229068119
03229085947
03229081777
03229090124
03229066442
03229050040
03229057470
03229094592
03229042800
03229080253
03229018945
03229041997
03229089181
03229037605
03229066624
03229025676
03229025562
03229060663
03229049882
03229013951
03229026348
03229034931
03229019013
03229088855
03229049059
03229014170
03229079934
03229022545
03229035629
03229031810
03229041839
03229067782
03229098252
03229050270
03229040588
03229014601
03229044958
03229090485
03229049753
03229013945
03229061324
03229090548
03229018060
03229014363
03229063701
03229087156
03229063597
03229018236
03229079978
03229067826
03229063775
03229031511
03229031027
03229068615
03229045533
03229028629
03229096400
03229057371
03229095765
03229098842
03229027423
03229075291
03229051272
03229067991
03229046062
03229015483
03229064197
03229012402
03229073606
03229018695
03229098307
03229030998
03229099807
03229016232
03229020818
03229018444
03229072031
03229013573
03229061861
03229099956
03229034476
03229018759
03229072135
03229071973
03229069067
03229016329
03229090165
03229053353
03229010280
03229054957
03229042946
03229094782
03229019218
03229086939
03229088409
03229050454
03229019165
03229017535
03229013313
03229064495
03229051372
03229057904
03229012331
03229070307
03229014534
03229028822
03229084087
03229075582
03229085220
03229034335
03229043797
03229033904
03229098885
03229092946
03229056532
03229079137
03229096017
03229076994
03229088594
03229025317
03229010843
03229018649
03229075748
03229011780
03229012868
03229027822
03229070363
03229099279
03229097366
03229096327
03229083103
03229060855
03229059803
03229054532
03229087506
03229077771
03229025060
03229020622
03229099148
03229060878
03229020332
03229093992
03229031877
03229071316
03229023147
03229040541
03229024718
03229039178
03229092784
03229049250
03229036583
03229066783
03229015954
03229056264
03229085940
03229079839
03229043537
03229036537
03229095676
03229019334
03229094351
03229022462
03229019238
03229033071
03229077061
03229098027
03229076599
03229042646
03229091448
03229018875
03229095944
03229099047
03229076132
03229013954
03229075541
03229058188
03229033852
03229021600
03229023220
03229034882
03229051778
03229071552
03229049814
03229072553
03229039119
03229040782
03229055610
03229024340
03229017774
03229084149
03229036201
03229051981
03229028795
03229018078
03229019939
03229059713
03229072189
03229041227
03229059983
03229024137
03229011305
03229097079
03229060319
03229065884
03229067996
03229078349
03229099014
03229075990
03229074076
03229096114
03229059468
03229070684
03229029536
03229060518
03229037941
03229057244
03229020988
03229018305
03229073674
03229034725
03229059743
03229047065
03229047336
03229095875
03229051911
03229038248
03229043829
03229061663
03229080372
03229063237
03229010745
03229040472
03229074473
03229089494
03229066382
03229029311
03229074898
03229045991
03229062124
03229055867
03229069326
03229047394
03229094093
03229050515
03229099194
03229034248
03229083983
03229038994
03229037631
03229062353
03229059105
03229062472
03229070008
03229016084
03229040100
03229055185
03229014326
03229093703
03229032877
03229048723
03229030212
03229055062
03229079930
03229094135
03229082346
03229033374
03229072314
03229054914
03229026566
03229097619
03229091197
03229078009
03229048481
03229057817
03229087733
03229044635
03229027415
03229096389
03229024242
03229012119
03229088917
03229066838
03229071529
03229063574
03229093832
03229068420
03229022990
03229020603
03229017182
03229039031
03229070584
03229025617
03229033517
03229082716
03229035787
03229067907
03229084463
03229021527
03229058267
03229052366
03229086911
03229097314
03229043809
03229027371
03229042943
03229091012
03229086857
03229041791
03229077456
03229061844
03229066423
03229091340
03229032733
03229029198
03229068207
03229057405
03229031298
03229018786
03229017148
03229039576
03229094752
03229018622
03229071396
03229020123
03229076332
03229085960
03229039370
03229082375
03229083362
03229013262
03229053523
03229053024
03229071106
03229014356
03229076794
03229089810
03229096087
03229079572
03229018201
03229083826
03229024179
03229067093
03229091376
03229073759
03229099699
03229027057
03229090228
03229039480
03229035218
03229070973
03229085114
03229090011
03229072412
03229066610
03229047487
03229059416
03229094094
03229048581
03229012900
03229038316
03229025811
03229058091
03229053851
03229080611
03229041488
03229022698
03229037576
03229021375
03229017971
03229070572
03229074846
03229028747
03229073278
03229012201
03229039671
03229055317
03229093134
03229073782
03229082051
03229021807
03229068545
03229024344
03229082562
03229029477
03229074519
03229070713
03229024410
03229030085
03229095194
03229054192
03229053060
03229077242
03229015667
03229045848
03229046446
03229048739
03229016781
03229097641
03229049597
03229067143
03229031988
03229015165
03229068108
03229078500
03229093332
03229092851
03229074799
03229094594
03229089545
03229029507
03229076229
03229058925
03229093221
03229050661
03229093560
03229040487
03229079652
03229050110
03229075687
03229096035
03229093822
03229044394
03229057000
03229020663
03229032453
03229054664
03229036557
03229036272
03229036145
03229081668
03229062897
03229020311
03229029125
03229020394
03229059597
03229096795
03229073238
03229026121
03229016341
03229070217
03229089814
03229023560
03229034584
03229098936
03229073582
03229091501
03229035512
03229017998
03229097296
03229096317
03229013993
03229095227
03229056565
03229017799
03229073931
03229023811
03229049339
03229052988
03229020327
03229039956
03229054862
03229057075
03229081387
03229087763
03229073249
03229011361
03229059258
03229090512
03229078892
03229022797
03229070411
03229077481
03229038653
03229054579
03229033439
03229086079
03229033516
03229081082
03229045056
03229073666
03229018274
03229038849
03229085351
03229048904
03229025084
03229072560
03229085666
03229072983
03229023898
03229073133
03229096013
03229030260
03229034952
03229066484
03229053197
03229011172
03229080139
03229076254
03229027485
03229023920
03229074498
03229025906
03229036511
03229056573
03229084360
03229087851
03229090294
03229068257
03229046661
03229021682
03229053613
03229018226
03229038859
03229048165
03229038801
03229056663
03229098898
03229097278
03229081468
03229019627
03229066954
03229022344
03229080749
03229064916
03229097412
03229090789
03229077329
03229064350
03229059445
03229012392
03229068510
03229070574
03229018234
03229097814
03229082688
03229055641
03229065200
03229049352
03229081339
03229048258
03229057160
03229072312
03229052167
03229041338
03229019591
03229022639
03229018011
03229075600
03229028627
03229055043
03229048179
03229082358
03229017405
03229054969
03229067950
03229087507
03229043015
03229049248
03229030893
03229076283
03229053876
03229036591
03229026466
03229079654
03229068227
03229038428
03229043257
03229032077
03229032116
03229099815
03229038288
03229018696
03229075721
03229050031
03229028582
03229023578
03229077821
03229068149
03229059317
03229088749
03229030817
03229057349
03229020330
03229088215
03229042845
03229014737
03229068133
03229022184
03229077684
03229094381
03229020568
03229045846
03229072512
03229073110
03229081162
03229015608
03229094790
03229032342
03229096550
03229022926
03229048364
03229044070
03229098709
03229079248
03229017919
03229019437
03229071427
03229062743
03229016966
03229065126
03229069117
03229059324
03229080011
03229037599
03229064186
03229075124
03229032012
03229022131
03229033233
03229024315
03229055152
03229056069
03229050467
03229096658
03229052541
03229064526
03229056407
03229034267
03229034422
03229071966
03229044145
03229063596
03229096818
03229028676
03229014941
03229088089
03229029254
03229014794
03229076728
03229013187
03229093099
03229051422
03229086308
03229057218
03229086657
03229090914
03229026232
03229010836
03229074393
03229024095
03229013733
03229068969
03229074768
03229010201
03229052439
03229071507
03229034694
03229087358
03229035865
03229035478
03229011664
03229065916
03229045144
03229095060
03229040357
03229027456
03229042882
03229057368
03229053094
03229078218
03229099188
03229047610
03229043508
03229045733
03229033308
03229027726
03229083084
03229033778
03229053907
03229035650
03229020534
03229043287
03229042033
03229057233
03229050832
03229074643
03229091302
03229079511
03229087577
03229019042
03229065692
03229079333
03229083737
03229086277
03229059973
03229011600
03229021674
03229074220
03229023897
03229091186
03229041624
03229061087
03229028579
03229059564
03229073366
03229049429
03229074525
03229097070
03229085422
03229017052
03229045009
03229050286
03229068098
03229055931
03229026690
03229067616
03229048392
03229055763
03229096807
03229046378
03229022177
03229032233
03229095657
03229061429
03229011003
03229019390
03229050847
03229084205
03229054677
03229089745
03229046064
03229031737
03229038148
03229016592
03229056198
03229086667
03229042921
03229011466
03229076664
03229058795
03229070645
03229055798
03229035255
03229014933
03229034940
03229059360
03229031772
03229013186
03229051189
03229017195
03229048064
03229063522
03229077679
03229034574
03229032847
03229045457
03229044677
03229060541
03229057510
03229076148
03229061953
03229017782
03229010098
03229011417
03229043585
03229069096
03229095952
03229010711
03229055568
03229036862
03229090784
03229063591
03229015592
03229069271
03229019736
03229040972
03229084421
03229014292
03229018551
03229054956
03229020952
03229041285
03229066280
03229010074
03229066009
03229031987
03229098253
03229013134
03229025496
03229093845
03229017472
03229023523
03229015774
03229036227
03229035819
03229040477
03229061627
03229069929
03229057279
03229054163
03229014088
03229018981
03229063575
03229025720
03229076120
03229043217
03229057596
03229096830
03229060109
03229029672
03229093382
03229044701
03229023581
03229038609
03229077649
03229083862
03229069745
03229098120
03229064435
03229096213
03229025197
03229048193
03229014478
03229059325
03229039870
03229050855
03229087121
03229094899
03229047298
03229046498
03229040288
03229028281
03229022132
03229069916
03229067899
03229086848
03229020642
03229020240
03229013474
03229076118
03229016346
03229095776
03229038045
03229031320
03229079629
03229070301
03229044342
03229020861
03229078508
03229027927
03229064745
03229048774
03229092518
03229037504
03229060428
03229052427
03229015178
03229065210
03229082373
03229046884
03229095299
03229016476
03229015962
03229082897
03229077478
03229059898
03229075972
03229011722
03229072074
03229072324
03229092475
03229018701
03229021279
03229071225
03229016819
03229050556
03229026436
03229047358
03229010781
03229049773
03229094205
03229019124
03229094329
03229083137
03229044109
03229067813
03229098296
03229010908
03229023773
03229069462
03229091363
03229042746
03229014843
03229071897
03229054339
03229061444
03229043383
03229039242
03229053535
03229066785
03229055852
03229092420
03229056298
03229073817
03229016225
03229051878
03229081202
03229098358
03229014653
03229055937
03229099525
03229093631
03229045525
03229022271
03229096837
03229088567
03229094340
03229015788
03229013425
03229061166
03229048550
03229023013
03229027338
03229078533
03229093705
03229099328
03229062480
03229089111
03229083053
03229057246
03229082987
03229038352
03229012750
03229062826
03229020512
03229066912
03229092230
03229086611
03229099938
03229096255
03229067836
03229069936
03229097732
03229097220
03229092572
03229069335
03229057501
03229049042
03229023453
03229045376
03229053359
03229094685
03229043869
03229033285
03229046478
03229037691
03229058172
03229081874
03229035877
03229025541
03229072884
03229091409
03229036384
03229062538
03229083918
03229034011
03229068055
03229027428
03229023557
03229021547
03229013487
03229064911
03229080713
03229053076
03229029605
03229081313
03229029992
03229016234
03229034010
03229084663
03229011869
03229029627
03229043667
03229029540
03229074033
03229029220
03229034058
03229064060
03229094952
03229078527
03229061347
03229034682
03229079525
03229023490
03229021614
03229099895
03229023829
03229039872
03229029774
03229063155
03229080208
03229016873
03229056378
03229057039
03229051881
03229030898
03229038873
03229024514
03229032910
03229040251
03229020929
03229094021
03229098208
03229089499
03229016809
03229049426
03229094197
03229085761
03229074549
03229046630
03229092479
03229050466
03229081488
03229011413
03229084767
03229088040
03229089755
03229013892
03229049332
03229072841
03229077018
03229052855
03229033161
03229061406
03229056079
03229071781
03229036832
03229068402
03229058596
03229019019
03229010799
03229023406
03229010395
03229090445
03229035577
03229077394
03229048615
03229064559
03229049410
03229097893
03229026477
03229021978
03229036474
03229043154
03229026358
03229015204
03229055138
03229036861
03229025366
03229012481
03229063954
03229016265
03229029682
03229031425
03229044858
03229091870
03229062468
03229088989
03229074372
03229081021
03229099309
03229078315
03229028330
03229043673
03229063093
03229012459
03229051440
03229083751
03229063513
03229029601
03229049802
03229058617
03229042043
03229043392
03229063881
03229073938
03229098039
03229097914
03229043065
03229074180
03229047712
03229017190
03229064889
03229040482
03229086942
03229097280
03229047606
03229055453
03229043844
03229048043
03229086873
03229011464
03229028316
03229062273
03229012513
03229032514
03229069277
03229052966
03229031066
03229086241
03229082033
03229048478
03229098586
03229026674
03229090949
03229076457
03229037956
03229025129
03229075529
03229080617
03229040783
03229091354
03229098204
03229041896
03229096809
03229066232
03229092112
03229044904
03229094000
03229056518
03229052416
03229045621
03229035766
03229097892
03229030551
03229041666
03229033509
03229047631
03229049924
03229086123
03229078648
03229058448
03229061066
03229088355
03229070605
03229046538
03229071148
03229017497
03229018714
03229072514
03229070681
03229036961
03229064068
03229028044
03229070617
03229035705
03229050769
03229086162
03229071467
03229088033
03229081053
03229055183
03229083463
03229042019
03229032986
03229090858
03229019556
03229013528
03229080830
03229095627
03229045573
03229031047
03229027407
03229096058
03229021485
03229050262
03229081735
03229071697
03229069847
03229059934
03229030464
03229039662
03229099154
03229099960
03229070415
03229069106
03229042185
03229089552
03229091355
03229092583
03229010092
03229035251
03229030494
03229073269
03229079822
03229031729
03229044512
03229014516
03229089786
03229027251
03229062395
03229019722
03229058755
03229075409
03229066547
03229041697
03229064434
03229072393
03229083485
03229047470
03229077502
03229011555
03229093323
03229091704
03229012376
03229043112
03229011723
03229066268
03229054217
03229038464
03229017314
03229060807
03229090991
03229076993
03229076930
03229027185
03229055331
03229070147
03229078709
03229023047
03229077267
03229079431
03229041205
03229027409
03229077751
03229017159
03229083866
03229062622
03229057748
03229018939
03229079945
03229088118
03229026459
03229032136
03229071403
03229078063
03229060983
03229081258
03229041440
03229014602
03229075555
03229064704
03229062522
03229095463
03229056300
03229053385
03229077322
03229098792
03229088507
03229016056
03229012272
03229064064
03229080605
03229039244
03229084314
03229088517
03229088915
03229046347
03229054598
03229054691
03229072052
03229097047
03229013793
03229050470
03229095048
03229083927
03229092084
03229017726
03229021704
03229069090
03229098173
03229099765
03229017167
03229028312
03229062705
03229015228
03229051569
03229030480
03229085299
03229058955
03229030431
03229063889
03229075845
03229062394
03229051530
03229032159
03229093748
03229072465
03229012426
03229061829
03229026660
03229086749
03229011543
03229067656
03229048728
03229044992
03229061251
03229069458
03229085238
03229081065
03229066803
03229046965
03229014099
03229064299
03229063437
03229010932
03229021609
03229073288
03229067219
03229094777
03229024117
03229069391
03229044102
03229041621
03229033158
03229037948
03229088076
03229043518
03229051768
03229045260
03229071513
03229013016
03229024809
03229066500
03229076703
03229090318
03229061021
03229077889
03229063628
03229016923
03229061746
03229098095
03229088092
03229021227
03229072138
03229099177
03229045207
03229067052
03229017357
03229067440
03229061882
03229034497
03229010780
03229056916
03229017733
03229017689
03229086902
03229035804
03229057525
03229039704
03229042585
03229051283
03229057813
03229026560
03229090515
03229063095
03229069330
03229066213
03229077993
03229016235
03229076201
03229089981
03229055425
03229030541
03229026197
03229046083
03229064070
03229040208
03229068970
03229095659
03229038183
03229062926
03229060551
03229055720
03229019787
03229072585
03229043331
03229013158
03229042084
03229077218
03229019160
03229046812
03229030279
03229035103
03229045577
03229092389
03229062592
03229039446
03229048026
03229083888
03229018262
03229034578
03229066935
03229062307
03229087148
03229060705
03229089721
03229093454
03229099496
03229073614
03229055623
03229019630
03229023196
03229051067
03229070728
03229031873
03229019764
03229056172
03229024128
03229071890
03229039016
03229057040
03229043168
03229025146
03229095437
03229080619
03229053693
03229077615
03229029524
03229047632
03229036955
03229079038
03229042289
03229021141
03229052852
03229010277
03229056183
03229052453
03229052363
03229077722
03229045546
03229091188
03229010648
03229011907
03229079567
03229041322
03229083963
03229030719
03229019682
03229091853
03229077099
03229011998
03229079245
03229077538
03229023766
03229037161
03229091711
03229080085
03229036028
03229084074
03229021880
03229044090
03229082674
03229044158
03229023720
03229029926
03229017875
03229021596
03229063580
03229071764
03229059241
03229061294
03229011494
03229051980
03229014497
03229083529
03229012371
03229025416
03229046896
03229055779
03229059855
03229067039
03229063043
03229043603
03229029086
03229073115
03229064472
03229072367
03229016334
03229028574
03229055841
03229083197
03229027974
03229067749
03229055847
03229011395
03229066087
03229056101
03229088134
03229052757
03229017950
03229066043
03229071785
03229022664
03229079033
03229023657
03229058657
03229074983
03229052211
03229022819
03229077118
03229060676
03229086323
03229088788
03229099108
03229031351
03229055429
03229030666
03229010038
03229068783
03229086523
03229015780
03229045204
03229059328
03229037774
03229053740
03229067645
03229054520
03229014281
03229045093
03229077559
03229057301
03229050450
03229056290
03229093334
03229092677
03229080858
03229030985
03229090630
03229095170
03229025072
03229077298
03229060641
03229056993
03229056782
03229049904
03229022091
03229012497
03229056005
03229036141
03229092401
03229033828
03229022681
03229037209
03229080508
03229084566
03229068298
03229062836
03229015583
03229031487
03229098030
03229042817
03229038017
03229062752
03229060749
03229024594
03229042831
03229037798
03229081368
03229025149
03229050033
03229075903
03229082030
03229077132
03229096746
03229010862
03229092190
03229032595
03229021554
03229054299
03229014308
03229069996
03229070588
03229043649
03229086698
03229046418
03229036856
03229027793
03229079587
03229016308
03229045811
03229062610
03229014175
03229018764
03229087152
03229061341
03229065203
03229054773
03229067252
03229083795
03229046778
03229017298
03229060076
03229083761
03229073703
03229063682
03229087209
03229077187
03229083721
03229078928
03229078512
03229092755
03229090161
03229080945
03229056132
03229091379
03229044511
03229070446
03229059594
03229036218
03229014521
03229082571
03229092098
03229017462
03229030848
03229044692
03229089096
03229059535
03229096637
03229075710
03229053289
03229083572
03229072714
03229073173
03229057147
03229096600
03229029098
03229068624
03229078889
03229035247
03229040252
03229094397
03229071180
03229057041
03229073823
03229010261
03229069897
03229013348
03229087183
03229081080
03229045554
03229081605
03229046219
03229039797
03229038294
03229078829
03229088090
03229024186
03229082291
03229069537
03229036871
03229097372
03229053195
03229018664
03229071337
03229040207
03229073846
03229030496
03229067594
03229035632
03229047324
03229051845
03229023065
03229059668
03229037735
03229051339
03229015272
03229049273
03229026739
03229062361
03229036034
03229038018
03229091108
03229026954
03229017349
03229058305
03229050269
03229080533
03229054703
03229052955
03229037450
03229024859
03229034308
03229055159
03229038924
03229029689
03229039502
03229056687
03229013485
03229053866
03229029760
03229023154
03229080129
03229027490
03229072817
03229074912
03229055551
03229040440
03229033503
03229064662
03229059354
03229051448
03229027555
03229044383
03229022857
03229015540
03229080226
03229087060
03229080928
03229094368
03229014395
03229098206
03229025359
03229028150
03229060113
03229010349
03229097050
03229022858
03229079346
03229058723
03229028096
03229047880
03229061348
03229037220
03229057746
03229022779
03229079790
03229097404
03229097010
03229069646
03229050230
03229052397
03229027603
03229094540
03229023962
03229076460
03229026425
03229028993
03229059498
03229015364
03229024947
03229054769
03229072408
03229079996
03229012704
03229064563
03229058500
03229017581
03229054157
03229031258
03229066206
03229040583
03229085636
03229057794
03229057447
03229079344
03229096963
03229017384
03229055712
03229077920
03229095095
03229032510
03229015808
03229090218
03229098896
03229032298
03229099103
03229088382
03229045984
03229078851
03229082450
03229085337
03229042782
03229095011
03229015226
03229038903
03229079429
03229037198
03229063708
03229018971
03229048830
03229061396
03229053956
03229021195
03229066167
03229019012
03229047080
03229027854
03229062534
03229097980
03229018097
03229099057
03229094488
03229084901
03229080193
03229048755
03229068282
03229018684
03229051271
03229073640
03229032155
03229020222
03229061731
03229072457
03229014665
03229084333
03229085911
03229058059
03229037954
03229069652
03229092003
03229058948
03229046264
03229071113
03229061851
03229069023
03229032729
03229083873
03229085217
03229071248
03229025847
03229048003
03229060754
03229083393
03229090849
03229057880
03229014817
03229066471
03229070621
03229060745
03229085926
03229090068
03229086816
03229033645
03229041173
03229092225
03229018009
03229093710
03229062747
03229041943
03229060025
03229048445
03229035539
03229038636
03229086903
03229099259
03229085954
03229067398
03229088422
03229060906
03229089336
03229072219
03229019792
03229056785
03229069515
03229019439
03229087437
03229077209
03229083725
03229072132
03229012619
03229029940
03229069626
03229051013
03229039019
03229079526
03229022470
03229029305
03229021372
03229087978
03229012309
03229076340
03229055309
03229019243
03229079568
03229071362
03229074790
03229018528
03229025909
03229044308
03229068954
03229091247
03229098217
03229012101
03229047561
03229022503
03229017037
03229082815
03229064719
03229063407
03229026017
03229079139
03229017276
03229048245
03229046935
03229087872
03229065951
03229031601
03229067964
03229084241
03229088667
03229043451
03229026298
03229037541
03229063777
03229016075
03229065197
03229046222
03229068310
03229060985
03229078378
03229052796
03229026917
03229031965
03229029238
03229047589
03229071222
03229091902
03229093226
03229026598
03229062291
03229023117
03229030656
03229094308
03229076344
03229084713
03229054765
03229085802
03229010019
03229029454
03229082633
03229080395
03229099522
03229017185
03229057707
03229018154
03229038898
03229095448
03229020017
03229055906
03229036712
03229024800
03229063629
03229079078
03229041078
03229072229
03229034396
03229037178
03229077578
03229092958
03229074565
03229034540
03229064595
03229051913
03229091965
03229076272
03229075798
03229098031
03229041114
03229021945
03229099784
03229024168
03229024766
03229048066
03229066394
03229074717
03229035518
03229023393
03229027668
03229074749
03229098981
03229069508
03229012715
03229061501
03229082535
03229051406
03229065703
03229092275
03229064981
03229040233
03229065271
03229065741
03229041881
03229063099
03229097416
03229078903
03229033960
03229036928
03229060256
03229054312
03229093011
03229059679
03229028734
03229054185
03229065289
03229066728
03229059791
03229065613
03229082405
03229079249
03229070637
03229014296
03229015495
03229089708
03229056242
03229019113
03229095368
03229018935
03229083085
03229026161
03229069777
03229066562
03229060293
03229030251
03229028933
03229040788
03229062052
03229068875
03229052459
03229051322
03229068490
03229076700
03229091727
03229056906
03229063540
03229050868
03229042714
03229039101
03229074619
03229082865
03229086491
03229071244
03229048802
03229081921
03229089195
03229077718
03229029419
03229081518
03229064887
03229035376
03229079673
03229050233
03229062172
03229093891
03229035037
03229037795
03229019002
03229013529
03229026790
03229019315
03229038794
03229099335
03229068245
03229052654
03229079833
03229077894
03229051541
03229026579
03229083285
03229095318
03229011490
03229048330
03229039737
03229063070
03229032632
03229087357
03229087571
03229015945
03229058563
03229097026
03229041493
03229017886
03229056977
03229086187
03229071058
03229069336
03229059701
03229051928
03229043126
03229091214
03229078382
03229085452
03229013273
03229012233
03229055542
03229032031
03229028132
03229023654
03229055734
03229066853
03229082400
03229086707
03229098057
03229055932
03229070927
03229026171
03229039218
03229087242
03229041767
03229056487
03229081448
03229042598
03229011267
03229044977
03229091707
03229080482
03229057243
03229023583
03229043389
03229048523
03229084687
03229047180
03229074084
03229075338
03229060403
03229026532
03229068894
03229017838
03229062152
03229034514
03229074576
03229020969
03229030254
03229043164
03229020482
03229048559
03229015753
03229034726
03229096933
03229042853
03229067256
03229077015
03229040324
03229047649
03229066411
03229032150
03229023464
03229073906
03229081503
03229049533
03229023747
03229052087
03229063880
03229042966
03229060710
03229072873
03229038648
03229019296
03229036690
03229024007
03229075278
03229061452
03229080351
03229014078
03229094830
03229092740
03229013797
03229087754
03229072079
03229083388
03229086208
03229021244
03229051427
03229030002
03229011050
03229039466
03229053715
03229059009
03229076383
03229091077
03229056601
03229028485
03229096077
03229077637
03229034769
03229065314
03229043249
03229078871
03229067298
03229052332
03229029048
03229028633
03229081165
03229077658
03229035736
03229083490
03229019419
03229080007
03229055799
03229059577
03229074501
03229051628
03229087221
03229089293
03229097033
03229036019
03229084540
03229021563
03229023001
03229046499
03229089237
03229037696
03229075359
03229017719
03229010117
03229069558
03229064832
03229081651
03229053946
03229099095
03229082417
03229019505
03229061808
03229017978
03229075519
03229056964
03229011069
03229046015
03229080541
03229076856
03229088343
03229037736
03229029294
03229058708
03229080173
03229076428
03229063330
03229029331
03229082548
03229039395
03229043468
03229018017
03229073373
03229049861
03229073242
03229090966
03229077926
03229067165
03229097682
03229088125
03229088340
03229014615
03229016514
03229022732
03229026923
03229047003
03229011931
03229045697
03229043222
03229057154
03229098502
03229021773
03229031821
03229077470
03229030908
03229090616
03229069763
03229018404
03229043021
03229076036
03229059509
03229099961
03229037826
03229068089
03229013376
03229079174
03229020730
03229023120
03229012779
03229035975
03229076589
03229049504
03229016326
03229017399
03229036851
03229096173
03229086314
03229051599
03229018039
03229095771
03229084842
03229076448
03229036257
03229069935
03229071593
03229040478
03229063223
03229024778
03229039901
03229074104
03229035861
03229075132
03229043778
03229019328
03229088132
03229021770
03229064690
03229070148
03229024888
03229081403
03229074289
03229052364
03229081553
03229046847
03229090807
03229050546
03229089062
03229042054
03229024993
03229091641
03229077119
03229072107
03229030067
03229051526
03229072301
03229072752
03229072966
03229024726
03229076425
03229043294
03229021040
03229042536
03229084467
03229021021
03229029828
03229031081
03229014693
03229051559
03229054853
03229032776
03229065997
03229088381
03229024746
03229050755
03229012815
03229074232
03229050839
03229032049
03229010867
03229083491
03229066658
03229047220
03229085763
03229091703
03229057174
03229097395
03229051921
03229056677
03229097864
03229080564
03229025806
03229047186
03229071245
03229069785
03229020717
03229079723
03229010973
03229010300
03229040081
03229022265
03229039330
03229036371
03229041686
03229026780
03229021545
03229065242
03229060151
03229050494
03229025585
03229011244
03229090121
03229037549
03229075877
03229037247
03229035258
03229038125
03229052164
03229038691
03229017297
03229099637
03229098176
03229034912
03229056927
03229098939
03229036265
03229043029
03229053514
03229071115
03229043409
03229044392
03229049392
03229050017
03229030393
03229070843
03229032153
03229091770
03229072278
03229097825
03229088257
03229071308
03229033997
03229034527
03229082591
03229027559
03229072282
03229093002
03229040443
03229024089
03229079443
03229033868
03229027841
03229017976
03229028977
03229017122
03229096979
03229054470
03229090168
03229089554
03229094139
03229031485
03229029358
03229085865
03229088108
03229067848
03229085144
03229091993
03229062634
03229059102
03229017375
03229070923
03229043556
03229048793
03229020302
03229069948
03229016148
03229052867
03229074648
03229017808
03229094118
03229039823
03229048661
03229094483
03229032576
03229032096
03229041784
03229020341
03229016492
03229017160
03229085715
03229026709
03229026055
03229010913
03229041374
03229081988
03229091173
03229011182
03229025886
03229015916
03229071959
03229014980
03229081968
03229033219
03229082789
03229044825
03229051445
03229016487
03229016563
03229092437
03229097627
03229059840
03229076440
03229037768
03229044359
03229099707
03229070389
03229088206
03229061686
03229049607
03229099655
03229085392
03229067151
03229076466
03229066027
03229083148
03229066281
03229018899
03229028641
03229078752
03229032744
03229022523
03229086570
03229089453
03229025889
03229099357
03229049306
03229096958
03229068895
03229093277
03229029081
03229048779
03229049615
03229073145
03229097015
03229082281
03229020784
03229022975
03229064200
03229066309
03229072304
03229033826
03229047828
03229067191
03229099641
03229037930
03229085163
03229097588
03229013618
03229063796
03229027096
03229053916
03229051198
03229054906
03229073818
03229071031
03229038900
03229064728
03229080712
03229099650
03229084795
03229047384
03229017248
03229033532
03229033750
03229069266
03229036617
03229082160
03229014552
03229066435
03229050219
03229052743
03229020387
03229032166
03229049665
03229059028
03229083731
03229086978
03229029481
03229010206
03229021683
03229095698
03229021946
03229042108
03229049752
03229084075
03229099472
03229085597
03229072653
03229049031
03229073954
03229058117
03229049942
03229066109
03229015896
03229060970
03229031458
03229058130
03229060660
03229098454
03229013281
03229053430
03229038865
03229089235
03229096980
03229097233
03229097816
03229095565
03229037833
03229011803
03229027157
03229028155
03229032408
03229021590
03229015080
03229080838
03229077565
03229082223
03229083555
03229054848
03229067835
03229055520
03229071351
03229061022
03229092001
03229023492
03229028827
03229055032
03229010886
03229094840
03229093772
03229088616
03229075420
03229051214
03229029562
03229020938
03229054377
03229028275
03229092376
03229088738
03229032815
03229099049
03229036539
03229089242
03229026132
03229094741
03229045612
03229091160
03229056642
03229050851
03229029145
03229055786
03229042296
03229073040
03229031295
03229034542
03229045831
03229088310
03229098330
03229073122
03229021521
03229026750
03229021307
03229092221
03229052497
03229038106
03229041331
03229027845
03229055280
03229062471
03229056470
03229034812
03229016640
03229081199
03229065869
03229028750
03229083215
03229063871
03229054243
03229089161
03229059471
03229019634
03229056522
03229089643
03229019834
03229082443
03229090408
03229059692
03229077528
03229067935
03229087601
03229023987
03229042243
03229049828
03229028796
03229050398
03229088379
03229050048
03229047155
03229085826
03229038227
03229053343
03229079962
03229059559
03229015115
03229067278
03229037589
03229078386
03229032749
03229082510
03229043579
03229081584
03229051688
03229072836
03229058405
03229088687
03229048939
03229078942
03229025023
03229048705
03229093597
03229086506
03229075709
03229014043
03229025446
03229038762
03229054541
03229072479
03229023091
03229018295
03229074989
03229066491
03229044506
03229075292
03229050441
03229010249
03229072199
03229089549
03229054852
03229041477
03229098664
03229025921
03229098140
03229020786
03229077562
03229029973
03229061361
03229098216
03229013203
03229065949
03229059745
03229038081
03229073053
03229039405
03229041831
03229098827
03229023844
03229023326
03229010031
03229020487
03229063288
03229041519
03229070355
03229013899
03229013394
03229098497
03229068692
03229052824
03229059155
03229038745
03229087842
03229049788
03229015903
03229061199
03229024568
03229048061
03229074263
03229016207
03229064399
03229071452
03229035887
03229055233
03229068418
03229073371
03229065705
03229031526
03229031445
03229078176
03229062632
03229021441
03229079266
03229016074
03229047966
03229099718
03229038191
03229060378
03229021000
03229037676
03229085210
03229089616
03229079304
03229037170
03229037627
03229099276
03229075264
03229035768
03229058197
03229067659
03229034774
03229042446
03229077507
03229043264
03229079453
03229093450
03229068958
03229094461
03229025394
03229053992
03229074544
03229078015
03229044712
03229085744
03229026722
03229086242
03229046270
03229075929
03229031247
03229066429
03229056261
03229095677
03229073896
03229053781
03229044492
03229073627
03229070458
03229056454
03229037918
03229080925
03229013343
03229013781
03229068718
03229075543
03229011776
03229083635
03229090782
03229075168
03229061223
03229026264
03229013484
03229065413
03229049029
03229079232
03229056204
03229031236
03229067335
03229069025
03229043709
03229027021
03229050957
03229073281
03229035770
03229082721
03229040679
03229080901
03229052740
03229034866
03229029636
03229018090
03229040097
03229063787
03229088902
03229071963
03229058004
03229010698
03229043810
03229091086
03229019471
03229052107
03229075647
03229081092
03229034453
03229090950
03229088368
03229022018
03229017423
03229039222
03229089118
03229068892
03229037215
03229086321
03229062823
03229095436
03229039773
03229019739
03229044163
03229030874
03229030895
03229055915
03229045532
03229043132
03229086166
03229049697
03229076510
03229077065
03229021228
03229045505
03229087426
03229076249
