03013486222
03013465862
03013420549
03013472760
03013440622
03013463344
03013460207
03013422057
03013470506
03013445399
03013470727
03013465914
03013470650
03013476190
03013487582
03013490385
03013432023
03013498572
03013481143
03013453671
03013496676
03013477237
03013481411
03013424352
03013465196
03013478444
03013449253
03013460639
03013485520
03013459403
03013488879
03013464125
03013456607
03013427102
03013454347
03013418837
03013417527
03013437389
03013486247
03013428410
03013467168
03013461060
03013476881
03013418199
03013481625
03013468003
03013482373
03013431469
03013490368
03013461224
03013416079
03013489545
03013488625
03013439138
03013448407
03013441697
03013462177
03013414091
03013499568
03013436536
03013411103
03013456520
03013443547
03013421843
03013468744
03013472858
03013494633
03013412324
03013452733
03013449675
03013429508
03013473354
03013420350
03013447471
03013446997
03013496818
03013481249
03013454272
03013427934
03013498510
03013440528
03013437557
03013465721
03013479698
03013469119
03013495692
03013424070
03013414318
03013430632
03013492780
03013470279
03013438078
03013446160
03013437622
03013436836
03013478044
03013466403
03013460037
03013415271
03013418787
03013494699
03013465358
03013432842
03013445296
03013433388
03013483168
03013458009
03013468779
03013456122
03013489046
03013498940
03013488254
03013438414
03013445247
03013498875
03013480573
03013415810
03013477191
03013438105
03013458740
03013435089
03013416649
03013493632
03013491098
03013420466
03013494410
03013474124
03013477519
03013450450
03013460910
03013468182
03013458711
03013481476
03013459131
03013497243
03013446530
03013466578
03013440113
03013432088
03013490038
03013448576
03013437895
03013489789
03013470076
03013421155
03013461161
03013434697
03013423745
03013456594
03013497753
03013428646
03013439756
03013492070
03013437542
03013494654
03013428469
03013428135
03013435555
03013497947
03013429543
03013456938
03013486116
03013470962
03013469279
03013410613
03013497991
03013426651
03013445050
03013468073
03013487855
03013453202
03013430677
03013424334
03013452968
03013416358
03013415752
03013457932
03013444437
03013444398
03013452092
03013483723
03013430485
03013457487
03013417540
03013457287
03013445458
03013484366
03013420440
03013470220
03013439948
03013460246
03013413137
03013435039
03013459529
03013463734
03013433698
03013413131
03013458602
03013479966
03013452702
03013460572
03013451900
03013438868
03013484956
03013441686
03013412111
03013489918
03013470202
03013491117
03013453548
03013477450
03013473214
03013455630
03013444144
03013453422
03013460290
03013453326
03013452533
03013423033
03013460684
03013447633
03013417635
03013413254
03013470430
03013411196
03013417928
03013456828
03013452018
03013424234
03013431306
03013485795
03013472126
03013431020
03013469912
03013478671
03013472331
03013491506
03013494447
03013450237
03013479102
03013486399
03013482796
03013439922
03013479409
03013415384
03013410312
03013473407
03013459805
03013456933
03013492017
03013412939
03013434265
03013425614
03013436434
03013473759
03013423757
03013455283
03013437900
03013445968
03013459811
03013467752
03013442194
03013485718
03013438558
03013474750
03013458167
03013480995
03013448761
03013431526
03013466236
03013497395
03013438532
03013426854
03013487634
03013471273
03013438519
03013441443
03013441705
03013450826
03013471500
03013479726
03013415193
03013439002
03013456972
03013471320
03013453057
03013465688
03013498571
03013480014
03013436223
03013456547
03013419291
03013418647
03013477472
03013497728
03013493691
03013476826
03013435561
03013415239
03013478810
03013457308
03013425406
03013425781
03013415544
03013495733
03013498760
03013448800
03013485237
03013413839
03013496194
03013495141
03013488310
03013488026
03013490130
03013428745
03013467237
03013421693
03013492479
03013482423
03013468746
03013495302
03013493126
03013419240
03013410161
03013473544
03013444828
03013464617
03013435587
03013492690
03013422418
03013489786
03013413221
03013441428
03013475587
03013454297
03013416887
03013496084
03013494776
03013422383
03013460352
03013430980
03013430620
03013487341
03013494537
03013464945
03013413868
03013422760
03013496386
03013488561
03013430103
03013416091
03013476492
03013490553
03013438638
03013428941
03013440409
03013449222
03013490050
03013459554
03013495619
03013465608
03013489969
03013487317
03013491650
03013467395
03013475591
03013486339
03013473969
03013472919
03013449336
03013483998
03013488259
03013477586
03013422820
03013479007
03013479883
03013455028
03013492275
03013412827
03013496304
03013433856
03013459683
03013497129
03013419009
03013499094
03013463744
03013478249
03013467142
03013454367
03013473161
03013470302
03013449573
03013435360
03013465012
03013486998
03013477628
03013417938
03013446472
03013447168
03013410046
03013414592
03013457184
03013466755
03013438420
03013488232
03013412967
03013415818
03013449934
03013460526
03013494193
03013497774
03013446726
03013499315
03013431751
03013440660
03013492840
03013468307
03013492555
03013497341
03013419196
03013419602
03013499757
03013479034
03013434424
03013452898
03013412573
03013435821
03013474440
03013437090
03013445802
03013465658
03013486257
03013419264
03013430374
03013480589
03013410861
03013450777
03013462431
03013417208
03013493841
03013478968
03013472527
03013436045
03013433261
03013446338
03013411726
03013425382
03013442820
03013449826
03013490850
03013494990
03013457426
03013487720
03013435334
03013479996
03013475494
03013458271
03013457102
03013451972
03013481068
03013413058
03013412487
03013438161
03013462465
03013487717
03013481693
03013452874
03013434910
03013425760
03013420789
03013431577
03013416853
03013479311
03013489483
03013462713
03013492933
03013411707
03013415831
03013495407
03013424273
03013445072
03013442654
03013476593
03013475527
03013450383
03013482434
03013441714
03013435569
03013421865
03013420555
03013421778
03013422987
03013420773
03013449261
03013421603
03013443688
03013489945
03013414916
03013488862
03013469229
03013436637
03013481212
03013472418
03013418480
03013421081
03013490512
03013412780
03013465337
03013445395
03013448989
03013465237
03013417651
03013488213
03013493089
03013419811
03013411123
03013452475
03013460273
03013490191
03013498923
03013485952
03013493866
03013458538
03013481307
03013413452
03013471330
03013468018
03013413036
03013455044
03013461441
03013457047
03013429301
03013491922
03013428933
03013470231
03013476470
03013471565
03013456541
03013432559
03013415087
03013429449
03013410479
03013437522
03013487454
03013462440
03013428588
03013479037
03013437714
03013495260
03013462620
03013424614
03013462543
03013499328
03013494007
03013477376
03013435953
03013464321
03013411106
03013433169
03013484654
03013458370
03013449119
03013473190
03013460553
03013431340
03013419959
03013422453
03013414387
03013453257
03013488530
03013425979
03013466219
03013484002
03013460851
03013430496
03013425582
03013438475
03013477955
03013476006
03013470720
03013466181
03013441554
03013432432
03013466757
03013482716
03013429604
03013476224
03013435611
03013492219
03013494229
03013499389
03013430433
03013471079
03013488403
03013414263
03013497248
03013459078
03013415261
03013480873
03013436084
03013436564
03013442986
03013415326
03013433155
03013446879
03013410371
03013425846
03013433150
03013457163
03013413934
03013492188
03013465394
03013416686
03013477836
03013443734
03013423358
03013478775
03013461037
03013494300
03013426589
03013435786
03013412922
03013457321
03013442093
03013411318
03013436588
03013480707
03013416928
03013455459
03013485308
03013432191
03013496348
03013430193
03013439730
03013414278
03013443068
03013452214
03013425240
03013466372
03013461079
03013442226
03013416498
03013478890
03013438135
03013471716
03013424050
03013495513
03013415343
03013491902
03013448325
03013441783
03013475834
03013499052
03013489258
03013452443
03013440235
03013458475
03013433202
03013420337
03013476239
03013438106
03013487457
03013471143
03013453534
03013494664
03013433220
03013484362
03013419287
03013434031
03013419185
03013470376
03013412538
03013485194
03013463556
03013483210
03013483866
03013454564
03013420218
03013432530
03013411874
03013467233
03013447428
03013426188
03013477114
03013458023
03013472010
03013451379
03013431591
03013485944
03013414677
03013420758
03013448563
03013453660
03013425612
03013487912
03013468372
03013456649
03013434409
03013495564
03013476720
03013467248
03013438650
03013494918
03013423670
03013449335
03013465772
03013456020
03013475583
03013433432
03013423715
03013427346
03013417550
03013424584
03013482370
03013461264
03013462021
03013414252
03013418996
03013471896
03013426594
03013477138
03013486907
03013442798
03013434647
03013430206
03013446001
03013494605
03013444617
03013443501
03013410584
03013413018
03013430623
03013441387
03013463341
03013463104
03013448339
03013455597
03013485606
03013475570
03013480368
03013432472
03013481244
03013497043
03013421216
03013436110
03013483979
03013443242
03013426648
03013442397
03013415413
03013423668
03013450126
03013490110
03013451742
03013452120
03013489022
03013419129
03013419771
03013461414
03013460958
03013432081
03013422847
03013410696
03013496722
03013417155
03013483196
03013419028
03013498159
03013413681
03013458654
03013433390
03013496325
03013446225
03013444665
03013445755
03013413430
03013494096
03013462022
03013451363
03013417968
03013437151
03013468187
03013497605
03013450268
03013451276
03013411598
03013410984
03013459317
03013436468
03013465835
03013414155
03013419409
03013458396
03013486346
03013424494
03013418954
03013424213
03013428489
03013492669
03013483742
03013482022
03013427342
03013445445
03013446080
03013425032
03013457748
03013410051
03013442989
03013494930
03013454660
03013413091
03013489766
03013466887
03013431919
03013487174
03013454364
03013422186
03013467555
03013482169
03013426815
03013444273
03013447265
03013459409
03013488936
03013475142
03013461240
03013427150
03013489479
03013444481
03013484444
03013415582
03013479612
03013446367
03013465518
03013483725
03013411435
03013476420
03013473255
03013434727
03013452066
03013468862
03013416783
03013441314
03013438304
03013461556
03013414467
03013445173
03013477084
03013498814
03013446955
03013486655
03013449890
03013496508
03013482901
03013453509
03013450448
03013470216
03013497508
03013410153
03013420520
03013426088
03013441911
03013482554
03013470638
03013410751
03013459469
03013478064
03013450395
03013438811
03013443529
03013486154
03013454209
03013423076
03013492377
03013410367
03013448165
03013422888
03013434439
03013469282
03013466704
03013457664
03013497069
03013461545
03013411577
03013421203
03013422910
03013455013
03013433519
03013475746
03013424573
03013431545
03013442774
03013474871
03013458759
03013467666
03013450804
03013454997
03013467108
03013426689
03013462360
03013455284
03013460801
03013432446
03013426813
03013472534
03013444271
03013447328
03013496392
03013475714
03013451237
03013421428
03013475207
03013424890
03013473568
03013449206
03013447892
03013456861
03013427484
03013483797
03013410009
03013410407
03013429635
03013491530
03013449602
03013435495
03013489406
03013438510
03013472083
03013446117
03013467331
03013442593
03013442298
03013411419
03013496863
03013464623
03013434731
03013448669
03013417566
03013410742
03013486191
03013479354
03013448859
03013480308
03013421345
03013499663
03013433869
03013494097
03013410246
03013499204
03013478562
03013445274
03013450393
03013435283
03013454528
03013437038
03013415937
03013475244
03013450274
03013479130
03013463788
03013428026
03013414475
03013440446
03013473055
03013423818
03013431053
03013480776
03013411221
03013428257
03013435832
03013455537
03013444413
03013470484
03013439012
03013457084
03013443388
03013463735
03013466144
03013446469
03013461812
03013499447
03013452916
03013411630
03013410946
03013429079
03013440476
03013471664
03013442215
03013435875
03013485152
03013487123
03013466658
03013489286
03013421456
03013419340
03013422034
03013424061
03013426271
03013460400
03013461346
03013411262
03013451298
03013465254
03013415394
03013497644
03013481556
03013447132
03013415027
03013487529
03013496561
03013468072
03013412871
03013440300
03013439557
03013486042
03013499957
03013449694
03013459261
03013483361
03013472353
03013455030
03013454102
03013458228
03013444687
03013427129
03013439778
03013475386
03013426645
03013410424
03013441228
03013443635
03013417817
03013489177
03013426820
03013438230
03013424285
03013438019
03013472096
03013479128
03013480998
03013437434
03013417367
03013481734
03013484504
03013440229
03013410705
03013421398
03013438908
03013496268
03013411152
03013457166
03013452956
03013454427
03013439641
03013460884
03013486137
03013467059
03013424436
03013484155
03013451122
03013433147
03013459221
03013461726
03013425408
03013421241
03013411265
03013493224
03013449538
03013473104
03013420793
03013436102
03013458044
03013490881
03013486415
03013430522
03013441551
03013484788
03013478909
03013492909
03013495257
03013469654
03013485274
03013469858
03013430666
03013432454
03013418244
03013419354
03013413938
03013412997
03013433211
03013430611
03013451357
03013481007
03013439521
03013485297
03013480842
03013410133
03013445684
03013446729
03013438048
03013436373
03013444666
03013449309
03013448759
03013474468
03013476960
03013482885
03013421896
03013458213
03013437889
03013489567
03013476452
03013455550
03013490575
03013474980
03013430183
03013459165
03013434203
03013476549
03013427433
03013439524
03013445225
03013460708
03013474654
03013433224
03013446179
03013457209
03013433281
03013468420
03013425192
03013481357
03013483694
03013443775
03013442394
03013477401
03013430112
03013480003
03013427965
03013472397
03013413467
03013491440
03013463069
03013429747
03013490267
03013431322
03013470704
03013416545
03013478882
03013428577
03013482650
03013468116
03013421875
03013469060
03013491311
03013422177
03013447241
03013472021
03013412033
03013480680
03013456286
03013430358
03013495115
03013431204
03013487789
03013481764
03013477683
03013454199
03013448584
03013455035
03013426056
03013413967
03013415478
03013470440
03013443331
03013462520
03013429634
03013478326
03013485770
03013457075
03013459481
03013474459
03013474714
03013435087
03013486089
03013432761
03013455943
03013460364
03013432787
03013435153
03013455037
03013481048
03013436207
03013439499
03013428756
03013497117
03013450894
03013428450
03013419532
03013466840
03013483179
03013455092
03013475832
03013451736
03013482399
03013451582
03013422261
03013473282
03013449736
03013420656
03013456489
03013452701
03013495674
03013469748
03013421438
03013492640
03013494671
03013493268
03013478813
03013451547
03013416089
03013489392
03013423021
03013481208
03013453808
03013457319
03013437543
03013492641
03013491280
03013419622
03013434365
03013410257
03013456197
03013428851
03013446442
03013477964
03013483571
03013432775
03013426106
03013431312
03013415551
03013483009
03013476054
03013481145
03013426892
03013472168
03013489910
03013476278
03013449174
03013459743
03013462344
03013496785
03013486479
03013481521
03013421145
03013464942
03013435739
03013457095
03013429375
03013436867
03013418335
03013485417
03013413550
03013492586
03013446197
03013416706
03013462835
03013495242
03013418771
03013489982
03013458079
03013491573
03013440012
03013424822
03013479765
03013472662
03013450306
03013410650
03013420472
03013443343
03013485191
03013450513
03013493853
03013432066
03013459962
03013496443
03013485796
03013467832
03013490367
03013474216
03013486175
03013446141
03013457718
03013416025
03013467595
03013414426
03013480694
03013455462
03013427074
03013481035
03013430402
03013469760
03013446467
03013456698
03013441379
03013425111
03013414636
03013425088
03013436622
03013428006
03013493523
03013433144
03013434903
03013419697
03013460519
03013486234
03013420263
03013453547
03013450938
03013499615
03013483863
03013493870
03013467104
03013463739
03013435879
03013429956
03013465010
03013474295
03013462308
03013454788
03013480752
03013489588
03013413495
03013439744
03013467908
03013460685
03013453196
03013465278
03013437593
03013458169
03013452617
03013424574
03013481121
03013447897
03013453906
03013494460
03013435199
03013473527
03013471589
03013479464
03013470145
03013420401
03013499813
03013452597
03013489594
03013477640
03013420043
03013478757
03013495132
03013471612
03013453710
03013431215
03013478356
03013454151
03013430108
03013433665
03013472739
03013480519
03013485638
03013448760
03013497742
03013434336
03013446269
03013447229
03013441252
03013442529
03013482617
03013457170
03013481972
03013429810
03013490718
03013475324
03013410607
03013469187
03013427040
03013460898
03013450149
03013440641
03013474438
03013470146
03013465980
03013421401
03013446218
03013426970
03013417788
03013420241
03013421720
03013454680
03013487888
03013422828
03013481721
03013435808
03013474131
03013452584
03013411344
03013447065
03013495022
03013462873
03013496784
03013459636
03013441801
03013452943
03013440497
03013443543
03013460921
03013411841
03013430369
03013495370
03013423303
03013464190
03013480288
03013442770
03013419851
03013496311
03013455647
03013439381
03013461731
03013413775
03013475130
03013412878
03013467889
03013493602
03013474798
03013495055
03013474455
03013449553
03013495245
03013477768
03013477654
03013410509
03013424178
03013451514
03013480904
03013443186
03013483426
03013456867
03013413616
03013424310
03013492518
03013414709
03013458417
03013471618
03013493842
03013491493
03013450753
03013439375
03013423492
03013435053
03013445861
03013466671
03013440065
03013472607
03013468745
03013465865
03013432169
03013462287
03013427285
03013430350
03013445649
03013453680
03013456109
03013491256
03013438946
03013453125
03013472220
03013482514
03013448115
03013450820
03013420360
03013453180
03013435185
03013464641
03013458060
03013452330
03013455870
03013454276
03013442600
03013464648
03013457507
03013411449
03013433757
03013414681
03013491001
03013481446
03013447592
03013497024
03013492392
03013484359
03013412767
03013417937
03013437732
03013418557
03013452546
03013497628
03013467154
03013440977
03013486937
03013441966
03013415850
03013419705
03013419427
03013474243
03013465564
03013464652
03013467527
03013474955
03013444255
03013476074
03013489032
03013498601
03013479807
03013430648
03013419367
03013457539
03013491513
03013466668
03013456302
03013453796
03013427967
03013468821
03013422417
03013485243
03013463480
03013446084
03013454701
03013488715
03013413298
03013455663
03013422682
03013441657
03013491743
03013488870
03013459513
03013449116
03013426348
03013413918
03013443365
03013422068
03013448137
03013428904
03013439130
03013438750
03013421898
03013478260
03013449464
03013420268
03013485663
03013462054
03013491737
03013450605
03013451826
03013480321
03013421443
03013498713
03013420254
03013455540
03013462776
03013447385
03013466350
03013456944
03013488063
03013441778
03013459854
03013465164
03013452750
03013412937
03013431727
03013479830
03013460536
03013412699
03013456338
03013424349
03013483615
03013476440
03013479099
03013463833
03013435394
03013437019
03013479602
03013438264
03013468795
03013425175
03013492475
03013444652
03013492597
03013445508
03013462332
03013462553
03013482186
03013450686
03013480119
03013418406
03013484300
03013467518
03013472725
03013430327
03013411907
03013490069
03013439127
03013423982
03013476823
03013414109
03013415097
03013443813
03013498942
03013411991
03013429331
03013477342
03013488057
03013452167
03013439627
03013439988
03013460275
03013468284
03013429913
03013487232
03013415028
03013450366
03013493784
03013442162
03013456647
03013458034
03013477906
03013479533
03013467875
03013464293
03013449275
03013488098
03013448194
03013468559
03013444812
03013448352
03013478365
03013429555
03013458000
03013416156
03013446565
03013450340
03013433222
03013462629
03013476605
03013466238
03013461565
03013444311
03013424674
03013475041
03013488760
03013430197
03013434660
03013457461
03013411601
03013485779
03013498534
03013444115
03013465038
03013428066
03013499959
03013455318
03013483607
03013494814
03013491636
03013481909
03013438729
03013471912
03013471076
03013468462
03013460562
03013437318
03013494018
03013426890
03013491795
03013416340
03013435221
03013460632
03013459851
03013448861
03013463423
03013473153
03013479799
03013414614
03013413691
03013420903
03013417953
03013472221
03013417621
03013427155
03013468184
03013476777
03013462670
03013421286
03013482630
03013466750
03013452674
03013425334
03013465712
03013428501
03013453597
03013488734
03013469635
03013463443
03013484711
03013493984
03013482194
03013484188
03013483483
03013479205
03013436535
03013482165
03013480200
03013477945
03013461005
03013420775
03013499691
03013453455
03013441307
03013493801
03013460541
03013431348
03013449589
03013482546
03013435297
03013494139
03013420359
03013466575
03013491065
03013444979
03013416349
03013457460
03013433241
03013478237
03013435426
03013442967
03013422741
03013462998
03013497572
03013426134
03013439121
03013478823
03013486550
03013474729
03013464328
03013444936
03013428810
03013465271
03013494932
03013477257
03013436800
03013432095
03013479108
03013484819
03013432605
03013448185
03013411046
03013458845
03013426709
03013415590
03013412742
03013435220
03013461596
03013487533
03013421454
03013418029
03013498340
03013471060
03013429379
03013462969
03013466481
03013430341
03013463038
03013470969
03013449203
03013491549
03013496132
03013467722
03013479549
03013425365
03013454133
03013493417
03013441325
03013474555
03013451951
03013438726
03013499424
03013423531
03013466080
03013451330
03013413133
03013460783
03013457402
03013482113
03013466930
03013423872
03013447878
03013473830
03013426881
03013412626
03013454478
03013469566
03013493824
03013477216
03013461843
03013467296
03013417026
03013414286
03013416609
03013467498
03013482046
03013478179
03013433400
03013428036
03013415207
03013457015
03013496504
03013477427
03013424243
03013442950
03013464260
03013411708
03013494684
03013410185
03013491800
03013484192
03013427570
03013434373
03013472260
03013419844
03013498484
03013441506
03013438939
03013433255
03013447501
03013497338
03013490108
03013471430
03013482397
03013449471
03013483832
03013431086
03013482604
03013424002
03013479319
03013466905
03013427368
03013470450
03013449587
03013421091
03013469676
03013490217
03013457858
03013499140
03013467031
03013470042
03013483103
03013489456
03013479912
03013444349
03013447654
03013476327
03013479695
03013491893
03013489097
03013481952
03013499165
03013487319
03013452813
03013423391
03013433704
03013414788
03013427876
03013463597
03013427580
03013467798
03013460664
03013424457
03013444891
03013449393
03013456131
03013477392
03013471829
03013448721
03013475397
03013448360
03013430307
03013420066
03013488326
03013492941
03013429332
03013436178
03013454758
03013432108
03013490222
03013484953
03013428202
03013483131
03013496773
03013497699
03013435971
03013475428
03013429982
03013435542
03013439450
03013478231
03013428791
03013455454
03013499457
03013498260
03013420195
03013420064
03013440375
03013461153
03013468858
03013467252
03013464486
03013430450
03013491697
03013424671
03013435690
03013414649
03013475711
03013424056
03013416689
03013466262
03013459358
03013479692
03013435857
03013473292
03013445414
03013412817
03013490856
03013417822
03013410094
03013464149
03013473877
03013437917
03013434563
03013412043
03013449847
03013478398
03013439248
03013459343
03013415878
03013432287
03013467249
03013431599
03013465762
03013438284
03013426704
03013414779
03013466553
03013463581
03013453080
03013431398
03013482767
03013431998
03013460837
03013422609
03013484206
03013467082
03013461140
03013448335
03013478002
03013449430
03013454391
03013466300
03013430494
03013453780
03013474275
03013424065
03013423646
03013464802
03013497312
03013484808
03013457345
03013427070
03013412442
03013486113
03013476077
03013451268
03013446513
03013411068
03013442479
03013422897
03013473725
03013477996
03013427837
03013482764
03013417257
03013490912
03013481341
03013466447
03013477895
03013461761
03013484503
03013452429
03013490713
03013442906
03013498778
03013455768
03013446589
03013425422
03013481614
03013433766
03013410166
03013479947
03013459552
03013454009
03013462221
03013498162
03013455232
03013488014
03013481102
03013447861
03013446068
03013495809
03013482037
03013480055
03013493895
03013476003
03013483935
03013449175
03013411493
03013445768
03013422626
03013433684
03013485363
03013447735
03013455300
03013495889
03013497475
03013424304
03013439959
03013467829
03013447889
03013423212
03013463248
03013428691
03013479416
03013468285
03013470016
03013445716
03013413090
03013480659
03013436642
03013451879
03013444645
03013447097
03013416740
03013475712
03013452694
03013449418
03013497678
03013484590
03013498673
03013476794
03013413783
03013431382
03013428536
03013416561
03013489800
03013460143
03013499931
03013492124
03013483627
03013423556
03013460589
03013478239
03013447919
03013458825
03013416806
03013465204
03013496586
03013415650
03013479158
03013465776
03013490063
03013465109
03013485983
03013481804
03013440718
03013461263
03013430994
03013479587
03013443195
03013448057
03013426625
03013455368
03013469156
03013471095
03013431865
03013462855
03013478484
03013445785
03013420965
03013497031
03013413086
03013491289
03013466406
03013499177
03013457915
03013458905
03013487490
03013452831
03013482028
03013432896
03013486730
03013448674
03013446732
03013475843
03013429148
03013420344
03013448929
03013435570
03013496930
03013476824
03013449396
03013484941
03013465049
03013433731
03013437165
03013469285
03013419991
03013469098
03013468077
03013472897
03013490514
03013474312
03013462086
03013473079
03013420681
03013455704
03013495225
03013444597
03013449936
03013436260
03013484364
03013460754
03013486466
03013487011
03013449948
03013480724
03013425441
03013472035
03013461461
03013416155
03013486068
03013457323
03013422353
03013473964
03013422440
03013419099
03013444862
03013436146
03013412904
03013417632
03013480596
03013472501
03013456217
03013466450
03013456069
03013499662
03013440344
03013452333
03013472822
03013492459
03013488642
03013498475
03013411627
03013446720
03013487217
03013488560
03013494550
03013497062
03013456742
03013416988
03013439732
03013464560
03013446717
03013433264
03013476125
03013499734
03013413790
03013423356
03013466732
03013480157
03013413964
03013497204
03013485480
03013483497
03013424655
03013425778
03013421116
03013463821
03013430783
03013484501
03013429893
03013419875
03013475488
03013410812
03013472379
03013457645
03013447586
03013418353
03013420569
03013473980
03013415758
03013451771
03013484542
03013426717
03013491508
03013452945
03013459960
03013464219
03013452598
03013441494
03013449466
03013425727
03013484511
03013414423
03013461239
03013463905
03013468772
03013418251
03013485499
03013492920
03013473662
03013432487
03013444685
03013471229
03013422451
03013442089
03013466203
03013446162
03013498206
03013445433
03013456779
03013433146
03013472833
03013418850
03013456897
03013411223
03013489288
03013435035
03013411390
03013490977
03013496389
03013411139
03013453925
03013483681
03013449581
03013488481
03013422837
03013478108
03013452055
03013416878
03013446823
03013481716
03013437508
03013460473
03013410508
03013475291
03013444463
03013479564
03013486304
03013468989
03013460302
03013446939
03013430758
03013495939
03013499401
03013428601
03013481697
03013484373
03013497452
03013433294
03013480251
03013426061
03013492606
03013488163
03013482522
03013455420
03013443845
03013417695
03013475368
03013467325
03013448882
03013439901
03013486322
03013496424
03013413997
03013490571
03013424600
03013427400
03013450837
03013452922
03013453642
03013459879
03013441140
03013493734
03013454603
03013411205
03013413529
03013411447
03013467866
03013422344
03013492768
03013489043
03013435719
03013484612
03013410936
03013411420
03013444436
03013418059
03013432177
03013480983
03013481072
03013424212
03013475579
03013498661
03013441768
03013481177
03013429600
03013440929
03013457816
03013434227
03013473591
03013494279
03013428696
03013472793
03013489652
03013469894
03013428557
03013478369
03013421229
03013488881
03013424469
03013493735
03013425736
03013439417
03013499948
03013448820
03013484856
03013427702
03013460156
03013447722
03013430132
03013489316
03013425884
03013412786
03013426098
03013441167
03013463168
03013487264
03013494790
03013426796
03013476708
03013428073
03013417141
03013478341
03013471642
03013415169
03013449146
03013492191
03013499742
03013481844
03013472924
03013481229
03013421114
03013452957
03013456072
03013430113
03013474070
03013450232
03013446557
03013498564
03013483476
03013463768
03013457108
03013437202
03013458061
03013494091
03013497673
03013497663
03013422275
03013421606
03013436843
03013433651
03013436691
03013424083
03013457543
03013474211
03013442368
03013437940
03013489574
03013444040
03013439861
03013423746
03013459937
03013442053
03013434307
03013438717
03013496682
03013477840
03013470584
03013479777
03013488166
03013451401
03013491056
03013465411
03013491085
03013491089
03013498100
03013464817
03013475261
03013480075
03013459623
03013484271
03013419306
03013419381
03013416527
03013476021
03013460623
03013493901
03013419727
03013417246
03013478712
03013477264
03013416007
03013479955
03013455373
03013414388
03013419823
03013451691
03013441828
03013448676
03013482250
03013445634
03013422923
03013492131
03013483125
03013451279
03013439840
03013487505
03013479223
03013464600
03013443671
03013457782
03013415001
03013419336
03013490651
03013486110
03013466396
03013419154
03013494264
03013431673
03013473810
03013422447
03013488147
03013475078
03013411134
03013442726
03013450428
03013455438
03013428383
03013417794
03013435594
03013437056
03013473746
03013483107
03013424396
03013492896
03013452908
03013420782
03013440504
03013452646
03013435041
03013476950
03013458224
03013464954
03013436037
03013410339
03013428278
03013418004
03013485295
03013422674
03013454411
03013450576
03013471823
03013440144
03013497113
03013486428
03013428794
03013415287
03013482519
03013422187
03013445589
03013461713
03013413487
03013498371
03013487868
03013491169
03013421164
03013487406
03013411197
03013416854
03013490737
03013422150
03013437433
03013443088
03013495120
03013481182
03013482631
03013420413
03013484849
03013412764
03013423669
03013419967
03013411709
03013443484
03013419753
03013494430
03013436036
03013487009
03013490448
03013466565
03013471808
03013424302
03013466543
03013459406
03013450659
03013413069
03013492786
03013491192
03013493965
03013490424
03013495690
03013471728
03013472199
03013487399
03013441004
03013491465
03013443666
03013424912
03013441300
03013424072
03013474702
03013467901
03013479459
03013477679
03013467652
03013416766
03013480817
03013459169
03013416240
03013487942
03013455585
03013428351
03013471279
03013470817
03013414639
03013427072
03013451263
03013469561
03013427626
03013493657
03013418798
03013433245
03013424276
03013471756
03013447554
03013495032
03013495544
03013446782
03013477882
03013425264
03013485010
03013471085
03013449600
03013498641
03013479946
03013472979
03013445417
03013476019
03013410374
03013434795
03013474183
03013451058
03013443376
03013416581
03013426364
03013464392
03013492403
03013455350
03013413673
03013430414
03013481924
03013441456
03013443624
03013474394
03013420098
03013485785
03013463625
03013469458
03013410060
03013430320
03013443341
03013421217
03013415998
03013447125
03013478283
03013424144
03013451606
03013483282
03013484003
03013459061
03013416528
03013454006
03013428379
03013446634
03013490450
03013468667
03013431151
03013454379
03013422531
03013411591
03013454595
03013489160
03013455016
03013467056
03013425319
03013466284
03013424589
03013471169
03013497687
03013420738
03013495364
03013410366
03013417266
03013414119
03013431206
03013462066
03013447131
03013497921
03013482395
03013427096
03013420387
03013477544
03013473463
03013419284
03013417118
03013432474
03013415079
03013487528
03013418729
03013488745
03013411033
03013413073
03013460981
03013441573
03013411227
03013498824
03013485322
03013458692
03013412833
03013454336
03013418840
03013433268
03013428344
03013445909
03013495086
03013458300
03013413884
03013440259
03013491324
03013449524
03013491239
03013425748
03013427920
03013485164
03013489512
03013451856
03013446999
03013438695
03013489645
03013410159
03013411289
03013489691
03013482290
03013449384
03013475693
03013432381
03013476744
03013488438
03013485087
03013428058
03013487119
03013449199
03013427553
03013424198
03013458817
03013418589
03013474820
03013496203
03013469204
03013481281
03013419793
03013487325
03013433061
03013456408
03013421715
03013446968
03013438322
03013451221
03013474138
03013464691
03013431258
03013417055
03013456218
03013412795
03013438190
03013437366
03013458942
03013472779
03013419025
03013497689
03013419664
03013498045
03013440312
03013422800
03013448654
03013420105
03013414824
03013413955
03013432804
03013430007
03013469897
03013494965
03013416323
03013419285
03013485413
03013438421
03013437217
03013410949
03013463366
03013499574
03013455860
03013432144
03013471334
03013411402
03013449902
03013480399
03013437453
03013437261
03013496425
03013462256
03013413641
03013489635
03013413396
03013458363
03013481402
03013422665
03013415521
03013454032
03013449867
03013494726
03013498453
03013487047
03013486320
03013417830
03013492591
03013418905
03013456189
03013473529
03013434357
03013481807
03013495202
03013434323
03013420090
03013442184
03013452967
03013411398
03013498752
03013439706
03013477371
03013476694
03013436379
03013467751
03013456256
03013499774
03013462747
03013422900
03013434650
03013456916
03013413499
03013457406
03013445096
03013485014
03013493572
03013457310
03013461493
03013481263
03013463731
03013462067
03013480448
03013418438
03013455311
03013493306
03013416178
03013473233
03013469697
03013414326
03013472495
03013418031
03013462074
03013419295
03013430064
03013412500
03013489665
03013457983
03013456414
03013410781
03013411457
03013447157
03013438285
03013420824
03013415242
03013484777
03013463071
03013467953
03013417825
03013441441
03013478212
03013496107
03013412962
03013487303
03013437818
03013450018
03013444743
03013426540
03013493049
03013418776
03013430835
03013442590
03013441003
03013486815
03013495332
03013425801
03013454949
03013481071
03013467644
03013424849
03013452949
03013450609
03013433290
03013480152
03013434487
03013478063
03013431400
03013410162
03013486298
03013462372
03013436113
03013476388
03013487761
03013431991
03013492246
03013462482
03013480045
03013413240
03013429873
03013417732
03013492681
03013416321
03013495695
03013479820
03013428426
03013489445
03013437270
03013413004
03013436754
03013473797
03013474703
03013471258
03013460013
03013423702
03013454012
03013457665
03013415530
03013431556
03013413342
03013416378
03013491305
03013432478
03013464615
03013481746
03013493809
03013462703
03013418588
03013487599
03013490269
03013494975
03013435217
03013457928
03013416968
03013484457
03013454667
03013449637
03013441955
03013472891
03013488740
03013449543
03013488575
03013461410
03013445056
03013464058
03013477979
03013434580
03013446952
03013448489
03013499897
03013426427
03013460202
03013447858
03013489217
03013415204
03013446680
03013481874
03013443461
03013450300
03013418165
03013486197
03013484434
03013476283
03013424795
03013465774
03013437043
03013473208
03013460862
03013481918
03013471386
03013443487
03013482934
03013479887
03013445067
03013459486
03013436690
03013443512
03013415830
03013428122
03013471636
03013439110
03013490371
03013481480
03013497725
03013469110
03013495239
03013439462
03013460081
03013429430
03013438439
03013431378
03013476976
03013428846
03013420260
03013498284
03013440935
03013461372
03013466570
03013428511
03013470008
03013423862
03013477268
03013467971
03013444150
03013455718
03013438362
03013427631
03013446528
03013447087
03013494062
03013494803
03013416005
03013468049
03013467933
03013477969
03013421399
03013478961
03013411305
03013414056
03013451555
03013477509
03013468090
03013430640
03013416430
03013445227
03013474895
03013485546
03013472540
03013461860
03013411472
03013484927
03013420457
03013451088
03013483744
03013492967
03013421719
03013416261
03013484850
03013455290
03013482913
03013434042
03013430235
03013473001
03013483402
03013464689
03013487608
03013417205
03013455951
03013459736
03013425712
03013490462
03013476059
03013425078
03013493559
03013493134
03013452736
03013455427
03013474546
03013432202
03013483331
03013431078
03013466795
03013426880
03013437655
03013485994
03013489586
03013412257
03013447863
03013466705
03013422218
03013485177
03013496597
03013412175
03013414992
03013483347
03013420856
03013484932
03013444654
03013455520
03013425191
03013494744
03013410675
03013475028
03013458665
03013499408
03013428584
03013449063
03013460834
03013423868
03013480744
03013450710
03013450711
03013473176
03013482642
03013456522
03013427034
03013427619
03013443694
03013411873
03013459006
03013468244
03013490882
03013428481
03013481383
03013478141
03013450842
03013472079
03013440124
03013489614
03013487548
03013427810
03013452847
03013456120
03013451851
03013478989
03013486586
03013461001
03013463194
03013487029
03013442837
03013441473
03013434466
03013445885
03013438999
03013432349
03013495688
03013426825
03013493822
03013483318
03013417035
03013411826
03013413317
03013435737
03013442431
03013484146
03013430184
03013418024
03013450443
03013498220
03013488755
03013483743
03013491129
03013463162
03013467289
03013429795
03013450085
03013448044
03013466617
03013480499
03013424844
03013416169
03013426770
03013456415
03013482595
03013442383
03013445791
03013455153
03013445253
03013446302
03013470513
03013415984
03013492569
03013417109
03013413689
03013467705
03013448804
03013468561
03013410558
03013464973
03013498273
03013459094
03013450344
03013471304
03013422984
03013471710
03013445603
03013422154
03013445777
03013468290
03013450417
03013431326
03013488473
03013419568
03013415660
03013427731
03013447588
03013475640
03013443067
03013437441
03013484833
03013492649
03013474719
03013412685
03013436396
03013436965
03013499239
03013446465
03013456059
03013415526
03013426570
03013476426
03013485110
03013459611
03013470673
03013443237
03013423099
03013438005
03013420096
03013484657
03013497541
03013498028
03013439974
03013421906
03013454772
03013421652
03013465510
03013478655
03013416067
03013496990
03013489868
03013485189
03013446537
03013421825
03013494357
03013415800
03013461903
03013462493
03013439233
03013442620
03013487977
03013433516
03013420402
03013436916
03013446828
03013472553
03013422259
03013470624
03013415144
03013438367
03013498023
03013453544
03013450152
03013493620
03013471797
03013435422
03013410916
03013473682
03013453368
03013437909
03013453986
03013416180
03013425738
03013468856
03013442191
03013435047
03013458795
03013497354
03013413238
03013487953
03013444492
03013488389
03013434370
03013484736
03013418681
03013493807
03013426366
03013474723
03013470839
03013488198
03013448513
03013468280
03013444205
03013422180
03013490106
03013427071
03013428317
03013436164
03013444434
03013431285
03013433172
03013482492
03013482929
03013446814
03013453403
03013428432
03013480097
03013479572
03013499636
03013484785
03013465591
03013437426
03013450685
03013492235
03013449735
03013447315
03013478644
03013429504
03013449710
03013447900
03013481532
03013446675
03013452085
03013430478
03013461189
03013468803
03013456668
03013436447
03013455216
03013451878
03013488032
03013459287
03013440404
03013497934
03013494626
03013491267
03013488562
03013463728
03013438545
03013416950
03013452679
03013476385
03013436081
03013435810
03013494698
03013483969
03013429400
03013432781
03013477456
03013482748
03013465282
03013476346
03013472120
03013449094
03013438447
03013415981
03013469212
03013450013
03013485548
03013448878
03013441066
03013449381
03013484017
03013438237
03013461148
03013441744
03013445211
03013429725
03013499406
03013431590
03013494396
03013425378
03013474105
03013472698
03013451548
03013419096
03013424350
03013494005
03013433677
03013421587
03013422505
03013442172
03013450115
03013447747
03013493764
03013469333
03013466936
03013467131
03013427507
03013431879
03013485368
03013434587
03013445382
03013465431
03013471633
03013435711
03013437536
03013422295
03013477001
03013476940
03013440530
03013454698
03013413068
03013441876
03013436224
03013462165
03013498465
03013466452
03013424527
03013498918
03013447061
03013475653
03013427794
03013461512
03013496064
03013493997
03013451447
03013473653
03013462789
03013432274
03013462516
03013430634
03013488736
03013438111
03013461663
03013447462
03013488638
03013467747
03013471709
03013456676
03013444646
03013481975
03013487474
03013437046
03013468471
03013432961
03013447683
03013483870
03013469367
03013460599
03013448641
03013414212
03013492181
03013453139
03013498113
03013412348
03013418989
03013435888
03013431170
03013475351
03013418976
03013483147
03013479536
03013473986
03013488126
03013493907
03013466485
03013494318
03013431596
03013482950
03013479021
03013431318
03013477792
03013416749
03013486863
03013446924
03013481657
03013423067
03013442463
03013499980
03013445528
03013495293
03013454612
03013452730
03013459425
03013481689
03013467091
03013472332
03013490738
03013423645
03013460777
03013486612
03013453587
03013492182
03013482156
03013419894
03013435343
03013462625
03013499483
03013474118
03013422710
03013495599
03013432126
03013488964
03013449513
03013452283
03013476512
03013483166
03013434008
03013413296
03013419374
03013435396
03013434481
03013459820
03013438195
03013449906
03013434012
03013427765
03013410618
03013488283
03013473458
03013455972
03013493336
03013489475
03013440911
03013422569
03013486911
03013410184
03013432667
03013455128
03013478612
03013492630
03013483954
03013460523
03013449562
03013478126
03013452277
03013420048
03013414225
03013440478
03013470325
03013447480
03013467238
03013418191
03013457700
03013422335
03013481698
03013463163
03013434860
03013488864
03013485835
03013459122
03013449251
03013439626
03013431876
03013495627
03013411371
03013453943
03013496255
03013423824
03013480629
03013464245
03013456783
03013441850
03013475865
03013477672
03013455885
03013490570
03013474057
03013467194
03013433011
03013475145
03013431774
03013418576
03013440871
03013423748
03013497806
03013466264
03013492777
03013433508
03013434703
03013420896
03013417686
03013482499
03013492239
03013460282
03013444222
03013446501
03013466851
03013461407
03013415849
03013462819
03013445446
03013459372
03013498294
03013411777
03013491927
03013446118
03013431135
03013498864
03013420481
03013428262
03013492795
03013413071
03013472507
03013414971
03013482822
03013497981
03013464006
03013441162
03013456775
03013482657
03013473385
03013483248
03013481893
03013422971
03013456632
03013441639
03013430018
03013413738
03013415925
03013472106
03013436845
03013460928
03013463406
03013438434
03013467969
03013480999
03013441580
03013488585
03013489761
03013418822
03013462017
03013463976
03013415881
03013447210
03013471714
03013431529
03013484029
03013497400
03013447250
03013480162
03013472060
03013476123
03013416401
03013498001
03013468955
03013489486
03013489495
03013468845
03013412337
03013420689
03013476225
03013411578
03013451564
03013444387
03013430012
03013483006
03013466762
03013452577
03013467014
03013463834
03013411368
03013419272
03013466012
03013466564
03013451257
03013425102
03013457610
03013425007
03013416337
03013466799
03013489595
03013480766
03013491346
03013462311
03013451567
03013482998
03013472624
03013499099
03013449976
03013455273
03013451639
03013495191
03013470985
03013460135
03013479965
03013474999
03013414394
03013440744
03013452729
03013480236
03013416327
03013460692
03013456851
03013450389
03013431437
03013417698
03013464383
03013431884
03013443838
03013490406
03013453890
03013486630
03013430812
03013460218
03013482076
03013494137
03013453478
03013466748
03013413858
03013456094
03013467632
03013470820
03013495579
03013491121
03013445137
03013417969
03013450007
03013467674
03013414069
03013464439
03013430653
03013451560
03013454925
03013434715
03013468381
03013464867
03013447720
03013441301
03013484355
03013429323
03013419746
03013457565
03013496555
03013414385
03013446606
03013499251
03013489218
03013479568
03013435858
03013426577
03013419246
03013413915
03013493830
03013488463
03013436244
03013439821
03013477270
03013429564
03013476615
03013477265
03013448447
03013439212
03013418763
03013498366
03013491227
03013419911
03013429519
03013411224
03013461797
03013425390
03013460403
03013453451
03013487556
03013421067
03013414817
03013495871
03013461970
03013426055
03013416241
03013421610
03013415702
03013428348
03013415468
03013454465
03013412307
03013476403
03013411476
03013462951
03013490181
03013480949
03013419290
03013465938
03013480488
03013415121
03013494749
03013413370
03013469307
03013450048
03013424633
03013464780
03013493856
03013453512
03013440378
03013415177
03013425003
03013481399
03013460373
03013455654
03013432744
03013410863
03013443901
03013495411
03013428039
03013498846
03013435209
03013479453
03013434161
03013421618
03013434329
03013480750
03013467221
03013446934
03013471561
03013491068
03013463567
03013421612
03013471928
03013475496
03013496299
03013476477
03013425685
03013458549
03013486672
03013420576
03013463635
03013433193
03013496530
03013477193
03013471219
03013499337
03013498546
03013460871
03013422009
03013420494
03013465933
03013458647
03013474058
03013479288
03013490673
03013437181
03013490823
03013413438
03013484093
03013441675
03013447295
03013481682
03013442948
03013423482
03013439327
03013412136
03013451561
03013478454
03013440297
03013448536
03013458877
03013470525
03013488425
03013417142
03013457136
03013467883
03013414138
03013486063
03013449551
03013470574
03013497634
03013462965
03013426894
03013465711
03013496207
03013494795
03013485803
03013425036
03013421368
03013495848
03013479542
03013491517
03013449234
03013495511
03013428271
03013475854
03013459218
03013448735
03013470448
03013442039
03013425636
03013410110
03013415180
03013435691
03013490862
03013484361
03013433536
03013491118
03013469297
03013476685
03013427375
03013434541
03013471101
03013449661
03013418716
03013416053
03013457771
03013443119
03013417340
03013465757
03013453418
03013418929
03013452687
03013451740
03013490983
03013496908
03013461625
03013481258
03013492028
03013454919
03013437327
03013479103
03013428534
03013471997
03013452854
03013411714
03013430020
03013410434
03013452267
03013433917
03013452070
03013419163
03013479761
03013445001
03013420415
03013499572
03013412218
03013418083
03013416098
03013431394
03013488621
03013457423
03013463440
03013444708
03013493954
03013416452
03013471911
03013477269
03013421765
03013490048
03013455437
03013442566
03013477664
03013427750
03013437774
03013413490
03013419500
03013466858
03013433523
03013471979
03013445981
03013468335
03013484830
03013469039
03013473944
03013438821
03013474413
03013439913
03013465289
03013495431
03013448274
03013485311
03013493981
03013480355
03013424057
03013474801
03013497398
03013489713
03013489563
03013477849
03013421908
03013410931
03013490332
03013478323
03013424488
03013491199
03013469120
03013439849
03013423899
03013491461
03013498726
03013417462
03013448117
03013487080
03013440820
03013482943
03013484115
03013481024
03013412375
03013456065
03013442438
03013426384
03013412924
03013433135
03013495443
03013492057
03013436124
03013482265
03013456418
03013498643
03013446427
03013473898
03013461160
03013483611
03013460497
03013481444
03013483214
03013470792
03013425440
03013471532
03013456813
03013486585
03013493928
03013445864
03013493274
03013483237
03013471476
03013414454
03013475195
03013440501
03013451814
03013447894
03013451939
03013411563
03013458063
03013473676
03013447791
03013487774
03013442308
03013418819
03013413181
03013479659
03013419713
03013422446
03013497809
03013431860
03013486934
03013498898
03013499252
03013455853
03013432456
03013467060
03013412206
03013420581
03013421669
03013476667
03013423447
03013436894
03013433397
03013435717
03013469880
03013425150
03013497115
03013477648
03013483757
03013447617
03013444276
03013475109
03013444174
03013480092
03013451763
03013492008
03013410729
03013443335
03013422598
03013441602
03013452562
03013492040
03013419483
03013444503
03013418202
03013461470
03013427210
03013466104
03013432527
03013494429
03013495371
03013464795
03013479784
03013470314
03013483995
03013413889
03013432790
03013472659
03013434744
03013415141
03013451634
03013411576
03013457346
03013422885
03013459768
03013468818
03013429661
03013473741
03013437149
03013480111
03013414296
03013443677
03013489073
03013425377
03013435645
03013450438
03013417652
03013415090
03013479737
03013479379
03013433263
03013467767
03013478118
03013470135
03013438069
03013413312
03013426461
03013480463
03013462136
03013421617
03013458433
03013452841
03013458392
03013436442
03013458786
03013457280
03013415260
03013450499
03013487989
03013413530
03013440318
03013424815
03013458847
03013497488
03013436544
03013461729
03013477609
03013443506
03013459460
03013475366
03013451543
03013499079
03013471520
03013465333
03013455855
03013463213
03013426937
03013448514
03013482803
03013492045
03013481209
03013456303
03013492567
03013464477
03013428879
03013412319
03013419732
03013427448
03013453303
03013462721
03013472358
03013454464
03013428973
03013464384
03013418734
03013484527
03013478110
03013498973
03013477475
03013457341
03013484899
03013455181
03013458200
03013443739
03013449515
03013422655
03013457675
03013477105
03013497878
03013417197
03013416295
03013466801
03013416278
03013480240
03013469162
03013413132
03013414626
03013447141
03013455633
03013473601
03013498240
03013440883
03013426721
03013462029
03013446518
03013436360
03013491471
03013444478
03013442409
03013425648
03013449540
03013496310
03013434366
03013479364
03013489663
03013462056
03013450343
03013455424
03013459067
03013455160
03013493195
03013487662
03013412694
03013484143
03013449572
03013471394
03013463484
03013451832
03013421841
03013483740
03013486659
03013414297
03013431479
03013481709
03013486295
03013466204
03013432626
03013455468
03013478005
03013467657
03013410967
03013432098
03013419968
03013479118
03013492394
03013435262
03013457477
03013493577
03013423257
03013442815
03013481816
03013471560
03013468833
03013458856
03013423665
03013494906
03013471015
03013462164
03013497708
03013483486
03013450963
03013486824
03013439028
03013476367
03013495851
03013417716
03013499955
03013481061
03013487503
03013482228
03013455564
03013492726
03013414776
03013479000
03013428221
03013494354
03013428263
03013460482
03013443843
03013432481
03013459918
03013412876
03013444140
03013462630
03013437720
03013484453
03013415840
03013469948
03013427480
03013481134
03013410317
03013492293
03013431908
03013453366
03013458894
03013454110
03013497726
03013442859
03013484057
03013486604
03013430939
03013480129
03013492014
03013433943
03013455223
03013490480
03013465806
03013454343
03013442968
03013426152
03013432227
03013440737
03013436973
03013415502
03013465221
03013417554
03013454748
03013474429
03013482408
03013412732
03013482867
03013425634
03013469326
03013440244
03013430537
03013454941
03013475861
03013440848
03013431691
03013456575
03013457590
03013492438
03013481897
03013466595
03013472257
03013490653
03013444511
03013437949
03013488940
03013427213
03013426667
03013413372
03013460752
03013425544
03013427357
03013435532
03013466502
03013431856
03013428862
03013448530
03013489569
03013497261
03013466380
03013464616
03013463109
03013424686
03013435539
03013464822
03013422616
03013467106
03013499880
03013491378
03013480398
03013422405
03013423063
03013483323
03013450959
03013482491
03013483775
03013437897
03013474782
03013493927
03013498420
03013442659
03013426871
03013469784
03013429397
03013473626
03013494414
03013411986
03013483160
03013467005
03013460329
03013426057
03013417281
03013447571
03013455114
03013479688
03013415333
03013421834
03013427333
03013435289
03013480353
03013452208
03013415543
03013449365
03013445086
03013410633
03013414786
03013467960
03013421957
03013436238
03013454901
03013491196
03013426422
03013479391
03013413392
03013462076
03013497005
03013466042
03013447473
03013434919
03013428661
03013458208
03013459449
03013472093
03013471087
03013422544
03013489430
03013426258
03013469332
03013443985
03013493814
03013445049
03013466899
03013452218
03013456994
03013458097
03013495324
03013467247
03013448971
03013488492
03013488911
03013464085
03013421867
03013455897
03013478442
03013466961
03013441062
03013486166
03013468069
03013414445
03013416425
03013452425
03013455337
03013431241
03013496873
03013414587
03013413693
03013465471
03013479884
03013421863
03013482436
03013463933
03013460416
03013412492
03013453357
03013461173
03013470718
03013480226
03013442250
03013479689
03013469715
03013470538
03013449220
03013451472
03013444102
03013422469
03013485196
03013462044
03013457819
03013425745
03013430603
03013450474
03013420101
03013496881
03013425753
03013480737
03013453553
03013427198
03013469087
03013466629
03013461450
03013443405
03013425084
03013435980
03013468379
03013415447
03013487843
03013472195
03013436736
03013482709
03013484798
03013423233
03013447652
03013463114
03013469591
03013443001
03013494687
03013459818
03013424617
03013438187
03013429813
03013464292
03013479327
03013489981
03013426673
03013415052
03013410601
03013464063
03013487769
03013419017
03013416682
03013449215
03013493665
03013442372
03013437902
03013458408
03013437392
03013412083
03013413571
03013417622
03013483961
03013484196
03013474400
03013481857
03013461964
03013431637
03013481387
03013491828
03013441495
03013456652
03013490695
03013425465
03013461170
03013457143
03013479624
03013420734
03013415378
03013459883
03013455047
03013450574
03013426319
03013445471
03013466153
03013482245
03013471404
03013448279
03013495863
03013452209
03013476807
03013464112
03013472359
03013442711
03013430855
03013436201
03013496275
03013482206
03013445890
03013456132
03013426679
03013427188
03013475187
03013492563
03013416906
03013476732
03013487603
03013457767
03013491348
03013487141
03013453688
03013462575
03013433387
03013457877
03013428928
03013440657
03013499612
03013461678
03013460232
03013433108
03013495964
03013489285
03013479845
03013426583
03013453106
03013418458
03013426287
03013489933
03013483348
03013438528
03013469488
03013428367
03013423385
03013451132
03013463183
03013465338
03013423553
03013470139
03013460675
03013438095
03013460861
03013489666
03013410423
03013472977
03013455618
03013482594
03013484211
03013495900
03013493571
03013431224
03013485901
03013412718
03013476386
03013463799
03013458273
03013474977
03013497670
03013474419
03013452819
03013417653
03013449937
03013434207
03013410001
03013476020
03013477473
03013434273
03013438124
03013490092
03013472432
03013457869
03013428424
03013490178
03013416159
03013443323
03013453310
03013482660
03013427730
03013455934
03013485276
03013434796
03013492161
03013465230
03013440190
03013486797
03013465280
03013495162
03013463005
03013463676
03013472013
03013460485
03013475576
03013499322
03013466232
03013431252
03013478144
03013448321
03013446086
03013421138
03013457476
03013422539
03013460226
03013420476
03013449139
03013421667
03013415009
03013446688
03013496885
03013432376
03013442087
03013499410
03013417840
03013441514
03013435830
03013490675
03013432733
03013472844
03013494192
03013420383
03013455673
03013467746
03013487077
03013451407
03013449586
03013439190
03013413658
03013418806
03013417650
03013426571
03013481062
03013416140
03013473494
03013447995
03013411155
03013439636
03013418398
03013476165
03013481482
03013424717
03013495422
03013487469
03013415587
03013473241
03013410876
03013411711
03013479162
03013437092
03013439328
03013434589
03013463601
03013497102
03013489272
03013493185
03013440044
03013485752
03013499033
03013433760
03013418179
03013464104
03013451670
03013456703
03013421436
03013461431
03013477204
03013478529
03013437275
03013491581
03013428329
03013462359
03013455985
03013462116
03013492025
03013465948
03013491166
03013439644
03013470661
03013413277
03013422018
03013428333
03013476812
03013438905
03013484393
03013419885
03013421883
03013446451
03013478354
03013490412
03013482448
03013490957
03013477243
03013423364
03013463916
03013416537
03013489440
03013450279
03013427864
03013425844
03013467277
03013461147
03013410999
03013472229
03013434985
03013497246
03013427237
03013448877
03013483805
03013459389
03013463098
03013442086
03013423337
03013479891
03013482530
03013477037
03013457318
03013487344
03013432077
03013458921
03013445880
03013471402
03013478741
03013438751
03013428109
03013449410
03013451667
03013437686
03013442796
03013487433
03013454740
03013467185
03013465813
03013466675
03013484900
03013424636
03013419213
03013429476
03013423058
03013427859
03013472341
03013481278
03013440578
03013436646
03013473242
03013444639
03013440520
03013493766
03013459978
03013465118
03013428874
03013496233
03013469137
03013477827
03013447150
03013432137
03013421703
03013420301
03013417468
03013487345
03013456152
03013414078
03013415855
03013462707
03013412864
03013429444
03013494562
03013422822
03013443542
03013457473
03013487530
03013412763
03013494817
03013478425
03013493046
03013493666
03013446384
03013465848
03013447902
03013488666
03013455499
03013441386
03013482326
03013474469
03013454872
03013493933
03013484426
03013422568
03013491054
03013472981
03013477812
03013480901
03013478911
03013465416
03013442296
03013457284
03013422474
03013438760
03013481606
03013465063
03013453712
03013428656
03013418025
03013423801
03013440960
03013448945
03013413383
03013452357
03013483751
03013471477
03013447117
03013420093
03013421466
03013435985
03013451527
03013463540
03013490195
03013420825
03013424463
03013467472
03013441790
03013458398
03013425428
03013473893
03013476323
03013429992
03013420756
03013472699
03013489531
03013431070
03013452972
03013435481
03013441047
03013420624
03013488469
03013470604
03013431793
03013445322
03013420829
03013421299
03013470946
03013475219
03013478502
03013474867
03013448570
03013448268
03013493562
03013411037
03013473487
03013454984
03013426929
03013433844
03013433314
03013495154
03013417125
03013499336
03013448767
03013446453
03013420456
03013410568
03013467622
03013481011
03013462715
03013432355
03013453858
03013435678
03013496467
03013437568
03013487263
03013454481
03013474686
03013495390
03013481422
03013472487
03013464868
03013495969
03013420033
03013479484
03013428326
03013499603
03013493694
03013454624
03013437289
03013414269
03013414668
03013445986
03013472061
03013474845
03013450490
03013464651
03013410879
03013485855
03013463449
03013475474
03013439703
03013437808
03013410686
03013417416
03013454180
03013472447
03013459158
03013437924
03013493698
03013435703
03013426848
03013483899
03013450484
03013431083
03013439295
03013426811
03013463112
03013491124
03013477731
03013416568
03013489071
03013421010
03013450481
03013465507
03013412417
03013410035
03013484510
03013495566
03013489393
03013456265
03013417640
03013436783
03013445422
03013421246
03013495466
03013499365
03013420570
03013478965
03013419137
03013488162
03013424361
03013450067
03013433567
03013471584
03013467045
03013422742
03013472324
03013497743
03013423134
03013418625
03013416798
03013460205
03013451909
03013441762
03013468456
03013449122
03013453413
03013486099
03013440136
03013417810
03013494505
03013494218
03013488085
03013489408
03013421655
03013490027
03013417689
03013469877
03013482264
03013417203
03013468500
03013442044
03013431343
03013477344
03013488056
03013453924
03013476467
03013412926
03013440554
03013472824
03013436714
03013433130
03013493712
03013424876
03013457434
03013484874
03013452790
03013446343
03013445951
03013434471
03013438829
03013430143
03013461981
03013444159
03013449928
03013477017
03013415479
03013450124
03013474754
03013428861
03013474564
03013453706
03013414531
03013472655
03013440487
03013445545
03013467311
03013481096
03013461088
03013494373
03013464531
