03013857167
03013815571
03013826522
03013891879
03013893700
03013886454
03013828497
03013853148
03013864652
03013896900
03013864747
03013847067
03013881347
03013846773
03013811818
03013881639
03013847274
03013847490
03013816998
03013847723
03013817315
03013828472
03013841394
03013842010
03013889917
03013866155
03013871977
03013871846
03013879287
03013866114
03013831657
03013860725
03013854631
03013810320
03013848999
03013894452
03013854029
03013854979
03013844814
03013834033
03013883863
03013831908
03013883835
03013837219
03013821600
03013841971
03013890341
03013816569
03013824136
03013819286
03013852472
03013839852
03013887099
03013885127
03013849869
03013820298
03013832732
03013856651
03013873861
03013898538
03013865242
03013892435
03013871026
03013897774
03013887187
03013893244
03013892510
03013883281
03013844608
03013858174
03013852697
03013844554
03013830005
03013866668
03013888945
03013849544
03013841439
03013870468
03013861900
03013824216
03013844582
03013850246
03013834680
03013876050
03013888163
03013860172
03013885325
03013866665
03013879813
03013844783
03013850573
03013844197
03013823325
03013831625
03013811070
03013849564
03013856570
03013842490
03013875641
03013891694
03013851085
03013875743
03013889982
03013884915
03013848993
03013857721
03013862582
03013890277
03013835874
03013878256
03013842604
03013842998
03013857829
03013832165
03013814744
03013823109
03013859283
03013842820
03013878361
03013893981
03013885808
03013863964
03013885791
03013826219
03013875896
03013830368
03013852593
03013813897
03013819410
03013848575
03013852888
03013899160
03013858937
03013873324
03013898181
03013875256
03013836331
03013817231
03013854506
03013850015
03013824447
03013860549
03013880327
03013873795
03013878905
03013834820
03013833461
03013883206
03013832821
03013813333
03013843171
03013881762
03013816917
03013826017
03013899124
03013822774
03013881825
03013832213
03013837683
03013886661
03013816464
03013829681
03013889716
03013843837
03013898892
03013858840
03013816563
03013847853
03013822951
03013833876
03013861129
03013853407
03013843965
03013877485
03013839517
03013825242
03013845891
03013851463
03013817773
03013880435
03013836203
03013815754
03013839554
03013855988
03013877174
03013856406
03013872163
03013876131
03013813556
03013827119
03013885017
03013816823
03013863354
03013891858
03013894765
03013870832
03013836489
03013874903
03013820065
03013818257
03013885608
03013860254
03013898945
03013852203
03013889764
03013837797
03013839432
03013886499
03013873882
03013876882
03013879724
03013880750
03013819909
03013880260
03013813927
03013850161
03013887849
03013821718
03013844399
03013871721
03013876112
03013836584
03013880611
03013885626
03013844752
03013854409
03013827197
03013831397
03013899516
03013894827
03013875948
03013816809
03013887351
03013866224
03013839377
03013816974
03013885663
03013836673
03013847394
03013896913
03013857129
03013811598
03013880837
03013820671
03013848640
03013853184
03013817631
03013873857
03013813887
03013850859
03013892188
03013876091
03013853179
03013857185
03013853805
03013841747
03013819473
03013867480
03013852526
03013849352
03013820393
03013811397
03013897118
03013862810
03013821624
03013882340
03013885459
03013858735
03013869471
03013872721
03013859361
03013871845
03013839671
03013823482
03013874028
03013863914
03013833737
03013860762
03013874012
03013813766
03013825658
03013880940
03013825089
03013824620
03013811259
03013813045
03013882191
03013863168
03013843916
03013882776
03013869193
03013894867
03013854914
03013876520
03013845731
03013883719
03013857861
03013827016
03013870844
03013832171
03013815122
03013844415
03013878138
03013832826
03013813508
03013833703
03013879777
03013877832
03013885735
03013878514
03013835586
03013894734
03013830457
03013879222
03013872497
03013851550
03013822290
03013814818
03013886695
03013864493
03013816930
03013863150
03013877750
03013866741
03013880194
03013875876
03013833746
03013881594
03013810535
03013836525
03013846951
03013891794
03013899537
03013848487
03013883391
03013866083
03013897040
03013862475
03013816353
03013819328
03013881785
03013815274
03013828064
03013811221
03013818437
03013870694
03013857719
03013874610
03013868332
03013887315
03013850357
03013855953
03013813035
03013897638
03013872972
03013875345
03013853991
03013884198
03013893931
03013832271
03013880703
03013844536
03013851662
03013838899
03013848735
03013889654
03013841052
03013848140
03013897602
03013881365
03013838677
03013868972
03013869565
03013815308
03013832474
03013871713
03013810231
03013878805
03013872340
03013823461
03013819698
03013849179
03013892533
03013870355
03013868445
03013887181
03013889503
03013841007
03013865337
03013897586
03013821342
03013895793
03013830518
03013861774
03013819032
03013870981
03013851568
03013868064
03013833558
03013820192
03013889712
03013868992
03013893477
03013874358
03013828665
03013840293
03013857663
03013842871
03013882277
03013873966
03013815126
03013859930
03013857242
03013824838
03013859862
03013859128
03013868544
03013880289
03013851548
03013832265
03013883778
03013841133
03013842883
03013838454
03013813441
03013858663
03013810740
03013838781
03013829985
03013880187
03013899056
03013895996
03013839780
03013846888
03013831840
03013898135
03013883059
03013823620
03013835862
03013873276
03013836936
03013849533
03013859904
03013871279
03013865592
03013882010
03013813059
03013857447
03013885214
03013852344
03013831475
03013890210
03013832502
03013851749
03013829430
03013881544
03013815303
03013821149
03013853972
03013894852
03013879674
03013860071
03013872547
03013840509
03013855584
03013819708
03013849205
03013860157
03013834916
03013865177
03013870854
03013856380
03013853537
03013898295
03013887383
03013845148
03013856770
03013890209
03013872537
03013894973
03013846711
03013864521
03013849569
03013814386
03013880090
03013868705
03013814713
03013819303
03013842083
03013869858
03013899832
03013829889
03013830770
03013810008
03013862302
03013825056
03013817428
03013824454
03013825032
03013861647
03013895369
03013875892
03013883249
03013827920
03013859236
03013864378
03013863763
03013822314
03013884701
03013813360
03013890939
03013841197
03013839617
03013840290
03013847690
03013851841
03013833084
03013892308
03013845874
03013828771
03013886521
03013853705
03013868405
03013856613
03013835140
03013894468
03013886146
03013864295
03013869916
03013829283
03013840066
03013824536
03013852739
03013884721
03013892813
03013818265
03013880396
03013842595
03013850334
03013855540
03013819768
03013885157
03013886471
03013821862
03013839830
03013868810
03013822684
03013863771
03013860551
03013873215
03013884343
03013832146
03013879158
03013832876
03013822187
03013814843
03013871306
03013824095
03013869909
03013877616
03013858019
03013814784
03013884076
03013867959
03013866402
03013888458
03013854895
03013847477
03013829425
03013871444
03013890489
03013841973
03013890333
03013867233
03013846543
03013816782
03013866329
03013871783
03013822374
03013896701
03013844940
03013845378
03013819862
03013875873
03013870625
03013818499
03013880424
03013877923
03013861749
03013870372
03013853902
03013873427
03013880352
03013867788
03013816293
03013831126
03013893853
03013890172
03013888824
03013823873
03013854954
03013868300
03013854524
03013857765
03013898126
03013855241
03013854274
03013818083
03013839136
03013860039
03013821024
03013868595
03013879022
03013876852
03013826003
03013862355
03013871990
03013861549
03013812410
03013847252
03013830992
03013864838
03013892640
03013843354
03013885977
03013872618
03013894931
03013851087
03013817748
03013856553
03013895988
03013868389
03013815671
03013835120
03013854565
03013860733
03013882298
03013822681
03013852288
03013863258
03013893863
03013852402
03013811756
03013888766
03013839441
03013839414
03013828623
03013876414
03013876620
03013876491
03013890116
03013875660
03013811169
03013871788
03013894130
03013849161
03013881656
03013823151
03013888049
03013842290
03013864471
03013872606
03013810632
03013861181
03013890882
03013811257
03013879250
03013889728
03013839778
03013878703
03013898776
03013890951
03013874221
03013815228
03013866639
03013867495
03013855516
03013829224
03013889124
03013880139
03013819367
03013891898
03013825555
03013859460
03013843395
03013888167
03013873520
03013825817
03013829136
03013875209
03013851573
03013887931
03013839149
03013878133
03013878260
03013814239
03013810604
03013849372
03013886685
03013836842
03013897787
03013888536
03013876883
03013820217
03013897566
03013878902
03013882521
03013814160
03013867635
03013858824
03013853166
03013884332
03013853238
03013818733
03013835626
03013831422
03013864394
03013822312
03013891083
03013816207
03013813960
03013849566
03013826370
03013847203
03013835071
03013837094
03013888379
03013853256
03013823891
03013818620
03013839752
03013893453
03013882525
03013894111
03013837018
03013882577
03013823177
03013891378
03013890998
03013811657
03013861501
03013816384
03013898406
03013885910
03013859399
03013842633
03013882817
03013867230
03013888292
03013858288
03013870477
03013822882
03013848220
03013862166
03013829680
03013817197
03013862494
03013841807
03013894142
03013860904
03013843744
03013840204
03013813413
03013890878
03013870713
03013824622
03013898607
03013848844
03013841216
03013830934
03013881818
03013825208
03013888065
03013848796
03013899421
03013877695
03013845745
03013870439
03013856660
03013830327
03013881463
03013822975
03013859643
03013845890
03013874852
03013852897
03013828883
03013867457
03013896856
03013850752
03013817757
03013876180
03013884993
03013812719
03013815197
03013834777
03013844026
03013833972
03013826014
03013857358
03013876470
03013845268
03013820578
03013860154
03013852181
03013880883
03013817775
03013864112
03013848397
03013890464
03013887083
03013831950
03013867903
03013878731
03013823755
03013895947
03013835235
03013814360
03013828352
03013870308
03013833804
03013863803
03013886701
03013833963
03013842917
03013836467
03013830645
03013872969
03013877706
03013839064
03013822671
03013872013
03013888205
03013815550
03013848459
03013860288
03013830673
03013866303
03013853043
03013844816
03013856045
03013820271
03013838024
03013890778
03013855307
03013862110
03013816916
03013869028
03013889846
03013818376
03013817080
03013831073
03013879369
03013821194
03013846678
03013853996
03013856438
03013836906
03013826957
03013890196
03013872006
03013892995
03013823934
03013847030
03013811014
03013879893
03013891261
03013839635
03013867500
03013810759
03013841885
03013829837
03013886872
03013881447
03013898443
03013839866
03013817661
03013842882
03013860790
03013870035
03013895889
03013854933
03013857131
03013836181
03013882151
03013874235
03013829397
03013826086
03013854619
03013832120
03013863049
03013819186
03013814090
03013843748
03013868808
03013851095
03013837023
03013877766
03013850210
03013850875
03013889188
03013849532
03013834321
03013865230
03013855553
03013816571
03013819244
03013884074
03013829406
03013897106
03013896789
03013869000
03013889898
03013850318
03013828863
03013878112
03013884969
03013865400
03013838103
03013884673
03013887266
03013897716
03013823823
03013862260
03013884352
03013896118
03013848853
03013891787
03013823767
03013892269
03013845678
03013853419
03013848612
03013867943
03013886649
03013847829
03013836550
03013850738
03013810152
03013842011
03013825212
03013830150
03013865943
03013822397
03013845089
03013853849
03013818490
03013822231
03013858910
03013892796
03013884810
03013812772
03013821646
03013851815
03013810498
03013871201
03013820452
03013870391
03013892287
03013851427
03013843370
03013820388
03013821955
03013863669
03013881034
03013841561
03013834231
03013827950
03013842662
03013862053
03013867566
03013857879
03013839863
03013839263
03013842268
03013830363
03013869555
03013864856
03013899472
03013860868
03013840647
03013826966
03013866021
03013834833
03013837330
03013833580
03013879537
03013837211
03013839761
03013849724
03013819573
03013820448
03013814515
03013879027
03013824701
03013831894
03013854820
03013817348
03013858565
03013877074
03013884821
03013878984
03013839868
03013884249
03013852618
03013863106
03013831937
03013878183
03013840027
03013822731
03013840783
03013810229
03013890559
03013893421
03013855934
03013828835
03013843703
03013854694
03013870525
03013888188
03013892937
03013842480
03013847117
03013843364
03013860836
03013814561
03013810374
03013875542
03013828357
03013847507
03013840906
03013883793
03013855825
03013847981
03013826152
03013850584
03013884711
03013870474
03013847599
03013859027
03013899734
03013826992
03013878789
03013810219
03013823956
03013876303
03013831279
03013875959
03013825985
03013897494
03013896632
03013886046
03013897388
03013837131
03013817376
03013867808
03013864485
03013894373
03013893275
03013869322
03013846897
03013845439
03013829781
03013878251
03013858991
03013837506
03013811497
03013888454
03013865944
03013863690
03013836897
03013819408
03013884532
03013834414
03013849557
03013830863
03013838139
03013837035
03013877244
03013859192
03013861935
03013828764
03013813452
03013875457
03013868204
03013830222
03013891218
03013835248
03013832619
03013885513
03013840897
03013817190
03013885839
03013846178
03013847733
03013838502
03013871861
03013896776
03013895051
03013820101
03013833697
03013817737
03013834094
03013833394
03013814928
03013863510
03013855136
03013832286
03013829520
03013887704
03013883504
03013864798
03013883534
03013869302
03013876871
03013820279
03013853206
03013833325
03013878176
03013895999
03013855126
03013897442
03013888236
03013892360
03013866278
03013840259
03013882192
03013851014
03013841833
03013895066
03013813218
03013885610
03013850467
03013896128
03013857824
03013820320
03013869108
03013830377
03013887670
03013841701
03013845161
03013882934
03013854968
03013819904
03013874772
03013854971
03013886775
03013855521
03013887629
03013862610
03013836652
03013845157
03013813104
03013871150
03013888857
03013892026
03013847327
03013836690
03013841670
03013851580
03013897923
03013818835
03013880743
03013862454
03013832885
03013864217
03013847798
03013887388
03013814546
03013813425
03013895107
03013843074
03013818889
03013837392
03013863719
03013820355
03013896042
03013855058
03013839545
03013897981
03013887856
03013859476
03013812666
03013897958
03013841520
03013816584
03013840342
03013860664
03013839210
03013831354
03013857044
03013883723
03013839160
03013812317
03013822086
03013822558
03013816845
03013873082
03013849185
03013841545
03013894215
03013833758
03013825137
03013871671
03013839907
03013886612
03013866405
03013899942
03013830978
03013821267
03013849788
03013825668
03013866259
03013870804
03013874204
03013834442
03013887534
03013880347
03013879995
03013881194
03013895102
03013873956
03013832499
03013831823
03013892139
03013824898
03013838670
03013817931
03013810583
03013813001
03013864200
03013816382
03013844912
03013864364
03013874051
03013872805
03013888758
03013857102
03013852744
03013817893
03013862529
03013896417
03013856299
03013846040
03013898878
03013840771
03013898218
03013853411
03013845141
03013890477
03013844804
03013866690
03013854112
03013834581
03013850456
03013875043
03013839204
03013812667
03013889895
03013825891
03013873768
03013844050
03013860390
03013831058
03013823244
03013827251
03013863300
03013832573
03013877538
03013876200
03013830379
03013846098
03013826020
03013897898
03013810829
03013812364
03013810789
03013871241
03013854435
03013855630
03013897673
03013819939
03013838223
03013838302
03013882059
03013860436
03013814558
03013823324
03013883749
03013854240
03013811547
03013820149
03013825109
03013896721
03013867159
03013830166
03013817890
03013827176
03013812231
03013889151
03013877911
03013849023
03013894409
03013892506
03013826839
03013891269
03013818654
03013871456
03013818138
03013846376
03013840451
03013892835
03013860473
03013841185
03013866814
03013848742
03013893789
03013821960
03013818832
03013825949
03013864117
03013845204
03013898416
03013880622
03013853350
03013827258
03013843399
03013842027
03013834021
03013833944
03013833035
03013866026
03013822051
03013896485
03013877402
03013862970
03013892892
03013848692
03013850344
03013874324
03013847430
03013888981
03013851075
03013878434
03013895362
03013855951
03013885369
03013878408
03013848112
03013893231
03013828388
03013881634
03013810647
03013865304
03013874738
03013837854
03013898423
03013858813
03013826528
03013826690
03013812762
03013816386
03013858990
03013825939
03013877256
03013893938
03013850833
03013857857
03013870880
03013850985
03013891641
03013848823
03013840415
03013813159
03013886076
03013848651
03013855535
03013884923
03013872795
03013893662
03013814850
03013869472
03013852323
03013827588
03013832232
03013812489
03013815510
03013820901
03013880831
03013850288
03013851744
03013890220
03013878976
03013896960
03013859429
03013854174
03013842398
03013870531
03013810754
03013856944
03013819005
03013863030
03013895374
03013834322
03013824695
03013812347
03013810161
03013870993
03013823226
03013827992
03013833027
03013897912
03013846914
03013898351
03013872761
03013861705
03013838343
03013850021
03013855369
03013830083
03013810809
03013851986
03013897079
03013850195
03013834183
03013889116
03013889222
03013854383
03013830748
03013830396
03013823131
03013812527
03013833317
03013864558
03013897910
03013887793
03013895488
03013849908
03013857605
03013822295
03013818716
03013832062
03013890293
03013861078
03013828391
03013892468
03013820509
03013855384
03013826860
03013811043
03013884127
03013890512
03013823231
03013820939
03013816609
03013892477
03013897596
03013893816
03013834386
03013873350
03013833793
03013863640
03013863795
03013850549
03013854532
03013850020
03013880175
03013853204
03013829690
03013878362
03013857887
03013898822
03013828143
03013825992
03013838280
03013826341
03013848711
03013885666
03013825121
03013853514
03013810825
03013813782
03013897281
03013872257
03013884409
03013833299
03013865127
03013824698
03013898491
03013897675
03013816943
03013827284
03013864750
03013828672
03013853505
03013865976
03013846685
03013854991
03013881352
03013819933
03013826240
03013888391
03013824408
03013892795
03013890617
03013854196
03013871255
03013845104
03013848719
03013848228
03013880279
03013852815
03013850013
03013853267
03013882274
03013865611
03013846876
03013888076
03013869541
03013859395
03013881879
03013861241
03013872835
03013836645
03013843347
03013838981
03013870129
03013872161
03013890891
03013887542
03013847849
03013891613
03013842681
03013810931
03013853443
03013853387
03013848955
03013868714
03013847005
03013811935
03013878659
03013883701
03013899809
03013866915
03013876360
03013850392
03013866844
03013883945
03013842528
03013891936
03013829375
03013844588
03013898419
03013870628
03013878099
03013861923
03013862470
03013844377
03013834425
03013873998
03013877145
03013867993
03013855489
03013813165
03013853853
03013849306
03013830948
03013872598
03013852943
03013839171
03013895800
03013840499
03013820698
03013824945
03013899676
03013813305
03013866342
03013855024
03013830919
03013851630
03013839217
03013890615
03013838887
03013850011
03013816189
03013855860
03013849276
03013865754
03013895614
03013889769
03013824812
03013882398
03013828455
03013829363
03013838082
03013880069
03013813639
03013825821
03013817684
03013898162
03013870566
03013874884
03013821423
03013841772
03013819432
03013829105
03013874321
03013890888
03013810802
03013896524
03013837074
03013854378
03013816272
03013822549
03013814966
03013899294
03013814759
03013816738
03013837840
03013843557
03013813445
03013870988
03013858101
03013859861
03013896489
03013875956
03013861594
03013833236
03013852702
03013829203
03013813235
03013853467
03013868650
03013815730
03013826569
03013828588
03013874416
03013836427
03013820171
03013891432
03013878966
03013828287
03013845324
03013812183
03013823115
03013880775
03013898880
03013814017
03013860321
03013827009
03013861439
03013841329
03013863321
03013881910
03013822942
03013812727
03013857652
03013858100
03013867321
03013823839
03013847621
03013888397
03013870706
03013880310
03013883495
03013846408
03013838831
03013834478
03013842700
03013812777
03013853403
03013884306
03013869142
03013838478
03013852461
03013853822
03013820120
03013899217
03013893146
03013841641
03013854290
03013885240
03013865266
03013813485
03013867022
03013878705
03013847073
03013820866
03013860966
03013821484
03013864561
03013899994
03013834718
03013810069
03013858537
03013828772
03013830521
03013813913
03013888177
03013826961
03013898628
03013850544
03013828507
03013838636
03013884005
03013874249
03013847200
03013824621
03013852528
03013847836
03013866825
03013816472
03013867702
03013891757
03013813612
03013881733
03013891292
03013847854
03013819745
03013869147
03013842392
03013895285
03013891347
03013868696
03013879233
03013853463
03013827329
03013886611
03013814721
03013863998
03013874848
03013883016
03013841882
03013816588
03013896863
03013897784
03013858581
03013847465
03013831560
03013810701
03013861947
03013814048
03013846210
03013896420
03013813348
03013816895
03013859252
03013880652
03013818891
03013814858
03013870489
03013862799
03013855853
03013855925
03013828530
03013852516
03013825198
03013816546
03013890717
03013883837
03013891976
03013833455
03013863247
03013849875
03013897023
03013867967
03013894428
03013850069
03013861163
03013821681
03013872199
03013837762
03013884584
03013829400
03013854647
03013833023
03013857043
03013813980
03013869715
03013855469
03013883345
03013855957
03013868158
03013833966
03013879082
03013857913
03013840938
03013869254
03013822267
03013815014
03013813911
03013826863
03013869970
03013880592
03013882963
03013846544
03013816325
03013848928
03013864823
03013830582
03013857727
03013893176
03013898290
03013825036
03013826452
03013895507
03013895472
03013811218
03013846830
03013836018
03013865296
03013829280
03013870793
03013889426
03013810054
03013853490
03013880815
03013855097
03013899414
03013857184
03013823850
03013857720
03013874055
03013850059
03013810499
03013897655
03013820787
03013890646
03013852762
03013898230
03013874982
03013835676
03013854045
03013883188
03013831460
03013839661
03013873747
03013810593
03013811049
03013868183
03013878663
03013826371
03013833952
03013815295
03013853682
03013875751
03013826898
03013838873
03013811332
03013849767
03013893761
03013841105
03013866687
03013827222
03013845447
03013884973
03013813562
03013826043
03013844602
03013847728
03013837788
03013890314
03013893604
03013816747
03013878593
03013813829
03013844504
03013888365
03013889000
03013845187
03013831349
03013825477
03013858759
03013896377
03013834747
03013870756
03013881913
03013879313
03013895600
03013881221
03013894570
03013852860
03013816501
03013864438
03013812438
03013828300
03013825619
03013897486
03013842140
03013834061
03013878642
03013896163
03013824981
03013860078
03013859004
03013820660
03013860280
03013897503
03013858124
03013852105
03013855998
03013835337
03013841544
03013868462
03013849069
03013850225
03013842806
03013844129
03013865288
03013844733
03013842187
03013899033
03013863887
03013889736
03013814155
03013878766
03013818884
03013890879
03013846860
03013811126
03013852706
03013829314
03013833777
03013836298
03013850096
03013821633
03013881809
03013860294
03013837475
03013875825
03013842465
03013896861
03013881163
03013822893
03013843976
03013879230
03013875394
03013854680
03013898010
03013868772
03013833908
03013853976
03013815889
03013861044
03013895117
03013830923
03013846124
03013896113
03013863933
03013839240
03013814516
03013844871
03013882630
03013812230
03013834685
03013812770
03013874481
03013892710
03013822496
03013883479
03013884438
03013833266
03013856568
03013867025
03013891262
03013857414
03013899536
03013843490
03013836198
03013848849
03013842353
03013818798
03013875338
03013817888
03013875254
03013880626
03013819172
03013875508
03013885696
03013896361
03013898235
03013861309
03013851990
03013898533
03013810662
03013866459
03013861970
03013875514
03013885293
03013849469
03013849264
03013882622
03013828092
03013822350
03013854862
03013838699
03013864397
03013895750
03013878317
03013856395
03013863832
03013836892
03013816796
03013837516
03013893854
03013873537
03013846987
03013897783
03013888077
03013871957
03013819349
03013815034
03013810039
03013880599
03013848123
03013833076
03013842576
03013874228
03013873335
03013857060
03013869328
03013826073
03013835266
03013870778
03013852534
03013896821
03013820646
03013846996
03013831964
03013882991
03013880824
03013849472
03013834700
03013873770
03013892494
03013828943
03013888432
03013828526
03013887510
03013861392
03013842788
03013810665
03013885126
03013813057
03013812311
03013874262
03013890576
03013831321
03013853173
03013883060
03013845457
03013894503
03013810818
03013881530
03013866737
03013841319
03013876716
03013850786
03013856113
03013888965
03013838524
03013865562
03013875339
03013855629
03013835518
03013885796
03013844808
03013869550
03013883285
03013824600
03013885652
03013839477
03013884510
03013846383
03013856420
03013849312
03013878903
03013897763
03013840196
03013862951
03013810963
03013862205
03013865738
03013811715
03013836723
03013838797
03013821700
03013846601
03013847494
03013836971
03013867433
03013834947
03013827188
03013817655
03013818292
03013838251
03013875906
03013886567
03013827532
03013856929
03013881085
03013892206
03013879957
03013894365
03013855470
03013854678
03013810062
03013840761
03013861546
03013835142
03013843877
03013844665
03013841926
03013869779
03013874080
03013842623
03013832827
03013844488
03013839050
03013891982
03013847538
03013878950
03013821473
03013873454
03013831656
03013860610
03013859511
03013828109
03013853628
03013835418
03013854034
03013881120
03013863896
03013819508
03013822227
03013842357
03013849808
03013884118
03013811637
03013885947
03013823555
03013890281
03013885261
03013847876
03013844211
03013895627
03013843079
03013883910
03013883044
03013854028
03013842034
03013844668
03013872892
03013882015
03013823021
03013849451
03013881249
03013833437
03013881513
03013890631
03013860806
03013854571
03013820396
03013890469
03013852848
03013860369
03013833210
03013845708
03013855394
03013831191
03013888192
03013883780
03013816399
03013863883
03013885029
03013869718
03013852374
03013839086
03013854036
03013874840
03013821219
03013869464
03013867793
03013861097
03013862186
03013824590
03013852510
03013820315
03013815096
03013899650
03013824455
03013841993
03013889639
03013875231
03013852609
03013831062
03013822674
03013862765
03013898959
03013845613
03013893823
03013833051
03013817365
03013848407
03013811794
03013856084
03013890625
03013821720
03013851845
03013879731
03013899177
03013821004
03013885055
03013899272
03013829076
03013853524
03013825393
03013840297
03013831540
03013863736
03013841787
03013826759
03013888652
03013832420
03013838656
03013829699
03013837239
03013830261
03013850211
03013875880
03013875605
03013827763
03013873970
03013821856
03013829134
03013859011
03013890147
03013876053
03013831604
03013846007
03013823402
03013833689
03013850300
03013873566
03013810160
03013830086
03013897453
03013828712
03013815987
03013873138
03013826385
03013853386
03013891458
03013823571
03013893240
03013811084
03013877416
03013899941
03013849422
03013816872
03013881285
03013822515
03013861001
03013851639
03013816851
03013812599
03013892649
03013830057
03013899911
03013870290
03013817603
03013843883
03013824402
03013822843
03013878512
03013888114
03013835382
03013832626
03013855638
03013811277
03013888514
03013852482
03013838363
03013834922
03013845986
03013833748
03013898810
03013856694
03013824030
03013887644
03013869085
03013845814
03013889439
03013816113
03013815171
03013880488
03013820089
03013849836
03013861401
03013853281
03013875637
03013867200
03013853013
03013877098
03013861308
03013881489
03013848659
03013866877
03013849723
03013863125
03013810794
03013860116
03013862452
03013860309
03013869801
03013831246
03013899034
03013845620
03013846259
03013829959
03013874798
03013878587
03013833403
03013862398
03013872943
03013854893
03013812536
03013849876
03013886792
03013899200
03013862726
03013867721
03013892972
03013856650
03013875928
03013839569
03013875204
03013875370
03013820766
03013819361
03013882689
03013878645
03013855996
03013852719
03013822761
03013859779
03013880035
03013830154
03013855915
03013845677
03013892402
03013874425
03013843695
03013860483
03013888364
03013826595
03013836122
03013861075
03013899847
03013876333
03013860916
03013899725
03013890006
03013867336
03013813151
03013855318
03013859464
03013870415
03013870889
03013855436
03013895898
03013854757
03013820223
03013832132
03013852757
03013825766
03013819722
03013884104
03013848605
03013892179
03013817048
03013875318
03013818546
03013812955
03013815444
03013851204
03013848608
03013839248
03013859691
03013819514
03013872373
03013895080
03013852993
03013832755
03013892442
03013866884
03013874835
03013843222
03013885500
03013836132
03013836485
03013836965
03013878527
03013888937
03013854082
03013868140
03013894463
03013883365
03013835308
03013880124
03013892228
03013857666
03013868736
03013882677
03013814687
03013848790
03013839874
03013821806
03013831640
03013849500
03013835921
03013889541
03013882383
03013811320
03013899377
03013860315
03013858882
03013844887
03013840881
03013863105
03013856046
03013880562
03013838352
03013840019
03013824017
03013861362
03013883063
03013854145
03013855883
03013824383
03013839390
03013814127
03013814707
03013826343
03013870315
03013818067
03013843652
03013866688
03013834960
03013834962
03013863694
03013886984
03013888985
03013842761
03013895086
03013823049
03013876425
03013835237
03013851347
03013894560
03013812689
03013876334
03013876178
03013825196
03013867661
03013875757
03013825117
03013896531
03013875414
03013867676
03013884976
03013896914
03013881309
03013816662
03013892193
03013899411
03013851555
03013893578
03013837308
03013851033
03013817463
03013818600
03013882153
03013859058
03013832833
03013847957
03013862780
03013820146
03013813654
03013868201
03013841733
03013834881
03013890510
03013856448
03013896032
03013828733
03013861867
03013813571
03013838877
03013857784
03013813777
03013884232
03013825310
03013845428
03013895149
03013861134
03013839025
03013857737
03013858714
03013859911
03013843042
03013842924
03013877160
03013892378
03013812633
03013847529
03013871322
03013828713
03013839575
03013881781
03013853478
03013896152
03013822821
03013831711
03013832796
03013837461
03013878585
03013860816
03013878157
03013845281
03013826445
03013863725
03013878842
03013817351
03013824997
03013852519
03013859665
03013877144
03013831795
03013896537
03013866723
03013887430
03013884706
03013812133
03013891348
03013886461
03013875282
03013874201
03013824605
03013882548
03013871832
03013891770
03013838312
03013876825
03013820275
03013880129
03013899095
03013864885
03013816478
03013813435
03013813536
03013895281
03013822532
03013818803
03013869048
03013836867
03013869888
03013856941
03013829428
03013815948
03013837013
03013847004
03013820662
03013836523
03013887237
03013874354
03013871079
03013881176
03013868075
03013833226
03013814207
03013882840
03013896479
03013856868
03013851666
03013824108
03013869330
03013871271
03013898597
03013868815
03013867658
03013837334
03013819968
03013812660
03013814891
03013819848
03013875822
03013829820
03013885566
03013883751
03013824740
03013862009
03013892241
03013814638
03013832258
03013827206
03013889306
03013886208
03013840387
03013847768
03013818222
03013859499
03013827590
03013891839
03013867682
03013875732
03013822064
03013830867
03013818421
03013896641
03013833745
03013881871
03013868516
03013892117
03013848226
03013857403
03013812908
03013853019
03013810913
03013873117
03013858773
03013872701
03013839828
03013831867
03013854691
03013839013
03013892070
03013878449
03013879509
03013863062
03013820026
03013896946
03013872200
03013894438
03013855392
03013892258
03013883982
03013833616
03013854088
03013863501
03013852883
03013874470
03013818043
03013865368
03013858496
03013832767
03013863741
03013814408
03013878980
03013831902
03013891687
03013833188
03013829474
03013874651
03013859448
03013886797
03013887761
03013859972
03013812991
03013836719
03013829993
03013852418
03013838911
03013843633
03013876614
03013836798
03013874078
03013836725
03013855968
03013873421
03013879291
03013898930
03013847411
03013820233
03013884302
03013854657
03013874459
03013873371
03013821924
03013875271
03013877662
03013899468
03013847606
03013871374
03013886837
03013867472
03013897548
03013834989
03013824010
03013820625
03013817368
03013833507
03013835558
03013874409
03013888753
03013821698
03013823096
03013889663
03013877683
03013823011
03013858481
03013812395
03013834258
03013882063
03013854417
03013875145
03013832139
03013813301
03013886601
03013891066
03013861448
03013852331
03013852950
03013891305
03013872258
03013889777
03013869326
03013812122
03013839088
03013868130
03013851472
03013849410
03013858666
03013881561
03013813903
03013848743
03013880248
03013885706
03013851672
03013898828
03013885607
03013899978
03013876457
03013889125
03013858978
03013852579
03013885408
03013843130
03013859844
03013836456
03013891194
03013837409
03013829558
03013855920
03013847514
03013844253
03013898976
03013852371
03013810974
03013850574
03013871539
03013853729
03013852696
03013868159
03013834649
03013826401
03013851891
03013827595
03013834928
03013892238
03013875840
03013852352
03013876492
03013813280
03013837198
03013883917
03013868991
03013879243
03013831673
03013860277
03013812001
03013829107
03013825641
03013832727
03013872254
03013878097
03013886729
03013899301
03013887853
03013835033
03013890425
03013880054
03013899882
03013817249
03013833443
03013884564
03013863599
03013837320
03013880080
03013828823
03013871022
03013842073
03013888870
03013861777
03013868454
03013841982
03013871331
03013877879
03013811261
03013897069
03013827054
03013835432
03013862394
03013821911
03013873794
03013840865
03013835627
03013840807
03013861927
03013871574
03013822125
03013837315
03013866667
03013860509
03013845800
03013847109
03013896678
03013845560
03013862416
03013889226
03013824951
03013830846
03013845871
03013863701
03013812545
03013893656
03013882984
03013880627
03013872827
03013881817
03013846087
03013811531
03013810770
03013822733
03013866854
03013832935
03013839273
03013866895
03013899448
03013819947
03013880840
03013824462
03013881473
03013825530
03013814583
03013887550
03013832834
03013881493
03013831528
03013861162
03013859494
03013884568
03013815914
03013858513
03013877105
03013849381
03013877917
03013839141
03013827403
03013864487
03013884850
03013814422
03013834268
03013836338
03013873945
03013842665
03013858852
03013837007
03013842468
03013829059
03013838171
03013881775
03013879073
03013895434
03013847793
03013891334
03013884924
03013852036
03013826202
03013862073
03013874421
03013862168
03013817514
03013821530
03013880806
03013853436
03013859974
03013816936
03013867051
03013894431
03013840638
03013844884
03013873981
03013875206
03013894520
03013859378
03013817026
03013876182
03013815424
03013875721
03013894116
03013838934
03013867606
03013898844
03013843707
03013879610
03013873153
03013834561
03013829497
03013882231
03013810136
03013867126
03013880591
03013884430
03013844119
03013819493
03013880253
03013861662
03013854949
03013840515
03013812123
03013897345
03013846909
03013887344
03013838435
03013873811
03013816127
03013855768
03013825545
03013835010
03013850019
03013891394
03013886352
03013880305
03013823233
03013822686
03013837098
03013873826
03013886820
03013882374
03013837553
03013884294
03013873512
03013864293
03013889551
03013831086
03013875026
03013879125
03013855363
03013821232
03013874909
03013863597
03013896770
03013892024
03013880261
03013860408
03013893158
03013857025
03013878793
03013847221
03013875731
03013894239
03013820885
03013869585
03013857566
03013824564
03013881123
03013853694
03013829748
03013859791
03013837879
03013864923
03013886256
03013884259
03013885040
03013880741
03013846420
03013879647
03013828787
03013816485
03013822754
03013883535
03013831209
03013869646
03013862277
03013843940
03013868027
03013829794
03013833601
03013861808
03013824178
03013897780
03013870053
03013885426
03013810201
03013821558
03013830799
03013840109
03013821215
03013833849
03013836978
03013877212
03013895485
03013821539
03013871985
03013898051
03013857531
03013867573
03013831329
03013859246
03013871484
03013820589
03013889676
03013899939
03013895289
03013880624
03013813096
03013823899
03013826167
03013826190
03013876070
03013878871
03013867142
03013816202
03013898833
03013874839
03013875300
03013824861
03013848848
03013888677
03013895270
03013888905
03013846556
03013877063
03013892434
03013866791
03013837037
03013846487
03013857809
03013894235
03013892848
03013838534
03013898569
03013864836
03013820524
03013826269
03013850175
03013827013
03013897315
03013810788
03013878074
03013898341
03013828343
03013890699
03013822705
03013897145
03013822751
03013832670
03013818725
03013842652
03013863976
03013882579
03013874032
03013812612
03013843586
03013866608
03013866089
03013820638
03013850119
03013881835
03013886022
03013828607
03013817632
03013833997
03013854314
03013869797
03013898592
03013898672
03013861664
03013897954
03013881224
03013835768
03013898989
03013894092
03013838448
03013846337
03013823782
03013882777
03013843400
03013875509
03013850196
03013874558
03013815990
03013890803
03013897997
03013897772
03013860404
03013831226
03013887042
03013860668
03013896239
03013812318
03013899735
03013873067
03013888708
03013842831
03013852953
03013834078
03013820052
03013880987
03013838264
03013813623
03013813412
03013890049
03013897248
03013842826
03013837861
03013835826
03013854049
03013843193
03013846402
03013871800
03013892083
03013866727
03013894181
03013875100
03013881774
03013838712
03013873270
03013835073
03013817832
03013829823
03013855456
03013869208
03013814635
03013852539
03013894288
03013884585
03013817578
03013825801
03013849181
03013853948
03013889913
03013845685
03013871424
03013845515
03013896428
03013881153
03013833258
03013827969
03013879728
03013863164
03013810874
03013831637
03013851336
03013823977
03013887592
03013897397
03013850869
03013866617
03013845513
03013887007
03013890654
03013852113
03013887215
03013893097
03013882743
03013883680
03013840926
03013844999
03013821151
03013812835
03013893026
03013889558
03013821404
03013848670
03013876063
03013827487
03013889479
03013889374
03013883414
03013852948
03013856386
03013885363
03013838208
03013841144
03013856550
03013839044
03013884417
03013854860
03013844315
03013840161
03013845226
03013896048
03013858367
03013862173
03013842012
03013898038
03013826354
03013858310
03013822131
03013818194
03013866188
03013859367
03013821334
03013823381
03013877137
03013836271
03013879545
03013868698
03013834267
03013836711
03013897379
03013873854
03013864600
03013873791
03013895408
03013892853
03013817429
03013834697
03013877088
03013854731
03013835902
03013882261
03013893431
03013850874
03013845287
03013847361
03013885376
03013826593
03013898075
03013863232
03013891632
03013872020
03013881776
03013835216
03013815662
03013832736
03013863901
03013853580
03013875617
03013859671
03013847846
03013822194
03013855649
03013858318
03013877411
03013824247
03013830946
03013865456
03013883496
03013889099
03013885431
03013841120
03013883706
03013885396
03013834257
03013853918
03013883321
03013838635
03013834147
03013882222
03013830697
03013822078
03013829384
03013858128
03013862671
03013828952
03013812557
03013881116
03013895060
03013832452
03013834415
03013871237
03013895224
03013886969
03013869949
03013895647
03013858530
03013882920
03013877141
03013849784
03013874542
03013849030
03013878504
03013870613
03013899662
03013892295
03013851997
03013864814
03013813698
03013839972
03013836239
03013848027
03013866118
03013868274
03013836503
03013892144
03013887628
03013852979
03013812469
03013847288
03013883968
03013822192
03013812026
03013874086
03013847777
03013844937
03013879600
03013883586
03013813641
03013850447
03013841943
03013881454
03013843063
03013867637
03013820716
03013831265
03013870272
03013850729
03013821922
03013895010
03013827372
03013896115
03013866385
03013895292
03013896805
03013867836
03013836561
03013888332
03013815694
03013870102
03013839971
03013858799
03013838080
03013865885
03013891302
03013868427
03013882532
03013854633
03013886056
03013850200
03013820924
03013878452
03013866511
03013885341
03013885988
03013881203
03013819899
03013896559
03013862045
03013827182
03013884653
03013868329
03013852484
03013877370
03013882795
03013815749
03013877079
03013862114
03013818618
03013865759
03013839073
03013882636
03013865379
03013893098
03013859426
03013853495
03013812477
03013872739
03013810059
03013816185
03013884831
03013816840
03013811463
03013881848
03013855357
03013868433
03013826765
03013853648
03013842920
03013855317
03013848900
03013828848
03013897556
03013824690
03013813931
03013885632
03013866783
03013877553
03013823941
03013831581
03013855165
03013839378
03013863419
03013876504
03013815824
03013826800
03013837132
03013814704
03013811914
03013899839
03013893046
03013883497
03013835644
03013876315
03013833901
03013821722
03013893681
03013891853
03013812111
03013847774
03013859937
03013853787
03013867822
03013868408
03013845494
03013867863
03013845694
03013895186
03013886118
03013884603
03013829666
03013877461
03013837635
03013834959
03013878496
03013839533
03013841632
03013889633
03013845097
03013828215
03013843403
03013849060
03013835801
03013814058
03013889045
03013837616
03013814300
03013832882
03013855830
03013830259
03013839728
03013843053
03013843225
03013815645
03013816566
03013848001
03013858392
03013891637
03013840687
03013869010
03013816728
03013813720
03013853830
03013858182
03013838680
03013836372
03013855404
03013882189
03013852048
03013867013
03013867937
03013810877
03013817985
03013853764
03013879362
03013853563
03013812812
03013839355
03013855859
03013844875
03013834235
03013821990
03013818392
03013828931
03013891531
03013883240
03013897995
03013859204
03013826675
03013835339
03013827358
03013860228
03013898935
03013877927
03013877477
03013873641
03013878211
03013837508
03013876040
03013875288
03013811274
03013831579
03013894237
03013879030
03013883758
03013887124
03013856198
03013877373
03013863567
03013867217
03013823946
03013816690
03013817979
03013826473
03013890657
03013862603
03013875537
03013890626
03013893535
03013848498
03013875635
03013835334
03013865713
03013877647
03013810572
03013858947
03013810715
03013812703
03013897352
03013897294
03013814236
03013817286
03013849302
03013863791
03013893010
03013882245
03013859947
03013851003
03013882983
03013833284
03013813436
03013866555
03013833578
03013830151
03013840952
03013830531
03013874815
03013811488
03013820863
03013811659
03013880213
03013856200
03013856644
03013864999
03013829121
03013893363
03013864598
03013889987
03013845317
03013828393
03013898059
03013826835
03013841582
03013826697
03013815688
03013884331
03013882730
03013868245
03013874082
03013897136
03013892391
03013877136
03013882551
03013856399
03013896592
03013873678
03013839420
03013882142
03013837643
03013897263
03013836365
03013841916
03013876270
03013854671
03013821882
03013889619
03013843296
03013868119
03013860829
03013832091
03013814116
03013888949
03013848118
03013836532
03013828928
03013811968
03013882118
03013859508
03013872608
03013828837
03013822724
03013890920
03013850566
03013839520
03013823584
03013890750
03013819245
03013864160
03013899665
03013850426
03013861017
03013862448
03013893110
03013823440
03013830785
03013829017
03013831561
03013871951
03013850460
03013842283
03013884729
03013845609
03013885294
03013825471
03013876856
03013869307
03013847432
03013831946
03013853883
03013892730
03013828599
03013837245
03013814434
03013831296
03013894870
03013836015
03013889283
03013897691
03013834783
03013874084
03013835817
03013888528
03013851332
03013830491
03013841047
03013856886
03013872264
03013830437
03013859264
03013829523
03013877974
03013882035
03013815500
03013893774
03013887303
03013830358
03013829070
03013813287
03013869557
03013838055
03013894316
03013857516
03013819164
03013847412
03013860401
03013895445
03013893610
03013875213
03013871525
03013872896
03013896766
03013874139
03013846365
03013828260
03013890546
03013859682
03013818723
03013892495
03013847692
03013833466
03013899075
03013859270
03013832399
03013815795
03013858924
03013894697
03013860796
03013835555
03013818971
03013813277
03013830073
03013846731
03013899369
03013853100
03013883025
03013839951
03013810745
03013865653
03013854310
03013818734
03013819634
03013812447
03013869388
03013894564
03013821864
03013835045
03013846316
03013811690
03013836521
03013898912
03013869499
03013810729
03013837340
03013877795
03013860862
03013816291
03013881529
03013891176
03013835698
03013852543
03013836946
03013867812
03013844765
03013852822
03013823259
03013897060
03013881461
03013856826
03013882250
03013836325
03013866231
03013827788
03013828731
03013811685
03013874252
03013849731
03013836708
03013828261
03013874224
03013866740
03013895719
03013871798
03013858772
03013824646
03013820569
03013821271
03013862806
03013858866
03013855223
03013884917
03013836776
03013856576
03013882223
03013864854
03013879694
03013833174
03013844497
03013880689
03013852174
03013887559
03013869843
03013816923
03013856850
03013824281
03013862722
03013859955
03013851461
03013856122
03013822689
03013883127
03013836257
03013860979
03013873518
03013872564
03013812188
03013871911
03013872155
03013829462
03013872394
03013843423
03013871854
03013824345
03013894529
03013850078
03013851635
03013851222
03013862245
03013860249
03013837086
03013850725
03013859877
03013830942
03013822195
03013835704
03013896621
03013825120
03013850396
03013850185
03013842165
03013820789
03013843437
03013855682
03013859656
03013836987
03013868500
03013880263
03013815404
03013840380
03013844529
03013813426
03013827134
03013899936
03013868192
03013850993
03013889215
03013895873
03013816090
03013885531
03013856632
03013867562
03013847488
03013841622
03013889993
03013836206
03013875534
03013821998
03013893237
03013829689
03013851092
03013894395
03013891979
03013825257
03013891748
03013826335
03013810345
03013859818
03013892529
03013832742
03013831005
03013854002
03013888301
03013819239
03013861180
03013854312
03013826074
03013874748
03013857905
03013899050
03013892093
03013889643
03013895365
03013878507
03013844056
03013839870
03013836037
03013822530
03013820188
03013897445
03013896380
03013817100
03013856597
03013816340
03013891790
03013863957
03013889755
03013824359
03013875185
03013896813
03013875033
03013814746
03013810616
03013835991
03013851495
03013887232
03013885102
03013860817
03013838925
03013828807
03013893186
03013895345
03013899885
03013824446
03013829892
03013813240
03013882278
03013881811
03013874307
03013837287
03013835296
03013834625
03013836902
03013828113
03013871961
03013827449
03013897223
03013850186
03013836318
03013850389
03013882720
03013817060
03013874897
03013884749
03013842516
03013892560
03013852637
03013850935
03013861713
03013881263
03013893830
03013823913
03013861252
03013816454
03013867344
03013834065
03013890884
03013842547
03013859526
03013879449
03013875991
03013899088
03013823382
03013815271
03013857653
03013863594
03013888738
03013867296
03013878417
03013810466
03013893108
03013882825
03013849549
03013845143
03013870724
03013889717
03013829173
03013823372
03013875574
03013891077
03013841466
03013812988
03013866860
03013855506
03013860105
03013863158
03013859302
03013828841
03013881842
03013842710
03013814366
03013895448
03013843427
03013869178
03013837366
03013893281
03013898118
03013892524
03013826534
03013889155
03013813446
03013868144
03013833628
03013817794
03013888922
03013820159
03013817759
03013813373
03013877505
03013883951
03013811616
03013837982
03013886100
03013856521
03013859764
03013829436
03013870576
03013828624
03013850397
03013868459
03013854101
03013836385
03013827297
03013820539
03013891807
03013830091
03013877455
03013898552
03013814931
03013877896
03013899542
03013898716
03013821878
03013842310
03013839143
03013811082
03013894467
03013858758
03013857465
03013899818
03013857327
03013812656
03013877601
03013895733
03013897682
03013863088
03013888080
03013818579
03013817746
03013865169
03013863693
03013852536
03013892862
03013897219
03013821566
03013847413
03013813063
03013823051
03013831042
03013886557
03013857805
03013837886
03013855237
03013826200
03013890292
03013827371
03013876108
03013824287
03013891639
03013865708
03013896636
03013836566
03013869969
03013814205
03013834357
03013879772
03013835464
03013826851
03013859317
03013814720
03013880969
03013856708
03013878616
03013821699
03013846281
03013813863
03013872901
03013856923
03013852261
03013889686
03013834413
03013868775
03013870769
03013854850
03013839715
03013840495
03013871482
03013860708
03013842470
03013860534
03013826106
03013899460
03013867057
03013815969
03013822892
03013889335
03013813056
03013826723
03013877598
03013896199
03013871725
03013871837
03013876835
03013881177
03013876621
03013844011
03013867363
03013876021
03013862222
03013867791
03013853032
03013874489
03013893862
03013862669
03013866142
03013816846
03013854185
03013854863
03013857247
03013811559
03013823388
03013824527
03013865540
03013843867
03013825538
03013812088
03013838213
03013897050
03013898932
03013878015
03013858538
03013863874
03013866981
03013828783
03013839264
03013893170
03013823439
03013848178
03013823691
03013836303
03013832871
03013819193
03013818434
03013814929
03013854878
03013817651
03013821972
03013823929
03013865061
03013898771
03013820622
03013888980
03013837666
03013823496
03013813839
03013824008
03013870740
03013875017
03013815951
03013829988
03013841308
03013833885
03013818941
03013877582
03013861014
03013868134
03013833808
03013857550
03013899696
03013888224
03013832668
03013824673
03013897158
03013842171
03013881280
03013856042
03013834608
03013898812
03013868209
03013858220
03013869673
03013872889
03013859505
03013880826
03013877438
03013823423
03013861286
03013816920
03013889204
03013877125
03013881043
03013811115
03013877296
03013856636
03013853838
03013890120
03013858337
03013841221
03013820925
03013866775
03013815851
03013828568
03013818987
03013818974
03013881342
03013831176
03013873098
03013825724
03013860721
03013875984
03013891340
03013895244
03013874303
03013825897
03013880112
03013876273
03013826938
03013815748
03013835469
03013829978
03013816114
03013897041
03013864875
03013824643
03013840474
03013826988
03013887234
03013857464
03013896600
03013870851
03013866153
03013864974
03013848869
03013842311
03013835578
03013858028
03013850393
03013865295
03013858593
03013815817
03013832439
03013861109
03013844652
03013873818
03013889249
03013863353
03013876757
03013850660
03013818810
03013863692
03013894344
03013816770
03013836854
03013890701
03013846110
03013838490
03013879383
03013820489
03013829090
03013881573
03013860922
03013831242
03013871836
03013884626
03013880170
03013877440
03013825950
03013846648
03013863563
03013859347
03013843610
03013828670
03013865878
03013842582
03013883645
03013889396
03013842069
03013846164
03013885176
03013810092
03013825541
03013898723
03013867326
03013857916
03013816828
03013847135
03013821928
03013844806
03013829503
03013834244
03013871517
03013829866
03013872816
03013889191
03013885913
03013850806
03013889864
03013834996
03013873160
03013882666
03013880231
03013895907
03013819611
03013872032
03013812992
03013839693
03013839503
03013814757
03013846065
03013861744
03013859085
03013881446
03013810113
03013868033
03013843967
03013899512
03013841635
03013814541
03013814106
03013894426
03013836517
03013836011
03013869765
03013894453
03013898272
03013821584
03013838590
03013852205
03013874002
03013885047
03013875095
03013852381
03013890540
03013884660
03013877685
03013820920
03013827523
03013849895
03013831813
03013889809
03013894740
03013856759
03013883801
03013811071
03013830106
03013827632
03013875799
03013882772
03013845897
03013872649
03013858493
03013820454
03013859053
03013813756
03013846149
03013844219
03013826142
03013825158
03013873759
03013891408
03013887298
03013840754
03013861018
03013886648
03013890905
03013825453
03013890348
03013823046
03013871988
03013891739
03013882727
03013824297
03013899686
03013879758
03013852210
03013858694
03013864347
03013870640
03013845784
03013855817
03013826553
03013854640
03013893327
03013876783
03013838511
03013833465
03013894778
03013876135
03013840405
03013888705
03013816004
03013822782
03013824422
03013836726
03013850346
03013892423
03013822850
03013866753
03013837727
03013834756
03013814070
03013866390
03013892009
03013867447
03013860810
03013845624
03013845285
03013880990
03013839401
03013834464
03013832007
03013813376
03013814121
03013886942
03013856882
03013828267
03013869622
03013815603
03013842321
03013835591
03013892243
03013863753
03013829427
03013834271
03013840944
03013833913
03013895437
03013863393
03013883457
03013859799
03013816913
03013858571
03013862713
03013872120
03013841456
03013827330
03013841555
03013873016
03013894781
03013843420
03013876602
03013888318
03013892415
03013810026
03013822604
03013863404
03013835540
03013894582
03013831038
03013851150
03013895405
03013899164
03013821826
03013862581
03013833176
03013819865
03013869205
03013881891
03013897532
03013838709
03013874664
03013815094
03013854804
03013851408
03013814821
03013815426
03013828067
03013842587
03013847540
03013892171
03013865791
03013887150
03013841109
03013841856
03013830918
03013811309
03013832032
03013827852
03013888875
03013869653
03013821508
03013859406
03013840886
03013869483
03013878875
03013894154
03013821689
03013844595
03013861528
03013828919
03013837893
03013813653
03013877320
03013855221
03013871195
03013848583
03013820114
03013893645
03013847865
03013856035
03013815486
03013821471
03013891320
03013888947
03013857896
03013818153
03013854038
03013869055
03013866015
03013893586
03013895397
03013810522
03013845338
03013836551
03013838777
03013830643
03013836871
03013849257
03013827455
03013864535
03013875697
03013840113
03013883449
03013895229
03013866682
03013873643
03013852413
03013884851
03013853997
03013845914
03013826441
03013820262
03013868838
03013847638
03013883734
03013859823
03013860673
03013883563
03013886862
03013896593
03013869785
03013844919
03013876350
03013819163
03013866228
03013894015
03013826784
03013813250
03013817783
03013834703
03013846300
03013813427
03013865927
03013819943
03013842984
03013825670
03013879148
03013873635
03013892863
03013876503
03013823153
03013816608
03013880419
03013879817
03013880801
03013815873
03013879439
03013880204
03013824175
03013870089
03013830301
03013828723
03013876062
03013865688
03013887768
03013863387
03013876049
03013819492
03013828130
03013891737
03013861188
03013866465
03013881710
03013863790
03013816839
03013835002
03013811904
03013882912
03013822957
03013876922
03013868416
03013853196
03013885809
03013814198
03013845983
03013897376
03013854498
03013832283
03013891220
03013866921
03013859982
03013815760
03013827900
03013854143
03013864732
03013884766
03013861965
03013813953
03013898106
03013817010
03013844437
03013819759
03013825455
03013847132
03013853379
03013860307
03013822865
03013863133
03013849189
03013830065
03013822115
03013889787
03013837238
03013839063
03013834181
03013846084
03013872570
03013849917
03013875020
03013888654
03013855012
03013868813
03013812190
03013883649
03013891231
03013892781
03013871855
03013816091
03013828972
03013898342
03013893906
03013886198
03013879604
03013885150
03013882246
03013830912
03013896849
03013866571
03013897834
03013832028
03013874944
03013847527
03013822902
03013852022
03013844439
03013849117
03013869416
03013859967
03013831105
03013870442
03013878319
03013841189
03013876657
03013831634
03013870351
03013830103
03013833097
03013823773
03013895881
03013851040
03013836697
03013822172
03013863837
03013841657
03013878170
03013822083
03013857178
03013836784
03013884784
03013864068
03013849224
03013824489
03013826230
03013871260
03013841057
03013854255
03013812421
03013826497
03013871509
03013833473
03013896741
03013879062
03013896487
03013886204
03013885824
03013830741
03013888184
03013843256
03013891246
03013853248
03013813264
03013841534
03013840534
03013863304
03013838019
03013869029
03013816560
03013874548
03013871392
03013824809
03013865436
03013813010
03013842199
03013822780
03013887402
03013893439
03013851673
03013835209
03013888609
03013860437
03013828529
03013882124
03013898960
03013861341
03013875883
03013881750
03013833242
03013872982
03013862238
03013895897
03013837114
03013840930
03013833490
03013864444
03013880180
03013833706
03013871677
03013820767
03013872814
03013888542
03013865404
03013815379
03013849817
03013839572
03013818038
03013820412
03013852827
03013813004
03013845760
03013881179
03013886606
03013876678
03013893145
03013834810
03013868580
03013838149
03013851827
03013817112
03013876902
03013885665
03013873681
03013844322
03013810742
03013824165
03013880256
03013894823
03013850512
03013867958
03013861357
03013826146
03013872799
03013810479
03013866370
03013856151
03013893670
03013854943
03013841826
03013843070
03013852291
03013891354
03013812821
03013854324
03013856812
03013871299
03013845370
03013865126
03013869521
03013819849
03013817569
03013855701
03013811640
03013879739
03013841698
03013828830
03013816319
03013896246
03013818181
03013895248
03013832941
03013819822
03013860459
03013868439
03013812428
03013844479
03013896884
03013861371
03013874042
03013824610
03013894311
03013860860
03013876384
03013856418
03013844907
03013852866
03013834886
03013829696
03013848108
03013843787
03013870445
03013861158
03013830740
03013824672
03013850656
03013864839
03013838624
03013845580
03013870500
03013834110
03013896106
03013879879
03013848114
03013893864
03013852933
03013888632
03013876930
03013825042
03013822964
03013856197
03013881658
03013887029
03013885427
03013829110
03013872411
03013871411
03013843380
03013888484
03013814257
03013884832
03013876034
03013890014
03013842719
03013851925
03013843767
03013861772
03013879639
03013858260
03013815791
03013890500
03013898205
03013880980
03013828270
03013862554
03013891974
03013864233
03013857956
03013876999
03013855948
03013825144
03013887590
03013888786
03013874129
03013845312
03013843834
03013821545
03013892428
03013867212
03013832816
03013845625
03013895047
03013872079
03013810213
03013836706
03013833163
03013890925
03013845402
03013864704
03013878116
03013896529
03013887221
03013899857
03013879437
03013879146
03013879727
03013811485
03013858308
03013859688
03013888444
03013868590
03013899932
03013840226
03013887211
03013891047
03013813591
03013870726
03013816356
03013885932
03013856190
03013858704
03013881760
03013827526
03013824792
03013886073
03013810546
03013860439
03013847184
03013810670
03013877599
03013858091
03013843977
03013820705
03013882570
03013887774
03013823053
03013853088
03013834139
03013823540
03013835359
03013883635
03013830093
03013833231
03013850698
03013858191
03013873656
03013826813
03013851654
03013870864
03013813924
03013844649
03013851152
03013897676
03013851620
03013854935
03013825412
03013847761
03013899248
03013841260
03013890557
03013890990
03013848522
03013855954
03013819520
03013890538
03013817637
03013810735
03013892815
03013872555
03013856083
03013840138
03013897432
03013891561
03013835374
03013852354
03013886783
03013820370
03013825945
03013887226
03013830053
03013876056
03013831418
03013890098
03013871432
03013898153
03013875778
03013836111
03013842375
03013812063
03013850631
03013881571
03013877276
03013831178
03013853550
03013870383
03013836275
03013889752
03013840918
03013878048
03013863351
03013872093
03013895069
03013857538
03013854187
03013863374
03013890037
03013895406
03013812465
03013820889
03013887277
03013865045
03013861295
03013825901
03013843464
03013873222
03013813174
03013819105
03013819484
03013817037
03013814461
03013830180
03013844019
03013889506
03013815860
03013814284
03013898804
03013884095
03013813527
03013885027
03013866701
03013836349
03013832560
03013817245
03013834779
03013818689
03013880371
03013823646
03013821485
03013824786
03013885586
03013851374
03013887714
03013880328
