03456407101
03456407785
03456402432
03456404921
03456403817
03456401826
03456406654
03456408469
03456401786
03456407646
03456404656
03456404184
03456401530
03456401333
03456408465
03456406527
03456403250
03456407096
03456409591
03456406490
03456402642
03456408104
03456404759
03456402040
03456406260
03456409035
03456402137
03456407784
03456407834
03456409814
03456401465
03456409607
03456405427
03456403205
03456407183
03456408951
03456407326
03456401275
03456402113
03456408844
03456405433
03456404513
03456405928
03456409716
03456404395
03456402463
03456405376
03456407885
03456403999
03456402987
03456409329
03456401358
03456405142
03456402595
03456407672
03456402881
03456407557
03456402790
03456404517
03456403145
03456401972
03456406180
03456405049
03456403226
03456406102
03456408127
03456401282
03456407575
03456405923
03456405820
03456407477
03456407208
03456403591
03456408831
03456402323
03456401864
03456406572
03456406761
03456409898
03456403834
03456406826
03456402136
03456408249
03456409510
03456406070
03456409769
03456408485
03456407596
03456405698
03456404798
03456402540
03456409748
03456404666
03456401168
03456406361
03456407248
03456406603
03456406423
03456407064
03456403509
03456403880
03456402965
03456407933
03456409003
03456408841
03456405692
03456406218
03456407756
03456403247
03456406800
03456405145
03456404043
03456402879
03456405816
03456407517
03456401771
03456401505
03456406153
03456407335
03456409881
03456401947
03456402410
03456401050
03456409083
03456407656
03456409512
03456403295
03456407410
03456409761
03456408627
03456404368
03456407381
03456402352
03456401606
03456405512
03456404077
03456402266
03456409839
03456402451
03456407997
03456407394
03456405704
03456407866
03456408288
03456409731
03456404831
03456404918
03456406173
03456401017
03456405522
03456407953
03456409757
03456402901
03456404995
03456406007
03456408243
03456409951
03456409390
03456405384
03456405416
03456405498
03456403464
03456405910
03456401102
03456405992
03456402076
03456405068
03456409495
03456404413
03456403655
03456403378
03456409790
03456402407
03456409666
03456409781
03456408464
03456402492
03456408851
03456402453
03456406364
03456406829
03456403653
03456402611
03456409081
03456406259
03456401595
03456402499
03456408607
03456402010
03456407079
03456403820
03456403729
03456408925
03456408833
03456401105
03456403957
03456401521
03456401109
03456404297
03456406379
03456403111
03456402588
03456406340
03456408462
03456401487
03456406898
03456406532
03456402962
03456402063
03456409133
03456406635
03456402256
03456403381
03456402995
03456408808
03456408446
03456406995
03456405806
03456401644
03456403090
03456404356
03456409616
03456402587
03456405960
03456404734
03456403566
03456401348
03456406412
03456404842
03456405719
03456409356
03456404532
03456409500
03456406492
03456409919
03456403133
03456401012
03456401709
03456405478
03456407325
03456403370
03456403656
03456401563
03456403538
03456405544
03456405837
03456402296
03456405510
03456404525
03456405303
03456402652
03456403288
03456408754
03456402971
03456403752
03456402501
03456406752
03456403331
03456406514
03456401614
03456405650
03456404291
03456402900
03456405657
03456403881
03456406502
03456408889
03456405313
03456405983
03456404096
03456406166
03456405765
03456402142
03456404397
03456401196
03456408022
03456404179
03456409051
03456406703
03456401244
03456403521
03456404259
03456408377
03456408963
03456405710
03456407719
03456409365
03456409529
03456408663
03456407880
03456401662
03456409334
03456403407
03456408542
03456401206
03456406486
03456407523
03456407769
03456407011
03456401609
03456405556
03456405309
03456402334
03456402563
03456404749
03456403974
03456406197
03456403135
03456402981
03456402722
03456404681
03456401723
03456407203
03456403265
03456406594
03456402613
03456405733
03456403315
03456406359
03456404845
03456405643
03456401774
03456409209
03456403720
03456402976
03456406509
03456404556
03456402527
03456408703
03456403067
03456406628
03456403147
03456402970
03456405390
03456409030
03456402465
03456403467
03456408526
03456406353
03456405516
03456406818
03456405486
03456409283
03456407469
03456404503
03456408996
03456402370
03456402240
03456408950
03456407489
03456406919
03456404045
03456402200
03456401289
03456405980
03456406471
03456408165
03456402153
03456403019
03456406906
03456401203
03456403583
03456403267
03456409848
03456407832
03456408491
03456404958
03456405187
03456404955
03456403722
03456406251
03456408473
03456406092
03456405560
03456406462
03456404116
03456409138
03456406227
03456408924
03456403190
03456407740
03456406485
03456402774
03456408367
03456402518
03456403362
03456403799
03456402834
03456408708
03456404208
03456409213
03456405412
03456409102
03456402392
03456401118
03456408998
03456401961
03456408857
03456407244
03456407566
03456405046
03456404441
03456401686
03456402605
03456401996
03456406556
03456408535
03456401435
03456401370
03456408012
03456405843
03456406782
03456407073
03456409464
03456408610
03456402439
03456401825
03456401156
03456402225
03456405689
03456404265
03456406879
03456401054
03456404070
03456402998
03456404266
03456405946
03456401439
03456408333
03456406681
03456409502
03456409913
03456401366
03456407242
03456404299
03456407273
03456409883
03456402837
03456401200
03456409569
03456402320
03456405319
03456401653
03456409521
03456407032
03456406088
03456406678
03456402821
03456408752
03456407421
03456403499
03456402457
03456402486
03456405537
03456401294
03456401303
03456402066
03456405668
03456405342
03456408740
03456402783
03456409108
03456402526
03456403914
03456406589
03456404951
03456405805
03456401427
03456405679
03456408734
03456408750
03456401344
03456409753
03456404745
03456403034
03456409858
03456403496
03456408618
03456409581
03456409259
03456406002
03456407455
03456404755
03456408761
03456405978
03456403471
03456401534
03456403900
03456406977
03456406579
03456408869
03456401279
03456406573
03456402173
03456407869
03456402946
03456405993
03456407820
03456401879
03456402206
03456403735
03456404192
03456401541
03456401666
03456408268
03456402208
03456402172
03456406724
03456409158
03456403524
03456403105
03456405070
03456407827
03456408972
03456402333
03456409892
03456406545
03456406677
03456401757
03456402171
03456402475
03456408474
03456407750
03456406461
03456407684
03456406634
03456403266
03456408182
03456405575
03456408217
03456401019
03456404569
03456404437
03456401804
03456406925
03456401727
03456407420
03456405345
03456408173
03456401924
03456406538
03456403015
03456402261
03456408897
03456406100
03456405202
03456401564
03456401717
03456403916
03456401806
03456404524
03456408765
03456405976
03456402523
03456404923
03456409494
03456401816
03456408138
03456403257
03456404534
03456406626
03456409620
03456404949
03456401504
03456404751
03456407129
03456405826
03456409923
03456404669
03456401145
03456401851
03456406022
03456407165
03456406907
03456407768
03456409455
03456402852
03456407888
03456401460
03456402401
03456404276
03456404896
03456405087
03456402429
03456404721
03456404876
03456409004
03456404362
03456409474
03456401655
03456408944
03456406812
03456404587
03456402766
03456408090
03456401882
03456409854
03456407620
03456404124
03456406501
03456403092
03456408016
03456409121
03456404048
03456408683
03456403164
03456402640
03456405166
03456407218
03456401987
03456407228
03456402041
03456407049
03456403396
03456405201
03456409793
03456402141
03456405938
03456407691
03456405252
03456408823
03456408265
03456408603
03456409798
03456409577
03456402546
03456408394
03456401995
03456405234
03456403308
03456406192
03456408599
03456401197
03456407442
03456404307
03456404436
03456401716
03456406958
03456402545
03456405717
03456404693
03456406680
03456405401
03456402764
03456408999
03456405225
03456406040
03456402139
03456404560
03456402842
03456405589
03456404672
03456406644
03456407076
03456401459
03456401815
03456404529
03456403600
03456403542
03456406291
03456408495
03456403383
03456401855
03456407106
03456405684
03456402886
03456405104
03456402896
03456402484
03456409863
03456403515
03456407831
03456406593
03456402469
03456404308
03456405447
03456406459
03456406637
03456404600
03456408718
03456409763
03456401620
03456404639
03456402498
03456403901
03456404605
03456402151
03456406460
03456401936
03456402067
03456402017
03456401948
03456407143
03456408118
03456406419
03456401674
03456407738
03456402692
03456402187
03456406781
03456403561
03456403627
03456403452
03456409345
03456405780
03456409082
03456403448
03456407082
03456409654
03456403895
03456404664
03456401052
03456402467
03456403221
03456408985
03456406024
03456407927
03456403170
03456405764
03456404576
03456407164
03456407328
03456409795
03456404963
03456406862
03456406026
03456404839
03456401078
03456401870
03456409045
03456404555
03456408825
03456403069
03456403012
03456404854
03456408171
03456407352
03456406908
03456405651
03456403198
03456402688
03456407238
03456406163
03456408853
03456407863
03456408876
03456408824
03456408615
03456401753
03456403652
03456407042
03456404691
03456407033
03456408638
03456403476
03456405396
03456401388
03456408314
03456404175
03456404429
03456407675
03456403011
03456403073
03456402480
03456407592
03456407223
03456409625
03456401676
03456406842
03456402274
03456409623
03456404078
03456401412
03456405985
03456404007
03456405731
03456401315
03456409360
03456407812
03456405999
03456401138
03456408713
03456407419
03456401512
03456404262
03456401856
03456409022
03456408258
03456405564
03456404272
03456403152
03456407910
03456401652
03456409198
03456408359
03456404027
03456402416
03456407409
03456402064
03456409410
03456404006
03456408698
03456401464
03456403650
03456405261
03456406481
03456406453
03456408509
03456408743
03456407413
03456407819
03456404015
03456404058
03456409806
03456408259
03456402777
03456403736
03456408516
03456401849
03456401238
03456405333
03456407612
03456403582
03456403728
03456404153
03456405354
03456402101
03456407549
03456405016
03456409560
03456404100
03456407912
03456409501
03456401428
03456403142
03456406991
03456409615
03456402663
03456406258
03456402380
03456408401
03456403351
03456404754
03456403804
03456409206
03456407924
03456405489
03456402165
03456409614
03456405120
03456408316
03456407648
03456402898
03456402725
03456406851
03456406642
03456403852
03456402803
03456404454
03456409958
03456401893
03456408758
03456409684
03456405373
03456409541
03456402234
03456408575
03456409075
03456405232
03456405181
03456409399
03456401550
03456402895
03456405637
03456406978
03456409526
03456407395
03456404485
03456402792
03456401184
03456402870
03456408530
03456401091
03456408786
03456402973
03456408810
03456406038
03456409576
03456403946
03456403392
03456402860
03456406575
03456402624
03456407380
03456406544
03456409241
03456407716
03456402347
03456404957
03456405301
03456403747
03456408215
03456403240
03456403277
03456407059
03456405473
03456409101
03456407573
03456406814
03456402817
03456408827
03456406587
03456409400
03456409260
03456409765
03456403036
03456405655
03456401235
03456406984
03456406503
03456403373
03456409061
03456406327
03456409409
03456404770
03456407104
03456406247
03456401943
03456403829
03456404838
03456409226
03456402797
03456406299
03456406886
03456407919
03456403759
03456407473
03456402707
03456403757
03456401823
03456403529
03456403223
03456408120
03456406779
03456406205
03456405363
03456408418
03456408797
03456409154
03456406913
03456403867
03456402289
03456408368
03456402853
03456405629
03456406360
03456402004
03456402757
03456404562
03456409170
03456404348
03456409065
03456402779
03456405880
03456401546
03456408984
03456409468
03456405738
03456403693
03456404332
03456403380
03456405410
03456406041
03456401440
03456405884
03456402431
03456404597
03456409550
03456401843
03456406346
03456401740
03456408661
03456408086
03456407609
03456405966
03456407404
03456402132
03456406298
03456405639
03456409766
03456409706
03456403850
03456407987
03456409384
03456403385
03456409891
03456402667
03456407347
03456408521
03456401180
03456407729
03456404354
03456406924
03456409751
03456409514
03456401873
03456407187
03456404319
03456403549
03456402763
03456405108
03456402885
03456401858
03456409771
03456406288
03456402199
03456406274
03456409146
03456407590
03456403473
03456404444
03456403854
03456407519
03456401951
03456403679
03456404081
03456405036
03456403424
03456406905
03456409879
03456401612
03456402381
03456406784
03456403765
03456402579
03456405386
03456409647
03456402878
03456407856
03456408486
03456401526
03456406378
03456409621
03456402246
03456402033
03456405896
03456409347
03456405235
03456409467
03456407726
03456401684
03456402745
03456403992
03456401979
03456408159
03456405808
03456409817
03456406006
03456403695
03456403760
03456407288
03456403826
03456401566
03456405997
03456401680
03456401831
03456407301
03456408608
03456405415
03456405848
03456407893
03456404872
03456409740
03456407999
03456406484
03456407437
03456407343
03456404746
03456401921
03456401193
03456405111
03456404494
03456409547
03456401960
03456409323
03456401569
03456408551
03456408272
03456402850
03456407054
03456409899
03456407666
03456408361
03456403404
03456403339
03456402310
03456405835
03456404851
03456409119
03456402238
03456407428
03456407809
03456403333
03456406595
03456406351
03456409014
03456406455
03456401904
03456407186
03456406445
03456409870
03456406731
03456402953
03456404279
03456409341
03456406599
03456406890
03456403676
03456407085
03456406585
03456409770
03456401049
03456403938
03456401406
03456409974
03456409610
03456405357
03456405374
03456407308
03456402760
03456402322
03456404973
03456409258
03456406394
03456405149
03456409013
03456401915
03456403534
03456406607
03456407905
03456401555
03456402519
03456405348
03456406748
03456405545
03456402413
03456407607
03456402294
03456405014
03456401811
03456409136
03456405337
03456403970
03456409629
03456409306
03456407142
03456407341
03456407571
03456409290
03456402068
03456403391
03456403801
03456402854
03456402036
03456405574
03456403372
03456409427
03456409786
03456401651
03456409912
03456402855
03456405526
03456408387
03456408667
03456408196
03456402637
03456407275
03456402249
03456405178
03456404852
03456404178
03456409176
03456406411
03456402008
03456402808
03456408902
03456401212
03456405876
03456408957
03456407175
03456404557
03456401933
03456405056
03456406256
03456409878
03456407355
03456405670
03456401018
03456409184
03456406354
03456402161
03456404793
03456406802
03456401552
03456406381
03456407107
03456405554
03456407858
03456406397
03456409573
03456407777
03456408842
03456405499
03456403952
03456404313
03456402510
03456409710
03456405603
03456403638
03456402218
03456409488
03456404270
03456409555
03456403160
03456409991
03456403176
03456409800
03456402100
03456409660
03456401281
03456409002
03456404075
03456408658
03456406682
03456406863
03456409578
03456406847
03456405083
03456401718
03456406705
03456406674
03456408569
03456401458
03456402574
03456406468
03456409181
03456405369
03456408187
03456404698
03456406406
03456402958
03456407976
03456408195
03456405878
03456401852
03456404652
03456403014
03456408429
03456405535
03456404635
03456403559
03456405507
03456401433
03456402641
03456409186
03456407837
03456406454
03456403317
03456402264
03456401231
03456409188
03456407045
03456405631
03456404126
03456403094
03456407231
03456403003
03456409377
03456402252
03456403905
03456401601
03456408651
03456409204
03456409865
03456402052
03456403659
03456402482
03456405216
03456403933
03456404830
03456403674
03456403935
03456408162
03456403089
03456404132
03456403651
03456406744
03456409007
03456408832
03456406220
03456404173
03456408888
03456405335
03456408304
03456401632
03456407250
03456401307
03456403365
03456401602
03456409832
03456403990
03456409982
03456407971
03456404402
03456409657
03456404090
03456407298
03456404358
03456408030
03456402813
03456406804
03456407548
03456403580
03456404840
03456401133
03456409163
03456406152
03456404857
03456409643
03456403645
03456407878
03456407147
03456406912
03456402300
03456407579
03456407707
03456409452
03456402072
03456404103
03456403668
03456403841
03456403431
03456404350
03456409561
03456409446
03456404649
03456403406
03456407369
03456408697
03456407786
03456404723
03456406791
03456406116
03456402144
03456407212
03456404974
03456404346
03456404325
03456406523
03456404886
03456402634
03456407178
03456404997
03456403361
03456404732
03456406087
03456407292
03456401801
03456404994
03456409570
03456406073
03456409361
03456402188
03456405509
03456401462
03456405563
03456402239
03456409128
03456407209
03456404057
03456405865
03456407317
03456408545
03456402383
03456404448
03456402636
03456402609
03456401793
03456404810
03456409563
03456409351
03456404086
03456406014
03456408813
03456403272
03456404989
03456405316
03456404760
03456401121
03456404009
03456406959
03456408783
03456405854
03456408784
03456409975
03456408308
03456407124
03456409091
03456407872
03456403463
03456407567
03456407378
03456403367
03456402638
03456409150
03456406828
03456409564
03456407857
03456404017
03456401778
03456401302
03456408443
03456404959
03456402553
03456405718
03456408923
03456405649
03456403009
03456408955
03456403357
03456408848
03456405326
03456402348
03456408601
03456402226
03456403892
03456408141
03456405349
03456405705
03456407611
03456406121
03456402677
03456405609
03456404293
03456403942
03456401837
03456407005
03456408673
03456407454
03456401641
03456404571
03456401270
03456409244
03456407814
03456404558
03456408422
03456403790
03456401502
03456407718
03456404382
03456402738
03456409782
03456408838
03456409875
03456404629
03456404685
03456408254
03456402083
03456407118
03456406352
03456401772
03456403685
03456401434
03456402598
03456407655
03456402622
03456407535
03456401147
03456406112
03456408887
03456405685
03456406224
03456406432
03456405294
03456408768
03456403072
03456401131
03456404696
03456403264
03456406641
03456404559
03456409559
03456402474
03456401304
03456403615
03456408151
03456407817
03456406283
03456408364
03456405493
03456405263
03456404263
03456401591
03456402726
03456404422
03456401838
03456408461
03456401821
03456406788
03456408349
03456407233
03456404662
03456408699
03456404782
03456404310
03456405981
03456404337
03456407975
03456408672
03456407884
03456402455
03456405271
03456407534
03456409940
03456408068
03456407318
03456403274
03456403855
03456401248
03456407310
03456404438
03456403708
03456404802
03456406098
03456402954
03456408953
03456409451
03456402930
03456405017
03456401182
03456409282
03456409926
03456408871
03456402919
03456402709
03456405716
03456406888
03456406865
03456408520
03456403753
03456409470
03456405074
03456403377
03456403413
03456407472
03456409250
03456405469
03456401178
03456408239
03456402986
03456404929
03456406031
03456406318
03456408082
03456401938
03456403960
03456405137
03456402091
03456404573
03456401322
03456404391
03456407828
03456404167
03456407992
03456401953
03456407937
03456407577
03456403984
03456406215
03456407879
03456403046
03456405539
03456406976
03456405562
03456406214
03456401935
03456405766
03456405713
03456408103
03456408634
03456409932
03456407779
03456404239
03456409397
03456408806
03456404926
03456407169
03456402983
03456408803
03456402090
03456405122
03456403080
03456401937
03456406827
03456401258
03456403516
03456403241
03456406252
03456406771
03456407050
03456402984
03456406376
03456407745
03456403202
03456406534
03456406469
03456409635
03456404459
03456409927
03456408594
03456403010
03456403016
03456404242
03456401854
03456404277
03456404508
03456402197
03456404862
03456401025
03456402382
03456401255
03456407700
03456408550
03456406815
03456405413
03456406604
03456406403
03456408621
03456401888
03456406899
03456402664
03456407644
03456408741
03456407330
03456409251
03456403893
03456408093
03456402025
03456404180
03456401607
03456406335
03456401298
03456409319
03456404460
03456406201
03456409955
03456408410
03456408291
03456401908
03456405450
03456403861
03456402388
03456408208
03456401828
03456404631
03456401499
03456405434
03456402513
03456401288
03456408448
03456403347
03456407319
03456408609
03456402424
03456403844
03456407322
03456402569
03456408226
03456405770
03456401443
03456409315
03456406833
03456406337
03456409884
03456402351
03456406975
03456405230
03456404836
03456405864
03456406159
03456408687
03456406998
03456409804
03456402635
03456405867
03456401181
03456407148
03456405382
03456409819
03456409155
03456408860
03456406118
03456404713
03456405680
03456404950
03456404647
03456404623
03456402269
03456407435
03456408427
03456403751
03456408614
03456405231
03456401824
03456404000
03456407923
03456408590
03456408292
03456409515
03456407994
03456405652
03456408419
03456403493
03456409902
03456401026
03456405445
03456408114
03456403293
03456409745
03456406030
03456405180
03456405200
03456401373
03456405794
03456407429
03456408534
03456405080
03456407914
03456405154
03456408983
03456402894
03456403346
03456402278
03456406718
03456405762
03456401129
03456401010
03456407532
03456407401
03456404627
03456405636
03456405321
03456401712
03456401588
03456405571
03456408006
03456408142
03456408222
03456408412
03456405871
03456405220
03456409946
03456409311
03456407974
03456406123
03456404050
03456407667
03456403972
03456401166
03456403212
03456409185
03456403368
03456406325
03456404891
03456403412
03456402109
03456405340
03456404518
03456401805
03456407959
03456402717
03456407746
03456401529
03456408166
03456405375
03456408977
03456406483
03456409447
03456406734
03456408432
03456405424
03456404170
03456401033
03456406429
03456407441
03456405044
03456401063
03456405662
03456403049
03456402802
03456408645
03456402866
03456408163
03456401827
03456402123
03456402442
03456403000
03456401376
03456402601
03456403964
03456403484
03456408877
03456409882
03456405116
03456407305
03456406175
03456403888
03456401689
03456409423
03456401283
03456403301
03456408033
03456405052
03456409604
03456408874
03456405346
03456408378
03456409085
03456407737
03456407697
03456409041
03456401308
03456403270
03456409286
03456403660
03456402241
03456401892
03456407883
03456404071
03456407067
03456404032
03456402695
03456403178
03456402680
03456409972
03456405451
03456408061
03456407427
03456401335
03456409407
03456402170
03456409568
03456407134
03456403498
03456409222
03456404223
03456401997
03456401059
03456409834
03456402536
03456404841
03456409335
03456401319
03456407778
03456405199
03456406404
03456407764
03456407393
03456408581
03456407826
03456405856
03456402947
03456407138
03456406233
03456403809
03456402833
03456409721
03456403995
03456407411
03456408232
03456402728
03456405302
03456405525
03456405160
03456408092
03456401629
03456406971
03456409626
03456401803
03456408552
03456405671
03456402713
03456407650
03456408297
03456406477
03456408541
03456407943
03456401923
03456407673
03456404305
03456406244
03456405721
03456409532
03456408549
03456405098
03456403605
03456404123
03456403792
03456401204
03456402750
03456402699
03456408345
03456407198
03456407969
03456401173
03456402615
03456407004
03456402863
03456407217
03456406168
03456402342
03456407323
03456403904
03456402271
03456409370
03456403971
03456402668
03456405472
03456407365
03456403858
03456407022
03456407362
03456406072
03456403778
03456409597
03456408554
03456404373
03456407752
03456406806
03456408008
03456404628
03456401449
03456402024
03456408320
03456401186
03456408974
03456401167
03456405148
03456406398
03456409379
03456405359
03456404150
03456405253
03456406759
03456407619
03456403788
03456405464
03456409773
03456401362
03456401926
03456405392
03456402408
03456403141
03456405338
03456407751
03456403350
03456409038
03456409016
03456403405
03456402578
03456408372
03456401447
03456403857
03456407229
03456402616
03456401656
03456407868
03456405987
03456407661
03456403664
03456402168
03456403076
03456404726
03456402602
03456405553
03456407695
03456409966
03456404927
03456401008
03456409915
03456403180
03456405734
03456407721
03456406996
03456406969
03456407637
03456407504
03456407805
03456402398
03456409405
03456409476
03456405583
03456407625
03456405939
03456408679
03456402422
03456401481
03456405092
03456402848
03456407313
03456409436
03456405922
03456409018
03456407278
03456406027
03456407294
03456404388
03456401658
03456402215
03456406921
03456402577
03456405297
03456401532
03456407597
03456403986
03456401029
03456401703
03456407662
03456405954
03456404660
03456404655
03456403547
03456404347
03456402829
03456407467
03456403449
03456402372
03456401194
03456405967
03456402902
03456403724
03456407642
03456409845
03456405380
03456404911
03456401316
03456407065
03456408574
03456408303
03456407988
03456408365
03456401339
03456407287
03456408409
03456405452
03456407985
03456409747
03456405188
03456407875
03456406402
03456409905
03456404128
03456401083
03456409945
03456406109
03456401721
03456401616
03456403338
03456406482
03456406530
03456405773
03456402778
03456402399
03456405084
03456403907
03456409031
03456408968
03456407450
03456405057
03456402198
03456403233
03456409189
03456405435
03456408668
03456407219
03456405229
03456405566
03456406793
03456407249
03456402184
03456402022
03456402212
03456407774
03456402495
03456405159
03456403633
03456402248
03456406740
03456406012
03456407550
03456407293
03456401094
03456406856
03456404585
03456406263
03456406738
03456405803
03456408341
03456401719
03456405336
03456402872
03456401183
03456407444
03456403128
03456406808
03456401378
03456402940
03456407794
03456403586
03456408434
03456407983
03456409217
03456404037
03456409699
03456404890
03456405107
03456408798
03456406058
03456401038
03456404154
03456408635
03456403440
03456408296
03456409375
03456405557
03456402917
03456402884
03456404720
03456407898
03456406171
03456404946
03456408154
03456409309
03456406093
03456403282
03456407374
03456408755
03456406586
03456404304
03456406315
03456402020
03456403328
03456407982
03456402336
03456408010
03456406820
03456409159
03456405289
03456409058
03456405065
03456406333
03456409316
03456408024
03456403527
03456409944
03456402773
03456405798
03456404019
03456407798
03456402775
03456407182
03456407505
03456404452
03456409849
03456402319
03456401419
03456404968
03456401393
03456409869
03456406710
03456403637
03456409367
03456408771
03456404042
03456403689
03456404987
03456408290
03456408492
03456401190
03456408037
03456407482
03456408995
03456404137
03456409637
03456408936
03456406839
03456405902
03456407665
03456408029
03456404484
03456406464
03456407039
03456404176
03456406241
03456406306
03456405647
03456405248
03456402088
03456403140
03456403815
03456404199
03456404861
03456404028
03456402927
03456403777
03456403355
03456406498
03456409713
03456403310
03456402868
03456405389
03456406557
03456409205
03456401251
03456404316
03456401730
03456404076
03456408122
03456405585
03456406497
03456402653
03456402656
03456404074
03456402810
03456402975
03456406543
03456405590
03456406107
03456404462
03456409525
03456402337
03456406699
03456401994
03456407127
03456404610
03456402479
03456401625
03456403742
03456403151
03456407126
03456408375
03456401262
03456403215
03456406773
03456404125
03456406356
03456408845
03456402247
03456405802
03456408762
03456408198
03456406275
03456409853
03456408135
03456402205
03456408553
03456401367
03456401423
03456403590
03456408042
03456402245
03456401594
03456404364
03456407715
03456402684
03456406467
03456407290
03456407731
03456408930
03456401246
03456405399
03456406617
03456402487
03456407854
03456401324
03456405847
03456406204
03456408756
03456409419
03456405759
03456406952
03456407671
03456403845
03456408731
03456404761
03456405528
03456409562
03456401472
03456409733
03456408543
03456402129
03456408606
03456408094
03456406805
03456406716
03456408879
03456403569
03456403842
03456408045
03456402195
03456405608
03456407023
03456403827
03456402704
03456401309
03456403519
03456401989
03456404375
03456407660
03456409589
03456402597
03456402614
03456407881
03456403828
03456405799
03456406535
03456401847
03456409371
03456404106
03456406297
03456405508
03456408779
03456407029
03456407765
03456401205
03456406785
03456403285
03456402630
03456401920
03456406844
03456403658
03456406056
03456407553
03456408725
03456405458
03456404425
03456405672
03456404811
03456405825
03456404773
03456401672
03456402483
03456409218
03456402618
03456403887
03456405595
03456405449
03456409895
03456405812
03456409328
03456405524
03456402535
03456409742
03456408716
03456404294
03456403426
03456404461
03456409681
03456405646
03456409835
03456403968
03456403441
03456409603
03456402011
03456406127
03456404881
03456404226
03456409575
03456402224
03456402103
03456408612
03456401321
03456402275
03456407258
03456401859
03456406057
03456405792
03456402937
03456408240
03456406645
03456401626
03456404246
03456405277
03456409340
03456403800
03456405378
03456406407
03456402312
03456406491
03456402190
03456403807
03456403419
03456407946
03456401068
03456404324
03456409687
03456401692
03456409513
03456406182
03456407744
03456404234
03456409304
03456402303
03456408309
03456404729
03456407173
03456404769
03456405868
03456408544
03456406858
03456409566
03456407034
03456402373
03456401868
03456403915
03456409933
03456403909
03456409094
03456401596
03456407846
03456403481
03456406074
03456407773
03456401022
03456408870
03456407236
03456405893
03456404333
03456408689
03456404917
03456405824
03456409546
03456409324
03456406052
03456406388
03456409047
03456402270
03456407962
03456409420
03456407614
03456405972
03456403947
03456408298
03456405635
03456405577
03456406965
03456408695
03456407521
03456404455
03456403672
03456401535
03456403683
03456405612
03456403196
03456404109
03456405543
03456404434
03456403803
03456408110
03456401264
03456405228
03456407200
03456403053
03456405195
03456409291
03456406221
03456406028
03456406529
03456401597
03456402715
03456408193
03456404278
03456403813
03456403808
03456404417
03456403931
03456406555
03456409584
03456409256
03456405506
03456405690
03456401685
03456402915
03456405919
03456406732
03456408444
03456404334
03456408662
03456406321
03456405818
03456408080
03456405593
03456406240
03456403832
03456406287
03456407793
03456406838
03456407333
03456407188
03456405162
03456403784
03456404904
03456401330
03456404342
03456403614
03456407528
03456404603
03456408406
03456404271
03456407725
03456406399
03456403648
03456405151
03456407487
03456408113
03456408475
03456401751
03456403663
03456407430
03456406086
03456406763
03456409449
03456401822
03456407853
03456406627
03456408126
03456409894
03456405857
03456406391
03456403500
03456404488
03456403737
03456404218
03456408064
03456403830
03456405540
03456404471
03456408515
03456406669
03456401135
03456405022
03456409220
03456409049
03456407020
03456405454
03456409507
03456406489
03456406986
03456409401
03456404709
03456402549
03456404499
03456408058
03456404118
03456403624
03456404737
03456407533
03456405599
03456402291
03456405153
03456407670
03456405492
03456404871
03456402111
03456404424
03456405515
03456402242
03456404981
03456402991
03456409971
03456406660
03456409976
03456409484
03456405460
03456401516
03456408680
03456406157
03456408529
03456404520
03456404353
03456408819
03456401494
03456401581
03456409837
03456405912
03456407897
03456406524
03456407226
03456409435
03456401875
03456408643
03456406936
03456404478
03456407555
03456408493
03456407694
03456403967
03456401041
03456404113
03456409100
03456403430
03456407525
03456405895
03456407722
03456405737
03456407081
03456409284
03456405045
03456408763
03456403451
03456402258
03456409028
03456406951
03456407970
03456401214
03456401744
03456401679
03456402409
03456404041
03456405860
03456401125
03456405487
03456409115
03456405869
03456404870
03456404467
03456408648
03456404152
03456409060
03456404564
03456405194
03456407274
03456407463
03456409729
03456403748
03456406546
03456404938
03456406142
03456405846
03456404922
03456403680
03456404766
03456407303
03456407966
03456403414
03456404233
03456404673
03456404296
03456404453
03456407270
03456408935
03456408910
03456406650
03456401890
03456405134
03456406578
03456406130
03456406883
03456401739
03456402568
03456402781
03456403249
03456401756
03456404314
03456401887
03456401779
03456408267
03456403041
03456409788
03456402819
03456409275
03456403242
03456407102
03456408636
03456408510
03456405398
03456401514
03456401301
03456406999
03456404404
03456405686
03456407154
03456404705
03456402230
03456402093
03456403787
03456407094
03456408919
03456403292
03456405625
03456407438
03456401983
03456407028
03456404612
03456409295
03456403477
03456408572
03456403919
03456402276
03456408898
03456409792
03456402194
03456401148
03456403314
03456407939
03456403326
03456402105
03456401615
03456402125
03456408528
03456407510
03456402537
03456401035
03456401073
03456405819
03456406533
03456403512
03456405409
03456405391
03456405215
03456406777
03456401016
03456405210
03456407360
03456403193
03456409135
03456405879
03456406673
03456408009
03456406211
03456404384
03456407680
03456401352
03456403574
03456405761
03456402304
03456404621
03456404257
03456402365
03456406280
03456409245
03456402532
03456408099
03456401161
03456404718
03456408970
03456401088
03456409645
03456404764
03456404675
03456402748
03456404091
03456404400
03456407810
03456407728
03456407263
03456401640
03456401386
03456407631
03456404859
03456408712
03456407763
03456403103
03456407956
03456409889
03456401954
03456405511
03456403290
03456407240
03456403296
03456401276
03456401390
03456406588
03456402600
03456403013
03456408213
03456403639
03456403994
03456406447
03456402043
03456407151
03456402446
03456405269
03456406458
03456409775
03456407086
03456404111
03456402375
03456405815
03456401881
03456401661
03456408421
03456409762
03456409027
03456404519
03456405831
03456406452
03456402742
03456405031
03456401845
03456406949
03456403769
03456406656
03456405913
03456408076
03456405496
03456405736
03456403129
03456405461
03456409509
03456402179
03456401634
03456403251
03456407468
03456405105
03456401927
03456401320
03456405064
03456409480
03456404595
03456403716
03456402054
03456402265
03456401877
03456408865
03456408111
03456405004
03456408660
03456403530
03456408315
03456404910
03456403456
03456405746
03456409696
03456403030
03456408664
03456404728
03456406950
03456408440
03456403307
03456401780
03456407291
03456404149
03456409043
03456401397
03456409922
03456401374
03456403998
03456404029
03456404800
03456401081
03456403611
03456409011
03456406409
03456404073
03456406023
03456403154
03456408748
03456403670
03456408847
03456401750
03456405859
03456404165
03456409088
03456402058
03456409187
03456406722
03456404565
03456408229
03456401254
03456401116
03456407938
03456402030
03456409234
03456405035
03456404633
03456408626
03456407192
03456401950
03456409646
03456402754
03456405866
03456405614
03456409331
03456406094
03456409677
03456403965
03456403023
03456403966
03456404216
03456409105
03456405274
03456402737
03456405916
03456408188
03456407572
03456403126
03456404553
03456403124
03456407316
03456401151
03456401895
03456404329
03456406178
03456401668
03456409727
03456401670
03456408015
03456401488
03456409556
03456401070
03456404659
03456406517
03456408087
03456404791
03456401603
03456402739
03456401060
03456406207
03456408777
03456408295
03456408027
03456405347
03456403856
03456406845
03456402298
03456408057
03456408002
03456402121
03456407901
03456406700
03456402055
03456402944
03456402353
03456409537
03456405691
03456409402
03456405959
03456401554
03456403375
03456409987
03456406616
03456404209
03456407213
03456404763
03456402361
03456408459
03456404309
03456407681
03456401576
03456401441
03456407092
03456402997
03456403701
03456407865
03456401604
03456408116
03456407742
03456407979
03456405941
03456405810
03456401154
03456402233
03456408655
03456404381
03456404446
03456406448
03456407634
03456404114
03456407913
03456403806
03456408180
03456402338
03456408044
03456404515
03456408096
03456402694
03456406363
03456401536
03456408502
03456405275
03456403437
03456407973
03456407433
03456405769
03456408398
03456404251
03456403608
03456403235
03456405128
03456406809
03456408883
03456405788
03456407782
03456405841
03456409935
03456401639
03456405640
03456408091
03456407713
03456409160
03456408460
03456407119
03456406424
03456405407
03456405974
03456402534
03456402892
03456409387
03456404290
03456406992
03456403810
03456409433
03456403501
03456409535
03456407677
03456403573
03456405090
03456404258
03456402685
03456404064
03456402117
03456404145
03456402202
03456403644
03456405536
03456402391
03456405251
03456405364
03456405665
03456403106
03456403423
03456405295
03456405176
03456409737
03456409508
03456408206
03456407145
03456404466
03456405500
03456401715
03456404068
03456407269
03456401608
03456406929
03456408311
03456404182
03456408137
03456405110
03456409754
03456402478
03456408696
03456407262
03456402921
03456408872
03456404326
03456402608
03456402178
03456409178
03456407669
03456409750
03456405940
03456403949
03456405712
03456406371
03456407606
03456403278
03456405561
03456403040
03456405147
03456406864
03456405555
03456401371
03456402658
03456403095
03456407390
03456407459
03456402752
03456405196
03456404501
03456409325
03456406551
03456401354
03456404431
03456402196
03456401853
03456401090
03456403983
03456407458
03456404172
03456401237
03456408160
03456407190
03456406887
03456407171
03456407016
03456402945
03456403953
03456401132
03456403793
03456401123
03456409174
03456401242
03456403349
03456408885
03456403475
03456405217
03456402154
03456406357
03456403188
03456405729
03456401164
03456407259
03456405179
03456405521
03456409124
03456403525
03456404236
03456408144
03456406228
03456409983
03456405786
03456402062
03456402221
03456407839
03456404317
03456401310
03456408001
03456405550
03456406141
03456409522
03456402788
03456405785
03456407604
03456409326
03456405789
03456403863
03456409823
03456401643
03456403445
03456408989
03456407402
03456401360
03456408943
03456407507
03456404567
03456406465
03456403697
03456405305
03456409628
03456402753
03456408095
03456407241
03456403364
03456409930
03456409996
03456403785
03456408067
03456401802
03456404493
03456402964
03456405053
03456406872
03456409925
03456408060
03456408161
03456408278
03456402861
03456402092
03456408557
03456404366
03456403940
03456409364
03456403626
03456402120
03456408546
03456407132
03456404925
03456407405
03456404295
03456407141
03456401785
03456402341
03456404575
03456409605
03456402360
03456406271
03456402164
03456409127
03456408191
03456407903
03456407861
03456405139
03456407084
03456404418
03456407921
03456404632
03456405466
03456402520
03456404867
03456406493
03456402961
03456401218
03456401683
03456406216
03456409791
03456404335
03456407003
03456407354
03456401660
03456403113
03456409066
03456409592
03456409279
03456405428
03456409207
03456403465
03456404066
03456403324
03456407922
03456406653
03456406894
03456406270
03456405592
03456406692
03456407366
03456407908
03456404536
03456406219
03456409012
03456403910
03456403526
03456409353
03456402606
03456403479
03456408036
03456401117
03456401518
03456408732
03456403018
03456407424
03456401065
03456403754
03456407753
03456408293
03456403137
03456409362
03456403603
03456406067
03456406115
03456409437
03456405204
03456405681
03456405753
03456405694
03456409048
03456409885
03456403454
03456401571
03456409268
03456404606
03456404947
03456407860
03456404164
03456409908
03456406314
03456409735
03456404643
03456409593
03456401671
03456404991
03456408059
03456406895
03456408408
03456407600
03456405908
03456405751
03456406103
03456405048
03456407251
03456405422
03456409336
03456404908
03456401589
03456403175
03456402559
03456407139
03456401627
03456406927
03456405552
03456403260
03456405944
03456408548
03456403171
03456408255
03456407297
03456407038
03456409694
03456401659
03456401313
03456401222
03456401265
03456405307
03456404684
03456401401
03456408423
03456403744
03456401872
03456408742
03456405029
03456406488
03456401788
03456401306
03456406873
03456407026
03456401736
03456408746
03456401515
03456401336
03456405873
03456402344
03456406683
03456406037
03456407514
03456401453
03456409487
03456406630
03456405581
03456409477
03456407440
03456408281
03456402948
03456406749
03456408629
03456405602
03456408849
03456404512
03456405742
03456407122
03456408991
03456401735
03456405034
03456409929
03456401188
03456402309
03456403846
03456402555
03456404847
03456404885
03456406602
03456402420
03456406396
03456409243
03456402824
03456405807
03456401274
03456403684
03456406592
03456409001
03456409977
03456407638
03456408585
03456406787
03456402903
03456409425
03456403322
03456403606
03456405945
03456403782
03456402210
03456403673
03456405381
03456408616
03456408624
03456407254
03456403553
03456403602
03456407246
03456406903
03456406849
03456407580
03456405623
03456402450
03456407862
03456406750
03456409803
03456404038
03456405395
03456409358
03456407488
03456401341
03456405218
03456402013
03456405648
03456406344
03456404157
03456401006
03456409649
03456406025
03456409000
03456405538
03456404577
03456408262
03456407160
03456408158
03456407823
03456409415
03456402493
03456406174
03456403332
03456402213
03456404229
03456403459
03456404202
03456405778
03456403032
03456409369
03456406638
03456408284
03456402027
03456407699
03456402405
03456409680
03456404522
03456408488
03456406774
03456408766
03456406993
03456409850
03456404061
03456401636
03456403981
03456409759
03456401545
03456407387
03456406715
03456408788
03456402932
03456407224
03456401572
03456408593
03456403276
03456402000
03456406685
03456403725
03456409867
03456409444
03456409518
03456402576
03456405270
03456405358
03456409918
03456409920
03456402977
03456405573
03456409683
03456404204
03456408400
03456406081
03456406328
03456407168
03456401364
03456407296
03456405414
03456407265
03456403505
03456404944
03456409269
03456406213
03456406590
03456408674
03456407986
03456406161
03456403731
03456401952
03456402843
03456407312
03456408088
03456404683
03456405481
03456406375
03456402167
03456408942
03456408190
03456409432
03456409874
03456402873
03456402858
03456406303
03456403486
03456408547
03456407613
03456409725
03456407070
03456408101
03456405832
03456408023
03456407158
03456408112
03456406149
03456405124
03456407989
03456409357
03456406135
03456409622
03456405755
03456408965
03456403517
03456405490
03456402935
03456402974
03456408169
03456401165
03456404834
03456405298
03456402632
03456409297
03456402551
03456405095
03456408578
03456403245
03456402268
03456402314
03456402697
03456408214
03456404796
03456406339
03456404653
03456406145
03456402629
03456406120
03456405611
03456409167
03456402082
03456409668
03456409417
03456402938
03456404392
03456402883
03456403280
03456406758
03456402565
03456408156
03456404401
03456405475
03456405658
03456402957
03456402400
03456408317
03456405914
03456403225
03456401037
03456403884
03456402897
03456409758
03456402675
03456405683
03456404809
03456406206
03456409386
03456408209
03456401456
03456409411
03456406292
03456409970
03456407222
03456408478
03456409658
03456402379
03456408720
03456405259
03456401742
03456403311
03456404141
03456406751
03456406728
03456408931
03456405850
03456403749
03456405453
03456407205
03456402506
03456409799
03456403883
03456405078
03456407683
03456409489
03456404102
03456408613
03456407668
03456406823
03456405312
03456402590
03456402627
03456404641
03456402454
03456403924
03456402112
03456405494
03456402331
03456403622
03456406289
03456408207
03456405443
03456401650
03456401201
03456408580
03456405411
03456407162
03456404578
03456407864
03456409959
03456404593
03456409196
03456401770
03456404990
03456401379
03456406018
03456405025
03456407090
03456407146
03456402159
03456406065
03456409114
03456401415
03456401486
03456409906
03456402227
03456408210
03456409126
03456406934
03456407889
03456402909
03456403417
03456407632
03456406329
03456405977
03456409350
03456406250
03456401476
03456406176
03456403252
03456401097
03456408749
03456406765
03456408312
03456403682
03456401767
03456409776
03456403078
03456409215
03456404181
03456404250
03456407582
03456405085
03456403843
03456404735
03456406050
03456406816
03456404190
03456405189
03456409057
03456406143
03456402002
03456409679
03456409764
03456406552
03456409197
03456407097
03456401696
03456405209
03456402260
03456408940
03456404510
03456403783
03456402922
03456409298
03456408947
03456407736
03456405777
03456403636
03456404483
03456405811
03456407818
03456408533
03456406311
03456406745
03456403705
03456401185
03456406169
03456404055
03456409862
03456402189
03456405002
03456408818
03456405579
03456407376
03456402874
03456403959
03456409431
03456402102
03456403958
03456406693
03456408181
03456408815
03456403348
03456405249
03456401787
03456409421
03456401110
03456408858
03456405547
03456405863
03456404371
03456404423
03456404816
03456407830
03456408934
03456403870
03456403169
03456403374
03456409675
03456406156
03456408723
03456407044
03456404722
03456407693
03456405580
03456402387
03456404469
03456406003
03456403077
03456405059
03456407678
03456409141
03456403043
03456408700
03456409579
03456402306
03456402042
03456407940
03456401799
03456401675
03456406188
03456405700
03456407771
03456401015
03456403899
03456401382
03456408483
03456402931
03456401332
03456406387
03456402214
03456408482
03456401551
03456403859
03456404738
03456402679
03456406254
03456402340
03456406239
03456406889
03456401978
03456401369
03456409939
03456402906
03456408956
03456403812
03456404237
03456405725
03456405268
03456403192
03456404355
03456405054
03456403033
03456408335
03456407645
03456408726
03456404409
03456403681
03456401899
03456402286
03456401970
03456405125
03456401962
03456409264
03456409148
03456405618
03456402489
03456408336
03456404594
03456407155
03456407636
03456406418
03456404937
03456405617
03456404421
03456406101
03456409827
03456401024
03456403450
03456409511
03456408026
03456404193
03456409553
03456406365
03456403186
03456405682
03456401149
03456408366
03456405701
03456407485
03456406526
03456407349
03456405861
03456407353
03456407371
03456407589
03456405239
03456401407
03456409491
03456407289
03456406571
03456402939
03456402780
03456403397
03456409821
03456401158
03456403796
03456402500
03456408728
03456404878
03456407520
03456405431
03456407622
03456406972
03456407479
03456409412
03456404676
03456406652
03456402570
03456402060
03456406900
03456404191
03456405226
03456408828
03456407842
03456404261
03456402228
03456404992
03456407931
03456401509
03456408640
03456409802
03456404717
03456404359
03456403568
03456401746
03456409223
03456407824
03456408204
03456403213
03456403402
03456408329
03456402936
03456405948
03456409703
03456402583
03456404866
03456408721
03456403715
03456404207
03456407689
03456406301
03456409856
03456407418
03456406648
03456407144
03456406295
03456404528
03456406825
03456402115
03456408074
03456409686
03456409682
03456403853
03456401776
03456408702
03456408450
03456401999
03456408140
03456408250
03456404489
03456404328
03456407894
03456404780
03456406111
03456406457
03456402877
03456407170
03456409846
03456405164
03456405851
03456406646
03456403388
03456404235
03456401599
03456409199
03456401570
03456409192
03456405933
03456406698
03456405366
03456404686
03456402363
03456408417
03456407399
03456407658
03456402512
03456405167
03456406611
03456401919
03456409162
03456402890
03456406694
03456405129
03456406004
03456403210
03456405296
03456403866
03456404480
03456407892
03456401583
03456405775
03456406835
03456401540
03456408715
03456404025
03456408903
03456404129
03456403770
03456403409
03456403246
03456402683
03456402476
03456402749
03456409152
03456406508
03456407821
03456404531
03456405132
03456408555
03456403911
03456404203
03456403167
03456403387
03456407179
03456406948
03456403588
03456404495
03456401271
03456406395
03456402003
03456408563
03456405075
03456407748
03456402077
03456409567
03456409859
03456405503
03456405968
03456404657
03456405237
03456406129
03456405368
03456408737
03456404592
03456403335
03456406237
03456406938
03456405723
03456404875
03456406139
03456404406
03456405840
03456405000
03456407932
03456403849
03456401654
03456406475
03456408964
03456409019
03456403906
03456406935
03456402071
03456407547
03456404412
03456401942
03456401448
03456403927
03456402148
03456409388
03456401122
03456407304
03456406515
03456408225
03456403120
03456404582
03456402207
03456409749
03456401733
03456403609
03456406859
03456409611
03456401114
03456403259
03456408066
03456405484
03456407087
03456401232
03456403584
03456402533
03456405308
03456408709
03456401291
03456402395
03456402447
03456409595
03456401699
03456402193
03456405320
03456401511
03456404026
03456403255
03456403025
03456405119
03456408149
03456408300
03456409229
03456408804
03456408719
03456403029
03456406413
03456402796
03456406385
03456404377
03456408506
03456402053
03456401682
03456405984
03456406236
03456403453
03456407327
03456404069
03456409847
03456404044
03456402515
03456403458
03456405331
03456402544
03456403352
03456405165
03456403772
03456407215
03456403546
03456405350
03456401664
03456403502
03456403182
03456406000
03456403898
03456409338
03456401003
03456409542
03456408248
03456403678
03456403889
03456402461
03456406881
03456402893
03456402514
03456403975
03456404380
03456406267
03456407356
03456409693
03456406217
03456401618
03456409406
03456404882
03456407041
03456403206
03456403864
03456401905
03456403786
03456401175
03456402835
03456409527
03456402647
03456408801
03456407630
03456402794
03456405616
03456404135
03456403487
03456403279
03456402592
03456409050
03456402481
03456401897
03456405572
03456401669
03456403570
03456402816
03456403780
03456409235
03456404817
03456407687
03456408072
03456406208
03456403024
03456402706
03456401216
03456407221
03456407495
03456406062
03456407522
03456405570
03456402761
03456401160
03456401169
03456408047
03456407157
03456406608
03456402968
03456401074
03456408019
03456402818
03456403665
03456401421
03456401300
03456408328
03456406961
03456407724
03456403232
03456403988
03456403184
03456401267
03456405838
03456404526
03456406790
03456404372
03456403461
03456404148
03456402999
03456409166
03456402887
03456407692
03456407490
03456406755
03456404931
03456405801
03456407526
03456405513
03456407972
03456406272
03456403403
03456409021
03456406892
03456401454
03456402443
03456401137
03456402118
03456408221
03456405620
03456403305
03456407159
03456408805
03456408785
03456406428
03456406336
03456406177
03456401525
03456408570
03456406099
03456404439
03456407711
03456409962
03456405610
03456402812
03456401906
03456409301
03456409285
03456404598
03456403756
03456401227
03456404131
03456403548
03456402122
03456408168
03456404476
03456403523
03456406405
03456406876
03456405587
03456403941
03456401501
03456406548
03456403038
03456408381
03456405456
03456409208
03456404095
03456405013
03456407806
03456407593
03456405735
03456406451
03456409330
03456404241
03456409931
03456408202
03456404620
03456407836
03456401492
03456408927
03456405745
03456408517
03456408584
03456407899
03456402645
03456402967
03456401729
03456404835
03456402756
03456405073
03456401305
03456403690
03456402406
03456408954
03456408355
03456402047
03456402251
03456402888
03456409182
03456401383
03456409734
03456401820
03456408714
03456401402
03456404602
03456401929
03456406370
03456402762
03456406989
03456407801
03456405744
03456402582
03456406537
03456406866
03456404260
03456402057
03456406957
03456402354
03456402280
03456404988
03456405136
03456405899
03456401537
03456407152
03456405282
03456405439
03456406655
03456407277
03456405624
03456403408
03456408759
03456401266
03456409504
03456405419
03456405931
03456407594
03456406420
03456408323
03456404214
03456402705
03456407621
03456409191
03456406435
03456405699
03456404320
03456408148
03456402547
03456401580
03456407098
03456406633
03456403925
03456405156
03456407653
03456407496
03456409557
03456408861
03456403098
03456409917
03456409169
03456404986
03456408561
03456401000
03456409343
03456409481
03456404586
03456402396
03456405062
03456409717
03456401224
03456403699
03456407578
03456408235
03456401694
03456407040
03456408654
03456401221
03456408230
03456407583
03456409479
03456404581
03456406942
03456401755
03456407676
03456402470
03456403543
03456404067
03456409398
03456409139
03456401720
03456405947
03456403646
03456407616
03456401617
03456402441
03456405709
03456401174
03456403478
03456401647
03456402134
03456406008
03456404220
03456405707
03456403088
03456408055
03456404511
03456406797
03456401318
03456403926
03456407181
03456403262
03456408602
03456404238
03456404873
03456401883
03456409705
03456403340
03456402963
03456404500
03456409499
03456407135
03456404197
03456404122
03456406568
03456404965
03456403921
03456401436
03456408392
03456404821
03456404547
03456405949
03456402743
03456408587
03456408556
03456407375
03456407195
03456407357
03456409457
03456401208
03456408481
03456408519
03456405272
03456407052
03456405790
03456401230
03456409321
03456401220
03456403166
03456404298
03456401177
03456407462
03456404060
03456406727
03456405170
03456409221
03456404900
03456405957
03456407471
03456409346
03456401503
03456401585
03456404985
03456406136
03456403711
03456402346
03456403503
03456406386
03456401754
03456403438
03456408524
03456406320
03456402972
03456403706
03456408115
03456402009
03456404196
03456406380
03456406691
03456408514
03456401466
03456401384
03456409816
03456403319
03456403200
03456405883
03456409797
03456406317
03456406521
03456402434
03456405696
03456408997
03456405003
03456401510
03456405549
03456404210
03456408620
03456405885
03456404743
03456407464
03456406997
03456401789
03456401980
03456402079
03456408294
03456405479
03456405097
03456402386
03456409937
03456408622
03456407491
03456409810
03456402106
03456406362
03456407735
03456403341
03456404254
03456402682
03456407516
03456409893
03456402923
03456409112
03456402369
03456403020
03456404205
03456408271
03456405483
03456407654
03456401844
03456404245
03456408738
03456408218
03456405286
03456408132
03456408807
03456409238
03456402693
03456403996
03456402994
03456406034
03456404714
03456408200
03456407267
03456404327
03456407002
03456405027
03456402626
03456403956
03456404185
03456406355
03456403825
03456402531
03456409969
03456409033
03456405099
03456407848
03456409530
03456408839
03456402672
03456407807
03456405281
03456404194
03456407641
03456402183
03456408234
03456404318
03456401491
03456409928
03456408537
03456402522
03456406450
03456408441
03456402648
03456402865
03456405754
03456407069
03456401113
03456402302
03456404340
03456409812
03456403649
03456401941
03456406811
03456405532
03456402759
03456401940
03456404677
03456405113
03456409723
03456406720
03456404482
03456402015
03456408330
03456408003
03456409947
03456409438
03456407847
03456402359
03456403369
03456406248
03456403379
03456406326
03456408770
03456409910
03456406928
03456404035
03456404795
03456403127
03456401240
03456408641
03456401992
03456405722
03456405379
03456405238
03456403576
03456401876
03456404361
03456403490
03456404535
03456403443
03456405192
03456406868
03456402925
03456404715
03456409289
03456406310
03456406133
03456408178
03456404727
03456404023
03456401043
03456401087
03456402567
03456404739
03456409266
03456406047
03456401773
03456403727
03456408490
03456405436
03456408928
03456405377
03456403738
03456409807
03456409395
03456404105
03456404282
03456402823
03456402222
03456405586
03456403704
03456401226
03456402158
03456401297
03456403492
03456406384
03456402727
03456409692
03456405343
03456403563
03456408505
03456401578
03456403214
03456402301
03456408145
03456406853
03456405732
03456401869
03456401946
03456402765
03456405763
03456408511
03456404843
03456402005
03456401762
03456409391
03456401020
03456402720
03456403510
03456401450
03456409857
03456403371
03456405787
03456402839
03456402070
03456404285
03456402393
03456401711
03456409994
03456403766
03456402504
03456409633
03456408591
03456404712
03456406055
03456407942
03456402089
03456401497
03456409394
03456404855
03456408241
03456402449
03456402740
03456407253
03456405012
03456403917
03456405664
03456407196
03456406596
03456403768
03456405839
03456405101
03456402607
03456407024
03456405990
03456408489
03456404863
03456408172
03456405833
03456405656
03456402980
03456409478
03456405372
03456406525
03456403862
03456407587
03456402880
03456404225
03456405904
03456409490
03456408639
03456407918
03456408905
03456409732
03456401741
03456403060
03456409073
03456404541
03456405926
03456401764
03456404012
03456407193
03456402875
03456408822
03456406874
03456401559
03456404010
03456402793
03456406987
03456403789
03456407125
03456409430
03456402126
03456407057
03456408866
03456408582
03456407584
03456403536
03456403054
03456406756
03456409785
03456405300
03456401350
03456407991
03456403107
03456406726
03456409789
03456405925
03456406962
03456407075
03456409202
03456406813
03456406246
03456407272
03456403228
03456401045
03456408212
03456407639
03456408611
03456406867
03456404275
03456401055
03456406293
03456404052
03456404919
03456409453
03456405213
03456402384
03456404883
03456407540
03456407870
03456404252
03456404306
03456404868
03456406766
03456407813
03456404752
03456404159
03456408504
03456402719
03456403203
03456406776
03456404741
03456409327
03456403035
03456404465
03456409466
03456403159
03456403932
03456402098
03456407174
03456404394
03456406319
03456405591
03456402785
03456405240
03456404692
03456408727
03456408121
03456402295
03456406436
03456405290
03456406609
03456403688
03456401437
03456402272
03456409641
03456404143
03456407754
03456405519
03456409949
03456406857
03456409701
03456408079
03456408054
03456403218
03456402804
03456405367
03456409533
03456401782
03456409715
03456409097
03456405813
03456406513
03456403977
03456403432
03456406979
03456402177
03456404079
03456404869
03456407210
03456408791
03456401568
03456408633
03456405638
03456402505
03456406956
03456407859
03456405015
03456407015
03456406421
03456404136
03456403130
03456406463
03456406664
03456409574
03456408969
03456409240
03456408894
03456408244
03456407703
03456407230
03456406253
03456408089
03456404703
03456401548
03456403773
03456401934
03456407733
03456401964
03456403890
03456408041
03456408405
03456402599
03456401229
03456409262
03456405426
03456404812
03456401925
03456404561
03456407845
03456407795
03456405040
03456401759
03456408025
03456407530
03456407743
03456407306
03456401638
03456401885
03456404470
03456409314
03456406754
03456406570
03456407396
03456407916
03456409277
03456406269
03456403557
03456408389
03456407121
03456406045
03456401084
03456405907
03456404856
03456403923
03456407624
03456403541
03456409907
03456403520
03456403400
03456406470
03456405796
03456409039
03456403696
03456409864
03456404468
03456409140
03456406672
03456405844
03456401714
03456406302
03456402044
03456402211
03456405141
03456408183
03456407364
03456402924
03456401598
03456407840
03456402554
03456402646
03456406988
03456408747
03456402166
03456406746
03456406821
03456403537
03456401467
03456406184
03456408014
03456407990
03456403531
03456402928
03456405115
03456407324
03456408017
03456402941
03456403987
03456405211
03456403297
03456407417
03456409180
03456409601
03456404283
03456409924
03456403560
03456402343
03456408326
03456408589
03456406155
03456409992
03456405047
03456403017
03456406702
03456401195
03456402186
03456407478
03456405292
03456402959
03456406190
03456404139
03456408769
03456405330
03456405197
03456406131
03456401677
03456402035
03456402691
03456407363
03456405161
03456409144
03456409903
03456405408
03456402617
03456409429
03456408878
03456406968
03456407808
03456406331
03456409599
03456403085
03456409986
03456406819
03456401558
03456402130
03456408978
03456402290
03456402580
03456405442
03456402660
03456402620
03456401690
03456404772
03456407542
03456405066
03456405468
03456405174
03456408588
03456407257
03456406456
03456408625
03456405518
03456402639
03456404884
03456409990
03456407156
03456404016
03456408363
03456408081
03456406661
03456405774
03456408893
03456403052
03456401520
03456408185
03456402448
03456403064
03456406848
03456404777
03456404187
03456407849
03456409868
03456403460
03456403550
