03456444161
03456443824
03456444068
03456449659
03456447294
03456449546
03456449181
03456446911
03456444777
03456448228
03456446943
03456441339
03456449487
03456442019
03456441553
03456447538
03456446286
03456441691
03456447775
03456446669
03456449960
03456448671
03456444146
03456441272
03456445808
03456444787
03456448857
03456447561
03456449351
03456442713
03456441909
03456447600
03456444203
03456443854
03456444535
03456444599
03456445236
03456445451
03456445367
03456443176
03456445001
03456441678
03456449489
03456446971
03456448531
03456441765
03456449624
03456441509
03456445145
03456447492
03456443864
03456445397
03456445512
03456446022
03456443738
03456444394
03456448054
03456443043
03456445425
03456447748
03456446318
03456449342
03456447136
03456448548
03456448164
03456447018
03456442938
03456441049
03456446239
03456442407
03456443492
03456444958
03456447856
03456442467
03456441782
03456448837
03456446256
03456447091
03456447936
03456448935
03456442276
03456442454
03456446710
03456447074
03456448457
03456449022
03456448577
03456441498
03456441057
03456447313
03456449575
03456443066
03456445360
03456449834
03456449982
03456443600
03456442605
03456447478
03456449387
03456445270
03456442737
03456444000
03456448905
03456447540
03456443045
03456444239
03456444901
03456448138
03456445106
03456446489
03456445472
03456445918
03456446887
03456441474
03456449706
03456447996
03456444360
03456449551
03456445182
03456445094
03456443359
03456445382
03456444790
03456447107
03456441635
03456449002
03456446273
03456443491
03456445331
03456441457
03456442888
03456445130
03456449717
03456442710
03456448168
03456445976
03456444338
03456446596
03456442919
03456446350
03456445026
03456443085
03456447594
03456449441
03456443258
03456449409
03456448507
03456443893
03456444608
03456443117
03456449835
03456447643
03456443523
03456442749
03456445938
03456442603
03456445898
03456441864
03456447471
03456449775
03456445032
03456442583
03456447170
03456447715
03456443306
03456448789
03456442020
03456442955
03456442262
03456448743
03456448332
03456442296
03456447196
03456447665
03456448377
03456449593
03456447765
03456449597
03456448340
03456443052
03456445042
03456442073
03456442068
03456444645
03456448167
03456441734
03456441054
03456448879
03456445250
03456448053
03456445010
03456448653
03456446087
03456441693
03456445201
03456445104
03456442588
03456443095
03456446880
03456447825
03456448899
03456442308
03456441226
03456445552
03456448273
03456444226
03456446305
03456444099
03456447873
03456449053
03456446692
03456449531
03456445745
03456445097
03456445646
03456448660
03456441982
03456448287
03456442257
03456441208
03456449864
03456443082
03456444243
03456442186
03456449011
03456442289
03456447899
03456442563
03456444493
03456448133
03456445244
03456446171
03456447217
03456443173
03456449759
03456443419
03456442615
03456441764
03456447507
03456444392
03456446954
03456441005
03456446196
03456441361
03456445479
03456442907
03456446046
03456446540
03456444482
03456444807
03456444623
03456446616
03456449035
03456449226
03456446983
03456443366
03456449261
03456441937
03456448405
03456441535
03456443380
03456441447
03456448528
03456441924
03456445887
03456445241
03456448006
03456447865
03456444253
03456448858
03456446885
03456442881
03456446707
03456446104
03456441298
03456441852
03456446023
03456447526
03456441548
03456444137
03456446435
03456449248
03456442503
03456445570
03456445986
03456445419
03456447624
03456445276
03456449913
03456442119
03456444378
03456449066
03456446476
03456444027
03456446758
03456442363
03456442341
03456444101
03456446659
03456443157
03456446552
03456443370
03456443393
03456441011
03456441811
03456447928
03456447786
03456445353
03456448806
03456448757
03456447714
03456445209
03456441878
03456448834
03456441233
03456441608
03456442967
03456444587
03456441725
03456442232
03456444724
03456443533
03456447137
03456446408
03456444789
03456448237
03456443960
03456448192
03456442334
03456442589
03456449346
03456444931
03456449433
03456449906
03456444254
03456441883
03456448902
03456446450
03456441280
03456444805
03456442492
03456447718
03456442674
03456448818
03456444879
03456443528
03456448943
03456441134
03456442072
03456441431
03456448406
03456444859
03456449837
03456446255
03456444602
03456447021
03456449691
03456443825
03456447161
03456446471
03456446168
03456448368
03456442445
03456448927
03456446979
03456449725
03456444064
03456444279
03456445275
03456442231
03456445814
03456444462
03456447590
03456449910
03456444708
03456445017
03456447459
03456441199
03456447914
03456446524
03456444573
03456449118
03456444417
03456445627
03456444300
03456443286
03456447454
03456446020
03456441550
03456444306
03456448539
03456442433
03456444601
03456441963
03456441006
03456447069
03456447793
03456446156
03456447971
03456448555
03456444022
03456441793
03456447011
03456447111
03456444983
03456448807
03456449701
03456445272
03456445651
03456443753
03456447872
03456449808
03456442562
03456444098
03456449764
03456448516
03456443497
03456449243
03456446211
03456444264
03456449051
03456447476
03456443054
03456446453
03456444130
03456442723
03456441757
03456449070
03456446601
03456443833
03456447288
03456446175
03456441775
03456448647
03456447941
03456443852
03456444785
03456444561
03456444793
03456449401
03456446908
03456447305
03456446800
03456447639
03456443956
03456448728
03456442344
03456449757
03456441637
03456447960
03456449634
03456444876
03456445753
03456443248
03456441141
03456442927
03456448695
03456444683
03456441270
03456449245
03456442167
03456442475
03456444817
03456446741
03456444850
03456441301
03456445462
03456448366
03456446302
03456444265
03456442914
03456445313
03456443652
03456449544
03456446825
03456445923
03456444118
03456445114
03456448218
03456442196
03456449328
03456446898
03456442893
03456444693
03456449606
03456442970
03456445157
03456443291
03456445547
03456447234
03456446643
03456444829
03456441983
03456449105
03456447426
03456446881
03456441391
03456445334
03456443694
03456446719
03456449563
03456442100
03456443703
03456444316
03456447004
03456444577
03456449569
03456443396
03456441027
03456441530
03456448067
03456443147
03456448276
03456449842
03456441956
03456446608
03456445855
03456445395
03456441145
03456444163
03456449623
03456449765
03456446418
03456442900
03456441995
03456443939
03456443220
03456446008
03456441336
03456446862
03456445633
03456449820
03456447335
03456445290
03456445965
03456449895
03456444520
03456445704
03456448576
03456441682
03456443706
03456441055
03456447148
03456441026
03456445995
03456444188
03456447096
03456449797
03456445681
03456442321
03456443065
03456441356
03456443560
03456442948
03456449690
03456442284
03456441205
03456447514
03456448455
03456442507
03456441163
03456445619
03456449430
03456443630
03456449728
03456445245
03456444324
03456442165
03456448859
03456449630
03456443249
03456442673
03456446101
03456442724
03456447537
03456445112
03456442969
03456449222
03456446972
03456446946
03456447370
03456444167
03456448547
03456445985
03456445197
03456446565
03456443622
03456445900
03456447368
03456444552
03456444966
03456446478
03456442008
03456442832
03456449191
03456444700
03456443318
03456449380
03456449034
03456448532
03456441412
03456445731
03456444970
03456446051
03456445433
03456447596
03456446529
03456441343
03456446658
03456442781
03456447295
03456446145
03456444981
03456443617
03456442874
03456444432
03456449849
03456446684
03456445356
03456442985
03456443708
03456442271
03456443628
03456445448
03456444385
03456448838
03456442755
03456449519
03456443577
03456449933
03456442863
03456442278
03456449242
03456444586
03456444136
03456447671
03456449523
03456445863
03456447850
03456445573
03456441825
03456448885
03456442349
03456449481
03456441211
03456441985
03456445905
03456446635
03456446461
03456441312
03456444386
03456449152
03456444967
03456442910
03456448116
03456443389
03456442940
03456444667
03456446985
03456446649
03456446772
03456448848
03456442474
03456444184
03456442217
03456444456
03456444742
03456445917
03456442035
03456449356
03456441543
03456449144
03456441592
03456444028
03456448039
03456446228
03456443573
03456444855
03456449169
03456444761
03456441406
03456442473
03456442388
03456445533
03456448884
03456444217
03456442545
03456445700
03456442708
03456449605
03456443136
03456443431
03456441538
03456446855
03456443941
03456444410
03456449049
03456448759
03456441846
03456446317
03456448448
03456448912
03456446628
03456443075
03456445806
03456446102
03456445335
03456449679
03456447713
03456442778
03456442624
03456449829
03456448923
03456441560
03456443372
03456446334
03456446648
03456441290
03456449539
03456444690
03456449330
03456444110
03456441023
03456443886
03456442647
03456446070
03456447084
03456449972
03456447589
03456441787
03456442625
03456446901
03456444150
03456444269
03456443457
03456445718
03456444762
03456448913
03456444413
03456447932
03456442380
03456443885
03456445677
03456444540
03456442111
03456446777
03456449992
03456448316
03456446129
03456446067
03456443745
03456441696
03456445188
03456444311
03456449559
03456443826
03456441997
03456443759
03456441838
03456441588
03456442935
03456441584
03456443709
03456449746
03456447139
03456444998
03456444878
03456445737
03456445776
03456444916
03456446178
03456448534
03456447138
03456444442
03456449292
03456441655
03456441459
03456445720
03456448880
03456445205
03456448962
03456449957
03456443898
03456441891
03456444631
03456446916
03456446093
03456444093
03456442364
03456443416
03456441507
03456444994
03456443437
03456448828
03456445518
03456446653
03456447173
03456445116
03456444480
03456449594
03456441926
03456444466
03456444746
03456449932
03456441476
03456444541
03456448177
03456445312
03456441099
03456442987
03456441105
03456444262
03456447742
03456446189
03456448515
03456448171
03456446654
03456447785
03456442097
03456441067
03456445429
03456449686
03456442784
03456448781
03456447411
03456445036
03456444990
03456446187
03456441346
03456449473
03456448229
03456446001
03456447823
03456445238
03456446194
03456443894
03456449286
03456444566
03456448911
03456444767
03456445964
03456441423
03456445271
03456446680
03456442649
03456441714
03456444854
03456445869
03456442528
03456442317
03456445575
03456446069
03456443869
03456448074
03456448738
03456446884
03456446716
03456442514
03456441416
03456441590
03456448202
03456447767
03456441780
03456443997
03456445484
03456443397
03456441800
03456444014
03456441446
03456443612
03456449718
03456449507
03456448696
03456449143
03456449064
03456447795
03456441224
03456449369
03456443666
03456441576
03456444874
03456443216
03456447562
03456446492
03456446694
03456442027
03456444266
03456443450
03456441075
03456443855
03456445090
03456444447
03456443947
03456448627
03456446437
03456442471
03456448303
03456444129
03456442456
03456448567
03456447740
03456447652
03456441289
03456447378
03456442046
03456447924
03456446625
03456442892
03456448563
03456446434
03456448992
03456447558
03456441370
03456447534
03456441366
03456442537
03456444416
03456444249
03456445196
03456441357
03456441931
03456442368
03456446897
03456442939
03456443273
03456443412
03456447925
03456446652
03456444287
03456446614
03456448323
03456442160
03456443696
03456441808
03456447165
03456447822
03456443042
03456441101
03456443193
03456446936
03456446132
03456449919
03456448286
03456445793
03456442543
03456447215
03456442966
03456449358
03456445148
03456444985
03456443351
03456442147
03456447803
03456443022
03456447083
03456445835
03456448840
03456444054
03456447251
03456446427
03456444142
03456441355
03456441631
03456449326
03456445796
03456449745
03456446336
03456444612
03456445125
03456443774
03456441743
03456449399
03456445357
03456442802
03456448686
03456446660
03456442180
03456444470
03456448907
03456442260
03456449232
03456442135
03456444018
03456442273
03456441079
03456444232
03456446899
03456449366
03456448400
03456446842
03456441610
03456447726
03456445684
03456445239
03456447014
03456446963
03456447897
03456447292
03456445339
03456441520
03456447686
03456443033
03456447394
03456445070
03456445235
03456448112
03456444375
03456442399
03456447190
03456441778
03456442443
03456444315
03456449761
03456446875
03456441492
03456443343
03456442556
03456443746
03456445075
03456443002
03456447308
03456446940
03456447455
03456441372
03456445297
03456449082
03456441939
03456442088
03456448678
03456446207
03456447263
03456446838
03456441828
03456447409
03456443165
03456448730
03456445327
03456448493
03456447573
03456444571
03456443218
03456447201
03456448554
03456441996
03456448963
03456447958
03456447152
03456448129
03456444501
03456443862
03456442815
03456445293
03456445101
03456443099
03456446718
03456446236
03456447052
03456448836
03456444055
03456445047
03456444083
03456446511
03456449747
03456444508
03456449735
03456449173
03456442884
03456448153
03456448095
03456442078
03456441523
03456443534
03456446682
03456441790
03456442267
03456449304
03456443772
03456446752
03456443698
03456442908
03456449302
03456445914
03456441941
03456444868
03456443391
03456444473
03456448335
03456446166
03456448364
03456442949
03456445369
03456441817
03456445137
03456447428
03456448211
03456442643
03456448956
03456441617
03456445709
03456444719
03456443215
03456448936
03456441567
03456446416
03456444927
03456443968
03456447747
03456445064
03456447302
03456441348
03456441175
03456447911
03456444570
03456441116
03456445261
03456448124
03456444548
03456441987
03456449730
03456449129
03456446153
03456449063
03456444864
03456444839
03456441093
03456441128
03456446402
03456443593
03456441195
03456448725
03456445931
03456441824
03456448057
03456446121
03456444366
03456448418
03456443300
03456444020
03456443295
03456447226
03456442858
03456443331
03456441527
03456445089
03456447068
03456443721
03456444989
03456444086
03456442782
03456441552
03456448274
03456443935
03456446606
03456449884
03456447282
03456445844
03456448947
03456449291
03456447204
03456442002
03456443568
03456446430
03456443482
03456442133
03456445768
03456443923
03456449426
03456441981
03456447762
03456449601
03456443909
03456444222
03456449871
03456446205
03456444639
03456443149
03456449321
03456446504
03456447847
03456449364
03456444745
03456447413
03456443411
03456443658
03456447013
03456444384
03456442235
03456447884
03456448829
03456448558
03456446735
03456447629
03456448847
03456448891
03456444334
03456449587
03456442696
03456445661
03456441204
03456445798
03456449970
03456444155
03456444945
03456441803
03456447065
03456448736
03456442357
03456448916
03456443377
03456447365
03456443427
03456445080
03456447336
03456447646
03456444036
03456442499
03456442585
03456448875
03456448999
03456448088
03456442873
03456445030
03456444716
03456447749
03456446247
03456449999
03456445809
03456448585
03456442264
03456447185
03456444674
03456441940
03456448349
03456441493
03456441866
03456445929
03456447364
03456449931
03456442181
03456445513
03456446968
03456446159
03456447616
03456448325
03456447692
03456447168
03456443298
03456447385
03456441823
03456445156
03456446857
03456448930
03456443578
03456444016
03456449157
03456444792
03456446242
03456445396
03456441369
03456442169
03456446570
03456448207
03456441511
03456449067
03456445907
03456447359
03456448061
03456448998
03456447100
03456449423
03456448641
03456445287
03456445362
03456449518
03456445082
03456449419
03456449457
03456445926
03456449769
03456443348
03456441014
03456443023
03456441867
03456449917
03456447211
03456442929
03456446323
03456446709
03456446728
03456449177
03456446088
03456441571
03456443973
03456444580
03456442902
03456445184
03456445461
03456449504
03456441950
03456446695
03456443882
03456448437
03456448162
03456442883
03456446637
03456449080
03456449889
03456446494
03456443642
03456445702
03456445050
03456443429
03456444132
03456447848
03456443024
03456444585
03456447886
03456449234
03456442506
03456441216
03456441645
03456449037
03456442616
03456444373
03456446085
03456442149
03456448035
03456448066
03456444933
03456447779
03456445500
03456443012
03456448689
03456443230
03456441353
03456446874
03456444519
03456445830
03456447457
03456446180
03456444102
03456447618
03456448819
03456445420
03456443565
03456443878
03456447858
03456442526
03456444962
03456445394
03456446066
03456447704
03456448206
03456445896
03456444656
03456447880
03456445632
03456447125
03456443207
03456448866
03456448802
03456448466
03456441874
03456449215
03456447689
03456449512
03456443231
03456445457
03456449447
03456444811
03456445371
03456444347
03456448472
03456449557
03456442062
03456441187
03456443506
03456441968
03456447606
03456447955
03456445618
03456444744
03456445149
03456447422
03456446835
03456444699
03456447443
03456447586
03456441609
03456444007
03456448075
03456448376
03456443401
03456441085
03456449285
03456446939
03456441284
03456441798
03456447568
03456446803
03456446321
03456449083
03456445295
03456448972
03456448931
03456448277
03456442945
03456444362
03456448621
03456444747
03456447784
03456449331
03456442763
03456444464
03456441481
03456441903
03456445883
03456441737
03456449033
03456449219
03456447042
03456446870
03456446333
03456443999
03456443459
03456449853
03456446558
03456447895
03456441121
03456448503
03456446313
03456442612
03456444770
03456447901
03456445431
03456449038
03456448664
03456444128
03456445816
03456443716
03456441500
03456447607
03456448521
03456447333
03456446086
03456448374
03456444583
03456446262
03456449753
03456443817
03456442060
03456449921
03456444277
03456449485
03456445954
03456446852
03456446246
03456449281
03456443018
03456441316
03456442338
03456447132
03456447981
03456448746
03456441225
03456443153
03456444833
03456446392
03456444938
03456446017
03456443766
03456448184
03456446975
03456446537
03456444848
03456443624
03456445946
03456448027
03456442065
03456448964
03456447470
03456442218
03456444588
03456448370
03456446016
03456443748
03456441241
03456442551
03456445894
03456444662
03456442591
03456448906
03456445088
03456444546
03456442188
03456449876
03456449708
03456442076
03456441986
03456445255
03456442283
03456444357
03456447658
03456443025
03456442261
03456445683
03456446567
03456444037
03456448260
03456444653
03456444156
03456448196
03456446738
03456448176
03456449760
03456445739
03456441399
03456443032
03456448186
03456449087
03456441621
03456441078
03456444030
03456448957
03456448581
03456447918
03456441832
03456448235
03456443223
03456442472
03456446080
03456447978
03456442170
03456446935
03456445839
03456441448
03456447423
03456448810
03456449096
03456445248
03456447078
03456442523
03456448617
03456448959
03456447687
03456444838
03456447921
03456445489
03456445969
03456441524
03456447985
03456445456
03456442821
03456445920
03456446407
03456444953
03456447287
03456443420
03456448037
03456448351
03456441250
03456442717
03456442810
03456448782
03456441414
03456449963
03456448958
03456444145
03456446798
03456447157
03456445302
03456449998
03456442489
03456449024
03456448949
03456441106
03456442889
03456442125
03456445539
03456449649
03456448784
03456443587
03456449924
03456441607
03456449756
03456447372
03456443507
03456447187
03456441551
03456445492
03456441383
03456448676
03456444821
03456449250
03456449651
03456447289
03456443761
03456449013
03456447706
03456442301
03456442865
03456445207
03456448114
03456449920
03456449445
03456449942
03456449288
03456441198
03456443418
03456444495
03456442315
03456443210
03456447232
03456443695
03456448525
03456448981
03456441837
03456447397
03456444890
03456449722
03456448068
03456442776
03456449589
03456447945
03456441077
03456441286
03456447059
03456446399
03456441641
03456447451
03456444062
03456447245
03456444486
03456447964
03456444180
03456442505
03456446549
03456442018
03456445956
03456447047
03456441949
03456447176
03456447171
03456444903
03456447974
03456441851
03456446668
03456446814
03456443253
03456443860
03456441237
03456448600
03456441073
03456444919
03456444591
03456449713
03456447044
03456441758
03456441746
03456445562
03456446227
03456447571
03456446518
03456449961
03456442658
03456443905
03456446383
03456449084
03456449453
03456445600
03456446892
03456449153
03456441268
03456444625
03456441845
03456448447
03456447030
03456442584
03456447458
03456447570
03456443726
03456446288
03456442354
03456445846
03456446152
03456447331
03456445541
03456441088
03456446380
03456449147
03456445473
03456447525
03456447699
03456445705
03456449944
03456442604
03456441425
03456444294
03456441601
03456445725
03456442451
03456445800
03456445628
03456446447
03456448524
03456441514
03456449010
03456449311
03456446953
03456444111
03456443712
03456442831
03456443001
03456443936
03456442279
03456449299
03456448687
03456444885
03456441752
03456447913
03456441122
03456449016
03456441994
03456448839
03456447056
03456442437
03456449903
03456449524
03456447016
03456449573
03456449192
03456446162
03456443588
03456441993
03456445199
03456448894
03456449603
03456441505
03456442517
03456444968
03456445578
03456443151
03456447112
03456446123
03456445990
03456444695
03456445669
03456446065
03456449993
03456447317
03456447054
03456441274
03456444842
03456442477
03456442067
03456441183
03456443086
03456449163
03456442525
03456448932
03456441297
03456449758
03456442714
03456446949
03456441519
03456447510
03456441636
03456442087
03456446858
03456442934
03456444400
03456446405
03456443904
03456443127
03456448845
03456442458
03456446533
03456446110
03456441110
03456447304
03456443784
03456442491
03456443988
03456444692
03456444936
03456447896
03456448719
03456442483
03456445680
03456441792
03456444415
03456448090
03456449850
03456448076
03456446860
03456446863
03456445662
03456447278
03456449959
03456449020
03456443680
03456446474
03456444764
03456449039
03456444393
03456444331
03456445871
03456444367
03456448347
03456447210
03456448841
03456441252
03456448509
03456445185
03456448580
03456447659
03456443164
03456441565
03456446303
03456446259
03456449048
03456444250
03456446505
03456442531
03456449928
03456446083
03456445921
03456446663
03456445326
03456441503
03456448018
03456445611
03456447153
03456442093
03456441379
03456441360
03456443198
03456442736
03456444579
03456445344
03456443890
03456441083
03456441797
03456441835
03456447441
03456445355
03456448427
03456441816
03456446941
03456444756
03456448182
03456446231
03456444830
03456447634
03456444411
03456441152
03456443607
03456444906
03456446730
03456443160
03456445449
03456444808
03456443933
03456444837
03456444866
03456448212
03456447530
03456444372
03456444183
03456444788
03456442951
03456449784
03456448699
03456441064
03456448296
03456446481
03456443148
03456449822
03456447162
03456449060
03456443449
03456447050
03456441587
03456442182
03456442195
03456447520
03456444004
03456443619
03456447642
03456444358
03456449907
03456448042
03456449410
03456443809
03456447126
03456444575
03456443451
03456448201
03456443822
03456441690
03456443841
03456448433
03456446679
03456442300
03456443477
03456447645
03456448015
03456448397
03456441387
03456447481
03456447529
03456443341
03456446922
03456448059
03456446662
03456442141
03456444341
03456441157
03456448261
03456448438
03456443737
03456449128
03456443352
03456448791
03456444485
03456449997
03456442481
03456445359
03456447746
03456443749
03456445516
03456445219
03456445974
03456449626
03456445960
03456448519
03456442554
03456443683
03456441024
03456446515
03456446788
03456448870
03456441680
03456447349
03456442683
03456448240
03456448562
03456444349
03456444292
03456449224
03456443911
03456441389
03456445048
03456442975
03456441651
03456445038
03456441442
03456443356
03456448380
03456442638
03456445706
03456447926
03456447668
03456445445
03456442327
03456448587
03456447969
03456443209
03456443610
03456448685
03456448010
03456445062
03456443576
03456447275
03456446657
03456441681
03456442049
03456447129
03456442835
03456445464
03456443094
03456442031
03456443971
03456445346
03456449166
03456448969
03456448903
03456441964
03456445941
03456448180
03456441437
03456444289
03456443641
03456449976
03456445268
03456444078
03456441675
03456446331
03456445509
03456442871
03456442461
03456444574
03456443413
03456446342
03456441556
03456443998
03456447862
03456448097
03456449040
03456449110
03456446961
03456445763
03456447274
03456449716
03456449766
03456446107
03456448948
03456442039
03456444026
03456448804
03456448390
03456446009
03456447433
03456448703
03456444503
03456443838
03456441594
03456447852
03456446319
03456445490
03456445622
03456449079
03456441943
03456443340
03456444769
03456444600
03456444959
03456448306
03456449021
03456446804
03456441958
03456442345
03456446561
03456448435
03456445769
03456445023
03456444123
03456445294
03456445838
03456444259
03456442465
03456447515
03456449108
03456449443
03456441783
03456448630
03456441586
03456444034
03456443789
03456447698
03456441879
03456442414
03456449417
03456444956
03456443015
03456444615
03456449081
03456442304
03456448197
03456444477
03456449198
03456449578
03456445020
03456447864
03456441658
03456446060
03456447930
03456449282
03456444897
03456448139
03456442379
03456447756
03456446753
03456448893
03456448803
03456445730
03456447513
03456445614
03456446970
03456441605
03456441730
03456445591
03456446571
03456443975
03456441960
03456442678
03456443050
03456446353
03456441516
03456441669
03456448815
03456449233
03456446007
03456441751
03456447252
03456446475
03456446701
03456444547
03456444209
03456441970
03456446217
03456443704
03456445927
03456442316
03456442274
03456446142
03456445641
03456442711
03456443200
03456443699
03456443802
03456444706
03456447635
03456442463
03456448022
03456442082
03456442796
03456447951
03456445761
03456448361
03456447182
03456441382
03456447758
03456441275
03456448973
03456444954
03456447122
03456447806
03456447727
03456449241
03456445526
03456448811
03456443591
03456444578
03456448052
03456441013
03456448337
03456449840
03456446573
03456441484
03456446264
03456447976
03456442785
03456443954
03456441779
03456441238
03456448110
03456445442
03456442007
03456442527
03456446487
03456443410
03456447584
03456444735
03456445994
03456442495
03456441265
03456448491
03456449500
03456447709
03456444911
03456446566
03456447341
03456445093
03456446776
03456447352
03456448690
03456449145
03456443773
03456447462
03456449136
03456446044
03456444525
03456442256
03456446744
03456444772
03456444987
03456448989
03456449341
03456443130
03456446763
03456444604
03456449042
03456442297
03456444672
03456449451
03456443016
03456448666
03456441801
03456441859
03456449135
03456444720
03456448439
03456448208
03456449159
03456444235
03456441664
03456441639
03456445085
03456448063
03456441789
03456441217
03456441326
03456444731
03456445164
03456449615
03456449880
03456442168
03456445390
03456441935
03456443810
03456446454
03456444066
03456443970
03456442448
03456445053
03456442695
03456446876
03456444912
03456442793
03456444863
03456443367
03456448593
03456449278
03456442146
03456443765
03456447421
03456444924
03456449565
03456441432
03456446128
03456446510
03456447260
03456449478
03456444171
03456449677
03456446582
03456448492
03456449472
03456449918
03456447071
03456447579
03456443087
03456442187
03456449301
03456446603
03456447776
03456441600
03456449125
03456445259
03456446184
03456441542
03456443272
03456444661
03456443314
03456449727
03456448330
03456446553
03456445544
03456442011
03456444647
03456443762
03456446393
03456441350
03456449056
03456442247
03456448249
03456445559
03456449176
03456447567
03456449547
03456443233
03456443287
03456442051
03456443511
03456445258
03456448741
03456441025
03456447542
03456443906
03456447628
03456446431
03456442227
03456443736
03456448688
03456447581
03456446203
03456447253
03456449294
03456441897
03456445314
03456449101
03456442159
03456447787
03456447005
03456445498
03456447029
03456443656
03456447552
03456449385
03456448120
03456443270
03456441159
03456447906
03456444704
03456443304
03456441653
03456441136
03456448315
03456445811
03456447399
03456446034
03456442756
03456441613
03456446715
03456448031
03456444019
03456442044
03456443145
03456448243
03456448311
03456441976
03456442601
03456445418
03456447661
03456446615
03456445888
03456444590
03456443823
03456442009
03456447448
03456449471
03456441194
03456444140
03456449629
03456443350
03456445363
03456448636
03456441189
03456446555
03456449958
03456449360
03456443887
03456442660
03456444928
03456442306
03456445299
03456442824
03456446338
03456445939
03456449738
03456446600
03456441142
03456446688
03456448166
03456447790
03456447935
03456449266
03456447371
03456447008
03456441482
03456442825
03456447903
03456443515
03456445831
03456444892
03456442947
03456443339
03456448862
03456447703
03456443487
03456446527
03456445459
03456441930
03456448895
03456449702
03456448198
03456443133
03456447984
03456448200
03456449891
03456449379
03456446661
03456447197
03456443254
03456442587
03456446119
03456447878
03456441061
03456441748
03456449467
03456448411
03456449877
03456442998
03456447077
03456443113
03456441229
03456446235
03456448232
03456447117
03456448086
03456444841
03456446452
03456448230
03456445749
03456442493
03456448158
03456441573
03456445115
03456448648
03456444397
03456447174
03456447482
03456447954
03456442682
03456448320
03456446186
03456441123
03456445432
03456445021
03456447309
03456449529
03456446220
03456447788
03456445028
03456444127
03456443639
03456445503
03456446919
03456445966
03456446831
03456449061
03456444435
03456447212
03456448214
03456448654
03456448579
03456445767
03456441687
03456442798
03456441401
03456442120
03456449694
03456442925
03456449666
03456444193
03456442547
03456444980
03456448797
03456448601
03456441900
03456444743
03456446820
03456441315
03456447566
03456441327
03456447382
03456449339
03456449962
03456445686
03456446847
03456441718
03456444768
03456446520
03456446295
03456448584
03456446106
03456442959
03456444196
03456442887
03456448392
03456445664
03456443325
03456443238
03456447673
03456448339
03456443309
03456444853
03456449667
03456441517
03456444630
03456449293
03456449947
03456447390
03456442730
03456447189
03456448020
03456443186
03456446451
03456449956
03456442109
03456442980
03456449043
03456441294
03456444044
03456443462
03456446428
03456448917
03456444061
03456441441
03456441720
03456444248
03456447927
03456441185
03456441002
03456445073
03456442131
03456449901
03456448402
03456449710
03456449935
03456443079
03456441650
03456446844
03456442906
03456441904
03456443665
03456444774
03456443928
03456444539
03456447557
03456443812
03456446989
03456446300
03456447498
03456448937
03456448523
03456448770
03456441107
03456443742
03456449734
03456443969
03456448890
03456449162
03456447592
03456443039
03456449206
03456444126
03456448362
03456448549
03456444875
03456448032
03456446411
03456447073
03456443631
03456441260
03456441754
03456443494
03456442402
03456449878
03456448827
03456449336
03456447110
03456443013
03456444502
03456441213
03456446335
03456448012
03456444469
03456446042
03456444606
03456443711
03456448440
03456441424
03456449466
03456446593
03456444261
03456442359
03456449104
03456448023
03456444124
03456441902
03456443161
03456448266
03456449025
03456447323
03456449095
03456442143
03456448484
03456446346
03456445054
03456448145
03456442936
03456445617
03456441007
03456445877
03456441147
03456448312
03456442567
03456442880
03456446339
03456444685
03456443296
03456441443
03456444896
03456448513
03456446054
03456448651
03456442757
03456445012
03456441188
03456447310
03456447544
03456443276
03456446757
03456442868
03456443452
03456444361
03456444050
03456442424
03456448255
03456447961
03456441661
03456443937
03456442566
03456447328
03456441115
03456441418
03456441496
03456444305
03456442494
03456447225
03456442640
03456446135
03456442698
03456445257
03456445336
03456447464
03456441408
03456449592
03456447502
03456443811
03456443111
03456443187
03456443804
03456441096
03456441074
03456445391
03456448622
03456449981
03456446429
03456448268
03456449009
03456448971
03456444263
03456442694
03456446226
03456441721
03456443989
03456445557
03456442704
03456449372
03456443662
03456443048
03456444345
03456447585
03456443517
03456441117
03456444434
03456445061
03456444076
03456448384
03456447630
03456444230
03456444431
03456443558
03456446464
03456445454
03456448383
03456447853
03456446650
03456445572
03456442853
03456441480
03456447429
03456445278
03456444592
03456447816
03456445372
03456444947
03456445932
03456443109
03456443743
03456443486
03456449737
03456444258
03456442358
03456443996
03456443453
03456448422
03456442322
03456446547
03456442343
03456445935
03456446150
03456446801
03456443966
03456442859
03456443301
03456442897
03456446913
03456441313
03456445902
03456443142
03456449476
03456444521
03456448618
03456447012
03456447881
03456445487
03456447808
03456445560
03456443498
03456447675
03456442377
03456447216
03456448279
03456441570
03456445408
03456445751
03456448764
03456448183
03456449792
03456444978
03456445044
03456446830
03456447031
03456443976
03456441021
03456449643
03456447545
03456443332
03456443744
03456446456
03456445285
03456449088
03456443017
03456447641
03456442130
03456443063
03456445550
03456442944
03456447583
03456444752
03456443337
03456447522
03456447882
03456448669
03456443234
03456441973
03456445483
03456443185
03456444729
03456446964
03456447843
03456446888
03456446775
03456442847
03456446528
03456446859
03456443030
03456443141
03456449247
03456444883
03456447684
03456442121
03456443917
03456448876
03456445933
03456446120
03456447104
03456449801
03456449831
03456446209
03456447400
03456442760
03456448586
03456442667
03456446909
03456442839
03456448004
03456444551
03456441095
03456446375
03456449354
03456448301
03456442207
03456447045
03456445537
03456443046
03456441400
03456445323
03456446015
03456446401
03456444455
03456445447
03456443768
03456444444
03456448556
03456442314
03456444844
03456441487
03456445025
03456441133
03456444001
03456447181
03456445540
03456441267
03456449731
03456445380
03456446170
03456446824
03456443548
03456447327
03456444498
03456444120
03456449893
03456442200
03456449576
03456445413
03456445091
03456446586
03456441347
03456448904
03456448824
03456448800
03456446144
03456447655
03456447255
03456441040
03456445592
03456447410
03456444108
03456448155
03456445365
03456445304
03456446160
03456446348
03456448712
03456448750
03456443093
03456444012
03456448693
03456445594
03456445320
03456444179
03456446794
03456443205
03456447298
03456442599
03456449435
03456441802
03456444932
03456448003
03456441220
03456443599
03456448468
03456443717
03456449984
03456441672
03456448942
03456448290
03456449897
03456444229
03456448265
03456446957
03456442931
03456442089
03456443715
03456447533
03456442855
03456442482
03456446839
03456446912
03456446910
03456444031
03456446747
03456447076
03456448283
03456444192
03456443303
03456441603
03456443764
03456445218
03456448504
03456448975
03456445642
03456447326
03456445913
03456445987
03456442961
03456446267
03456449883
03456445813
03456441234
03456443144
03456444759
03456449150
03456447437
03456443710
03456448739
03456445058
03456446595
03456441468
03456445638
03456442024
03456448557
03456446840
03456442923
03456448040
03456447460
03456444115
03456449503
03456442016
03456443257
03456447489
03456444244
03456442541
03456447844
03456448204
03456443615
03456441512
03456445427
03456449391
03456447859
03456441991
03456441836
03456443991
03456446722
03456447933
03456441694
03456445482
03456447569
03456443720
03456441393
03456449483
03456447064
03456445978
03456448635
03456445897
03456442384
03456447908
03456445948
03456449406
03456441368
03456442622
03456444252
03456445497
03456446987
03456445910
03456449196
03456447446
03456448224
03456441921
03456449199
03456444649
03456443942
03456445309
03456443415
03456447772
03456441232
03456449235
03456448375
03456446013
03456445758
03456447734
03456449452
03456446082
03456444910
03456445354
03456444452
03456447087
03456442071
03456444143
03456448988
03456447809
03456443602
03456441259
03456442293
03456443184
03456443259
03456442005
03456444097
03456447952
03456444849
03456442151
03456445876
03456445565
03456449484
03456449252
03456446458
03456449416
03456441614
03456442112
03456441871
03456441165
03456444426
03456445288
03456447116
03456443019
03456447393
03456443758
03456442822
03456448843
03456447401
03456449602
03456448221
03456441210
03456449036
03456442586
03456443927
03456449736
03456441351
03456447350
03456447944
03456442877
03456448889
03456442362
03456441072
03456443213
03456443526
03456444887
03456446609
03456448760
03456442823
03456445494
03456447752
03456442501
03456442015
03456443458
03456441009
03456449284
03456447238
03456448611
03456447141
03456447937
03456449171
03456441915
03456446837
03456441395
03456445194
03456449609
03456448709
03456443874
03456444714
03456441612
03456441291
03456442449
03456446490
03456443907
03456441103
03456444241
03456449598
03456445443
03456442173
03456442203
03456445692
03456446276
03456448926
03456442403
03456446762
03456444996
03456444619
03456448140
03456442001
03456448452
03456444518
03456445376
03456448338
03456443727
03456449741
03456445024
03456447406
03456447860
03456442189
03456442145
03456442365
03456444087
03456447145
03456445117
03456449517
03456442721
03456442993
03456441717
03456448387
03456445861
03456443122
03456447020
03456441606
03456443274
03456441182
03456442430
03456443102
03456443562
03456445828
03456449802
03456448231
03456441017
03456441288
03456447783
03456442903
03456446559
03456442875
03456445756
03456449721
03456442387
03456442631
03456446651
03456449613
03456449622
03456441777
03456446998
03456445000
03456448536
03456448393
03456449619
03456446933
03456446125
03456447240
03456448081
03456447536
03456445096
03456442803
03456442957
03456446562
03456447241
03456445849
03456446666
03456443552
03456448794
03456449798
03456443949
03456448024
03456448594
03456449465
03456448107
03456441769
03456445098
03456448410
03456444510
03456448822
03456442468
03456445147
03456444091
03456448569
03456442077
03456444526
03456448974
03456444040
03456444403
03456442672
03456442686
03456442690
03456448595
03456443168
03456448909
03456449132
03456446311
03456443912
03456449621
03456444492
03456441531
03456447026
03456441084
03456443647
03456441872
03456441679
03456444554
03456445435
03456448258
03456447833
03456445915
03456444750
03456449650
03456444679
03456446014
03456441568
03456449640
03456444581
03456444782
03456448179
03456445660
03456446929
03456449279
03456449859
03456442726
03456443697
03456447229
03456446861
03456442532
03456445848
03456446781
03456447113
03456446404
03456447633
03456445623
03456441065
03456444468
03456448961
03456443422
03456445538
03456443027
03456448485
03456449511
03456445470
03456446675
03456441953
03456447303
03456443060
03456448933
03456443986
03456449296
03456449663
03456442447
03456446441
03456442233
03456443807
03456441322
03456445656
03456447363
03456444682
03456441310
03456443159
03456444451
03456445315
03456446834
03456445870
03456446446
03456441345
03456443268
03456441685
03456444276
03456448821
03456447256
03456442661
03456449505
03456445875
03456445069
03456441221
03456441456
03456442366
03456443555
03456441569
03456448134
03456447043
03456443980
03456441916
03456449069
03456449102
03456448945
03456448113
03456443172
03456449647
03456446845
03456444049
03456445228
03456448542
03456442397
03456449440
03456449207
03456444080
03456449776
03456443964
03456443387
03456448292
03456447626
03456442360
03456449752
03456445716
03456448404
03456442703
03456445421
03456445469
03456449817
03456448327
03456449089
03456446544
03456445804
03456449696
03456444865
03456441325
03456449208
03456447694
03456446422
03456442867
03456441873
03456449141
03456445950
03456446541
03456446736
03456449389
03456446748
03456448386
03456444297
03456441747
03456442208
03456441776
03456448778
03456446745
03456441894
03456445460
03456444237
03456442409
03456449263
03456442613
03456448578
03456444576
03456444825
03456441246
03456443336
03456448733
03456441126
03456445829
03456449462
03456443242
03456446117
03456445481
03456442510
03456444681
03456441888
03456441154
03456445866
03456445282
03456448399
03456447442
03456448030
03456441750
03456447027
03456442502
03456445399
03456441829
03456444801
03456442577
03456447574
03456446579
03456443421
03456448264
03456445232
03456443194
03456446140
03456449393
03456444913
03456442259
03456449334
03456446960
03456443755
03456447006
03456442104
03456445308
03456447732
03456445167
03456448343
03456446517
03456443832
03456446532
03456446006
03456447037
03456444212
03456443620
03456448239
03456443277
03456442841
03456446974
03456447435
03456449439
03456445059
03456441534
03456447060
03456447332
03456446312
03456446523
03456444711
03456445886
03456444139
03456444809
03456441214
03456448483
03456449618
03456442807
03456444454
03456443224
03456446729
03456443732
03456447440
03456446597
03456445377
03456442496
03456444471
03456442090
03456443170
03456448089
03456443007
03456448670
03456444939
03456449954
03456442263
03456448735
03456445016
03456441770
03456445110
03456442265
03456441242
03456447820
03456445714
03456441919
03456441146
03456441540
03456445909
03456445476
03456447867
03456447490
03456446907
03456446774
03456441469
03456448996
03456442423
03456442083
03456441486
03456442555
03456449699
03456442956
03456445045
03456445170
03456448414
03456442023
03456442126
03456449107
03456443471
03456447999
03456443374
03456448715
03456443828
03456446351
03456445750
03456448034
03456444596
03456445760
03456448537
03456441028
03456449072
03456445004
03456447992
03456443891
03456448360
03456443316
03456448014
03456446867
03456447474
03456446817
03456449325
03456444499
03456447135
03456444339
03456446366
03456444399
03456442669
03456446978
03456445468
03456446905
03456447432
03456448544
03456441462
03456447582
03456442484
03456447729
03456446097
03456446280
03456446000
03456444698
03456446557
03456444542
03456442745
03456449116
03456442994
03456442432
03456447990
03456448050
03456443269
03456449912
03456447782
03456443037
03456441711
03456444651
03456448241
03456448079
03456444290
03456449968
03456444065
03456447857
03456447877
03456444308
03456442376
03456441799
03456444687
03456449428
03456447846
03456449490
03456447485
03456447950
03456444905
03456446354
03456441439
03456449950
03456448453
03456446864
03456449549
03456445136
03456444555
03456444302
03456445673
03456445762
03456445190
03456445161
03456447598
03456447001
03456442972
03456448078
03456442425
03456444934
03456449595
03456448297
03456443836
03456444353
03456443182
03456442396
03456446622
03456444721
03456442213
03456441153
03456447940
03456446534
03456447662
03456446108
03456444640
03456447128
03456442548
03456446141
03456444194
03456441583
03456447879
03456444162
03456449870
03456443178
03456446167
03456441070
03456446893
03456447518
03456445387
03456449742
03456448165
03456449788
03456445031
03456449888
03456442573
03456447994
03456444810
03456448826
03456444955
03456445374
03456443152
03456445748
03456449158
03456445303
03456448234
03456449027
03456444851
03456447207
03456444270
03456442565
03456443982
03456447613
03456448535
03456449881
03456447386
03456444406
03456446551
03456447991
03456445613
03456444352
03456441212
03456447917
03456441144
03456449823
03456442270
03456446344
03456449130
03456444802
03456447824
03456444424
03456445428
03456445766
03456445752
03456442607
03456447311
03456446645
03456443414
03456449791
03456441848
03456447546
03456443125
03456442741
03456443334
03456442098
03456443537
03456446671
03456442840
03456449604
03456448727
03456443567
03456443284
03456449866
03456442150
03456445665
03456447300
03456447637
03456445975
03456446877
03456445178
03456443604
03456441954
03456449094
03456442639
03456446147
03456443879
03456443360
03456442066
03456441453
03456441928
03456442636
03456441306
03456447827
03456449371
03456445203
03456448575
03456442751
03456446689
03456448106
03456445880
03456441642
03456447387
03456447912
03456443056
03456443026
03456449231
03456448749
03456447147
03456443643
03456445847
03456445708
03456442764
03456443994
03456441881
03456442719
03456442013
03456449723
03456445254
03456446185
03456449810
03456446359
03456444069
03456442339
03456443404
03456449688
03456444035
03456444443
03456443524
03456449495
03456445810
03456448756
03456445351
03456447315
03456443785
03456445590
03456441177
03456443275
03456444160
03456441892
03456446036
03456441167
03456443239
03456449925
03456449142
03456442192
03456448000
03456442628
03456446199
03456445903
03456441760
03456442371
03456449189
03456443271
03456446467
03456449006
03456448511
03456445930
03456442550
03456446727
03456447487
03456449405
03456448831
03456446064
03456449185
03456447351
03456444686
03456443842
03456447133
03456447649
03456446853
03456447102
03456441978
03456449967
03456449937
03456449641
03456444440
03456445996
03456443681
03456446698
03456445019
03456448711
03456449612
03456448570
03456442355
03456443539
03456445782
03456447761
03456441169
03456442480
03456441193
03456443795
03456449856
03456443616
03456445523
03456446349
03456449190
03456445928
03456442663
03456443188
03456447988
03456447301
03456448421
03456448282
03456449265
03456445790
03456448262
03456443246
03456442201
03456447383
03456443081
03456443590
03456443263
03456441727
03456443156
03456442034
03456446258
03456443692
03456446208
03456445983
03456443677
03456447666
03456442727
03456447805
03456444773
03456444173
03456443014
03456446678
03456444168
03456448413
03456445997
03456443237
03456449898
03456447055
03456445221
03456449210
03456448358
03456446994
03456445691
03456448776
03456442241
03456445741
03456445198
03456448604
03456449327
03456444298
03456446749
03456447836
03456448908
03456444567
03456441856
03456444963
03456444491
03456448487
03456445621
03456449413
03456449905
03456448610
03456442569
03456441706
03456448253
03456445412
03456444157
03456446133
03456449259
03456444478
03456449754
03456442542
03456446782
03456444472
03456444822
03456444784
03456448381
03456444826
03456447620
03456446045
03456442058
03456442981
03456445860
03456448458
03456441833
03456445160
03456442134
03456443078
03456448250
03456441042
03456441674
03456449373
03456448673
03456449044
03456443465
03456441052
03456448655
03456442206
03456442412
03456441467
03456444381
03456443020
03456446578
03456444370
03456441834
03456445874
03456443608
03456447580
03456445140
03456446115
03456442595
03456444846
03456444380
03456448317
03456448835
03456446928
03456446077
03456442849
03456444291
03456446739
03456441080
03456442154
03456446904
03456449825
03456445046
03456442829
03456441579
03456444779
03456444638
03456441786
03456446947
03456444703
03456449796
03456442896
03456443791
03456448401
03456445035
03456449202
03456444210
03456447801
03456445889
03456444284
03456448011
03456442504
03456441176
03456445246
03456442036
03456441053
03456444412
03456445738
03456445109
03456444288
03456444301
03456447791
03456441004
03456446378
03456446819
03456445582
03456441433
03456449287
03456443532
03456441784
03456446708
03456442614
03456445328
03456446364
03456446868
03456449911
03456443820
03456448982
03456446438
03456446797
03456449510
03456444680
03456441191
03456442353
03456442113
03456449436
03456441494
03456446251
03456444676
03456443597
03456441465
03456446423
03456445676
03456449985
03456441089
03456446368
03456441989
03456448281
03456446285
03456445765
03456447297
03456444594
03456443364
03456445891
03456442216
03456445953
03456446790
03456446406
03456445234
03456447516
03456442529
03456448637
03456449496
03456449058
03456441263
03456446726
03456447447
03456448151
03456443212
03456449965
03456444696
03456448924
03456443004
03456446611
03456446488
03456443058
03456444251
03456443405
03456448091
03456449577
03456444737
03456441766
03456446268
03456449204
03456443625
03456446130
03456448444
03456447610
03456449785
03456441710
03456446309
03456447218
03456446519
03456445579
03456445653
03456441988
03456443569
03456446039
03456442862
03456441340
03456446641
03456441844
03456442752
03456448415
03456444401
03456443827
03456441039
03456446032
03456443423
03456446216
03456443282
03456444077
03456444726
03456449879
03456445984
03456448650
03456449996
03456448603
03456445549
03456445329
03456444396
03456443204
03456441132
03456447403
03456441404
03456441251
03456442248
03456449744
03456446394
03456443689
03456444522
03456443831
03456442420
03456441166
03456444189
03456445696
03456449591
03456446711
03456445878
03456448965
03456441420
03456442775
03456443460
03456443586
03456441111
03456449671
03456442110
03456444090
03456447142
03456444982
03456445703
03456444593
03456441279
03456445555
03456446945
03456442656
03456444889
03456445378
03456443865
03456443510
03456444723
03456447259
03456448013
03456442410
03456445340
03456448391
03456448480
03456449032
03456442620
03456447180
03456447676
03456444371
03456443674
03456449236
03456444474
03456445260
03456443180
03456443987
03456441434
03456446388
03456442411
03456445679
03456441319
03456446202
03456443445
03456445499
03456444176
03456441471
03456445772
03456446329
03456443584
03456447195
03456446169
03456442367
03456441373
03456442033
03456442092
03456448428
03456446543
03456449175
03456441979
03456446357
03456448169
03456445446
03456449521
03456441709
03456446624
03456446035
03456446795
03456446548
03456441300
03456445208
03456446854
03456449415
03456442084
03456448118
03456446213
03456442183
03456448137
03456447769
03456448960
03456442845
03456448868
03456448309
03456446056
03456445430
03456445056
03456442960
03456448592
03456449269
03456446986
03456445589
03456448426
03456441616
03456445634
03456444234
03456445644
03456449974
03456442138
03456447834
03456441415
03456442990
03456448855
03456445837
03456446028
03456442979
03456449545
03456449240
03456443278
03456444718
03456444052
03456444005
03456444894
03456444497
03456444544
03456445118
03456444105
03456444363
03456443861
03456447650
03456441409
03456448849
03456447398
03456441255
03456444629
03456441143
03456448294
03456448136
03456448272
03456442152
03456446030
03456449073
03456448354
03456445079
03456449673
03456447593
03456444648
03456446921
03456449077
03456444144
03456442797
03456443432
03456446981
03456443794
03456443177
03456442744
03456448333
03456445817
03456442462
03456443769
03456447725
03456446243
03456443394
03456445856
03456444433
03456444296
03456443896
03456441850
03456448008
03456446275
03456449337
03456443799
03456442004
03456446414
03456441247
03456442557
03456449403
03456449628
03456448304
03456448708
03456441104
03456448512
03456441332
03456443124
03456447794
03456445843
03456444589
03456449313
03456442534
03456443179
03456441508
03456444671
03456446872
03456448190
03456448062
03456443228
03456449847
03456441262
03456448324
03456443901
03456445439
03456448123
03456443476
03456446183
03456446714
03456446685
03456448990
03456445107
03456449375
03456448389
03456446432
03456441640
03456447821
03456444190
03456447420
03456443873
03456448680
03456442536
03456442799
03456446914
03456445406
03456447957
03456449983
03456449148
03456447700
03456441376
03456446821
03456444739
03456445511
03456444023
03456441980
03456442176
03456443061
03456442689
03456444873
03456442697
03456444344
03456449264
03456442571
03456444319
03456441475
03456441719
03456447739
03456448475
03456441656
03456445441
03456443684
03456445006
03456441781
03456445647
03456445180
03456446699
03456444225
03456445824
03456447285
03456444804
03456449093
03456446283
03456443503
03456446498
03456449376
03456447683
03456443091
03456447560
03456447456
03456449164
03456442404
03456445867
03456442212
03456442324
03456447250
03456443527
03456448130
03456442651
03456441572
03456442687
03456443479
03456443021
03456447019
03456447114
03456444335
03456446376
03456442617
03456449459
03456445640
03456441763
03456446245
03456449955
03456443955
03456446784
03456445952
03456449633
03456445223
03456447804
03456444458
03456446670
03456444538
03456446843
03456448019
03456445384
03456448752
03456443236
03456449707
03456448425
03456444387
03456444621
03456448307
03456444359
03456447221
03456444813
03456442788
03456443725
03456442986
03456445615
03456444598
03456442597
03456446075
03456442156
03456449482
03456443493
03456441411
03456445712
03456442476
03456442765
03456445781
03456443146
03456443659
03456448946
03456449460
03456444227
03456448135
03456444893
03456448625
03456445882
03456441554
03456443132
03456447835
03456441206
03456448925
03456444281
03456442336
03456449318
03456444449
03456447431
03456446155
03456449187
03456446462
03456446619
03456447450
03456449857
03456442580
03456444641
03456446687
03456444221
03456447124
03456442826
03456445375
03456444665
03456445215
03456449307
03456446240
03456442408
03456446647
03456449922
03456448005
03456445853
03456449154
03456445022
03456447695
03456442630
03456444340
03456441623
03456442766
03456449656
03456445944
03456448143
03456444147
03456446879
03456444505
03456446764
03456448812
03456446061
03456444860
03456446676
03456442748
03456448046
03456445783
03456442857
03456442236
03456443190
03456445865
03456446802
03456444042
03456447910
03456446849
03456446112
03456441466
03456446538
03456447270
03456446084
03456443945
03456443440
03456446575
03456446421
03456441670
03456447158
03456445548
03456448679
03456448979
03456442570
03456441223
03456449131
03456449367
03456447272
03456446118
03456442191
03456447035
03456448616
03456444459
03456443594
03456448591
03456442064
03456444965
03456444374
03456441972
03456449941
03456449392
03456447486
03456443934
03456443840
03456442761
03456441885
03456442600
03456448248
03456446177
03456441563
03456449892
03456443101
03456447722
03456448379
03456449212
03456443044
03456444751
03456443365
03456445438
03456441334
03456449127
03456449989
03456441595
03456443252
03456448394
03456441708
03456442242
03456445574
03456442806
03456445788
03456442488
03456447314
03456447036
03456447733
03456449890
03456447614
03456444527
03456443754
03456446356
03456441657
03456449538
03456449340
03456448326
03456448691
03456449863
03456448704
03456441269
03456444200
03456446417
03456448108
03456448762
03456447893
03456442351
03456441429
03456447959
03456447058
03456441895
03456449431
03456442518
03456442081
03456448623
03456445078
03456443472
03456446419
03456443320
03456447968
03456444053
03456444425
03456443899
03456449076
03456449755
03456449574
03456446026
03456442750
03456448244
03456445963
03456443346
03456448878
03456444021
03456448574
03456441463
03456445815
03456445416
03456447369
03456447127
03456449724
03456448082
03456444342
03456449000
03456441068
03456443571
03456445851
03456443305
03456445842
03456441285
03456447347
03456442693
03456449908
03456444390
03456442665
03456441738
03456442856
03456444823
03456449008
03456449904
03456445458
03456449383
03456446703
03456447979
03456444549
03456449719
03456442854
03456444867
03456445595
03456447602
03456443324
03456446362
03456441566
03456441069
03456445919
03456446291
03456444658
03456442277
03456442834
03456448225
03456449362
03456446425
03456447891
03456448674
03456442319
03456442136
03456441929
03456445697
03456445225
03456448041
03456448950
03456446315
03456446667
03456449567
03456441884
03456444660
03456448700
03456448314
03456443521
03456442346
03456446193
03456445836
03456446090
03456445144
03456447572
03456446841
03456448310
03456448342
03456448864
03456443266
03456446340
03456444701
03456447724
03456441857
03456445977
03456441704
03456445694
03456445134
03456449953
03456448726
03456445794
03456447034
03456447564
03456442890
03456441473
03456446756
03456441547
03456443618
03456441410
03456443979
03456449636
03456441819
03456449432
03456449449
03456448564
03456447312
03456448220
03456448144
03456448910
03456447667
03456449803
03456448967
03456449220
03456441515
03456446851
03456443863
03456449946
03456445214
03456448132
03456449930
03456445379
03456443327
03456449078
03456449004
03456448543
03456447236
03456441806
03456447023
03456449508
03456441293
03456442452
03456442028
03456444862
03456447178
03456441839
03456447653
03456445857
03456447032
03456445383
03456449682
03456446385
03456449041
03456443818
03456445108
03456448122
03456444613
03456446629
03456441518
03456444484
03456443592
03456445563
03456442455
03456444799
03456442997
03456443475
03456445179
03456444643
03456441663
03456441698
03456441261
03456442780
03456446572
03456449057
03456442792
03456441402
03456442048
03456445654
03456447244
03456446424
03456441893
03456444957
03456443776
03456441831
03456442808
03456446902
03456445063
03456441248
03456441354
03456447193
03456443361
03456443637
03456448467
03456449059
03456447553
03456447099
03456444909
03456448119
03456444453
03456446683
03456448029
03456441596
03456446754
03456447061
03456445330
03456447509
03456445791
03456441278
03456442238
03456447051
03456441812
03456444781
03456443344
03456441889
03456444408
03456449133
03456444060
03456447167
03456446944
03456447346
03456444011
03456449357
03456444977
03456444941
03456449124
03456444165
03456448607
03456449099
03456446865
03456442144
03456448350
03456444465
03456441899
03456448356
03456449332
03456444201
03456442198
03456444191
03456444845
03456444935
03456446574
03456448247
03456448423
03456441180
03456445111
03456444832
03456444405
03456445263
03456448474
03456447299
03456443241
03456449355
03456447329
03456446218
03456444332
03456442688
03456442654
03456443983
03456445778
03456443322
03456443520
03456445373
03456443685
03456446491
03456447915
03456442457
03456443525
03456447997
03456449488
03456448732
03456446686
03456441124
03456447938
03456449564
03456447781
03456444494
03456444257
03456448055
03456448721
03456445277
03456448209
03456442645
03456444103
03456446043
03456449632
03456448771
03456449715
03456443134
03456446705
03456444872
03456442374
03456445967
03456443516
03456444654
03456442204
03456447591
03456441913
03456443657
03456444402
03456445300
03456443417
03456448111
03456446282
03456448222
03456448398
03456449384
03456449310
03456443972
03456441745
03456449770
03456446751
03456441397
03456444534
03456445405
03456448371
03456442246
03456449193
03456441403
03456444273
03456441948
03456449230
03456446612
03456443481
03456441209
03456443311
03456448388
03456441944
03456449814
03456444949
03456448801
03456443724
03456449886
03456442552
03456445338
03456448490
03456449017
03456442166
03456443851
03456448203
03456443858
03456444877
03456447875
03456441676
03456443508
03456442446
03456441287
03456447155
03456449444
03456447353
03456446403
03456442988
03456445604
03456448396
03456449527
03456443073
03456447705
03456441683
03456449579
03456447463
03456446813
03456447467
03456445465
03456445488
03456444725
03456445173
03456446993
03456446470
03456443661
03456443279
03456445561
03456449900
03456442439
03456447995
03456445803
03456445319
03456443369
03456444840
03456444423
03456449201
03456443108
03456445192
03456442219
03456446496
03456442546
03456449990
03456446485
03456442228
03456444633
03456443080
03456447535
03456441151
03456447550
03456441215
03456443430
03456445060
03456448737
03456444558
03456445901
03456448236
03456443076
03456446639
03456442611
03456448706
03456447631
03456446049
03456441633
03456441665
03456443293
03456446221
03456448788
03456444304
03456449138
03456441842
03456446740
03456449303
03456447627
03456442621
03456447048
03456444388
03456442608
03456442904
03456448084
03456445729
03456444852
03456444125
03456444797
03456446244
03456445084
03456442521
03456445154
03456444884
03456441589
03456446301
03456448482
03456443673
03456449872
03456448495
03456446576
03456448446
03456446737
03456445670
03456444637
03456441965
03456442428
03456446977
03456442709
03456448796
03456442161
03456449703
03456445281
03456447672
03456442342
03456447854
03456442932
03456442677
03456443920
03456444673
03456447907
03456446900
03456442916
03456449599
03456448187
03456445037
03456444765
03456442172
03456449065
03456441333
03456449270
03456443957
03456443235
03456443468
03456449117
03456445553
03456447373
03456444755
03456443129
03456449627
03456445237
03456444506
03456442679
03456443406
03456442400
03456443797
03456441632
03456443951
03456444798
03456441688
03456444309
03456445890
03456442646
03456442540
03456446400
03456446158
03456443908
03456441497
