03457267233
03457264569
03457266086
03457263673
03457265969
03457264781
03457262981
03457268275
03457261032
03457264743
03457264282
03457266197
03457269113
03457263927
03457266442
03457268778
03457261696
03457265809
03457262759
03457269373
03457268167
03457265352
03457261423
03457265348
03457263745
03457264024
03457264621
03457268844
03457267356
03457262346
03457262721
03457267720
03457269066
03457269817
03457269147
03457266401
03457268096
03457266803
03457262639
03457263224
03457261760
03457263376
03457265796
03457265324
03457262342
03457268801
03457269615
03457268931
03457267860
03457265675
03457269523
03457264839
03457263339
03457264546
03457269432
03457262337
03457264529
03457267007
03457265438
03457268840
03457268684
03457261581
03457263721
03457261057
03457262629
03457265992
03457263611
03457262971
03457263607
03457268046
03457262128
03457268572
03457269552
03457265320
03457261403
03457265223
03457265006
03457269912
03457269496
03457264027
03457266670
03457263197
03457262881
03457265726
03457265271
03457269714
03457264064
03457263567
03457269796
03457262517
03457267785
03457262920
03457264692
03457264215
03457261602
03457261284
03457266171
03457263623
03457264888
03457266331
03457262068
03457261476
03457262710
03457264766
03457266499
03457269880
03457267017
03457263126
03457261784
03457265114
03457265525
03457269343
03457264656
03457264910
03457268176
03457266903
03457263896
03457268906
03457266503
03457263811
03457265529
03457264342
03457265652
03457263353
03457265336
03457263717
03457269051
03457261383
03457264592
03457264608
03457267696
03457264602
03457261720
03457268772
03457269834
03457267047
03457268011
03457267403
03457262259
03457263577
03457269304
03457261079
03457263108
03457269268
03457262902
03457265981
03457269827
03457268256
03457265947
03457268368
03457269114
03457263145
03457264544
03457263299
03457263007
03457262732
03457263731
03457264734
03457266959
03457268802
03457268006
03457265943
03457261948
03457264062
03457261858
03457266062
03457265799
03457268126
03457262082
03457262074
03457263317
03457266031
03457262637
03457267010
03457269783
03457268480
03457263168
03457268626
03457267869
03457266345
03457265772
03457261801
03457261844
03457265627
03457265290
03457263747
03457267433
03457265279
03457263671
03457261326
03457268842
03457263077
03457268996
03457262276
03457265101
03457263325
03457267361
03457264122
03457263764
03457262457
03457267821
03457266285
03457267040
03457269828
03457268512
03457265997
03457262949
03457265250
03457267765
03457266108
03457269089
03457263963
03457263029
03457266204
03457264098
03457266320
03457268110
03457268629
03457264454
03457263231
03457267034
03457261909
03457266458
03457267525
03457265807
03457264503
03457264104
03457263888
03457267951
03457265516
03457264804
03457266777
03457263085
03457261435
03457262329
03457268421
03457263561
03457262734
03457263987
03457265033
03457269247
03457268896
03457269227
03457264633
03457268588
03457266011
03457265135
03457261936
03457263367
03457263808
03457269588
03457261477
03457264088
03457266491
03457267724
03457261957
03457261604
03457264985
03457265078
03457269293
03457261994
03457265025
03457267193
03457268190
03457266033
03457267195
03457266251
03457262001
03457261113
03457263012
03457267230
03457262891
03457267218
03457268491
03457268969
03457261951
03457264583
03457269987
03457266210
03457265299
03457262784
03457267347
03457265838
03457261603
03457261129
03457269002
03457264958
03457264168
03457268208
03457269933
03457264112
03457266594
03457267941
03457267334
03457268334
03457263310
03457263336
03457269476
03457269187
03457261075
03457269260
03457264833
03457264739
03457263113
03457266016
03457268123
03457268297
03457264311
03457266695
03457262240
03457269845
03457262352
03457265591
03457269368
03457267249
03457267043
03457266945
03457264803
03457267297
03457268779
03457267504
03457261027
03457268205
03457267248
03457261652
03457267685
03457262873
03457265823
03457263596
03457266272
03457266578
03457265863
03457266864
03457268016
03457262986
03457266834
03457267507
03457261635
03457269801
03457269898
03457268746
03457268095
03457261393
03457261997
03457262742
03457263942
03457266087
03457262432
03457262242
03457261962
03457266053
03457264114
03457265608
03457264988
03457269917
03457263246
03457269048
03457261437
03457268643
03457263573
03457265773
03457269473
03457268726
03457261352
03457264263
03457263272
03457267296
03457265661
03457268978
03457268758
03457262932
03457266812
03457265251
03457268910
03457263743
03457266786
03457263391
03457261354
03457269999
03457264615
03457269809
03457262749
03457262407
03457267997
03457266917
03457268458
03457261023
03457268363
03457269026
03457264521
03457265619
03457262524
03457264015
03457262589
03457261824
03457262223
03457268970
03457268975
03457266301
03457267074
03457263389
03457266849
03457262055
03457263105
03457267995
03457266869
03457264650
03457267480
03457267289
03457261158
03457269663
03457265977
03457268944
03457266265
03457263291
03457262845
03457268838
03457264637
03457261698
03457268655
03457268410
03457261192
03457262726
03457264894
03457261153
03457264962
03457261167
03457262384
03457261024
03457268314
03457269360
03457265558
03457265941
03457263812
03457262431
03457268320
03457264154
03457263712
03457261546
03457262813
03457264461
03457262860
03457268038
03457263645
03457266124
03457261663
03457266460
03457261690
03457268193
03457261912
03457265268
03457265243
03457265715
03457269688
03457266312
03457264904
03457262549
03457262843
03457266929
03457266616
03457263386
03457269479
03457266901
03457265842
03457267463
03457266730
03457269866
03457266855
03457269403
03457262235
03457266259
03457266651
03457266274
03457267670
03457267364
03457262296
03457261899
03457267163
03457263076
03457268438
03457265233
03457267908
03457268398
03457261618
03457265930
03457261422
03457265235
03457269452
03457265710
03457269619
03457261179
03457269558
03457261537
03457262351
03457266182
03457265182
03457265401
03457268388
03457268207
03457264077
03457268645
03457261661
03457266192
03457268945
03457266021
03457268026
03457267580
03457263250
03457267440
03457262044
03457262877
03457264919
03457267933
03457269064
03457265112
03457263935
03457265433
03457264167
03457262783
03457261267
03457265471
03457266716
03457266132
03457265012
03457266114
03457261761
03457264688
03457263739
03457261156
03457269263
03457266736
03457265425
03457265276
03457262476
03457264237
03457267209
03457261871
03457262460
03457262178
03457269135
03457266680
03457266618
03457264417
03457267117
03457261465
03457262954
03457266117
03457261293
03457263938
03457262812
03457261009
03457261911
03457261489
03457262752
03457261813
03457269138
03457263763
03457268670
03457262328
03457269687
03457268659
03457262956
03457263011
03457266958
03457268088
03457269088
03457266336
03457269514
03457268997
03457266647
03457261733
03457269272
03457267621
03457269862
03457261166
03457266342
03457264704
03457261337
03457263228
03457265297
03457261008
03457269426
03457267322
03457267542
03457262855
03457265746
03457264789
03457262806
03457269997
03457267947
03457269159
03457261305
03457264384
03457263903
03457263298
03457262914
03457264216
03457261193
03457261018
03457262541
03457261516
03457263901
03457265985
03457264982
03457267321
03457263293
03457261660
03457269902
03457269662
03457269014
03457262493
03457266659
03457264848
03457264208
03457266264
03457267489
03457261735
03457261324
03457268462
03457261157
03457265037
03457267434
03457266365
03457262814
03457262383
03457266792
03457269777
03457268407
03457264780
03457266025
03457268954
03457268242
03457268803
03457265400
03457265484
03457266704
03457268164
03457267498
03457262890
03457261642
03457265370
03457261410
03457266639
03457265565
03457268706
03457263704
03457269282
03457261216
03457263054
03457264421
03457266347
03457264662
03457269887
03457266928
03457266969
03457269277
03457263110
03457267340
03457261254
03457264233
03457266467
03457267704
03457266606
03457265404
03457262004
03457265031
03457263160
03457268999
03457268266
03457263394
03457264949
03457266024
03457269725
03457263677
03457266073
03457269125
03457263563
03457264532
03457261894
03457267855
03457265597
03457269776
03457261195
03457268221
03457267368
03457265550
03457261137
03457264942
03457268934
03457268959
03457263301
03457267086
03457261699
03457264251
03457268056
03457262090
03457265421
03457268080
03457267553
03457269713
03457263862
03457267202
03457269720
03457265600
03457264269
03457262129
03457263496
03457263172
03457264711
03457267548
03457266407
03457265254
03457261965
03457261630
03457262716
03457263006
03457261081
03457268289
03457261754
03457264373
03457264873
03457265507
03457269110
03457263814
03457261734
03457262573
03457261474
03457262620
03457263099
03457268258
03457261446
03457265761
03457264248
03457265752
03457265291
03457266091
03457269348
03457263791
03457265363
03457265901
03457262780
03457266410
03457261431
03457265224
03457262515
03457266893
03457267255
03457265162
03457262616
03457264061
03457267246
03457269103
03457264672
03457262680
03457268531
03457268433
03457264748
03457263343
03457269635
03457265029
03457264040
03457264622
03457264795
03457269081
03457265876
03457269415
03457261531
03457265319
03457268451
03457265756
03457265122
03457268953
03457266163
03457267395
03457267389
03457261002
03457265305
03457268830
03457261700
03457263351
03457268506
03457267856
03457266315
03457265601
03457269226
03457265259
03457269798
03457262558
03457261381
03457267390
03457267811
03457261378
03457261084
03457268741
03457262445
03457263981
03457265719
03457266517
03457262725
03457261044
03457263329
03457266115
03457266938
03457269561
03457262304
03457261521
03457265958
03457262563
03457265808
03457262652
03457266793
03457262863
03457269577
03457269623
03457267745
03457262958
03457267016
03457263875
03457264899
03457269797
03457265153
03457266501
03457267311
03457265885
03457266052
03457264520
03457262339
03457268052
03457266701
03457264486
03457261817
03457261932
03457268681
03457265531
03457261417
03457269910
03457261736
03457267794
03457265932
03457265084
03457261467
03457264121
03457268479
03457263059
03457269782
03457269098
03457263063
03457269763
03457268660
03457265803
03457262748
03457265635
03457269905
03457268043
03457263468
03457266729
03457265951
03457262306
03457262081
03457267805
03457267626
03457268965
03457264277
03457269982
03457261484
03457264989
03457268061
03457267358
03457262227
03457264418
03457261930
03457266041
03457269280
03457267681
03457266918
03457265387
03457267717
03457265785
03457262054
03457263271
03457262976
03457265933
03457265288
03457265626
03457263373
03457266441
03457261843
03457263625
03457263002
03457261238
03457264093
03457266093
03457269799
03457267614
03457268573
03457261701
03457261301
03457265234
03457261217
03457267974
03457262002
03457264188
03457269047
03457269032
03457266919
03457264363
03457264442
03457265751
03457264355
03457265989
03457268343
03457264694
03457265858
03457269084
03457268547
03457263055
03457265515
03457266943
03457269224
03457263179
03457265614
03457265188
03457265186
03457261588
03457267119
03457267773
03457267112
03457267211
03457261969
03457267741
03457265412
03457264071
03457267651
03457261371
03457262253
03457262811
03457266706
03457268638
03457266795
03457266497
03457268104
03457267749
03457265105
03457261755
03457268646
03457265786
03457268291
03457261296
03457268037
03457262359
03457266814
03457267459
03457261913
03457269145
03457267251
03457267231
03457265399
03457262385
03457268247
03457262931
03457268206
03457267712
03457266294
03457267096
03457262703
03457266384
03457265050
03457268690
03457267081
03457263838
03457262013
03457266017
03457265590
03457267185
03457261705
03457269449
03457264116
03457265292
03457264557
03457268498
03457267561
03457261386
03457269564
03457265164
03457269856
03457264817
03457264482
03457263549
03457263809
03457261550
03457263083
03457268055
03457267309
03457261920
03457263620
03457269899
03457263127
03457263694
03457266202
03457268798
03457268815
03457264589
03457263155
03457263043
03457268597
03457261804
03457262675
03457269199
03457266819
03457269886
03457264578
03457267224
03457269021
03457267530
03457262468
03457261781
03457263454
03457261394
03457263406
03457264380
03457267983
03457266433
03457261329
03457264878
03457264433
03457269518
03457261470
03457267909
03457261058
03457266001
03457269892
03457262952
03457261278
03457265380
03457261510
03457267422
03457263545
03457264695
03457264599
03457262368
03457266591
03457263538
03457263103
03457267404
03457265409
03457264931
03457266721
03457261713
03457263719
03457268241
03457269474
03457267300
03457268416
03457266668
03457266166
03457263019
03457267637
03457261832
03457261127
03457262766
03457261820
03457266014
03457261896
03457269547
03457262888
03457266634
03457268630
03457263773
03457262927
03457267931
03457264806
03457263653
03457269684
03457265704
03457263932
03457268973
03457269233
03457267138
03457262035
03457267532
03457269006
03457266876
03457268528
03457261580
03457264730
03457268827
03457268752
03457263825
03457261282
03457261390
03457263513
03457264370
03457263833
03457265079
03457263440
03457262175
03457264468
03457269628
03457261862
03457262512
03457262427
03457267953
03457266128
03457263792
03457267969
03457261347
03457268875
03457269860
03457262015
03457261554
03457268105
03457268698
03457263899
03457264946
03457261092
03457269102
03457261594
03457263523
03457262263
03457267079
03457269023
03457261333
03457263894
03457265792
03457268296
03457262670
03457262406
03457263158
03457268520
03457265014
03457269153
03457262699
03457261557
03457268366
03457269934
03457262514
03457263652
03457262816
03457267822
03457266974
03457264742
03457268276
03457269521
03457268536
03457268890
03457268339
03457268929
03457264794
03457262177
03457263050
03457266205
03457267453
03457268857
03457263033
03457262089
03457269545
03457267121
03457262247
03457269535
03457269069
03457263588
03457269749
03457263426
03457268517
03457261050
03457263148
03457263870
03457267887
03457269630
03457266675
03457265766
03457263804
03457267847
03457267904
03457264460
03457266188
03457266883
03457266308
03457266199
03457269787
03457266825
03457264885
03457265196
03457261154
03457267274
03457269001
03457266201
03457264750
03457261921
03457268551
03457266277
03457264820
03457262979
03457261126
03457263030
03457263057
03457263582
03457263402
03457264321
03457266322
03457265740
03457269274
03457265074
03457268935
03457267039
03457267226
03457268733
03457265451
03457262033
03457265854
03457268865
03457265874
03457264869
03457261685
03457263969
03457261924
03457265266
03457261882
03457269295
03457261627
03457269640
03457267155
03457265061
03457263853
03457263251
03457268818
03457266380
03457262503
03457268562
03457269455
03457261879
03457263926
03457267266
03457268621
03457268045
03457267059
03457267960
03457267543
03457265272
03457264164
03457267182
03457268713
03457269284
03457269433
03457262397
03457261056
03457263857
03457269978
03457262715
03457265434
03457261780
03457261977
03457262851
03457264610
03457261772
03457262353
03457262948
03457263471
03457266398
03457266986
03457262942
03457265347
03457263879
03457267187
03457261334
03457264084
03457266209
03457269788
03457266068
03457269533
03457266947
03457267506
03457261901
03457265486
03457266644
03457265193
03457266871
03457265190
03457266420
03457267474
03457268874
03457267178
03457264239
03457267770
03457264866
03457264086
03457262849
03457265163
03457265570
03457262188
03457263163
03457264119
03457262239
03457265405
03457262842
03457265964
03457265085
03457262451
03457268703
03457268685
03457261335
03457267102
03457265146
03457268894
03457263851
03457268735
03457262510
03457261829
03457264667
03457261587
03457264657
03457268927
03457263257
03457261585
03457263328
03457269916
03457264455
03457262030
03457262751
03457269378
03457263949
03457269784
03457261509
03457268074
03457262093
03457261513
03457265318
03457265934
03457265383
03457269832
03457261514
03457269567
03457263497
03457269736
03457261312
03457261274
03457262290
03457264573
03457267571
03457262545
03457261307
03457261872
03457261827
03457261140
03457269123
03457269015
03457264247
03457266654
03457268583
03457267723
03457261197
03457267225
03457262840
03457268732
03457267477
03457263142
03457269359
03457269759
03457261849
03457262016
03457263082
03457263180
03457261377
03457266377
03457267239
03457262323
03457266195
03457261135
03457263178
03457262300
03457261038
03457269608
03457268434
03457261974
03457263759
03457268839
03457265067
03457269499
03457269291
03457267106
03457261067
03457268122
03457262919
03457267949
03457267023
03457266638
03457269943
03457264619
03457268577
03457267515
03457261223
03457263473
03457264746
03457261141
03457268486
03457261045
03457267538
03457262171
03457262824
03457262038
03457263689
03457268197
03457267901
03457264808
03457268924
03457268754
03457263089
03457262585
03457261795
03457262031
03457269140
03457267025
03457268725
03457264996
03457264609
03457268067
03457266129
03457262459
03457264135
03457269636
03457261873
03457267281
03457269699
03457265125
03457261953
03457268862
03457265530
03457266273
03457265402
03457268590
03457269979
03457267888
03457262950
03457266454
03457261904
03457263445
03457261902
03457268692
03457263013
03457268527
03457263766
03457265172
03457267051
03457269054
03457267963
03457267600
03457268846
03457268131
03457263169
03457263609
03457266198
03457262550
03457266405
03457264629
03457265599
03457261570
03457263370
03457263079
03457263181
03457269969
03457266769
03457266254
03457263223
03457264257
03457268365
03457265849
03457262571
03457262526
03457266909
03457261539
03457269780
03457263413
03457269924
03457263288
03457262924
03457263285
03457268295
03457264314
03457261656
03457261533
03457262286
03457268958
03457267413
03457264717
03457266956
03457261991
03457263428
03457262800
03457264740
03457266699
03457269765
03457267319
03457263897
03457269925
03457262320
03457264849
03457262185
03457268316
03457268282
03457269266
03457269896
03457261673
03457262454
03457265260
03457261566
03457269366
03457261970
03457269407
03457268435
03457267854
03457265343
03457262149
03457266222
03457268238
03457264457
03457266351
03457265184
03457266588
03457269515
03457263159
03457265965
03457267257
03457261069
03457269213
03457267420
03457264109
03457265228
03457266400
03457268674
03457261110
03457262095
03457265407
03457267540
03457263173
03457267333
03457262618
03457268884
03457263184
03457268553
03457267775
03457267113
03457264081
03457268497
03457261572
03457263132
03457261693
03457269751
03457266995
03457263930
03457264416
03457264191
03457263245
03457264550
03457265298
03457263207
03457261453
03457266669
03457265689
03457266143
03457269049
03457265377
03457263072
03457262010
03457269255
03457266896
03457262801
03457264073
03457261207
03457265131
03457267012
03457265611
03457263655
03457263267
03457266980
03457261359
03457263537
03457263349
03457269928
03457267180
03457268068
03457265058
03457265677
03457261730
03457261884
03457267938
03457261358
03457263119
03457268500
03457261122
03457262438
03457262854
03457264193
03457265022
03457269686
03457268185
03457269678
03457262151
03457267979
03457268058
03457269722
03457262075
03457268828
03457267742
03457266556
03457265654
03457262492
03457265154
03457262145
03457264542
03457268505
03457269344
03457261315
03457268760
03457262452
03457267889
03457262157
03457265372
03457262196
03457267058
03457269271
03457269958
03457266676
03457269040
03457264025
03457266450
03457265445
03457268001
03457264340
03457262255
03457267829
03457261883
03457264397
03457266040
03457261173
03457262807
03457266664
03457267411
03457267682
03457267269
03457264192
03457268298
03457262370
03457268796
03457267782
03457269498
03457267234
03457262354
03457265816
03457266376
03457263104
03457264179
03457264479
03457262893
03457265869
03457262645
03457268111
03457265634
03457264328
03457268178
03457261727
03457267505
03457267049
03457266463
03457263294
03457265887
03457268994
03457261508
03457264847
03457265727
03457264080
03457269204
03457262415
03457264842
03457261743
03457269529
03457268021
03457262935
03457266693
03457269914
03457264765
03457269119
03457269158
03457268558
03457265588
03457269652
03457263551
03457261291
03457263613
03457264047
03457263939
03457266821
03457264867
03457263733
03457268812
03457265703
03457263441
03457266146
03457263269
03457263890
03457269116
03457266800
03457263705
03457266082
03457269191
03457266549
03457262499
03457269874
03457262350
03457266289
03457264857
03457266074
03457266614
03457267912
03457261683
03457261228
03457263061
03457264556
03457263154
03457264679
03457267940
03457261101
03457265091
03457262972
03457265889
03457264668
03457261855
03457267392
03457269846
03457266722
03457264649
03457261440
03457265344
03457266946
03457261967
03457268876
03457262678
03457268925
03457265528
03457264463
03457262040
03457266194
03457267078
03457266054
03457262243
03457269890
03457268848
03457261251
03457265447
03457267408
03457266902
03457261621
03457263001
03457265538
03457262495
03457266767
03457261190
03457267033
03457266807
03457265214
03457267610
03457262711
03457268357
03457265262
03457262176
03457266002
03457268509
03457263848
03457268473
03457264776
03457264481
03457265148
03457266831
03457265800
03457263170
03457262050
03457264031
03457265547
03457266056
03457267139
03457266429
03457262321
03457264337
03457267429
03457265232
03457265996
03457261863
03457268337
03457265988
03457263270
03457261406
03457264001
03457268393
03457262611
03457263147
03457268225
03457267472
03457264359
03457261232
03457263637
03457268146
03457261183
03457262169
03457267565
03457264579
03457262366
03457262483
03457265747
03457263681
03457261458
03457268616
03457262477
03457262912
03457269380
03457265310
03457267181
03457268780
03457262625
03457261545
03457261651
03457263444
03457267198
03457267649
03457269082
03457269977
03457261595
03457267849
03457266168
03457267067
03457265334
03457264812
03457268007
03457267866
03457267523
03457267725
03457262542
03457267313
03457263995
03457265312
03457264914
03457266832
03457268092
03457264706
03457265922
03457266455
03457265914
03457265167
03457264834
03457268833
03457261480
03457264882
03457267020
03457264627
03457262232
03457269975
03457263446
03457264045
03457264840
03457267303
03457269315
03457261256
03457264900
03457269448
03457266528
03457262336
03457261168
03457262250
03457266755
03457265140
03457268482
03457262121
03457265543
03457264199
03457269644
03457265826
03457268891
03457261061
03457266975
03457266042
03457264938
03457263385
03457269865
03457268619
03457267140
03457263658
03457261577
03457261686
03457268639
03457262497
03457264414
03457262077
03457264607
03457261880
03457266144
03457264431
03457262293
03457265195
03457264130
03457263489
03457266008
03457261905
03457262473
03457269257
03457266229
03457268864
03457262708
03457261654
03457267999
03457268463
03457263922
03457269575
03457262513
03457261005
03457264954
03457266443
03457264852
03457267824
03457265094
03457269897
03457262968
03457261091
03457264202
03457264670
03457264489
03457263650
03457267650
03457263680
03457269672
03457269212
03457268153
03457263240
03457264641
03457269369
03457262953
03457263880
03457261647
03457262717
03457267331
03457264190
03457263455
03457268535
03457263954
03457269193
03457263088
03457267378
03457266288
03457265722
03457267772
03457267164
03457264349
03457262659
03457269903
03457267445
03457264049
03457264870
03457261214
03457264125
03457261321
03457269998
03457268374
03457266870
03457261033
03457265115
03457263758
03457268456
03457261833
03457267566
03457266951
03457268919
03457267777
03457265788
03457269531
03457263112
03457264030
03457261338
03457266020
03457268222
03457263060
03457261748
03457269039
03457269210
03457266164
03457266462
03457264966
03457265723
03457269398
03457266131
03457268901
03457262356
03457269650
03457264312
03457265285
03457261392
03457263116
03457266582
03457263980
03457261682
03457261012
03457269732
03457265560
03457262839
03457269141
03457265013
03457266708
03457261552
03457265668
03457261103
03457261985
03457263195
03457268378
03457269813
03457269657
03457264210
03457268476
03457262562
03457265537
03457266829
03457269944
03457265166
03457265449
03457264477
03457265990
03457261117
03457262340
03457268204
03457265648
03457268097
03457267932
03457265798
03457264181
03457264737
03457267355
03457269424
03457261385
03457266802
03457262011
03457269117
03457269475
03457261542
03457266494
03457261187
03457267204
03457264540
03457268700
03457268539
03457267957
03457266006
03457262828
03457266764
03457261870
03457268632
03457265206
03457267810
03457263096
03457268647
03457262466
03457266873
03457266778
03457268519
03457268023
03457262277
03457267450
03457264105
03457261681
03457264611
03457266924
03457265467
03457263427
03457269182
03457266600
03457263512
03457261218
03457262435
03457261430
03457265546
03457265604
03457268090
03457265041
03457267761
03457266897
03457265680
03457268555
03457268722
03457268886
03457262152
03457266050
03457267640
03457265009
03457265422
03457269820
03457269668
03457267851
03457263283
03457265007
03457266805
03457269206
03457265999
03457266134
03457266520
03457261520
03457265948
03457264791
03457263986
03457267747
03457265686
03457267604
03457267874
03457263790
03457262844
03457269155
03457261757
03457267473
03457266904
03457267691
03457268348
03457265632
03457261822
03457266979
03457265873
03457265833
03457265612
03457262823
03457264586
03457262683
03457263647
03457268930
03457262821
03457267055
03457261367
03457267529
03457265817
03457268099
03457262365
03457264961
03457268108
03457266295
03457262913
03457262111
03457266283
03457266811
03457266970
03457269549
03457269893
03457266500
03457263543
03457268933
03457264790
03457263256
03457264940
03457267778
03457265284
03457269096
03457262343
03457267533
03457269457
03457265909
03457267611
03457269710
03457269537
03457269008
03457263815
03457267830
03457267920
03457262878
03457266538
03457263403
03457266267
03457261598
03457268822
03457265257
03457264851
03457265980
03457261426
03457265134
03457261292
03457261674
03457262508
03457269205
03457269839
03457267491
03457263519
03457266960
03457262061
03457268331
03457267535
03457262829
03457261245
03457263730
03457263874
03457269718
03457269420
03457262140
03457265321
03457269726
03457266284
03457269808
03457263051
03457261353
03457266428
03457264107
03457265302
03457267036
03457263474
03457263210
03457263918
03457263095
03457267599
03457268423
03457261031
03457268845
03457269721
03457269190
03457262911
03457266290
03457263617
03457263800
03457269516
03457261638
03457265609
03457265777
03457262166
03457267726
03457268829
03457268907
03457261669
03457261826
03457265333
03457263615
03457264229
03457263399
03457269811
03457265016
03457266275
03457261295
03457264642
03457267466
03457265062
03457267915
03457261501
03457268235
03457263958
03457263905
03457268141
03457269872
03457269594
03457262124
03457269009
03457266106
03457261420
03457266296
03457267227
03457267341
03457262505
03457266221
03457266996
03457268142
03457265452
03457267108
03457268689
03457263844
03457266079
03457263754
03457261336
03457263831
03457262657
03457269493
03457261670
03457264087
03457266403
03457269198
03457262170
03457264023
03457268995
03457267737
03457264576
03457265762
03457262688
03457265205
03457262763
03457268279
03457265255
03457266794
03457267608
03457263398
03457264625
03457263139
03457264148
03457261363
03457261108
03457265386
03457267910
03457262056
03457263066
03457268187
03457264835
03457267557
03457268981
03457268882
03457263639
03457267984
03457264483
03457267937
03457262905
03457269611
03457261589
03457262210
03457263674
03457262364
03457263212
03457264653
03457266936
03457269818
03457264853
03457266605
03457264309
03457262189
03457261958
03457261534
03457267943
03457269667
03457265643
03457264256
03457267299
03457263171
03457262847
03457265775
03457266321
03457261796
03457265517
03457263883
03457263709
03457269076
03457262045
03457269063
03457268785
03457267120
03457261379
03457267028
03457269104
03457263292
03457268180
03457267511
03457261475
03457262225
03457261482
03457264089
03457264043
03457268532
03457261878
03457263703
03457266672
03457265313
03457269285
03457267825
03457263075
03457263598
03457265192
03457268513
03457262889
03457264783
03457266142
03457261900
03457269332
03457266266
03457264305
03457263797
03457268903
03457261066
03457268464
03457266371
03457262233
03457262642
03457267594
03457267956
03457265020
03457265242
03457267676
03457268522
03457262097
03457267157
03457262229
03457264415
03457268514
03457266397
03457262727
03457269425
03457265339
03457264710
03457262265
03457267573
03457264446
03457263864
03457262995
03457265642
03457268259
03457267647
03457262192
03457261285
03457266268
03457264037
03457269889
03457265283
03457268747
03457264669
03457263644
03457261472
03457263216
03457262254
03457265767
03457267988
03457267668
03457267771
03457265774
03457268232
03457268782
03457264243
03457266637
03457263982
03457265518
03457264513
03457267927
03457268137
03457267643
03457265620
03457268568
03457268140
03457261294
03457265920
03457262535
03457268227
03457267683
03457264000
03457269194
03457263676
03457264118
03457267216
03457269335
03457266418
03457264217
03457265812
03457267485
03457267399
03457265907
03457266532
03457262904
03457265076
03457269847
03457269760
03457269985
03457261773
03457266746
03457269038
03457265106
03457264974
03457262518
03457266766
03457264777
03457264639
03457268064
03457267664
03457262150
03457265481
03457264604
03457261776
03457269767
03457262662
03457268145
03457262139
03457262088
03457269993
03457266187
03457264644
03457267470
03457266774
03457262378
03457264881
03457264987
03457268133
03457268666
03457267865
03457261738
03457265479
03457261412
03457268932
03457262006
03457262624
03457263729
03457261304
03457264626
03457265976
03457266452
03457268707
03457261648
03457262635
03457269869
03457263996
03457269506
03457264301
03457268615
03457261578
03457261785
03457267895
03457262638
03457264846
03457265417
03457263576
03457264515
03457269991
03457261310
03457261640
03457263248
03457264701
03457266771
03457265356
03457262985
03457265573
03457266635
03457262380
03457264223
03457267056
03457265776
03457262201
03457261606
03457268309
03457262421
03457268120
03457269878
03457265191
03457263830
03457262685
03457263258
03457267398
03457268593
03457266212
03457268210
03457268018
03457268737
03457265003
03457268985
03457265533
03457264310
03457269439
03457268381
03457263094
03457269099
03457267452
03457268543
03457266641
03457262805
03457269694
03457266596
03457266357
03457263632
03457267354
03457263166
03457262737
03457269658
03457267183
03457269673
03457262728
03457263396
03457267418
03457269637
03457267245
03457268729
03457267151
03457268426
03457263190
03457268541
03457267978
03457268759
03457264163
03457268323
03457269100
03457263520
03457266247
03457265442
03457268350
03457264636
03457266711
03457264320
03457269698
03457268171
03457264075
03457262543
03457264802
03457264100
03457264196
03457261360
03457261797
03457267990
03457263724
03457264453
03457269957
03457263287
03457261715
03457264509
03457263491
03457265724
03457266617
03457267001
03457262969
03457263727
03457265779
03457261319
03457264297
03457269355
03457262028
03457262051
03457264082
03457269144
03457263722
03457264913
03457264422
03457261707
03457263056
03457262908
03457266482
03457263507
03457263742
03457269683
03457266215
03457263206
03457268472
03457262204
03457262362
03457266170
03457266661
03457268440
03457266239
03457264369
03457262425
03457267906
03457269656
03457267414
03457261783
03457264689
03457262667
03457263708
03457266560
03457269462
03457262037
03457264498
03457264003
03457268682
03457263579
03457269339
03457266940
03457266084
03457268251
03457265046
03457264850
03457264201
03457262113
03457262572
03457261582
03457264085
03457262268
03457269413
03457268516
03457265804
03457261034
03457262922
03457266119
03457264150
03457266804
03457263559
03457265687
03457263603
03457264326
03457261834
03457264673
03457268858
03457269954
03457268380
03457269367
03457263796
03457269791
03457267774
03457268304
03457266718
03457265329
03457265865
03457261290
03457266426
03457267478
03457268245
03457261716
03457261370
03457266214
03457268695
03457268372
03457262154
03457263842
03457267752
03457263284
03457262246
03457267160
03457267437
03457268439
03457265895
03457263297
03457266552
03457261561
03457261419
03457263999
03457266505
03457267808
03457268808
03457267567
03457263528
03457262429
03457267242
03457266581
03457263152
03457266389
03457265424
03457268012
03457265732
03457261767
03457269666
03457263526
03457269951
03457261227
03457264696
03457261866
03457264345
03457265034
03457267510
03457266810
03457269618
03457264285
03457262084
03457263014
03457268257
03457266529
03457265432
03457264259
03457263422
03457269142
03457269868
03457266867
03457262996
03457266719
03457267087
03457266630
03457261925
03457261692
03457263557
03457261428
03457263917
03457265647
03457263265
03457261850
03457262273
03457264722
03457266544
03457266967
03457268443
03457265892
03457267641
03457269857
03457266022
03457263813
03457263364
03457262830
03457262988
03457262360
03457264017
03457263911
03457268284
03457262619
03457269094
03457263781
03457266356
03457269372
03457265571
03457264957
03457265113
03457265536
03457262282
03457264184
03457269020
03457261054
03457267307
03457261942
03457261146
03457268260
03457266625
03457263810
03457268286
03457266797
03457263859
03457265839
03457263090
03457263992
03457263509
03457267402
03457265128
03457264343
03457269146
03457262248
03457269184
03457265973
03457265170
03457262034
03457265301
03457263415
03457267430
03457264425
03457261452
03457266827
03457268738
03457261010
03457268290
03457268554
03457264156
03457266324
03457265212
03457267328
03457262073
03457262000
03457268563
03457269075
03457266387
03457262312
03457268943
03457264762
03457263805
03457262162
03457264364
03457269675
03457266562
03457269083
03457268912
03457261077
03457269070
03457269106
03457261130
03457268135
03457266424
03457263226
03457262046
03457266615
03457267878
03457265357
03457262424
03457262989
03457261944
03457264514
03457261928
03457263975
03457267205
03457263660
03457265068
03457267337
03457261728
03457261591
03457269641
03457263078
03457267254
03457261536
03457269195
03457262138
03457269324
03457261427
03457267014
03457266884
03457263698
03457261204
03457265923
03457268328
03457267125
03457265697
03457263000
03457267177
03457262764
03457264682
03457265888
03457263706
03457266973
03457264799
03457266475
03457266927
03457269395
03457267864
03457268559
03457263424
03457268783
03457266551
03457267500
03457269600
03457267090
03457267130
03457269961
03457269294
03457263749
03457264932
03457263718
03457264749
03457263787
03457262934
03457269374
03457267272
03457261109
03457263307
03457265354
03457263600
03457266378
03457266790
03457265072
03457268341
03457265500
03457267576
03457263799
03457262802
03457269794
03457268774
03457263254
03457266346
03457261088
03457263200
03457265625
03457261511
03457265441
03457264245
03457263529
03457262915
03457268025
03457263732
03457261787
03457263467
03457263723
03457266572
03457269254
03457265132
03457264533
03457262099
03457265683
03457262474
03457263595
03457266122
03457261308
03457263331
03457265057
03457262471
03457264113
03457266061
03457261941
03457264558
03457264394
03457262506
03457263352
03457266490
03457269527
03457266379
03457264126
03457269659
03457262146
03457269737
03457269122
03457267569
03457264358
03457269385
03457268665
03457266783
03457265253
03457262591
03457262695
03457261288
03457265551
03457269259
03457265984
03457268691
03457269578
03457261649
03457261184
03457262085
03457262104
03457264990
03457267583
03457269557
03457263121
03457263215
03457267625
03457262744
03457265360
03457268872
03457264654
03457261143
03457266218
03457269065
03457263571
03457266358
03457267128
03457264507
03457263410
03457267736
03457268952
03457266580
03457264856
03457264048
03457266027
03457266761
03457265008
03457265346
03457269882
03457267550
03457261021
03457268358
03457263850
03457265090
03457264581
03457263668
03457269208
03457263198
03457269354
03457265093
03457265384
03457261657
03457262756
03457263087
03457262110
03457262059
03457261515
03457261235
03457267288
03457265610
03457263277
03457269417
03457262705
03457262422
03457265638
03457264452
03457266579
03457261887
03457262165
03457268073
03457269363
03457265602
03457267661
03457265155
03457265757
03457268594
03457262521
03457265145
03457269932
03457262153
03457269192
03457267588
03457266076
03457265676
03457261840
03457266019
03457268303
03457264724
03457266260
03457261987
03457269803
03457262482
03457264449
03457269349
03457263162
03457267924
03457264413
03457263659
03457264110
03457262613
03457269421
03457264423
03457263686
03457267146
03457262325
03457269935
03457266232
03457263344
03457266840
03457263064
03457266261
03457265341
03457265099
03457262803
03457267022
03457264968
03457264779
03457269639
03457267954
03457261180
03457261596
03457265526
03457263782
03457269653
03457267852
03457264580
03457267114
03457264403
03457261281
03457262626
03457264372
03457264792
03457265151
03457267070
03457264322
03457265423
03457267401
03457268717
03457261961
03457265416
03457267005
03457267817
03457263516
03457268850
03457266753
03457261220
03457266607
03457262980
03457265453
03457267293
03457263390
03457269390
03457264434
03457266712
03457264663
03457262898
03457267925
03457269848
03457262436
03457261074
03457266762
03457263597
03457265553
03457264528
03457261892
03457269825
03457267764
03457261812
03457269697
03457267075
03457267308
03457268329
03457264162
03457262271
03457265289
03457265281
03457261115
03457267442
03457268478
03457267834
03457268093
03457268781
03457265646
03457267528
03457264810
03457262316
03457264066
03457269682
03457262143
03457269459
03457262622
03457266935
03457262630
03457265589
03457264796
03457263662
03457262636
03457267154
03457267353
03457269319
03457264058
03457261731
03457268983
03457266165
03457262332
03457262264
03457269716
03457263419
03457264973
03457261655
03457269949
03457266765
03457265181
03457262244
03457265118
03457264891
03457267656
03457262357
03457262815
03457267273
03457262607
03457269705
03457263439
03457268576
03457266456
03457268507
03457268449
03457263566
03457262472
03457269491
03457265510
03457262181
03457262554
03457261893
03457265580
03457267277
03457263817
03457264325
03457262822
03457269981
03457266396
03457263492
03457264149
03457266545
03457263795
03457263204
03457268112
03457263004
03457265474
03457264054
03457265410
03457261751
03457266726
03457261626
03457266611
03457261230
03457266423
03457265555
03457264123
03457262490
03457266051
03457267123
03457264296
03457261658
03457267744
03457268017
03457265230
03457267468
03457261877
03457269133
03457263304
03457268914
03457269267
03457266713
03457268353
03457266253
03457264567
03457267027
03457264480
03457269671
03457263510
03457265621
03457269689
03457266931
03457261499
03457267455
03457262970
03457264912
03457264299
03457263407
03457269352
03457269972
03457267290
03457265209
03457261047
03457268270
03457269337
03457262555
03457265443
03457268345
03457261719
03457261504
03457261847
03457262528
03457263340
03457269443
03457266373
03457267415
03457261191
03457264744
03457261341
03457269209
03457267674
03457264508
03457268739
03457264462
03457262463
03457262537
03457264375
03457262951
03457265263
03457263192
03457262795
03457261559
03457266824
03457266632
03457267846
03457265877
03457267793
03457269855
03457264487
03457262916
03457262433
03457268189
03457262287
03457262669
03457269584
03457266703
03457263882
03457269256
03457268967
03457269450
03457262516
03457263044
03457262269
03457261571
03457269480
03457268149
03457267876
03457262587
03457262862
03457268049
03457265469
03457267095
03457267862
03457262087
03457268118
03457261380
03457263936
03457263828
03457262108
03457264308
03457263587
03457268849
03457262218
03457261345
03457264814
03457264435
03457268744
03457264793
03457263840
03457267213
03457266648
03457265420
03457267315
03457269909
03457269093
03457263425
03457264213
03457265541
03457266542
03457264288
03457268982
03457263757
03457265831
03457265750
03457264909
03457261929
03457263682
03457264050
03457266370
03457267287
03457262910
03457268127
03457268887
03457268405
03457261246
03457263970
03457261488
03457268792
03457263604
03457261170
03457264858
03457265086
03457269670
03457268566
03457269118
03457266925
03457267654
03457265882
03457262778
03457264598
03457265322
03457267038
03457266102
03457264788
03457269645
03457263546
03457269447
03457263040
03457264396
03457269216
03457268132
03457265860
03457266078
03457264547
03457267568
03457268047
03457261841
03457269283
03457266534
03457268920
03457265828
03457267750
03457263679
03457268285
03457269028
03457267200
03457265664
03457265098
03457269602
03457266511
03457266828
03457262222
03457267375
03457267914
03457266576
03457264798
03457265455
03457263589
03457269789
03457269130
03457266372
03457263273
03457268008
03457262115
03457262083
03457267314
03457263822
03457267000
03457264381
03457265699
03457263130
03457269157
03457261063
03457269835
03457268880
03457264504
03457268495
03457269108
03457268989
03457262053
03457263435
03457268502
03457264712
03457269351
03457266696
03457264562
03457266833
03457264493
03457263928
03457267126
03457266685
03457262789
03457269061
03457264398
03457265045
03457267035
03457267286
03457264944
03457266394
03457267030
03457261973
03457261255
03457264832
03457267066
03457266633
03457265878
03457263779
03457265848
03457264951
03457264923
03457267346
03457265705
03457263461
03457263737
03457263944
03457265017
03457267002
03457266149
03457263558
03457267101
03457262957
03457269665
03457261646
03457264860
03457263238
03457261194
03457264032
03457262428
03457269685
03457268544
03457264033
03457267082
03457262334
03457261325
03457262078
03457268511
03457261100
03457269833
03457263885
03457264854
03457262610
03457263756
03457265511
03457268408
03457263118
03457263780
03457269919
03457266868
03457263909
03457268340
03457266348
03457262137
03457262197
03457262187
03457261405
03457265659
03457261945
03457267447
03457263690
03457265891
03457264472
03457268578
03457269129
03457263535
03457261342
03457263670
03457265488
03457266912
03457265286
03457261793
03457263678
03457264323
03457266246
03457263321
03457261709
03457265236
03457264408
03457266998
03457265897
03457261505
03457266318
03457265917
03457265277
03457268784
03457262883
03457268403
03457264097
03457267018
03457261469
03457267207
03457268570
03457265963
03457262556
03457269971
03457263778
03457263755
03457265295
03457266539
03457267457
03457269389
03457268966
03457265240
03457268807
03457261185
03457265883
03457266861
03457263306
03457261448
03457268217
03457262960
03457265542
03457263761
03457264152
03457269396
03457263845
03457264291
03457263488
03457266344
03457263774
03457269013
03457263836
03457265032
03457261778
03457265846
03457263707
03457268211
03457262119
03457262760
03457263247
03457263213
03457266191
03457261478
03457265623
03457267987
03457262394
03457263086
03457264292
03457267158
03457266416
03457266439
03457261768
03457265462
03457261042
03457261666
03457266636
03457267572
03457263900
03457266297
03457268313
03457266535
03457261607
03457265419
03457268084
03457268705
03457267701
03457266180
03457266830
03457266773
03457265509
03457265709
03457268032
03457265330
03457267962
03457269384
03457263957
03457266707
03457269388
03457263950
03457263940
03457266789
03457265978
03457264809
03457266139
03457268457
03457261976
03457263985
03457264268
03457267776
03457263858
03457261645
03457269941
03457264643
03457261205
03457266034
03457264127
03457264379
03457269807
03457263734
03457263234
03457264978
03457262021
03457269539
03457263533
03457264046
03457268470
03457262848
03457264009
03457269296
03457261163
03457266681
03457264330
03457267596
03457261737
03457265955
03457264042
03457267783
03457266055
03457268720
03457262106
03457266422
03457266234
03457263459
03457265656
03457264959
03457262857
03457265714
03457265937
03457266686
03457263186
03457267235
03457269624
03457265636
03457264111
03457269778
03457261429
03457268673
03457266508
03457262886
03457264316
03457268265
03457269248
03457264183
03457267316
03457267559
03457267085
03457262470
03457269180
03457269500
03457264933
03457265613
03457266601
03457266286
03457263153
03457269429
03457261943
03457262405
03457266740
03457266388
03457265783
03457264236
03457261927
03457262654
03457263495
03457265738
03457264207
03457264709
03457264735
03457267142
03457265743
03457265052
03457265316
03457265489
03457265616
03457267252
03457266090
03457268545
03457265684
03457263586
03457261471
03457262765
03457261916
03457268402
03457269269
03457263122
03457263801
03457266337
03457266666
03457262532
03457266624
03457262786
03457267271
03457264898
03457268253
03457264674
03457266137
03457265245
03457261906
03457263018
03457264555
03457262023
03457265959
03457265075
03457266304
03457264769
03457269290
03457266046
03457261815
03457263397
03457267708
03457268859
03457269568
03457263129
03457267867
03457267241
03457264700
03457262070
03457267363
03457269245
03457264313
03457266438
03457261548
03457267495
03457266481
03457268302
03457267842
03457262874
03457262531
03457262739
03457268623
03457264344
03457268239
03457266391
03457264076
03457263669
03457262698
03457268775
03457262262
03457262569
03457262690
03457264205
03457261270
03457269968
03457268013
03457261016
03457268648
03457264967
03457263481
03457261960
03457263447
03457266785
03457269983
03457261006
03457261149
03457264315
03457261346
03457262361
03457261248
03457264877
03457265144
03457262144
03457263869
03457266756
03457267352
03457264278
03457262147
03457268740
03457268702
03457269251
03457261989
03457265663
03457262278
03457261563
03457262858
03457268908
03457267448
03457265872
03457266504
03457266064
03457261097
03457266323
03457261910
03457263514
03457266094
03457263024
03457266280
03457266573
03457262574
03457263621
03457269175
03457267989
03457261706
03457268444
03457261671
03457265459
03457262163
03457261237
03457263672
03457267605
03457267733
03457263951
03457263156
03457266923
03457265998
03457266449
03457266306
03457264348
03457266350
03457267537
03457267077
03457268791
03457264617
03457269616
03457263280
03457264117
03457265335
03457262735
03457261188
03457261522
03457263157
03457268757
03457265124
03457265857
03457268429
03457264886
03457265171
03457268813
03457261825
03457267496
03457264335
03457265506
03457267612
03457263642
03457262782
03457263720
03457266465
03457265337
03457261343
03457268806
03457265201
03457267243
03457265161
03457267268
03457266003
03457264492
03457262594
03457268156
03457269571
03457263354
03457267229
03457267961
03457263194
03457267820
03457269238
03457261544
03457262465
03457267133
03457261014
03457265018
03457265485
03457261983
03457268586
03457268079
03457267971
03457264975
03457267823
03457262808
03457265179
03457261327
03457261208
03457266343
03457267381
03457265456
03457261845
03457261211
03457262870
03457266480
03457262475
03457266489
03457267471
03457265836
03457268748
03457268248
03457262838
03457269036
03457268139
03457261266
03457266533
03457263016
03457265523
03457269838
03457264158
03457262412
03457266866
03457269906
03457265293
03457267374
03457263027
03457265495
03457268485
03457262998
03457263574
03457269565
03457262578
03457263505
03457262583
03457268195
03457263107
03457262693
03457268719
03457268317
03457268663
03457268419
03457265771
03457263506
03457263486
03457261579
03457269451
03457263361
03457261560
03457262709
03457264825
03457269179
03457267222
03457264307
03457264334
03457269231
03457265136
03457264159
03457268418
03457267264
03457262039
03457266738
03457262781
03457261196
03457269078
03457263309
03457261836
03457263143
03457262052
03457268370
03457268587
03457267419
03457268452
03457265237
03457267657
03457267560
03457261155
03457262180
03457269073
03457269031
03457264262
03457262962
03457261565
03457268599
03457268939
03457269995
03457266646
03457269318
03457265818
03457263469
03457263313
03457261271
03457267922
03457269748
03457263856
03457266652
03457265063
03457264108
03457265962
03457264456
03457268654
03457268571
03457267832
03457263934
03457268510
03457264979
03457262216
03457263460
03457263565
03457261121
03457263964
03457266948
03457263643
03457264935
03457261672
03457269769
03457265840
03457263876
03457264861
03457265674
03457265579
03457265637
03457262761
03457261035
03457265706
03457269303
03457267031
03457269891
03457264138
03457261134
03457267508
03457268604
03457263636
03457266159
03457264165
03457267678
03457261744
03457265388
03457266446
03457268349
03457267897
03457268592
03457265913
03457267936
03457264466
03457263867
03457265631
03457264640
03457269877
03457261702
03457261551
03457262741
03457264977
03457269477
03457265213
03457267366
03457268503
03457267558
03457267955
03457266818
03457263612
03457265662
03457268004
03457261519
03457264287
03457268610
03457265598
03457264950
03457265670
03457269376
03457266406
03457268420
03457268501
03457265040
03457263868
03457265374
03457264732
03457269956
03457268549
03457261138
03457265758
03457269314
03457262333
03457267958
03457262923
03457263552
03457261888
03457261865
03457264091
03457262720
03457266554
03457265092
03457269930
03457267220
03457263877
03457265641
03457265203
03457262467
03457265430
03457269377
03457262777
03457261810
03457266184
03457262003
03457261026
03457263578
03457263356
03457265906
03457269203
03457264221
03457263032
03457262959
03457264008
03457261903
03457268385
03457266126
03457263847
03457269740
03457268716
03457262994
03457267516
03457263910
03457264731
03457263777
03457266291
03457267562
03457263746
03457267630
03457266193
03457266586
03457262063
03457265718
03457267905
03457263071
03457263945
03457266875
03457264083
03457268459
03457263417
03457264392
03457267147
03457268288
03457266891
03457268625
03457266104
03457264404
03457267930
03457267029
03457265397
03457264661
03457264382
03457261798
03457268128
03457263203
03457264770
03457265345
03457268855
03457265492
03457269342
03457262396
03457267093
03457261800
03457265141
03457268686
03457269034
03457261765
03457262593
03457268613
03457269018
03457266705
03457262168
03457263741
03457268174
03457269904
03457266425
03457262301
03457263025
03457264536
03457267174
03457267628
03457269085
03457267349
03457268897
03457265002
03457269836
03457263843
03457267173
03457264518
03457263046
03457262080
03457264925
03457262479
03457264630
03457263191
03457263993
03457264994
03457266961
03457262371
03457264843
03457269312
03457264647
03457263485
03457263771
03457262544
03457263237
03457265482
03457265894
03457263355
03457266303
03457261853
03457265055
03457266558
03457266169
03457261219
03457268085
03457269708
03457263230
03457265317
03457264733
03457267502
03457262557
03457268493
03457262450
03457264102
03457261479
03457269016
03457264685
03457262945
03457266484
03457269591
03457264331
03457266879
03457265688
03457266817
03457262266
03457261161
03457267228
03457268800
03457264594
03457261857
03457263084
03457269728
03457261835
03457262066
03457269739
03457265395
03457264543
03457268283
03457264002
03457267952
03457269391
03457268475
03457264760
03457264144
03457266662
03457266782
03457261926
03457263794
03457265960
03457264751
03457267552
03457264134
03457263165
03457262462
03457266791
03457268115
03457268805
03457262674
03457261264
03457268904
03457266141
03457267518
03457267760
03457266219
03457264059
03457268170
03457268668
03457269207
03457268893
03457267697
03457262058
03457267652
03457266028
03457263262
03457267977
03457268661
03457261455
03457268392
03457262076
03457261262
03457269770
03457263498
03457262314
03457267435
03457262446
03457264068
03457263449
03457266515
03457263908
03457267517
03457264136
03457264658
03457263021
03457267406
03457269436
03457267801
03457265394
03457263583
03457266292
03457265350
03457262681
03457269646
03457262064
03457261226
03457268627
03457263255
03457264969
03457263849
03457269292
03457263692
03457268324
03457267324
03457264554
03457265089
03457263852
03457266153
03457266631
03457262668
03457261164
03457267870
03457261605
03457264171
03457264011
03457265454
03457265229
03457266181
03457263062
03457269582
03457264195
03457263388
03457265953
03457265522
03457261206
03457262856
03457262963
03457261995
03457262091
03457267735
03457266026
03457263534
03457261492
03457261491
03457268938
03457267837
03457261917
03457267175
03457269550
03457261303
03457261846
03457268636
03457265735
03457266645
03457261823
03457268107
03457267715
03457267672
03457269573
03457261298
03457261364
03457269559
03457266991
03457261629
03457268755
03457268734
03457262880
03457262850
03457266700
03457267839
03457269730
03457266724
03457266934
03457263522
03457269790
03457268465
03457265110
03457267911
03457268942
03457262566
03457266983
03457267631
03457266926
03457262859
03457262272
03457265944
03457261990
03457268675
03457269188
03457267282
03457266186
03457261189
03457268066
03457269261
03457266327
03457268103
03457265748
03457262234
03457265749
03457265890
03457266404
03457263010
03457266886
03457267071
03457266179
03457262102
03457265916
03457269754
03457264684
03457263114
03457262660
03457266531
03457265692
03457269756
03457262925
03457262274
03457265949
03457268998
03457266177
03457263053
03457265371
03457261388
03457268793
03457267795
03457265595
03457269370
03457268888
03457263345
03457266325
03457268620
03457264283
03457268117
03457263363
03457263253
03457266937
03457263641
03457262582
03457266592
03457269430
03457261725
03457268075
03457264092
03457262205
03457263555
03457266276
03457268928
03457266281
03457262738
03457262399
03457268134
03457266808
03457265152
03457265566
03457269510
03457268362
03457261263
03457266895
03457269543
03457264829
03457263252
03457267294
03457262159
03457261279
03457268743
03457263590
03457266488
03457264395
03457267665
03457263039
03457264727
03457268436
03457265540
03457261620
03457268437
03457268832
03457268272
03457267351
03457268442
03457269864
03457268474
03457269019
03457262025
03457269062
03457262215
03457267431
03457261433
03457267122
03457261268
03457267655
03457266751
03457265744
03457264564
03457263532
03457267127
03457263515
03457269693
03457269405
03457262022
03457261351
03457261639
03457265398
03457265650
03457267369
03457268582
03457261221
03457269091
03457263622
03457267310
03457265256
03457261273
03457264106
03457262758
03457267731
03457262930
03457267409
03457263438
03457267828
03457263541
03457263634
03457267443
03457266362
03457264522
03457266920
03457264815
03457268106
03457264439
03457267003
03457264590
03457267694
03457267877
03457269490
03457269927
03457265437
03457261247
03457261368
03457265418
03457263338
03457263225
03457268560
03457269307
03457268679
03457262285
03457262694
03457266890
03457267327
03457269042
03457265572
03457267827
03457264887
03457267734
03457266858
03457262865
03457267382
03457263925
03457265444
03457266030
03457262894
03457263221
03457264399
03457265439
03457263458
03457263037
03457264997
03457264327
03457261070
03457268091
03457263789
03457262132
03457267677
03457266922
03457268233
03457264903
03457261613
03457269237
03457261445
03457269478
03457264768
03457269037
03457263933
03457265821
03457263997
03457265974
03457262903
03457262736
03457261794
03457268382
03457262982
03457266298
03457265270
03457263500
03457263437
03457266302
03457264993
03457261703
03457263347
03457264185
03457265701
03457265592
03457266916
03457269522
03457264999
03457266650
03457269402
03457261875
03457268292
03457265273
03457264013
03457267145
03457266411
03457266148
03457264920
03457264350
03457265070
03457267044
03457263923
03457264868
03457267845
03457265470
03457268116
03457267803
03457266608
03457269154
03457266853
03457265739
03457266842
03457263504
03457269181
03457268306
03457266781
03457266757
03457266107
03457269819
03457266665
03457264652
03457262112
03457268294
03457265149
03457267116
03457263855
03457268216
03457263873
03457268060
03457264816
03457264142
03457263452
03457264218
03457269346
03457265359
03457269074
03457266269
03457261391
03457263560
03457268913
03457262419
03457262584
03457266070
03457262928
03457263902
03457268496
03457262148
03457261181
03457262230
03457263017
03457262997
03457266683
03457268688
03457261972
03457265287
03457266233
03457263630
03457262774
03457264526
03457262731
03457266984
03457261142
03457263305
03457267350
03457264807
03457265880
03457265946
03457265708
03457264240
03457265644
03457263008
03457265721
03457267053
03457261259
03457264060
03457261935
03457267907
03457263196
03457262615
03457267967
03457261062
03457265083
03457268580
03457264161
03457265054
03457269043
03457264675
03457264837
03457266470
03457261964
03457266080
03457264014
03457261886
03457263772
03457268856
03457267754
03457264614
03457269265
03457269512
03457269223
03457265464
03457268671
03457267638
03457263952
03457262872
03457264830
03457264908
03457268322
03457265364
03457261466
03457265071
03457261436
03457262663
03457268308
03457264719
03457261779
03457261741
03457269580
03457267929
03457268667
03457266748
03457265813
03457268144
03457261210
03457261265
03457262623
03457265231
03457269542
03457269724
03457267444
03457262696
03457265605
03457268273
03457261441
03457268124
03457262478
03457267748
03457267176
03457264646
03457263554
03457264026
03457263150
03457268968
03457266299
03457261947
03457267008
03457267816
03457267833
03457264553
03457267064
03457262548
03457266569
03457267194
03457268499
03457268489
03457263726
03457261486
03457267713
03457269655
03457265737
03457265043
03457269128
03457263846
03457263470
03457266714
03457266643
03457266035
03457262491
03457269593
03457263278
03457267698
03457265499
03457266898
03457265577
03457268376
03457266587
03457262686
03457269967
03457264703
03457262105
03457269115
03457267578
03457263553
03457268852
03457267083
03457268119
03457263768
03457261136
03457262597
03457264563
03457268188
03457265021
03457268268
03457264028
03457267388
03457263973
03457266067
03457264889
03457268596
03457269606
03457269488
03457263501
03457262122
03457267482
03457262819
03457267370
03457266514
03457266537
03457261584
03457266130
03457266880
03457269525
03457261463
03457263109
03457264941
03457263229
03457262297
03457267635
03457267998
03457263214
03457262440
03457268697
03457268375
03457266536
03457263239
03457262072
03457264469
03457263913
03457269992
03457261641
03457263233
03457265185
03457268657
03457268678
03457264893
03457263100
03457269161
03457263666
03457267926
03457263432
03457264761
03457268701
03457269723
03457267037
03457268028
03457267267
03457264859
03457268542
03457263663
03457269572
03457268656
03457263244
03457263633
03457265655
03457264516
03457262126
03457269394
03457269664
03457263164
03457263081
03457267168
03457268148
03457262679
03457263456
03457264934
03457265502
03457267439
03457261118
03457269197
03457267032
03457265991
03457265194
03457268406
03457265952
03457261923
03457265730
03457269964
03457263967
03457261233
03457262754
03457268262
03457264631
03457263323
03457263041
03457269579
03457263562
03457268794
03457268936
03457261984
03457269802
03457261249
03457269322
03457267292
03457261717
03457262009
03457264352
03457268094
03457269774
03457266999
03457267809
03457267338
03457261575
03457268477
03457268640
03457261111
03457264992
03457267826
03457261041
03457267426
03457262776
03457267519
03457267613
03457264721
03457265986
03457268039
03457266216
03457264224
03457261697
03457265355
03457266123
03457261025
03457268974
03457263101
03457263377
03457268533
03457263232
03457262100
03457261076
03457265622
03457262213
03457261439
03457266010
03457265238
03457268797
03457266653
03457266493
03457267738
03457263263
03457261898
03457262194
03457266905
03457267546
03457267261
03457267091
03457261449
03457268644
03457266479
03457265274
03457262123
03457265606
03457268917
03457268835
03457268585
03457262484
03457261203
03457266565
03457269654
03457262338
03457269166
03457265780
