03009528207
03009526849
03009525728
03009529753
03009525154
03009522307
03009524064
03009522294
03009526927
03009527283
03009525046
03009524855
03009527006
03009523392
03009521871
03009521530
03009525786
03009527815
03009527879
03009525969
03009522918
03009522323
03009528166
03009524514
03009521251
03009526778
03009524852
03009524386
03009523098
03009521403
03009527932
03009522977
03009523073
03009527842
03009527276
03009528311
03009526587
03009526606
03009521151
03009521026
03009525710
03009527414
03009521756
03009525163
03009526291
03009523528
03009525183
03009528480
03009521546
03009522281
03009522238
03009523931
03009523404
03009522277
03009525238
03009523902
03009525529
03009529212
03009527907
03009523829
03009527023
03009528621
03009527113
03009521877
03009523932
03009525549
03009524594
03009523219
03009529199
03009521208
03009526727
03009525076
03009522528
03009521296
03009522456
03009527099
03009529494
03009521614
03009528560
03009527914
03009521779
03009529857
03009525650
03009529142
03009524437
03009524998
03009523072
03009522684
03009521077
03009521938
03009522985
03009526560
03009524002
03009527088
03009529878
03009521230
03009528933
03009521964
03009529281
03009525553
03009527161
03009521402
03009522108
03009529821
03009528139
03009524408
03009523914
03009527048
03009525914
03009525244
03009528764
03009521463
03009521138
03009524790
03009521111
03009529595
03009526514
03009524789
03009522091
03009525968
03009527293
03009525367
03009526798
03009529615
03009527819
03009521925
03009525949
03009522498
03009529519
03009523577
03009527739
03009522329
03009525177
03009524932
03009528276
03009527162
03009521286
03009525937
03009528758
03009528324
03009528837
03009528739
03009526440
03009529629
03009529337
03009521818
03009522766
03009525070
03009525433
03009524814
03009524454
03009521340
03009524792
03009523530
03009522832
03009525122
03009529964
03009522746
03009529244
03009521366
03009527561
03009527050
03009528782
03009524418
03009525213
03009528238
03009522968
03009523503
03009526154
03009525323
03009528535
03009527042
03009527960
03009523943
03009528189
03009522587
03009524131
03009529731
03009529313
03009529332
03009528507
03009522305
03009527514
03009523591
03009523484
03009523631
03009528453
03009526012
03009529080
03009527471
03009521178
03009529389
03009524918
03009526604
03009524527
03009527237
03009527261
03009528915
03009526279
03009527411
03009523380
03009523916
03009529587
03009524643
03009522534
03009525833
03009523014
03009529931
03009522033
03009529054
03009524744
03009521267
03009523696
03009521621
03009524753
03009525049
03009525340
03009524642
03009522522
03009527962
03009529697
03009524553
03009527342
03009527669
03009527527
03009525204
03009522075
03009522071
03009529592
03009522195
03009521235
03009523311
03009529568
03009524044
03009523810
03009528279
03009524847
03009522998
03009529148
03009525438
03009522124
03009524645
03009529579
03009521222
03009524983
03009529773
03009527900
03009522211
03009523574
03009525468
03009523756
03009529449
03009522890
03009524218
03009525033
03009527301
03009524865
03009528306
03009527810
03009527856
03009529961
03009529462
03009522549
03009521409
03009525185
03009525293
03009521238
03009527061
03009529795
03009529524
03009528813
03009525051
03009527573
03009529908
03009527762
03009526446
03009522544
03009525430
03009524175
03009529859
03009526017
03009526726
03009527478
03009523862
03009527321
03009525350
03009529010
03009526509
03009523413
03009526541
03009525188
03009521292
03009525476
03009522662
03009522095
03009529548
03009523573
03009524588
03009522606
03009526513
03009525672
03009524232
03009527839
03009526645
03009525124
03009529539
03009528419
03009525761
03009522380
03009523680
03009523444
03009525822
03009522553
03009526522
03009524088
03009529835
03009526283
03009524729
03009523647
03009523254
03009524336
03009527521
03009529575
03009524910
03009527813
03009528214
03009525608
03009528970
03009521568
03009528886
03009529503
03009521054
03009523246
03009523226
03009529482
03009528704
03009523885
03009526970
03009524994
03009522808
03009527611
03009525374
03009529217
03009526272
03009526994
03009524315
03009529485
03009524752
03009526323
03009526243
03009522865
03009522418
03009529896
03009523113
03009528263
03009521734
03009527311
03009521325
03009522810
03009526791
03009521538
03009522112
03009521215
03009523941
03009524768
03009529306
03009523295
03009524605
03009521130
03009522397
03009527759
03009528653
03009522475
03009521527
03009529909
03009524200
03009525693
03009521540
03009521219
03009521293
03009526088
03009522643
03009526637
03009528635
03009523349
03009521218
03009526573
03009525644
03009522183
03009523987
03009521269
03009525499
03009524159
03009525276
03009521504
03009527687
03009521019
03009524879
03009523622
03009523926
03009528483
03009524212
03009529943
03009528368
03009523204
03009524063
03009526041
03009525771
03009521517
03009527306
03009525449
03009526867
03009528572
03009527303
03009526133
03009525957
03009523182
03009523387
03009524160
03009525823
03009522114
03009526470
03009528487
03009524409
03009523531
03009522466
03009521318
03009522425
03009528691
03009524981
03009526908
03009527155
03009525538
03009526681
03009525820
03009528632
03009525587
03009527972
03009525371
03009521730
03009527837
03009521492
03009529461
03009528102
03009526369
03009527742
03009521456
03009528110
03009528794
03009524021
03009525623
03009525735
03009526574
03009521244
03009522700
03009522983
03009525548
03009524412
03009524878
03009527441
03009526273
03009526231
03009523231
03009525021
03009526575
03009525804
03009521805
03009525777
03009522445
03009524664
03009521800
03009522435
03009523112
03009523004
03009523216
03009527790
03009524682
03009527235
03009526870
03009528114
03009523133
03009525305
03009525066
03009528964
03009529421
03009523980
03009522836
03009523084
03009521174
03009523093
03009527929
03009521563
03009525260
03009526230
03009523080
03009529793
03009521937
03009529650
03009523672
03009523017
03009529566
03009523178
03009521070
03009524774
03009528808
03009529588
03009529978
03009522331
03009526622
03009524104
03009528159
03009527925
03009529955
03009526383
03009527824
03009521600
03009522692
03009523280
03009529351
03009526735
03009521045
03009527851
03009526773
03009527996
03009522745
03009527584
03009523198
03009525096
03009523566
03009522126
03009523995
03009524189
03009524392
03009522858
03009524552
03009522897
03009527723
03009526650
03009523403
03009522162
03009528304
03009523125
03009522182
03009525554
03009521825
03009526286
03009523827
03009524335
03009523729
03009527936
03009521736
03009528625
03009527450
03009522621
03009523063
03009529531
03009525799
03009525959
03009523421
03009525770
03009523432
03009528742
03009521939
03009528727
03009526454
03009529011
03009524394
03009527468
03009525689
03009528468
03009527010
03009525814
03009527190
03009525758
03009521126
03009524771
03009527279
03009528299
03009529660
03009522675
03009522655
03009529653
03009528557
03009525926
03009525446
03009525102
03009525744
03009522631
03009522505
03009527166
03009528760
03009529783
03009528393
03009523328
03009528385
03009527558
03009527372
03009525324
03009529335
03009526047
03009524736
03009522811
03009526862
03009529779
03009528291
03009522251
03009527499
03009526298
03009522961
03009523095
03009529089
03009523382
03009522801
03009521007
03009523908
03009528649
03009527127
03009523058
03009525963
03009529844
03009527054
03009527407
03009527365
03009527798
03009526386
03009529720
03009521125
03009522207
03009526607
03009524917
03009523372
03009523115
03009525187
03009528240
03009525965
03009522049
03009525005
03009525798
03009526688
03009527615
03009524239
03009525002
03009524757
03009526365
03009521415
03009523340
03009522989
03009528772
03009525757
03009522851
03009529496
03009521981
03009521905
03009522530
03009521963
03009521836
03009524169
03009524172
03009529686
03009525668
03009525078
03009522678
03009528976
03009521255
03009529749
03009523558
03009521383
03009524963
03009524560
03009522920
03009528866
03009523618
03009526144
03009528031
03009527357
03009522335
03009528743
03009523984
03009527848
03009528432
03009528904
03009523962
03009525800
03009523446
03009524992
03009525747
03009528000
03009528262
03009527814
03009526364
03009524501
03009522132
03009529746
03009528422
03009527567
03009522012
03009529042
03009521396
03009522020
03009528027
03009521979
03009522328
03009526924
03009528700
03009524933
03009524830
03009522525
03009527292
03009526303
03009523491
03009526391
03009529892
03009524015
03009527172
03009522439
03009523307
03009528329
03009521666
03009522855
03009528996
03009525561
03009529623
03009526419
03009529861
03009522566
03009523780
03009522895
03009522039
03009523012
03009522742
03009527060
03009528822
03009529299
03009525480
03009525289
03009527209
03009527213
03009523443
03009524930
03009524129
03009527674
03009527997
03009521870
03009528956
03009521416
03009527243
03009529472
03009523281
03009527928
03009523138
03009525310
03009524550
03009526106
03009524726
03009523407
03009521451
03009523378
03009527150
03009526954
03009528349
03009523139
03009527275
03009527827
03009523040
03009525375
03009525646
03009525552
03009525493
03009522605
03009528421
03009527990
03009523609
03009522363
03009525651
03009522342
03009523269
03009523778
03009526161
03009528018
03009529182
03009526080
03009522482
03009526074
03009523479
03009521043
03009523520
03009525817
03009524140
03009529416
03009526657
03009524937
03009523825
03009522375
03009522507
03009529817
03009521944
03009527684
03009522220
03009521117
03009528775
03009527756
03009529109
03009523880
03009523175
03009527455
03009526978
03009529257
03009526897
03009523857
03009529294
03009523164
03009526914
03009525516
03009527151
03009524741
03009522081
03009527378
03009524470
03009527792
03009528222
03009526235
03009525684
03009529444
03009523485
03009528518
03009523653
03009528200
03009528985
03009521498
03009523860
03009521365
03009527299
03009522279
03009524370
03009526644
03009527867
03009526065
03009528838
03009524883
03009522518
03009522799
03009525642
03009526858
03009525356
03009525075
03009529863
03009527749
03009523325
03009521520
03009523424
03009522915
03009524436
03009529689
03009528936
03009523324
03009521056
03009527911
03009522359
03009525434
03009521799
03009529614
03009523236
03009522781
03009524668
03009525436
03009529510
03009528405
03009528953
03009523339
03009523716
03009522885
03009522120
03009521660
03009528297
03009523124
03009529122
03009521192
03009526110
03009528039
03009526747
03009527157
03009522208
03009528178
03009527128
03009525514
03009524606
03009528862
03009523764
03009522575
03009524426
03009529344
03009524372
03009527804
03009525653
03009529582
03009525026
03009527931
03009528789
03009521166
03009529323
03009523759
03009522866
03009522477
03009521835
03009527510
03009523228
03009521332
03009521276
03009523438
03009529511
03009521912
03009529920
03009526342
03009528037
03009525722
03009522717
03009524696
03009526766
03009523667
03009529534
03009522954
03009526362
03009526554
03009528595
03009529852
03009525895
03009529273
03009521144
03009522896
03009521197
03009528067
03009527701
03009528694
03009528093
03009528882
03009525732
03009523239
03009529238
03009529303
03009525214
03009524092
03009522557
03009523332
03009529523
03009521428
03009521147
03009526674
03009522736
03009521424
03009522949
03009523616
03009523291
03009523171
03009521028
03009524818
03009525444
03009526893
03009523499
03009528698
03009522733
03009521833
03009524259
03009522312
03009527480
03009521184
03009521725
03009528504
03009528326
03009525010
03009527566
03009529311
03009521748
03009524522
03009526725
03009526642
03009527983
03009524084
03009525403
03009524922
03009527853
03009527795
03009522344
03009524320
03009525393
03009529833
03009523858
03009525263
03009529116
03009525852
03009527380
03009521764
03009522935
03009521566
03009524667
03009522702
03009529807
03009527878
03009525272
03009528072
03009524210
03009522056
03009524750
03009527748
03009528856
03009527390
03009529627
03009529907
03009527560
03009528268
03009526864
03009525287
03009521131
03009528670
03009524467
03009527653
03009526067
03009526357
03009528081
03009525831
03009526219
03009521149
03009523836
03009525151
03009521107
03009529917
03009527072
03009528648
03009527320
03009521616
03009525622
03009521802
03009522607
03009523750
03009526406
03009524039
03009525945
03009529820
03009522542
03009524900
03009527647
03009525997
03009528234
03009522153
03009521811
03009528914
03009525477
03009529991
03009524866
03009526224
03009528531
03009526599
03009525020
03009527136
03009524475
03009528799
03009527643
03009521196
03009528216
03009527967
03009529515
03009523048
03009522664
03009525045
03009522316
03009529951
03009528469
03009524041
03009522725
03009523289
03009523501
03009523401
03009524257
03009526916
03009528106
03009528157
03009527328
03009521310
03009525578
03009524076
03009521386
03009529563
03009527145
03009522177
03009521345
03009526684
03009529679
03009522948
03009525570
03009527108
03009528963
03009527007
03009525950
03009527581
03009525342
03009522934
03009527212
03009523097
03009521618
03009522879
03009527559
03009529845
03009529537
03009523038
03009525044
03009528204
03009522291
03009527086
03009525164
03009528565
03009524477
03009525579
03009527346
03009521943
03009524634
03009523821
03009521308
03009521346
03009521845
03009528611
03009529194
03009526163
03009521377
03009525414
03009524053
03009529767
03009521709
03009522004
03009522640
03009528307
03009521639
03009529040
03009522714
03009526139
03009524329
03009523126
03009521473
03009522001
03009527995
03009522578
03009529276
03009529136
03009521571
03009526213
03009523843
03009528880
03009529261
03009526876
03009524442
03009528797
03009522170
03009522472
03009524706
03009523636
03009522994
03009524781
03009522862
03009525706
03009524281
03009523037
03009529904
03009521727
03009527419
03009521653
03009524285
03009524777
03009525791
03009521714
03009524463
03009522759
03009529778
03009522034
03009523218
03009529000
03009523722
03009523288
03009527353
03009529584
03009524495
03009529368
03009523350
03009525843
03009529356
03009522748
03009529457
03009522789
03009529819
03009526334
03009528165
03009522032
03009528980
03009522992
03009529173
03009521528
03009526869
03009528820
03009523671
03009521063
03009527196
03009528004
03009524130
03009524299
03009524701
03009521262
03009529218
03009522440
03009527004
03009526915
03009525490
03009524323
03009521252
03009522214
03009526884
03009523434
03009528923
03009522318
03009528180
03009529349
03009529492
03009524050
03009524529
03009528622
03009525581
03009527849
03009523762
03009528452
03009524743
03009525326
03009528489
03009525117
03009526051
03009526902
03009522814
03009524241
03009521975
03009527921
03009529756
03009523319
03009524580
03009526038
03009522546
03009527568
03009524178
03009523157
03009528586
03009523263
03009523834
03009526118
03009525352
03009523423
03009525167
03009527910
03009528382
03009529489
03009521567
03009523153
03009521969
03009528997
03009522762
03009527097
03009526531
03009526109
03009528076
03009522374
03009528423
03009526029
03009524912
03009521801
03009526961
03009527165
03009524087
03009529865
03009521480
03009522370
03009529765
03009525262
03009526330
03009523592
03009522610
03009525292
03009523549
03009524805
03009524359
03009523346
03009527230
03009527047
03009521459
03009527695
03009529322
03009525876
03009521622
03009523662
03009521217
03009528087
03009527479
03009522548
03009522104
03009529265
03009527505
03009527331
03009525569
03009523051
03009528462
03009521745
03009525863
03009522301
03009526508
03009527955
03009522155
03009522805
03009528055
03009526857
03009523557
03009524675
03009529385
03009521857
03009525382
03009527617
03009526026
03009526044
03009524414
03009527027
03009527776
03009528585
03009528763
03009521322
03009527517
03009527460
03009523459
03009523575
03009525113
03009528793
03009528411
03009528991
03009522747
03009528282
03009527472
03009525716
03009526889
03009526183
03009521193
03009526363
03009523596
03009528245
03009521795
03009521911
03009527741
03009524971
03009522514
03009527214
03009526983
03009525810
03009526744
03009528277
03009526588
03009523964
03009528626
03009527758
03009527744
03009528571
03009521592
03009522984
03009524107
03009522399
03009524524
03009523921
03009524630
03009523795
03009521052
03009522633
03009529752
03009527944
03009524019
03009522154
03009524958
03009528501
03009529906
03009524449
03009526200
03009529775
03009522834
03009523282
03009529436
03009529618
03009524036
03009522738
03009525639
03009528685
03009529693
03009528193
03009525136
03009528592
03009529277
03009521769
03009524031
03009524482
03009525536
03009521330
03009522143
03009524607
03009525603
03009529123
03009523612
03009522624
03009521690
03009528500
03009525594
03009521892
03009522009
03009521066
03009528251
03009523155
03009523961
03009526366
03009529223
03009528136
03009521717
03009521503
03009522720
03009525011
03009528433
03009523615
03009529727
03009528846
03009525407
03009527466
03009521157
03009522956
03009523445
03009527952
03009526175
03009526288
03009524026
03009523527
03009529495
03009523892
03009521452
03009521641
03009525638
03009527245
03009524877
03009526189
03009527919
03009529309
03009523163
03009521586
03009523600
03009527093
03009528392
03009528413
03009528446
03009521960
03009522113
03009527691
03009527167
03009523224
03009523399
03009527977
03009522481
03009527872
03009522588
03009524957
03009526767
03009527184
03009523258
03009525592
03009526979
03009521945
03009523299
03009522749
03009525894
03009526799
03009521254
03009523249
03009525598
03009528832
03009522526
03009524823
03009524086
03009528498
03009527673
03009523019
03009524694
03009527808
03009527024
03009522517
03009525290
03009528275
03009521011
03009522136
03009523431
03009526780
03009528379
03009528878
03009526368
03009523074
03009524391
03009527330
03009526600
03009522304
03009523541
03009522378
03009523649
03009525346
03009523176
03009527764
03009525339
03009521759
03009528568
03009524461
03009521645
03009525053
03009525073
03009524473
03009524663
03009527823
03009522041
03009528818
03009523648
03009523766
03009521749
03009523918
03009524106
03009527324
03009528600
03009527364
03009524719
03009527920
03009524595
03009529944
03009525098
03009521265
03009525162
03009521697
03009527118
03009527800
03009528613
03009528522
03009525274
03009522446
03009524481
03009521500
03009523560
03009523196
03009521698
03009529410
03009526015
03009526951
03009524162
03009522186
03009521638
03009527975
03009523848
03009525485
03009523725
03009525128
03009529375
03009521636
03009523397
03009522661
03009527412
03009526529
03009525966
03009523135
03009525396
03009528655
03009529270
03009527475
03009524360
03009521399
03009528246
03009525688
03009527231
03009524313
03009524902
03009525064
03009526566
03009523951
03009523128
03009524797
03009528879
03009528539
03009521820
03009521282
03009525784
03009525168
03009521555
03009529393
03009521281
03009523610
03009528009
03009529364
03009529058
03009526882
03009523686
03009524404
03009529084
03009521661
03009527375
03009522347
03009529962
03009522014
03009525889
03009521903
03009528086
03009528417
03009526318
03009523077
03009525614
03009522244
03009524351
03009522758
03009521606
03009529374
03009521918
03009522006
03009525285
03009525118
03009525432
03009526883
03009526405
03009529455
03009523907
03009523436
03009525205
03009521429
03009522871
03009523504
03009528232
03009524897
03009528951
03009525192
03009521691
03009523804
03009521441
03009526325
03009521457
03009525456
03009524676
03009521674
03009524889
03009525166
03009526068
03009528640
03009521202
03009527700
03009521274
03009528258
03009525993
03009529170
03009521479
03009528101
03009521142
03009527021
03009523055
03009524735
03009525147
03009523427
03009529146
03009526376
03009529458
03009525441
03009526352
03009523129
03009528451
03009523096
03009529755
03009527982
03009525789
03009527435
03009529591
03009523694
03009521250
03009529275
03009526934
03009525697
03009527115
03009521266
03009525932
03009528573
03009524523
03009521953
03009528434
03009527285
03009529941
03009526526
03009521461
03009526020
03009529691
03009521348
03009528144
03009528155
03009527126
03009529081
03009527343
03009521060
03009523496
03009521550
03009523327
03009525459
03009528213
03009527729
03009522030
03009525110
03009523525
03009527779
03009528606
03009528150
03009528551
03009525811
03009523229
03009526520
03009529769
03009529902
03009528778
03009528570
03009526396
03009522184
03009528589
03009528510
03009521287
03009528765
03009525106
03009525479
03009528312
03009523732
03009523989
03009524581
03009525656
03009523568
03009529538
03009528575
03009523270
03009526756
03009527831
03009526976
03009522921
03009521140
03009525394
03009521902
03009524328
03009529434
03009529158
03009525633
03009522926
03009524936
03009525248
03009522703
03009526863
03009529785
03009524909
03009526104
03009524916
03009522788
03009525779
03009526986
03009526333
03009528774
03009529995
03009525694
03009528913
03009521832
03009521735
03009528100
03009522266
03009528365
03009527624
03009529711
03009528877
03009524574
03009528356
03009521655
03009525698
03009529443
03009523141
03009528790
03009525792
03009522939
03009522914
03009524187
03009529758
03009526387
03009528408
03009522735
03009529163
03009529939
03009524012
03009523103
03009523513
03009524602
03009527828
03009528497
03009522160
03009525198
03009526754
03009525951
03009526039
03009527423
03009521507
03009524033
03009521288
03009525467
03009522149
03009525632
03009521205
03009525974
03009521181
03009523912
03009528607
03009521237
03009521303
03009528007
03009527417
03009525411
03009528416
03009527642
03009527616
03009526262
03009524644
03009526629
03009526185
03009524700
03009526875
03009523041
03009528250
03009522353
03009527120
03009525028
03009527958
03009528038
03009521921
03009524692
03009529890
03009523894
03009528746
03009528533
03009527822
03009522802
03009529006
03009523864
03009526416
03009529103
03009529204
03009524576
03009529307
03009529788
03009526481
03009527937
03009528883
03009524182
03009527904
03009526831
03009523187
03009527453
03009529604
03009527492
03009525572
03009524754
03009525705
03009526699
03009527438
03009526166
03009529052
03009523172
03009524034
03009524385
03009528016
03009524040
03009523381
03009528249
03009525440
03009522752
03009527265
03009529533
03009521702
03009524635
03009525348
03009524260
03009521610
03009523632
03009524947
03009526233
03009528870
03009522608
03009522350
03009522893
03009524765
03009524725
03009525970
03009522946
03009526165
03009526779
03009524071
03009527650
03009521355
03009524746
03009522819
03009528322
03009525220
03009523666
03009526987
03009526596
03009524464
03009524416
03009523408
03009525215
03009525104
03009527807
03009524511
03009528121
03009525898
03009525125
03009527987
03009522540
03009523563
03009529093
03009523545
03009523835
03009524923
03009525488
03009521277
03009522975
03009522904
03009526625
03009521012
03009525203
03009525620
03009525754
03009525850
03009528477
03009526942
03009521317
03009525844
03009527731
03009529759
03009529741
03009521339
03009529559
03009529529
03009525457
03009524894
03009524831
03009525782
03009521657
03009524573
03009523442
03009522760
03009529541
03009528928
03009526545
03009527221
03009524747
03009529542
03009526452
03009528479
03009526794
03009522501
03009529274
03009521375
03009527718
03009521361
03009523786
03009524094
03009523248
03009524149
03009527446
03009525338
03009525981
03009529355
03009522178
03009522993
03009526309
03009523195
03009524544
03009527028
03009525313
03009525853
03009523518
03009524559
03009523938
03009523211
03009529656
03009528666
03009526293
03009524778
03009524828
03009529774
03009529408
03009527572
03009527636
03009527439
03009528677
03009522965
03009521826
03009529096
03009528378
03009529605
03009521466
03009526418
03009522133
03009522194
03009525417
03009524326
03009524769
03009525568
03009523898
03009528847
03009522645
03009522816
03009525558
03009527104
03009521574
03009526705
03009528162
03009522888
03009521692
03009523137
03009524221
03009524842
03009524833
03009526087
03009527860
03009526240
03009525173
03009523361
03009527641
03009529923
03009529121
03009521352
03009522022
03009521257
03009522823
03009527056
03009525080
03009526439
03009524803
03009527989
03009524494
03009522500
03009529891
03009529712
03009523971
03009526758
03009529057
03009522062
03009522585
03009526434
03009526466
03009523776
03009522206
03009523330
03009521206
03009523651
03009523524
03009524540
03009524205
03009525082
03009528056
03009527781
03009524593
03009529871
03009521746
03009522673
03009523470
03009523670
03009523326
03009522362
03009529219
03009529290
03009521447
03009528671
03009529172
03009522874
03009523109
03009529041
03009527398
03009523449
03009529574
03009522123
03009521000
03009524280
03009522555
03009526594
03009526922
03009528735
03009522474
03009527536
03009521161
03009525320
03009524915
03009523635
03009527538
03009527174
03009525182
03009524672
03009525551
03009527765
03009526422
03009521458
03009525255
03009523895
03009525037
03009526669
03009528219
03009525009
03009525465
03009526116
03009529763
03009527142
03009524138
03009521505
03009526237
03009528128
03009525372
03009523782
03009529651
03009525891
03009524949
03009529608
03009523677
03009521667
03009524839
03009522426
03009522499
03009523655
03009527100
03009528170
03009523623
03009526636
03009524037
03009524046
03009528051
03009528293
03009526085
03009521472
03009525385
03009522401
03009525400
03009525035
03009522438
03009526592
03009529590
03009526570
03009529298
03009525314
03009525466
03009525612
03009522400
03009525827
03009522267
03009528313
03009525571
03009525626
03009521878
03009524486
03009528873
03009525648
03009522876
03009524699
03009524505
03009523134
03009523090
03009527052
03009525829
03009525040
03009526214
03009525860
03009524952
03009527627
03009529828
03009528652
03009526812
03009524616
03009527712
03009522084
03009528676
03009522559
03009524295
03009529680
03009526328
03009522478
03009524977
03009523028
03009529742
03009521342
03009524612
03009523867
03009524334
03009525306
03009524698
03009522161
03009524366
03009528656
03009527071
03009524677
03009526277
03009521914
03009524968
03009521319
03009523147
03009526583
03009526533
03009529658
03009525972
03009524145
03009526429
03009524598
03009527309
03009522065
03009528855
03009523099
03009524341
03009529928
03009521024
03009523031
03009528744
03009528891
03009526472
03009528194
03009528163
03009529227
03009523676
03009524208
03009521049
03009528725
03009528015
03009522227
03009524590
03009527171
03009528815
03009526752
03009525409
03009523415
03009526654
03009525509
03009521679
03009523375
03009521225
03009527228
03009525253
03009523050
03009524970
03009522889
03009523614
03009529114
03009523901
03009529423
03009524008
03009523389
03009524069
03009529135
03009521716
03009528858
03009528796
03009526784
03009528819
03009523493
03009526710
03009525508
03009521062
03009524779
03009521509
03009523718
03009521996
03009525566
03009529824
03009521497
03009522761
03009528020
03009527256
03009529583
03009527750
03009529391
03009522744
03009521357
03009522131
03009526274
03009521699
03009527796
03009526712
03009521682
03009522405
03009525862
03009529556
03009528260
03009522551
03009522392
03009525909
03009527426
03009524244
03009527637
03009528954
03009527201
03009522768
03009528509
03009525353
03009523376
03009524788
03009523079
03009523712
03009527005
03009527102
03009529150
03009521005
03009527418
03009525635
03009528464
03009522202
03009528424
03009523720
03009527917
03009521841
03009521965
03009529569
03009523534
03009527886
03009528636
03009526958
03009525172
03009527693
03009521792
03009523896
03009522247
03009524492
03009528806
03009522907
03009524004
03009521256
03009528679
03009524024
03009526817
03009526825
03009522002
03009521370
03009522373
03009522543
03009522292
03009529047
03009521773
03009528719
03009521180
03009526151
03009528184
03009523522
03009523092
03009529657
03009526089
03009528198
03009522464
03009522937
03009525544
03009526716
03009526634
03009521374
03009524584
03009522629
03009522694
03009528673
03009523305
03009525772
03009527626
03009521088
03009528513
03009521611
03009521924
03009525839
03009527605
03009523303
03009528615
03009522716
03009526453
03009526800
03009521630
03009521353
03009528836
03009527078
03009524429
03009529517
03009528959
03009529203
03009526713
03009526467
03009522913
03009525001
03009529684
03009529050
03009521542
03009527313
03009525866
03009529705
03009529111
03009527757
03009528019
03009521867
03009527043
03009526162
03009521951
03009521637
03009528693
03009521990
03009525985
03009522093
03009521962
03009529754
03009524201
03009521137
03009523085
03009525701
03009522579
03009525041
03009522970
03009525930
03009525991
03009526672
03009522467
03009528265
03009521275
03009528627
03009529015
03009525599
03009526957
03009527998
03009526524
03009527973
03009524671
03009522317
03009522139
03009524722
03009521121
03009528667
03009522340
03009526059
03009529993
03009526100
03009529451
03009524838
03009524820
03009522330
03009522436
03009521516
03009525461
03009528017
03009522000
03009529180
03009522040
03009529184
03009529021
03009528187
03009526361
03009528107
03009523160
03009523142
03009529516
03009527141
03009529851
03009527891
03009529809
03009522285
03009527262
03009528841
03009525659
03009521430
03009523695
03009522512
03009523506
03009521976
03009521414
03009522377
03009521341
03009525855
03009521647
03009524466
03009526043
03009526666
03009529260
03009528373
03009526685
03009523036
03009521289
03009528587
03009526021
03009528912
03009523774
03009527045
03009522775
03009524946
03009521102
03009527778
03009526628
03009523660
03009525494
03009526073
03009523868
03009523934
03009529580
03009523056
03009521884
03009525826
03009521099
03009523262
03009521742
03009526564
03009526692
03009528122
03009525542
03009522906
03009522268
03009526192
03009524884
03009529376
03009526764
03009524718
03009529846
03009525867
03009527948
03009529513
03009522637
03009526036
03009526117
03009525237
03009526967
03009527371
03009529843
03009523166
03009527676
03009525266
03009522797
03009522460
03009526701
03009521093
03009525717
03009526497
03009528318
03009523359
03009525720
03009527110
03009529674
03009525878
03009526188
03009521039
03009529493
03009528242
03009529064
03009529647
03009522408
03009528010
03009526921
03009522048
03009524650
03009527462
03009527049
03009523406
03009528910
03009523015
03009529911
03009524318
03009529012
03009529095
03009527288
03009527177
03009521487
03009522077
03009522341
03009525773
03009524555
03009527901
03009521294
03009527707
03009529576
03009522861
03009529670
03009529981
03009528709
03009522794
03009521226
03009526267
03009527314
03009527277
03009528024
03009523923
03009525546
03009526306
03009522550
03009524760
03009521471
03009522572
03009525121
03009528542
03009522493
03009525505
03009522688
03009525711
03009522521
03009523439
03009524648
03009529031
03009524048
03009521258
03009527062
03009527868
03009523900
03009529862
03009524209
03009521881
03009524317
03009526191
03009522354
03009521163
03009526134
03009528791
03009526136
03009523136
03009524252
03009528732
03009522864
03009521603
03009524585
03009522532
03009526515
03009522258
03009528872
03009521046
03009522852
03009523026
03009521608
03009521344
03009521862
03009523151
03009521358
03009524547
03009524091
03009528949
03009526449
03009524604
03009528869
03009528259
03009524207
03009523659
03009521356
03009525838
03009529071
03009527745
03009529971
03009525074
03009526590
03009523081
03009525445
03009522332
03009521901
03009521506
03009527055
03009522960
03009523945
03009523969
03009523582
03009522825
03009524346
03009522677
03009521910
03009529713
03009524156
03009526484
03009521072
03009527312
03009522286
03009522256
03009525984
03009523875
03009521522
03009525788
03009522265
03009525527
03009527363
03009521203
03009524196
03009525762
03009528530
03009523927
03009524724
03009527968
03009525834
03009523241
03009528894
03009528961
03009521260
03009523209
03009524799
03009527961
03009529706
03009522966
03009521880
03009524962
03009521767
03009529645
03009524186
03009526793
03009522145
03009529990
03009526222
03009525309
03009528614
03009523385
03009527562
03009522958
03009526618
03009522628
03009524528
03009527699
03009525900
03009525228
03009528143
03009526403
03009524681
03009522300
03009525564
03009523538
03009522844
03009526577
03009526070
03009524124
03009521095
03009528903
03009522739
03009524388
03009526913
03009524083
03009524038
03009527811
03009522938
03009526748
03009526348
03009528375
03009524068
03009523744
03009528958
03009528650
03009525741
03009525308
03009522872
03009528243
03009526411
03009524137
03009523960
03009524316
03009528834
03009525522
03009523724
03009528577
03009523104
03009521512
03009528314
03009526485
03009522320
03009524489
03009529498
03009529216
03009524468
03009526143
03009522444
03009527111
03009525473
03009523595
03009527976
03009527067
03009526939
03009529945
03009524761
03009523850
03009527610
03009521856
03009522232
03009522164
03009524665
03009529431
03009523374
03009524620
03009527195
03009524066
03009527994
03009527144
03009527205
03009523360
03009521947
03009526751
03009523535
03009521247
03009529546
03009525881
03009525708
03009528390
03009521744
03009524286
03009521168
03009523309
03009521932
03009528929
03009529386
03009529703
03009521731
03009523000
03009526689
03009522333
03009523904
03009525662
03009526356
03009528697
03009529395
03009522618
03009528783
03009528792
03009522497
03009528804
03009522322
03009523707
03009525976
03009521305
03009528236
03009521200
03009522561
03009525796
03009522753
03009528247
03009522856
03009528264
03009528305
03009529460
03009521154
03009527734
03009527840
03009521194
03009527930
03009526955
03009521514
03009527206
03009522818
03009523297
03009528244
03009524503
03009522420
03009522704
03009523101
03009529191
03009525943
03009529761
03009522197
03009529020
03009529791
03009523665
03009529359
03009527350
03009521967
03009528590
03009522201
03009527570
03009526623
03009528781
03009526651
03009525135
03009528092
03009527369
03009525924
03009529626
03009525060
03009526195
03009527014
03009525143
03009525069
03009521650
03009521134
03009521970
03009526989
03009528445
03009524255
03009521106
03009525756
03009529346
03009528407
03009524220
03009527740
03009528430
03009527089
03009521427
03009524420
03009527140
03009529870
03009528459
03009524001
03009525399
03009522346
03009521816
03009525730
03009526894
03009529914
03009523954
03009525149
03009524058
03009527016
03009527980
03009529271
03009527549
03009529849
03009525295
03009522203
03009529894
03009522487
03009529599
03009525512
03009525861
03009527146
03009523008
03009523816
03009527703
03009525696
03009524967
03009523186
03009524721
03009521465
03009522636
03009529022
03009524794
03009522264
03009523261
03009527686
03009525108
03009528983
03009523083
03009525836
03009529722
03009524355
03009529637
03009529848
03009521050
03009523200
03009523878
03009529009
03009522707
03009524526
03009524304
03009523044
03009526662
03009527678
03009527257
03009528149
03009529994
03009524804
03009522599
03009529459
03009525158
03009528708
03009525252
03009528720
03009522188
03009529860
03009525245
03009528831
03009525084
03009523536
03009524603
03009521752
03009525785
03009524262
03009524534
03009522463
03009528705
03009528578
03009521572
03009527432
03009529550
03009526389
03009528388
03009521327
03009529059
03009525489
03009524141
03009528661
03009528475
03009525504
03009522327
03009521378
03009529019
03009523691
03009523863
03009526076
03009525294
03009524173
03009529646
03009529280
03009525148
03009521227
03009528711
03009529989
03009525496
03009529038
03009528840
03009526430
03009529044
03009528321
03009521529
03009526054
03009522697
03009524312
03009525539
03009526033
03009528334
03009523383
03009525386
03009526319
03009526795
03009528993
03009527434
03009529764
03009525079
03009521389
03009524653
03009529794
03009521753
03009528863
03009525129
03009529970
03009528208
03009524427
03009528748
03009525996
03009524151
03009525222
03009522249
03009529327
03009527009
03009528044
03009524730
03009527169
03009521371
03009527679
03009525175
03009522727
03009529802
03009528370
03009529985
03009527238
03009523949
03009529108
03009528990
03009522880
03009525138
03009527360
03009528890
03009526180
03009528927
03009521739
03009525893
03009524354
03009529145
03009527222
03009522779
03009524919
03009523023
03009525510
03009527978
03009528075
03009522090
03009527307
03009528261
03009524095
03009525621
03009529743
03009526184
03009522308
03009522942
03009524961
03009523800
03009528063
03009522846
03009523464
03009524459
03009523598
03009529196
03009522908
03009524181
03009525270
03009521501
03009523029
03009523856
03009524611
03009524109
03009521038
03009523515
03009526546
03009524234
03009525994
03009528605
03009525925
03009527725
03009523842
03009524098
03009522967
03009525329
03009523169
03009524905
03009523275
03009522051
03009527672
03009522054
03009522298
03009528989
03009522205
03009521553
03009523336
03009527912
03009526691
03009523049
03009523202
03009528534
03009528270
03009522635
03009524303
03009528495
03009524978
03009524371
03009523451
03009525054
03009523925
03009526478
03009528973
03009523267
03009526350
03009528327
03009529077
03009527333
03009528302
03009523956
03009521847
03009528011
03009523417
03009524554
03009529507
03009523207
03009529427
03009524973
03009521605
03009526438
03009525634
03009527383
03009525975
03009529930
03009527645
03009521313
03009522524
03009525439
03009528950
03009524419
03009522461
03009526923
03009523354
03009522667
03009524093
03009524679
03009525408
03009527280
03009523430
03009525273
03009521124
03009527440
03009529048
03009521894
03009522448
03009522282
03009521843
03009526949
03009525257
03009524856
03009528466
03009529733
03009521221
03009522620
03009522614
03009527220
03009527638
03009529471
03009522008
03009521510
03009525370
03009525982
03009523552
03009522953
03009529814
03009525189
03009524446
03009527736
03009528442
03009526609
03009528835
03009529823
03009526926
03009522358
03009523697
03009524052
03009528503
03009524826
03009528885
03009521351
03009524673
03009529470
03009525332
03009521423
03009522922
03009523747
03009529486
03009522484
03009528952
03009521406
03009521715
03009527424
03009522901
03009522963
03009527112
03009528310
03009522310
03009527198
03009526683
03009523620
03009526003
03009522796
03009522962
03009525361
03009525087
03009524457
03009529625
03009526917
03009526788
03009527401
03009528450
03009528729
03009528706
03009525159
03009529428
03009524310
03009524049
03009527064
03009523001
03009526729
03009526142
03009524628
03009522116
03009525715
03009524990
03009527487
03009521393
03009529665
03009529282
03009523315
03009526179
03009524891
03009527297
03009521991
03009528687
03009523368
03009528712
03009529792
03009521311
03009528023
03009527335
03009522641
03009521582
03009522773
03009526589
03009522990
03009524177
03009524438
03009526823
03009523217
03009523639
03009521673
03009521259
03009527884
03009528447
03009522348
03009524591
03009528082
03009522838
03009524403
03009524510
03009521888
03009526984
03009527649
03009521906
03009529207
03009521513
03009526496
03009527716
03009522089
03009525421
03009521273
03009526848
03009525856
03009526037
03009528724
03009527509
03009527864
03009522159
03009523132
03009525032
03009528875
03009524846
03009526341
03009523338
03009521283
03009526839
03009523796
03009528968
03009529073
03009524739
03009524397
03009521578
03009529880
03009522652
03009521541
03009526150
03009521942
03009521105
03009529029
03009526278
03009523674
03009523802
03009526226
03009527389
03009524118
03009524155
03009526064
03009523983
03009526673
03009527533
03009524686
03009521760
03009522269
03009528598
03009528934
03009524488
03009524767
03009522689
03009526555
03009522488
03009523953
03009526040
03009527422
03009523316
03009526620
03009521041
03009524717
03009524342
03009528569
03009521532
03009528454
03009523883
03009526581
03009526972
03009524568
03009521398
03009528552
03009521495
03009528502
03009523580
03009528645
03009522115
03009529967
03009524337
03009521978
03009529086
03009523447
03009526938
03009523833
03009525307
03009525797
03009521295
03009529404
03009525498
03009523102
03009528085
03009521615
03009523245
03009528449
03009526463
03009529268
03009523994
03009528352
03009528601
03009522580
03009525649
03009526182
03009521664
03009524143
03009529673
03009522755
03009526045
03009527959
03009522234
03009529013
03009521882
03009522278
03009524565
03009521082
03009529875
03009524727
03009523123
03009529377
03009523996
03009526824
03009524893
03009526130
03009528034
03009529950
03009528776
03009523222
03009526035
03009523462
03009529339
03009526718
03009522923
03009522376
03009528731
03009525224
03009523177
03009521788
03009529415
03009527286
03009526549
03009523377
03009526204
03009529220
03009523065
03009522005
03009529564
03009523847
03009524161
03009526640
03009521860
03009521224
03009528975
03009524448
03009525004
03009526271
03009528161
03009525190
03009522226
03009522870
03009528761
03009526871
03009524000
03009525376
03009529264
03009524772
03009525088
03009527001
03009523292
03009521298
03009524166
03009529633
03009524867
03009524153
03009527339
03009522076
03009527125
03009529808
03009527670
03009521003
03009528406
03009528897
03009527040
03009522046
03009522082
03009522830
03009529230
03009527881
03009526482
03009523512
03009528525
03009526370
03009528441
03009529132
03009524810
03009526803
03009528341
03009528005
03009529229
03009527101
03009527388
03009522891
03009521712
03009525269
03009523367
03009527551
03009521323
03009528109
03009524195
03009525354
03009524180
03009521300
03009529258
03009523290
03009522496
03009528699
03009525472
03009521886
03009522128
03009526822
03009528456
03009528680
03009523256
03009523002
03009529685
03009523699
03009523487
03009529104
03009522986
03009529735
03009524647
03009525801
03009528129
03009524126
03009523488
03009521475
03009528511
03009522078
03009525227
03009529437
03009523702
03009527773
03009522379
03009524502
03009523604
03009528171
03009522909
03009521132
03009525712
03009524305
03009525155
03009526326
03009527008
03009527391
03009524745
03009527606
03009528472
03009522712
03009525401
03009522669
03009528684
03009527503
03009527523
03009527129
03009525955
03009524479
03009527614
03009528955
03009521442
03009529654
03009521338
03009522567
03009522055
03009529757
03009529963
03009529699
03009524959
03009525731
03009524491
03009529622
03009522486
03009524840
03009528374
03009522529
03009529980
03009527130
03009529378
03009526354
03009528400
03009523312
03009523057
03009524062
03009525475
03009527540
03009526256
03009529099
03009527585
03009526498
03009524193
03009528235
03009522074
03009522626
03009526239
03009529643
03009521646
03009521668
03009521145
03009523985
03009521873
03009525018
03009527826
03009522117
03009523009
03009525368
03009524007
03009524561
03009522590
03009522225
03009527564
03009528628
03009529329
03009528538
03009526301
03009526956
03009523581
03009521040
03009522943
03009521670
03009523232
03009527954
03009529549
03009526582
03009525225
03009526706
03009528618
03009523877
03009529056
03009524914
03009522824
03009526771
03009528182
03009523334
03009524787
03009524325
03009521437
03009526338
03009527160
03009522424
03009522337
03009526813
03009524407
03009525103
03009522676
03009526084
03009522045
03009527253
03009522554
03009527682
03009524474
03009528816
03009526125
03009528839
03009526460
03009529771
03009522421
03009525223
03009526251
03009526281
03009529469
03009528328
03009525379
03009526099
03009522831
03009521502
03009521733
03009529932
03009522685
03009526320
03009523584
03009524636
03009524332
03009522726
03009527452
03009522338
03009527648
03009527550
03009521401
03009522693
03009528077
03009529094
03009523886
03009529325
03009529589
03009527316
03009528309
03009522229
03009523768
03009522584
03009523371
03009522653
03009527988
03009524786
03009527179
03009526528
03009525703
03009521499
03009521855
03009523603
03009529780
03009522765
03009525423
03009523410
03009521852
03009527732
03009521490
03009523719
03009526854
03009524082
03009526441
03009524728
03009529090
03009523060
03009522038
03009522102
03009526809
03009528455
03009528637
03009522803
03009527366
03009529251
03009527620
03009524246
03009527486
03009527070
03009528917
03009522809
03009527091
03009526332
03009523646
03009528330
03009528033
03009523034
03009523715
03009521245
03009529360
03009525640
03009529825
03009526210
03009522122
03009521033
03009526314
03009527569
03009525870
03009529289
03009526617
03009523323
03009524452
03009525202
03009521893
03009528173
03009525846
03009521766
03009529328
03009521170
03009521431
03009521822
03009522351
03009529984
03009523045
03009525134
03009529770
03009527818
03009521272
03009527092
03009528357
03009521651
03009529976
03009529522
03009525890
03009524678
03009526304
03009525360
03009529570
03009526137
03009525905
03009524795
03009523110
03009522101
03009525615
03009522776
03009523100
03009523257
03009525681
03009521740
03009523948
03009527577
03009523861
03009528762
03009523453
03009524284
03009522142
03009529725
03009522902
03009523906
03009527685
03009525563
03009521123
03009529004
03009523035
03009521477
03009529631
03009526194
03009522057
03009525574
03009527490
03009528726
03009527489
03009529874
03009523020
03009521728
03009524558
03009522035
03009525364
03009522383
03009529130
03009527816
03009525059
03009525947
03009521770
03009527327
03009525412
03009525180
03009524755
03009528059
03009524776
03009525869
03009525875
03009525501
03009523539
03009522125
03009526198
03009529115
03009521678
03009525247
03009522252
03009524935
03009523837
03009524784
03009529405
03009526548
03009529613
03009521042
03009524982
03009529372
03009529687
03009526269
03009523788
03009523287
03009526887
03009528982
03009523076
03009522812
03009529440
03009522031
03009527211
03009524458
03009521794
03009521609
03009521229
03009522601
03009522491
03009522565
03009521152
03009528757
03009521496
03009527565
03009521602
03009522255
03009529401
03009522343
03009524483
03009522479
03009527344
03009524054
03009521810
03009521994
03009526145
03009525278
03009527752
03009524469
03009527772
03009522743
03009524462
03009528780
03009523448
03009527621
03009528237
03009529413
03009525837
03009528117
03009528844
03009527820
03009526381
03009523264
03009525825
03009526762
03009525351
03009527240
03009529813
03009528074
03009523365
03009524293
03009523706
03009526275
03009526740
03009522454
03009523069
03009526351
03009528030
03009529952
03009523428
03009526207
03009528492
03009523947
03009525056
03009527915
03009529286
03009528096
03009526312
03009521544
03009529847
03009525334
03009524307
03009525043
03009524170
03009521722
03009526696
03009524530
03009522449
03009522682
03009521316
03009528467
03009522793
03009523250
03009528254
03009526296
03009527832
03009521900
03009527384
03009522036
03009526860
03009528440
03009528197
03009524423
03009524506
03009523477
03009525896
03009526909
03009521367
03009523467
03009526107
03009529060
03009526122
03009526340
03009525941
03009524849
03009521885
03009522027
03009521240
03009525923
03009526593
03009523021
03009525492
03009524972
03009521830
03009528078
03009521754
03009524655
03009524389
03009529326
03009528391
03009521992
03009526343
03009523521
03009525328
03009523308
03009523492
03009526113
03009525201
03009521220
03009524111
03009523798
03009522473
03009527270
03009525956
03009529342
03009522980
03009525746
03009521907
03009523611
03009524556
03009523871
03009525637
03009528864
03009523471
03009525357
03009522591
03009521379
03009527571
03009522209
03009529161
03009527170
03009526373
03009529812
03009526157
03009524150
03009525312
03009523294
03009522774
03009529001
03009522833
03009521422
03009524532
03009525099
03009529373
03009526676
03009524822
03009522289
03009529721
03009521917
03009527204
03009526344
03009522615
03009522100
03009528715
03009526013
03009523191
03009524396
03009527640
03009528921
03009526187
03009529082
03009525929
03009521198
03009522179
03009527889
03009522415
03009522156
03009522063
03009528350
03009527861
03009529877
03009524148
03009525533
03009527458
03009527332
03009521284
03009526733
03009525901
03009528965
03009523533
03009521061
03009526966
03009527379
03009527738
03009528069
03009526886
03009526536
03009528124
03009522044
03009529624
03009529968
03009526276
03009529508
03009525462
03009526310
03009526707
03009529439
03009523548
03009526698
03009524886
03009523935
03009521155
03009521518
03009526985
03009521354
03009524324
03009527612
03009527284
03009529296
03009527708
03009526399
03009521315
03009521966
03009527224
03009525331
03009527223
03009522137
03009527940
03009523713
03009522600
03009526968
03009522393
03009523881
03009526506
03009521382
03009526641
03009523320
03009527544
03009521927
03009527081
03009528599
03009521968
03009528014
03009529762
03009527000
03009524005
03009526018
03009529438
03009524809
03009525042
03009523903
03009525259
03009524592
03009527797
03009521785
03009523238
03009528372
03009524378
03009522699
03009526878
03009529551
03009523790
03009521384
03009521890
03009524872
03009525858
03009521741
03009524032
03009524379
03009527278
03009525613
03009529829
03009528168
03009523664
03009524885
03009526601
03009521175
03009526359
03009522829
03009529698
03009529247
03009521146
03009522011
03009523225
03009529528
03009521223
03009524848
03009522979
03009529704
03009529949
03009528707
03009526668
03009523700
03009525131
03009526132
03009523602
03009521623
03009525315
03009529577
03009526945
03009521236
03009521446
03009524617
03009526004
03009523681
03009524572
03009523817
03009528429
03009522668
03009529396
03009522311
03009529253
03009529072
03009525097
03009522254
03009529678
03009521483
03009524444
03009527667
03009528225
03009526898
03009523597
03009527575
03009528703
03009528323
03009528410
03009522597
03009522945
03009529867
03009525301
03009526232
03009521425
03009528893
03009528145
03009527801
03009525630
03009521560
03009521676
03009524513
03009526135
03009521959
03009522196
03009525655
03009529760
03009524061
03009523550
03009529983
03009526476
03009522067
03009529811
03009527654
03009523537
03009522850
03009529210
03009525795
03009523450
03009525899
03009527138
03009524480
03009523684
03009526462
03009525390
03009521324
03009521241
03009524563
03009523251
03009524688
03009523284
03009522845
03009522519
03009525580
03009525605
03009526126
03009522140
03009527459
03009521583
03009522820
03009523957
03009521335
03009522388
03009522135
03009524844
03009527733
03009521233
03009524685
03009521763
03009522545
03009523887
03009528436
03009525824
03009522465
03009525389
03009522877
03009525521
03009525787
03009522427
03009524892
03009525998
03009526218
03009522283
03009522899
03009523669
03009521159
03009525395
03009528360
03009528768
03009524395
03009527896
03009521476
03009526258
03009523543
03009524057
03009526521
03009527579
03009521863
03009527387
03009523905
03009526124
03009524171
03009522355
03009523440
03009526912
03009523078
03009523279
03009524715
03009521954
03009524537
03009528692
03009526443
03009521189
03009521420
03009527302
03009523514
03009527666
03009528210
03009522079
03009526384
03009529484
03009529358
03009522432
03009528584
03009528937
03009528032
03009525085
03009525854
03009529602
03009529063
03009528631
03009522751
03009529926
03009526421
03009528283
03009521949
03009528153
03009524904
03009521936
03009528137
03009522595
03009526259
03009523769
03009522835
03009526287
03009525541
03009526055
03009529709
03009522228
03009522570
03009524321
03009526011
03009525470
03009521171
03009525745
03009526096
03009528485
03009522489
03009527534
03009528733
03009521165
03009529915
03009524780
03009524384
03009525378
03009527400
03009525676
03009527532
03009529630
03009525503
03009529959
03009522558
03009527219
03009521278
03009526818
03009521385
03009527789
03009523105
03009527553
03009523770
03009525107
03009521271
03009529609
03009524331
03009526808
03009528337
03009525643
03009526212
03009526741
03009528132
03009525281
03009528088
03009527893
03009528523
03009522175
03009526775
03009528566
03009523457
03009528517
03009529620
03009529463
03009522495
03009524327
03009522868
03009528659
03009524942
03009525300
03009529965
03009522936
03009526285
03009528006
03009524536
03009528448
03009523993
03009521957
03009522778
03009529596
03009528209
03009521103
03009522452
03009527252
03009523363
03009523701
03009524243
03009529781
03009524564
03009526477
03009523973
03009521136
03009524400
03009524010
03009528689
03009524362
03009524350
03009529124
03009529885
03009527809
03009527991
03009526543
03009523244
03009525971
03009526503
03009528805
03009525023
03009529505
03009528563
03009527935
03009529350
03009525119
03009521408
03009528505
03009528946
03009529017
03009529803
03009522219
03009523569
03009522642
03009527858
03009526553
03009527192
03009521569
03009527025
03009527836
03009528359
03009526006
03009523797
03009529772
03009525845
03009528248
03009526519
03009524348
03009528642
03009523630
03009523787
03009524578
03009525751
03009521719
03009525691
03009525550
03009522940
03009527784
03009527488
03009528971
03009528881
03009526355
03009526930
03009525200
03009524020
03009528066
03009528226
03009526702
03009523278
03009525607
03009525702
03009528662
03009526407
03009527601
03009523737
03009526324
03009526483
03009528620
03009527037
03009529717
03009521417
03009528750
03009526975
03009525990
03009523364
03009522680
03009525115
03009521090
03009522134
03009525755
03009523213
03009528876
03009528941
03009527537
03009527085
03009527949
03009524265
03009526728
03009527715
03009528851
03009521575
03009529348
03009528740
03009526412
03009529383
03009526025
03009526866
03009525402
03009529291
03009528146
03009521665
03009524213
03009527114
03009524921
03009521724
03009528514
03009528386
03009527632
03009527044
03009526550
03009528215
03009521059
03009527747
03009526843
03009527186
03009527362
03009522233
03009523819
03009527898
03009527639
03009529234
03009524637
03009528814
03009524542
03009527895
03009521659
03009524120
03009527628
03009527116
03009525617
03009529069
03009529884
03009522583
03009524275
03009527294
03009523420
03009525333
03009525491
03009527939
03009527543
03009526659
03009526580
03009522780
03009528112
03009529039
03009525873
03009526431
03009525523
03009528090
03009521551
03009527185
03009529893
03009525557
03009521624
03009521337
03009521494
03009529181
03009526881
03009528383
03009526535
03009525534
03009528901
03009526547
03009527724
03009525992
03009529977
03009523304
03009522887
03009527751
03009524711
03009524742
03009528812
03009528771
03009523167
03009521078
03009525952
03009524485
03009526398
03009521359
03009527315
03009527530
03009523042
03009526663
03009524072
03009525410
03009528394
03009527735
03009525052
03009523959
03009527743
03009521808
03009527094
03009529078
03009523460
03009527887
03009523678
03009523773
03009524987
03009529075
03009524740
03009528660
03009529572
03009527970
03009525258
03009526738
03009526289
03009523437
03009528457
03009524802
03009526203
03009527149
03009524338
03009529226
03009521796
03009522360
03009521525
03009527080
03009527402
03009526394
03009521813
03009521684
03009524238
03009525034
03009529826
03009526282
03009528474
03009526816
03009526095
03009529850
03009523542
03009528798
03009528211
03009523247
03009529600
03009521280
03009522925
03009521640
03009521804
03009521671
03009521433
03009524518
03009523140
03009523992
03009521368
03009522509
03009528281
03009524154
03009526602
03009522213
03009524859
03009522957
03009528186
03009528387
03009526802
03009521462
03009523588
03009524951
03009521576
03009522622
03009525191
03009522654
03009521557
03009526227
03009525961
03009523822
03009525517
03009521806
03009529659
03009524270
03009522763
03009529034
03009525935
03009528062
03009528558
03009523645
03009527780
03009529887
03009522976
03009529558
03009522430
03009521958
03009526158
03009524986
03009525435
03009521781
03009528351
03009522541
03009521955
03009529256
03009524096
03009525562
03009523777
03009525766
03009529988
03009522053
03009522235
03009529662
03009527631
03009521840
03009523590
03009527076
03009529776
03009523075
03009521536
03009528358
03009527358
03009529707
03009526821
03009524782
03009528028
03009526510
03009529479
03009525513
03009522180
03009521036
03009522105
03009524695
03009522527
03009527218
03009525988
03009521211
03009528195
03009522955
03009528292
03009529242
03009525133
03009526072
03009525025
03009521484
03009525847
03009522190
03009526115
03009522611
03009528686
03009521868
03009527066
03009522929
03009526828
03009521706
03009523641
03009522215
03009522299
03009528842
03009524460
03009527442
03009525729
03009526469
03009526631
03009522941
03009523703
03009524669
03009526940
03009526471
03009523201
03009525759
03009521780
03009526977
03009529138
03009528596
03009522947
03009522783
03009524640
03009529975
03009526649
03009523767
03009527943
03009523583
03009528377
03009527202
03009522099
03009522741
03009528853
03009529159
03009525507
03009525317
03009527139
03009526507
03009523210
03009521812
03009526959
03009529338
03009523508
03009522437
03009523721
03009527546
03009525658
03009522396
03009527233
03009522043
03009524913
03009523193
03009524121
03009524903
03009525426
03009529634
03009527633
03009527018
03009526374
03009527349
03009529233
03009525132
03009524023
03009527317
03009528969
03009528284
03009521853
03009521243
03009524292
03009523091
03009526765
03009525500
03009525330
03009522596
03009521350
03009527515
03009528491
03009528269
03009522826
03009527717
03009523352
03009528546
03009525742
03009529553
03009523475
03009527386
03009528940
03009524633
03009527783
03009526112
03009528972
03009522964
03009526008
03009528012
03009527539
03009527352
03009521534
03009527354
03009522724
03009523507
03009523899
03009529061
03009524783
03009525283
03009528397
03009528576
03009523771
03009529585
03009522023
03009528945
03009529619
03009528714
03009525443
03009522404
03009521173
03009526250
03009529766
03009528344
03009522212
03009529736
03009523879
03009528065
03009529120
03009528556
03009528338
03009521997
03009528404
03009525291
03009525903
03009522782
03009529070
03009529201
03009527719
03009526171
03009529288
03009522695
03009526534
03009529853
03009528759
03009526502
03009526091
03009522764
03009523544
03009523221
03009524065
03009521786
03009525882
03009526693
03009525677
03009529520
03009522151
03009523230
03009527664
03009526263
03009526425
03009522021
03009523237
03009526511
03009529400
03009528201
03009527619
03009524926
03009525980
03009522106
03009526801
03009528043
03009527702
03009524227
03009528115
03009522315
03009527665
03009523006
03009521076
03009529248
03009524531
03009528303
03009529872
03009527197
03009525007
03009522284
03009524478
03009526525
03009522769
03009528900
03009525778
03009527225
03009522245
03009528668
03009529316
03009526820
03009525808
03009526069
03009524798
03009521539
03009529900
03009522612
03009525298
03009526093
03009527512
03009521419
03009529312
03009525254
03009528091
03009525217
03009527945
03009527474
03009521726
03009523082
03009528641
03009529879
03009528922
03009522900
03009521803
03009525582
03009527187
03009524646
03009527395
03009522302
03009525240
03009523456
03009528362
03009529225
03009521387
03009524298
03009521334
03009529446
03009526458
03009524965
03009526141
03009526619
03009524539
03009524956
03009526532
03009523689
03009525686
03009523087
03009529418
03009525282
03009526075
03009525226
03009528218
03009526757
03009529947
03009523605
03009522429
03009524512
03009529571
03009528135
03009525123
03009527652
03009522490
03009523963
03009528169
03009526321
03009523146
03009523741
03009521089
