03004708052
03004558746
03004928794
03004775573
03004963398
03004858738
03004858382
03004593012
03004990732
03004946582
03004885328
03004297491
03004842043
03004823014
03004322612
03004872703
03004259278
03004363214
03004770531
03004507332
03004290293
03004813748
03004923032
03004205259
03004881988
03004914459
03004168492
03004629494
03004463030
03004139749
03004213564
03004920793
03004528220
03004734508
03004929045
03004771352
03004352352
03004215719
03004316882
03004416858
03004525587
03004689029
03004544632
03004775229
03004102792
03004288177
03004747092
03004633167
03004268453
03004882423
03004961825
03004653479
03004843364
03004711023
03004778089
03004469544
03004422298
03004157742
03004628478
03004902220
03004794391
03004138194
03004330233
03004591862
03004418178
03004482504
03004859165
03004973410
03004957976
03004396889
03004397444
03004516229
03004954440
03004337356
03004139230
03004526702
03004174852
03004392657
03004580397
03004652340
03004645797
03004772683
03004888679
03004117873
03004508987
03004313803
03004139446
03004538792
03004618849
03004994559
03004367845
03004158356
03004750240
03004637034
03004767673
03004510930
03004869998
03004264587
03004774001
03004295042
03004924446
03004564935
03004642920
03004137249
03004888924
03004373666
03004937042
03004707505
03004942842
03004247445
03004765085
03004249880
03004148594
03004365510
03004441554
03004473989
03004909191
03004168701
03004719719
03004434617
03004339126
03004402329
03004455677
03004796083
03004587115
03004502195
03004302910
03004304854
03004128069
03004806395
03004357297
03004721350
03004207748
03004245758
03004980624
03004620063
03004940136
03004202404
03004831287
03004676007
03004747114
03004602760
03004908476
03004601646
03004271524
03004326119
03004960807
03004860425
03004585320
03004162605
03004613321
03004681571
03004786551
03004434846
03004404594
03004927070
03004942591
03004637015
03004241684
03004892583
03004427243
03004157762
03004195795
03004493365
03004289127
03004228564
03004517314
03004603329
03004663119
03004655215
03004426839
03004443206
03004887607
03004985468
03004230671
03004976791
03004978830
03004344046
03004752113
03004496871
03004136030
03004632437
03004299052
03004527221
03004153585
03004767557
03004426693
03004748936
03004804522
03004965744
03004770787
03004174402
03004113761
03004130323
03004543576
03004671679
03004867322
03004536967
03004257095
03004922201
03004507389
03004186481
03004238365
03004205234
03004801082
03004204174
03004427802
03004948240
03004598544
03004604832
03004489571
03004395711
03004291213
03004112619
03004563358
03004194312
03004761906
03004749756
03004176635
03004914182
03004850693
03004461095
03004672419
03004871714
03004811066
03004116910
03004846467
03004435254
03004672367
03004164860
03004215145
03004239775
03004213829
03004537753
03004445955
03004321987
03004352503
03004563383
03004998890
03004800696
03004205977
03004360911
03004281216
03004620181
03004883189
03004566964
03004349263
03004909773
03004792344
03004787211
03004656696
03004725386
03004565946
03004333520
03004990016
03004581335
03004512986
03004926177
03004439972
03004274425
03004155935
03004574866
03004117403
03004133624
03004439918
03004722475
03004186373
03004177744
03004113486
03004644715
03004100183
03004391202
03004251532
03004927877
03004115768
03004279502
03004762593
03004372515
03004427934
03004159315
03004205810
03004881056
03004720568
03004494741
03004988467
03004362486
03004476118
03004417555
03004287709
03004279800
03004920938
03004464246
03004805804
03004426275
03004449561
03004215638
03004469854
03004600837
03004902715
03004894532
03004625202
03004174743
03004971496
03004301832
03004426995
03004163583
03004846491
03004996619
03004871574
03004693809
03004396834
03004638883
03004451450
03004359988
03004710255
03004760189
03004825776
03004364914
03004179244
03004384412
03004787285
03004122072
03004689493
03004829941
03004870351
03004292739
03004302647
03004827096
03004256600
03004311278
03004869075
03004319998
03004906479
03004300347
03004504622
03004115723
03004860714
03004116217
03004853481
03004160298
03004467627
03004934230
03004732465
03004576755
03004709880
03004890582
03004142526
03004647066
03004445957
03004790330
03004294702
03004940066
03004282002
03004471890
03004556644
03004870844
03004764809
03004740018
03004560295
03004824733
03004301468
03004318885
03004544971
03004205632
03004644465
03004965062
03004248697
03004325763
03004224113
03004319658
03004187842
03004957027
03004777214
03004293596
03004274334
03004592766
03004936514
03004114074
03004242522
03004222009
03004649408
03004529667
03004611776
03004360280
03004222619
03004643832
03004304070
03004245372
03004140904
03004727608
03004373934
03004907732
03004751258
03004257869
03004473432
03004650239
03004684949
03004498060
03004103693
03004398368
03004120194
03004566217
03004975044
03004752224
03004324975
03004694676
03004263047
03004596509
03004172042
03004625944
03004317772
03004602723
03004652060
03004789217
03004933194
03004699360
03004983013
03004660992
03004237090
03004592049
03004813907
03004800901
03004942527
03004251564
03004616013
03004138829
03004823641
03004529213
03004963450
03004636732
03004608056
03004897644
03004949156
03004648863
03004916629
03004101664
03004305008
03004468651
03004540238
03004950879
03004701935
03004497428
03004442701
03004395044
03004883103
03004483007
03004382995
03004938316
03004275679
03004668721
03004227320
03004795607
03004229515
03004831315
03004178943
03004779082
03004122846
03004825767
03004296462
03004619969
03004354461
03004320461
03004490385
03004757745
03004744287
03004926756
03004567074
03004260663
03004991648
03004549629
03004118585
03004696127
03004428596
03004646109
03004480442
03004253736
03004669739
03004621964
03004280434
03004813701
03004853255
03004687113
03004226707
03004877218
03004525925
03004976351
03004642884
03004243776
03004859575
03004616566
03004445951
03004822731
03004562642
03004457821
03004892610
03004180571
03004531391
03004741964
03004660245
03004534944
03004237867
03004281686
03004891344
03004482815
03004350485
03004476737
03004345325
03004421564
03004463404
03004771041
03004806267
03004501205
03004633347
03004798478
03004398651
03004880526
03004218362
03004950404
03004924190
03004132073
03004933062
03004672634
03004873396
03004388014
03004361126
03004489168
03004538470
03004153455
03004318311
03004449246
03004945020
03004200389
03004394403
03004175439
03004499614
03004297558
03004201051
03004438011
03004153161
03004674910
03004539377
03004929294
03004659343
03004493958
03004300044
03004313029
03004791559
03004736055
03004518057
03004105793
03004348624
03004218710
03004609419
03004962471
03004393269
03004322704
03004681598
03004932395
03004372831
03004232571
03004652811
03004182893
03004184101
03004853457
03004198262
03004486123
03004450790
03004626631
03004815835
03004694062
03004779901
03004997724
03004856932
03004848636
03004154173
03004363277
03004867168
03004189123
03004777543
03004746910
03004417400
03004800254
03004343453
03004596396
03004981678
03004784984
03004212967
03004106344
03004974854
03004519452
03004505615
03004780329
03004442338
03004363651
03004356483
03004745193
03004805885
03004295696
03004813921
03004270106
03004340769
03004109423
03004702221
03004411731
03004568722
03004220986
03004752486
03004113835
03004239096
03004959427
03004814430
03004743272
03004595288
03004485660
03004235410
03004382639
03004840648
03004257060
03004216584
03004701139
03004829954
03004344445
03004651777
03004296383
03004188447
03004999571
03004555385
03004493280
03004492152
03004408980
03004557391
03004571471
03004375202
03004507436
03004406140
03004307977
03004931721
03004760691
03004867248
03004705022
03004762342
03004185041
03004956677
03004128240
03004973844
03004904544
03004548825
03004112781
03004440152
03004996324
03004457645
03004405838
03004223284
03004569151
03004665601
03004259206
03004621682
03004830116
03004402035
03004242958
03004368069
03004927433
03004284606
03004908926
03004229386
03004455892
03004668641
03004730822
03004477197
03004636350
03004591360
03004426104
03004814529
03004598707
03004365039
03004518307
03004504435
03004492359
03004262420
03004409816
03004850331
03004692194
03004708437
03004458522
03004773291
03004477449
03004613390
03004462063
03004394272
03004877157
03004200807
03004689238
03004995618
03004319438
03004623219
03004444139
03004709329
03004519126
03004821295
03004814477
03004797179
03004754621
03004894166
03004103375
03004325681
03004393469
03004750599
03004105649
03004669703
03004592412
03004200489
03004770864
03004360802
03004895350
03004253373
03004440065
03004129296
03004717340
03004721549
03004164232
03004829069
03004508816
03004689128
03004869139
03004818280
03004357954
03004890690
03004877716
03004911257
03004703900
03004879124
03004374074
03004711450
03004219921
03004711464
03004288623
03004207454
03004123705
03004795128
03004548573
03004262417
03004548789
03004455956
03004798335
03004685181
03004765348
03004345344
03004729934
03004274305
03004816864
03004704341
03004881460
03004287368
03004662613
03004779012
03004714695
03004289232
03004332606
03004879298
03004728614
03004803038
03004417832
03004743208
03004640719
03004514094
03004732243
03004713687
03004140554
03004606721
03004269491
03004901998
03004811629
03004230700
03004192535
03004145909
03004666619
03004682851
03004149190
03004894586
03004515579
03004830003
03004414008
03004428442
03004382130
03004505896
03004481609
03004929811
03004532563
03004576657
03004350446
03004995297
03004267348
03004396561
03004831249
03004689408
03004542061
03004103176
03004563786
03004274739
03004760614
03004967383
03004817365
03004522160
03004143322
03004400344
03004649754
03004867035
03004779529
03004834028
03004287458
03004587829
03004741953
03004226711
03004964887
03004350113
03004207791
03004658945
03004676910
03004736927
03004325340
03004461182
03004235402
03004925186
03004123769
03004270057
03004851602
03004459781
03004557707
03004791410
03004951793
03004555264
03004983376
03004653393
03004461058
03004258273
03004859969
03004362573
03004280056
03004665527
03004797128
03004516418
03004707839
03004679519
03004280185
03004169850
03004745596
03004724520
03004191948
03004895385
03004904840
03004597828
03004280949
03004435274
03004506200
03004581963
03004596974
03004130286
03004798152
03004407253
03004221821
03004335664
03004758576
03004573317
03004624594
03004706613
03004490144
03004845217
03004577681
03004396853
03004528211
03004944764
03004527563
03004245667
03004843583
03004100207
03004106005
03004735261
03004365759
03004896025
03004957435
03004702427
03004218119
03004954857
03004676310
03004262995
03004343020
03004950977
03004481904
03004575306
03004473800
03004372174
03004646954
03004521608
03004596532
03004121002
03004701803
03004327158
03004200975
03004209549
03004907062
03004561435
03004351306
03004175969
03004692146
03004671992
03004856062
03004146592
03004288711
03004355198
03004669736
03004227149
03004502196
03004626704
03004914948
03004813126
03004952905
03004470964
03004155388
03004598712
03004321974
03004503675
03004985003
03004717353
03004663955
03004845856
03004719794
03004756460
03004492877
03004311057
03004393422
03004621910
03004911688
03004167050
03004920898
03004789758
03004586280
03004719244
03004327207
03004571825
03004465459
03004241333
03004451266
03004987604
03004474654
03004547971
03004700453
03004286027
03004396423
03004954156
03004899010
03004752593
03004853995
03004526403
03004707143
03004954639
03004192107
03004300735
03004568916
03004318669
03004563272
03004276314
03004408391
03004315460
03004335146
03004705806
03004125190
03004226845
03004233661
03004143756
03004856515
03004262341
03004533737
03004729749
03004189300
03004297885
03004470432
03004356900
03004302950
03004722900
03004159094
03004313055
03004394494
03004631641
03004527136
03004514546
03004253156
03004902186
03004197192
03004174951
03004579212
03004159193
03004212824
03004994647
03004160836
03004169577
03004720495
03004946714
03004827084
03004725706
03004997479
03004264061
03004173406
03004224889
03004549575
03004848236
03004466818
03004687240
03004973363
03004685491
03004156366
03004311312
03004595204
03004706524
03004117284
03004557379
03004773731
03004954328
03004358785
03004150536
03004309596
03004926876
03004636405
03004356235
03004895815
03004433387
03004315575
03004130432
03004909208
03004406751
03004524330
03004964970
03004404920
03004435368
03004509952
03004201588
03004893720
03004190733
03004683334
03004118261
03004574373
03004829430
03004269705
03004951975
03004198912
03004814621
03004972699
03004917789
03004524882
03004538640
03004539941
03004617127
03004789675
03004722978
03004706516
03004180879
03004133366
03004188452
03004182194
03004592409
03004368811
03004518960
03004555196
03004157196
03004256815
03004894327
03004341358
03004191334
03004622434
03004526805
03004626110
03004481412
03004272424
03004931520
03004332398
03004551630
03004105833
03004440087
03004866280
03004895426
03004459116
03004584461
03004104044
03004279848
03004484217
03004502455
03004984895
03004385920
03004831776
03004735768
03004677295
03004583164
03004524190
03004643715
03004657424
03004817537
03004945420
03004183523
03004347305
03004187438
03004428401
03004163565
03004241566
03004434092
03004249359
03004856054
03004630564
03004987828
03004152321
03004502531
03004623533
03004572735
03004152770
03004747430
03004410109
03004838903
03004206439
03004966582
03004790657
03004791036
03004948814
03004898248
03004748233
03004287804
03004437163
03004514861
03004606209
03004256564
03004518974
03004707987
03004494138
03004940479
03004253096
03004946116
03004529866
03004201212
03004747939
03004524974
03004900656
03004547635
03004664766
03004197990
03004613351
03004344620
03004140866
03004220856
03004637743
03004299286
03004214750
03004343317
03004685858
03004961554
03004601615
03004341193
03004905457
03004895756
03004983556
03004915546
03004212291
03004709147
03004359984
03004585806
03004260322
03004436716
03004589444
03004423840
03004817615
03004847576
03004740169
03004352474
03004850094
03004408219
03004469019
03004911943
03004378107
03004487131
03004392971
03004194852
03004725729
03004694964
03004364266
03004291542
03004344501
03004188673
03004176858
03004842481
03004629217
03004985110
03004482270
03004452474
03004488842
03004253367
03004758814
03004880544
03004784140
03004256189
03004790909
03004525702
03004838282
03004221385
03004249141
03004491098
03004616135
03004436438
03004983813
03004605448
03004428414
03004672393
03004883744
03004486561
03004995718
03004294264
03004915820
03004248042
03004412586
03004200614
03004794623
03004720538
03004862465
03004257898
03004346381
03004397620
03004919376
03004215652
03004153129
03004497563
03004702991
03004344672
03004938663
03004934819
03004169261
03004525983
03004697575
03004560723
03004406043
03004645404
03004491627
03004556695
03004809876
03004122348
03004965913
03004474659
03004257648
03004464549
03004964723
03004536097
03004635712
03004996286
03004805164
03004975816
03004963486
03004902759
03004696758
03004220786
03004830683
03004107885
03004725423
03004327721
03004945081
03004551741
03004844921
03004469734
03004224107
03004820460
03004550467
03004851863
03004794571
03004149218
03004228910
03004305769
03004448021
03004224033
03004431706
03004444717
03004958003
03004688580
03004532839
03004166893
03004708960
03004883088
03004938533
03004364097
03004550167
03004106670
03004192600
03004604097
03004863964
03004185257
03004814721
03004383742
03004831272
03004482155
03004177266
03004414171
03004629738
03004787914
03004240442
03004144263
03004985629
03004783848
03004261003
03004847067
03004576253
03004670047
03004515464
03004678725
03004661771
03004252041
03004262782
03004142103
03004575046
03004558529
03004618760
03004613208
03004480823
03004919567
03004117436
03004627859
03004946370
03004987899
03004609313
03004334497
03004845168
03004474497
03004965866
03004814979
03004170089
03004448137
03004388576
03004181264
03004925111
03004622084
03004787844
03004880120
03004591206
03004513875
03004942325
03004611923
03004922474
03004672617
03004808695
03004272742
03004863394
03004115273
03004800962
03004148914
03004868346
03004123006
03004516403
03004795949
03004651689
03004512570
03004731084
03004195549
03004549598
03004631958
03004644235
03004437062
03004693965
03004186469
03004377265
03004693649
03004439907
03004521743
03004692979
03004526230
03004113983
03004375975
03004686839
03004661879
03004201754
03004102471
03004931493
03004216572
03004666064
03004301742
03004325131
03004872172
03004142004
03004129162
03004970395
03004578895
03004684570
03004881916
03004298089
03004174861
03004829781
03004978652
03004622226
03004895477
03004169745
03004675365
03004279219
03004455935
03004828899
03004596775
03004402420
03004419973
03004964850
03004850690
03004694611
03004993795
03004447127
03004700465
03004427663
03004770997
03004790950
03004368834
03004314297
03004235260
03004564486
03004469512
03004942848
03004636219
03004354877
03004484622
03004232067
03004705954
03004201114
03004857057
03004683227
03004414246
03004306276
03004932725
03004256127
03004937353
03004210129
03004472842
03004728355
03004469752
03004106789
03004709188
03004728204
03004362148
03004690774
03004594480
03004181451
03004870426
03004403863
03004609818
03004307928
03004660216
03004605258
03004205853
03004336370
03004819715
03004474022
03004112153
03004170352
03004329260
03004218859
03004107792
03004167463
03004280364
03004687518
03004514401
03004444338
03004490309
03004560868
03004318108
03004640478
03004844545
03004128471
03004855298
03004463967
03004214643
03004274070
03004664102
03004890142
03004835528
03004797250
03004818227
03004106318
03004646059
03004327466
03004600982
03004390413
03004998820
03004616202
03004299399
03004777529
03004490329
03004897752
03004560741
03004737113
03004380116
03004842995
03004720722
03004969339
03004463382
03004531745
03004749960
03004741885
03004121726
03004545644
03004809920
03004222011
03004119737
03004493732
03004421609
03004289564
03004174045
03004186935
03004394064
03004889327
03004170454
03004319287
03004545146
03004350941
03004364969
03004566214
03004653902
03004192286
03004660846
03004810063
03004313502
03004455411
03004954254
03004104069
03004642935
03004114314
03004577505
03004308388
03004479255
03004844769
03004188900
03004394191
03004179661
03004283797
03004608187
03004466687
03004907738
03004961796
03004893143
03004343049
03004490789
03004672541
03004401434
03004945063
03004918236
03004180804
03004384991
03004175671
03004467824
03004353357
03004149073
03004411947
03004806235
03004467354
03004192060
03004989984
03004531110
03004927144
03004609429
03004410071
03004325685
03004130387
03004630084
03004365484
03004296249
03004958026
03004187215
03004284548
03004699050
03004916920
03004970452
03004964622
03004281713
03004696070
03004159005
03004724699
03004933509
03004192514
03004132716
03004491411
03004982244
03004373426
03004245477
03004601365
03004416127
03004476703
03004376628
03004283713
03004257373
03004346855
03004271046
03004314979
03004552752
03004113660
03004217644
03004280609
03004450022
03004495026
03004835782
03004185640
03004495989
03004830978
03004806411
03004993634
03004416915
03004952959
03004398640
03004834273
03004647840
03004992058
03004821666
03004694883
03004541899
03004710512
03004907920
03004664398
03004633206
03004713079
03004883904
03004934858
03004425023
03004844026
03004171947
03004819849
03004103771
03004915072
03004730821
03004422602
03004589803
03004487217
03004537643
03004171778
03004415725
03004920137
03004645724
03004570216
03004866798
03004304414
03004682076
03004512581
03004180486
03004667138
03004560693
03004291994
03004393858
03004675745
03004570097
03004160888
03004785624
03004861819
03004122703
03004189793
03004250782
03004986951
03004634464
03004173785
03004313143
03004667818
03004411671
03004500756
03004160623
03004454414
03004649887
03004279158
03004621761
03004337703
03004623380
03004766408
03004408665
03004201828
03004422276
03004244537
03004176888
03004611253
03004527855
03004709912
03004239326
03004160724
03004261713
03004804179
03004625397
03004414940
03004981985
03004164943
03004849171
03004658772
03004935752
03004867231
03004553655
03004266527
03004100909
03004679729
03004506515
03004106279
03004642106
03004114700
03004505309
03004823185
03004162244
03004714038
03004987964
03004828505
03004826429
03004645930
03004603230
03004798560
03004507094
03004149958
03004696577
03004535225
03004667902
03004114214
03004772589
03004406014
03004401950
03004756148
03004212752
03004142137
03004187570
03004321366
03004564807
03004670372
03004504973
03004885748
03004595212
03004185342
03004655414
03004438528
03004641934
03004529985
03004700901
03004994020
03004336437
03004848709
03004912541
03004221301
03004950424
03004467967
03004507163
03004950951
03004983151
03004971289
03004974204
03004281395
03004421234
03004406095
03004882658
03004571900
03004800394
03004507139
03004261621
03004139690
03004518237
03004760181
03004613218
03004851679
03004711430
03004338572
03004673881
03004777777
03004749846
03004557304
03004489408
03004534846
03004262328
03004674170
03004680407
03004370415
03004581655
03004699082
03004438168
03004911544
03004594726
03004903947
03004556119
03004235839
03004647326
03004129001
03004193626
03004829298
03004761121
03004709018
03004394304
03004461120
03004942406
03004854748
03004655483
03004239521
03004928509
03004966050
03004728232
03004300322
03004222708
03004531548
03004541990
03004931825
03004871248
03004620330
03004897729
03004119986
03004136724
03004679965
03004440607
03004413291
03004709270
03004295560
03004694135
03004818802
03004357913
03004209571
03004480255
03004948479
03004988725
03004848285
03004319921
03004819421
03004130893
03004653146
03004733032
03004709936
03004611221
03004372018
03004372398
03004364591
03004231271
03004692573
03004268411
03004314235
03004612483
03004529114
03004145478
03004359922
03004545385
03004109706
03004608136
03004518660
03004820067
03004274228
03004542822
03004693704
03004836720
03004797521
03004300409
03004707575
03004370131
03004237414
03004336872
03004281432
03004608667
03004454211
03004330916
03004978300
03004406615
03004255905
03004907570
03004579874
03004780868
03004461242
03004790806
03004673943
03004665002
03004585508
03004543439
03004124895
03004191276
03004791154
03004829576
03004320423
03004248747
03004567069
03004726586
03004152963
03004978577
03004686743
03004560836
03004944104
03004375069
03004487840
03004808605
03004936718
03004655494
03004277220
03004540360
03004413452
03004635252
03004113829
03004336279
03004509602
03004404364
03004430059
03004420321
03004483379
03004582679
03004178855
03004446260
03004943484
03004507295
03004961008
03004359919
03004887142
03004604330
03004825336
03004428037
03004569161
03004853233
03004836764
03004302966
03004865338
03004586512
03004648790
03004887944
03004847675
03004650916
03004377701
03004194323
03004206594
03004192895
03004230790
03004216984
03004748599
03004548517
03004266421
03004570956
03004978156
03004765248
03004928808
03004544356
03004301309
03004117481
03004576799
03004768352
03004672889
03004715023
03004985414
03004449161
03004782018
03004219088
03004250106
03004206636
03004539025
03004843547
03004771531
03004595434
03004735003
03004527939
03004864017
03004312972
03004754414
03004167023
03004656352
03004387345
03004879519
03004302740
03004282277
03004157364
03004758609
03004564028
03004469030
03004119592
03004174785
03004935892
03004392287
03004630305
03004412305
03004111803
03004973807
03004980683
03004209573
03004704970
03004494889
03004975522
03004243153
03004237308
03004860249
03004680338
03004988337
03004363067
03004409775
03004112000
03004285544
03004638285
03004105894
03004146421
03004499741
03004147572
03004448026
03004974997
03004374517
03004699541
03004475842
03004560217
03004592046
03004676271
03004233712
03004900666
03004642610
03004193216
03004675668
03004376997
03004867163
03004174549
03004807850
03004306754
03004797728
03004834207
03004297115
03004575690
03004105962
03004662215
03004889241
03004297607
03004286392
03004483884
03004912564
03004826235
03004887942
03004562321
03004234575
03004330452
03004795348
03004499680
03004682935
03004645262
03004183977
03004446626
03004720456
03004216559
03004436332
03004908547
03004771121
03004931345
03004338570
03004192986
03004256180
03004313364
03004795625
03004369755
03004399307
03004268554
03004468251
03004670976
03004294439
03004389879
03004749828
03004988102
03004584716
03004366980
03004787725
03004814675
03004632588
03004844096
03004807074
03004114792
03004188944
03004113137
03004631644
03004488019
03004385505
03004445655
03004571258
03004980694
03004526485
03004355046
03004145313
03004719577
03004801713
03004512870
03004192565
03004835268
03004758023
03004350822
03004794098
03004696798
03004135740
03004849578
03004648607
03004138533
03004326069
03004385912
03004141387
03004124420
03004682488
03004738111
03004911288
03004883048
03004591670
03004896992
03004690282
03004767954
03004604514
03004268524
03004783002
03004854110
03004695408
03004622109
03004797319
03004782198
03004254478
03004775644
03004102833
03004838121
03004319039
03004934845
03004388450
03004249765
03004596076
03004922650
03004886822
03004387951
03004267798
03004819243
03004333664
03004660326
03004409829
03004454453
03004923980
03004178849
03004166352
03004134436
03004321677
03004582868
03004759265
03004831044
03004352737
03004995468
03004953199
03004471761
03004341214
03004305050
03004610268
03004286298
03004363448
03004803266
03004522837
03004633282
03004995593
03004974341
03004803459
03004380002
03004767034
03004785270
03004934859
03004122676
03004465659
03004285578
03004167655
03004873339
03004603349
03004641207
03004781156
03004255253
03004559773
03004842561
03004557405
03004897028
03004600607
03004969451
03004415060
03004962748
03004747652
03004723396
03004621772
03004102152
03004651187
03004401142
03004545566
03004170758
03004160095
03004518217
03004202865
03004992231
03004307012
03004896184
03004230061
03004529809
03004667620
03004304105
03004467874
03004701701
03004983465
03004969060
03004257397
03004803674
03004960704
03004965432
03004736254
03004394986
03004388398
03004333265
03004804286
03004211463
03004500903
03004363506
03004239198
03004516468
03004472197
03004917366
03004481112
03004262938
03004567542
03004535549
03004661221
03004666966
03004301831
03004110954
03004578862
03004261046
03004764186
03004754336
03004364374
03004242705
03004690483
03004435710
03004809311
03004775772
03004155204
03004129819
03004869599
03004187944
03004269394
03004684721
03004729157
03004166302
03004428421
03004787637
03004995677
03004643918
03004487947
03004994459
03004978656
03004236132
03004425155
03004304210
03004324188
03004703059
03004277443
03004754403
03004543239
03004273432
03004457126
03004136529
03004292399
03004996493
03004825984
03004248470
03004141593
03004325907
03004133119
03004182788
03004379598
03004266154
03004976500
03004937809
03004904495
03004873409
03004323316
03004583185
03004617128
03004698087
03004266389
03004369914
03004265328
03004131499
03004740024
03004451584
03004452145
03004852375
03004115196
03004644704
03004995962
03004227594
03004592627
03004873903
03004431928
03004961653
03004959190
03004395448
03004924505
03004162039
03004861340
03004795868
03004856534
03004159000
03004327710
03004131478
03004419692
03004829650
03004954126
03004171217
03004926111
03004575344
03004190737
03004766614
03004199947
03004989920
03004560656
03004904987
03004508446
03004690009
03004873761
03004280744
03004734893
03004270192
03004748905
03004345181
03004441480
03004361663
03004623994
03004221680
03004773581
03004104349
03004508574
03004296582
03004150038
03004106328
03004803788
03004608546
03004622495
03004943978
03004718593
03004420617
03004826012
03004673955
03004442008
03004400997
03004887002
03004234496
03004288277
03004580596
03004728277
03004121641
03004888807
03004578805
03004786296
03004389100
03004388169
03004592463
03004547223
03004704431
03004801762
03004258040
03004903365
03004839881
03004454327
03004101199
03004899899
03004658117
03004251266
03004382495
03004123612
03004849575
03004712047
03004519168
03004356636
03004999471
03004960666
03004569792
03004334677
03004539085
03004816072
03004927977
03004568304
03004217521
03004224982
03004822250
03004642791
03004234326
03004305784
03004396755
03004618854
03004950470
03004567972
03004770590
03004602127
03004946669
03004953002
03004987102
03004576379
03004198100
03004604665
03004105341
03004866757
03004267127
03004388697
03004631796
03004977430
03004369753
03004262677
03004270315
03004330062
03004335060
03004811483
03004236806
03004876216
03004726856
03004230720
03004761577
03004951196
03004586046
03004397344
03004616789
03004347575
03004962706
03004779060
03004729877
03004963639
03004923056
03004178289
03004358225
03004555123
03004610326
03004845628
03004673988
03004419325
03004644408
03004356176
03004680155
03004237909
03004435529
03004790644
03004709863
03004909452
03004561053
03004121389
03004877808
03004103203
03004808511
03004105179
03004315930
03004446418
03004991353
03004617799
03004360640
03004299971
03004491254
03004600185
03004371420
03004888426
03004517991
03004522526
03004404999
03004171311
03004402722
03004307531
03004357728
03004874543
03004713287
03004150517
03004606699
03004304133
03004540003
03004438123
03004401653
03004758989
03004608487
03004819852
03004369778
03004253045
03004239192
03004163908
03004854274
03004622230
03004637723
03004902217
03004651346
03004558794
03004386925
03004156054
03004848759
03004718666
03004570276
03004745474
03004933967
03004602642
03004295900
03004384653
03004313666
03004820636
03004584054
03004898317
03004732264
03004991697
03004285589
03004688738
03004264945
03004283334
03004241090
03004317036
03004346534
03004248847
03004735498
03004818338
03004892521
03004704482
03004652786
03004981209
03004245599
03004910229
03004889821
03004515555
03004435811
03004229289
03004636549
03004868007
03004469620
03004742521
03004238047
03004157887
03004456636
03004646025
03004778519
03004833643
03004962607
03004293848
03004103591
03004914963
03004531722
03004372132
03004321428
03004115628
03004131234
03004527078
03004209492
03004680171
03004660879
03004839427
03004532857
03004652718
03004822035
03004101876
03004770034
03004994195
03004252927
03004646784
03004373082
03004847416
03004604012
03004697321
03004660450
03004435885
03004429538
03004307889
03004870838
03004690178
03004687361
03004947605
03004330635
03004378506
03004517689
03004194126
03004320182
03004109470
03004658515
03004789449
03004398619
03004505319
03004505168
03004634601
03004544148
03004839447
03004709680
03004258191
03004456807
03004541881
03004684306
03004768119
03004310628
03004312655
03004455178
03004695349
03004901602
03004809332
03004970700
03004152066
03004585251
03004322083
03004443528
03004584187
03004575908
03004929794
03004932744
03004937602
03004537313
03004714566
03004522370
03004612180
03004192002
03004155281
03004801284
03004885389
03004299404
03004980498
03004429169
03004490797
03004788753
03004694199
03004749569
03004883497
03004751746
03004865004
03004402704
03004756912
03004980117
03004110941
03004246553
03004920067
03004183085
03004191072
03004959960
03004432576
03004909653
03004776935
03004320589
03004919494
03004827315
03004626340
03004245748
03004698447
03004120652
03004299896
03004894064
03004212151
03004602197
03004777941
03004990202
03004722896
03004533330
03004749329
03004834618
03004692410
03004178048
03004534897
03004525383
03004957653
03004411428
03004365626
03004271934
03004972196
03004610212
03004925428
03004866828
03004121737
03004203562
03004108580
03004571303
03004961438
03004503821
03004185050
03004631093
03004565107
03004508640
03004799778
03004154715
03004202175
03004120739
03004523657
03004825614
03004441743
03004125342
03004740166
03004731605
03004709195
03004785691
03004394111
03004869661
03004548490
03004834319
03004332820
03004848717
03004327700
03004283852
03004286722
03004735369
03004656203
03004786639
03004614316
03004523149
03004571892
03004681469
03004330796
03004507360
03004546954
03004502633
03004725604
03004802938
03004875673
03004290689
03004841969
03004446320
03004322441
03004168469
03004800086
03004126662
03004390132
03004494367
03004322889
03004177192
03004519369
03004669501
03004852229
03004782375
03004237407
03004224787
03004513056
03004419345
03004545971
03004334099
03004909341
03004302464
03004760273
03004794546
03004232805
03004184650
03004206562
03004759433
03004668506
03004672816
03004543629
03004490851
03004402397
03004115383
03004486636
03004608707
03004266071
03004292272
03004291427
03004345957
03004480115
03004162100
03004661294
03004655131
03004764579
03004265225
03004801470
03004212547
03004383593
03004329701
03004956590
03004932628
03004143856
03004244579
03004408195
03004893856
03004205482
03004563455
03004508685
03004846552
03004125872
03004361378
03004379978
03004232149
03004109404
03004810637
03004279900
03004617913
03004956506
03004597747
03004598173
03004133251
03004577674
03004420070
03004941336
03004957963
03004455959
03004683129
03004343114
03004587039
03004558222
03004258540
03004760679
03004707188
03004481096
03004714851
03004727971
03004837271
03004455061
03004315548
03004535422
03004293753
03004384601
03004692066
03004186127
03004572955
03004914763
03004314714
03004187349
03004646832
03004810022
03004872288
03004316181
03004785411
03004346468
03004605492
03004341923
03004503437
03004538832
03004803155
03004121437
03004471470
03004402215
03004545324
03004219311
03004889942
03004119235
03004142685
03004282625
03004283921
03004908260
03004265896
03004269832
03004110174
03004293313
03004672276
03004243507
03004113846
03004897165
03004608807
03004398669
03004275177
03004657999
03004122479
03004784544
03004113138
03004812110
03004996590
03004490597
03004263163
03004561605
03004289850
03004640802
03004477168
03004830489
03004877404
03004424772
03004504147
03004527397
03004274459
03004749941
03004438207
03004339595
03004782894
03004231749
03004210124
03004866555
03004559647
03004357623
03004505050
03004936516
03004697116
03004944134
03004379358
03004767463
03004334690
03004470514
03004601238
03004793323
03004772305
03004346654
03004976046
03004629029
03004633005
03004462824
03004794871
03004818735
03004609699
03004369768
03004334347
03004366409
03004525235
03004219792
03004782883
03004881389
03004601986
03004130034
03004930949
03004212917
03004203982
03004784800
03004704285
03004780052
03004886354
03004498045
03004657309
03004733423
03004474600
03004673220
03004238936
03004977635
03004363548
03004153864
03004598743
03004747300
03004740912
03004747923
03004135281
03004602169
03004330707
03004418898
03004159566
03004984579
03004333040
03004148157
03004868528
03004471204
03004862374
03004559388
03004142672
03004191246
03004924744
03004852953
03004576469
03004296825
03004161425
03004269654
03004135099
03004312886
03004661127
03004127473
03004547599
03004128239
03004419335
03004847785
03004282645
03004854685
03004190036
03004165748
03004456058
03004649518
03004102116
03004449345
03004467455
03004338479
03004672729
03004400382
03004326442
03004188353
03004202016
03004376562
03004418247
03004948880
03004172302
03004229120
03004745790
03004170830
03004774858
03004579486
03004777515
03004612823
03004822394
03004941041
03004203234
03004871298
03004565244
03004485255
03004865511
03004412854
03004672337
03004393640
03004686613
03004541727
03004822627
03004403608
03004109013
03004958346
03004488696
03004869271
03004808656
03004124532
03004459110
03004750911
03004129352
03004179359
03004247032
03004618664
03004536855
03004683855
03004283491
03004610550
03004388233
03004843234
03004827123
03004161074
03004246111
03004596157
03004307152
03004107485
03004915127
03004460930
03004174510
03004789161
03004704224
03004262267
03004630574
03004406493
03004342182
03004816511
03004908243
03004804167
03004697862
03004481930
03004452322
03004741946
03004851967
03004318211
03004866590
03004328656
03004329987
03004129363
03004843378
03004714603
03004661552
03004157496
03004512856
03004651194
03004381210
03004954144
03004347726
03004950021
03004669949
03004104745
03004917091
03004616458
03004212171
03004194673
03004622038
03004466979
03004519759
03004479989
03004129261
03004679143
03004793788
03004854211
03004455184
03004789273
03004132274
03004844523
03004659798
03004642437
03004418888
03004915970
03004744940
03004184685
03004548960
03004165317
03004709579
03004954098
03004456440
03004747840
03004811981
03004405636
03004637200
03004934876
03004701753
03004654418
03004133983
03004707949
03004662383
03004542027
03004525417
03004804310
03004585342
03004982409
03004363708
03004658645
03004196009
03004591936
03004905608
03004215451
03004105498
03004404248
03004498202
03004700487
03004467231
03004301662
03004810179
03004525891
03004582626
03004381420
03004867162
03004388151
03004217010
03004520308
03004394117
03004998290
03004136573
03004997415
03004100409
03004493782
03004614578
03004330628
03004762530
03004820976
03004890315
03004969307
03004117643
03004240989
03004642342
03004801830
03004551654
03004436673
03004187187
03004123995
03004634872
03004360720
03004731848
03004999525
03004221683
03004203921
03004115247
03004975557
03004441634
03004675701
03004504416
03004511490
03004217160
03004968924
03004303839
03004591763
03004883624
03004369859
03004704700
03004189011
03004182761
03004332354
03004692536
03004477401
03004341637
03004739078
03004386763
03004665356
03004206930
03004874295
03004501701
03004636694
03004368561
03004494256
03004392895
03004126707
03004647283
03004845418
03004448681
03004293606
03004613226
03004536999
03004673417
03004789094
03004697548
03004959890
03004553049
03004631406
03004482486
03004934983
03004452110
03004522124
03004880045
03004464842
03004588793
03004776277
03004592066
03004418160
03004304559
03004342865
03004467223
03004376041
03004935277
03004490729
03004243151
03004343592
03004734080
03004940401
03004317809
03004276237
03004689214
03004705466
03004530585
03004454848
03004724444
03004939311
03004608328
03004329249
03004972131
03004512849
03004661864
03004597368
03004256625
03004672403
03004701540
03004195066
03004232440
03004680963
03004206194
03004413052
03004762271
03004862382
03004388254
03004425069
03004591391
03004718029
03004989618
03004960002
03004581722
03004562236
03004399181
03004773677
03004899579
03004963311
03004580114
03004403553
03004417631
03004767713
03004606027
03004125375
03004977879
03004581286
03004460048
03004337207
03004884243
03004707961
03004636846
03004859466
03004863184
03004926943
03004843083
03004468265
03004299375
03004347920
03004331561
03004618709
03004369247
03004390409
03004950612
03004262683
03004823690
03004357045
03004601592
03004640060
03004231754
03004652325
03004277409
03004788562
03004645339
03004156243
03004737007
03004806967
03004965020
03004504423
03004652411
03004925390
03004539715
03004910493
03004972635
03004227726
03004593214
03004896717
03004280739
03004149003
03004236780
03004734966
03004318603
03004636358
03004729921
03004460084
03004697146
03004652488
03004359436
03004217845
03004770700
03004106076
03004383825
03004259626
03004334355
03004843497
03004675209
03004966298
03004293488
03004516647
03004722967
03004913197
03004384410
03004373866
03004335036
03004371586
03004221776
03004702492
03004496335
03004919462
03004488364
03004328661
03004774501
03004196268
03004955264
03004423270
03004818125
03004565954
03004468811
03004692647
03004201935
03004121650
03004209389
03004637091
03004946383
03004212135
03004410860
03004182705
03004943292
03004218318
03004595635
03004723161
03004345511
03004650301
03004317452
03004684050
03004137659
03004368410
03004721509
03004851237
03004104036
03004326651
03004771261
03004478940
03004870217
03004698522
03004459267
03004254156
03004220549
03004182474
03004252215
03004837456
03004697945
03004425202
03004291632
03004313630
03004976170
03004783721
03004892728
03004605500
03004428990
03004110050
03004304963
03004105817
03004134075
03004428294
03004100401
03004971137
03004350698
03004882738
03004865829
03004940689
03004143140
03004931919
03004171670
03004519796
03004542776
03004341479
03004502611
03004163036
03004834002
03004812844
03004619507
03004258847
03004128018
03004407879
03004875066
03004320314
03004271522
03004878533
03004400193
03004640004
03004368890
03004706071
03004764400
03004564446
03004153754
03004249411
03004234601
03004954718
03004832115
03004484512
03004866500
03004359712
03004141960
03004903096
03004263924
03004512352
03004551248
03004102888
03004265953
03004276048
03004492118
03004486310
03004875227
03004300275
03004563258
03004475631
03004697299
03004611215
03004987296
03004540496
03004503135
03004563029
03004465599
03004308674
03004955349
03004511803
03004187724
03004253200
03004331259
03004599400
03004858126
03004787391
03004774335
03004261518
03004717066
03004265919
03004971970
03004759170
03004327284
03004297305
03004374050
03004213953
03004278089
03004689219
03004730697
03004130131
03004686153
03004356145
03004537302
03004343502
03004844818
03004944016
03004363364
03004796682
03004676360
03004594421
03004308575
03004363524
03004849688
03004934694
03004676647
03004633991
03004698918
03004100891
03004306556
03004297338
03004503660
03004640910
03004852045
03004660012
03004243190
03004129084
03004470186
03004251645
03004266130
03004781105
03004567046
03004975114
03004514624
03004942573
03004830319
03004898153
03004920383
03004589558
03004377548
03004747814
03004758621
03004963760
03004447617
03004439356
03004416194
03004579961
03004579170
03004588327
03004691940
03004823575
03004388814
03004852484
03004896391
03004491457
03004184806
03004700825
03004234279
03004326495
03004424715
03004563836
03004219442
03004305931
03004282641
03004959579
03004614549
03004119366
03004756345
03004270572
03004140603
03004386173
03004707780
03004126112
03004893095
03004696251
03004795573
03004689728
03004671684
03004451414
03004677802
03004234017
03004178232
03004122629
03004165706
03004757766
03004129493
03004663874
03004593887
03004164843
03004813711
03004705369
03004539178
03004657829
03004164975
03004479776
03004801645
03004460594
03004822824
03004317755
03004551336
03004437401
03004681034
03004726372
03004398033
03004488554
03004905252
03004544551
03004272503
03004753031
03004112422
03004364642
03004130277
03004104409
03004836950
03004448843
03004998579
03004141078
03004476729
03004792285
03004542937
03004312400
03004187725
03004554245
03004630597
03004209951
03004252346
03004211089
03004628589
03004360047
03004537828
03004796615
03004497197
03004396257
03004162410
03004625134
03004269211
03004224241
03004119322
03004321383
03004411812
03004701289
03004340727
03004408901
03004585916
03004642826
03004352801
03004364395
03004824245
03004176677
03004645116
03004138096
03004413971
03004815570
03004843788
03004450132
03004274654
03004334600
03004541942
03004483832
03004592448
03004275297
03004607211
03004440692
03004286433
03004471065
03004729368
03004916836
03004357407
03004470902
03004131124
03004611111
03004846998
03004145343
03004452506
03004570031
03004567124
03004899545
03004846693
03004804344
03004183370
03004463221
03004151499
03004359100
03004982285
03004346839
03004781345
03004819078
03004949587
03004784722
03004301226
03004869870
03004217456
03004336132
03004816453
03004310618
03004453354
03004202134
03004893330
03004259840
03004717200
03004174213
03004802860
03004968571
03004698444
03004997626
03004704622
03004767475
03004120611
03004695248
03004679488
03004821224
03004129226
03004123797
03004248110
03004458406
03004939593
03004689719
03004910289
03004967249
03004572684
03004169675
03004261254
03004393654
03004510865
03004328890
03004141887
03004116677
03004364990
03004833176
03004953363
03004709467
03004923529
03004746021
03004977285
03004352128
03004179424
03004378268
03004821452
03004244965
03004180615
03004174621
03004537967
03004514907
03004687226
03004186820
03004205243
03004743727
03004126775
03004203610
03004184587
03004292591
03004144515
03004745717
03004409206
03004457706
03004369554
03004855738
03004587944
03004402484
03004287435
03004741884
03004970021
03004897695
03004383205
03004146511
03004895981
03004278982
03004561325
03004606818
03004722283
03004555438
03004989060
03004855687
03004995958
03004641663
03004955066
03004911434
03004621263
03004706400
03004749753
03004524879
03004630938
03004601505
03004972747
03004606411
03004770218
03004920561
03004713346
03004965714
03004657020
03004614762
03004893179
03004432737
03004567945
03004617212
03004304020
03004309261
03004464745
03004565450
03004596792
03004570307
03004589077
03004659084
03004553518
03004461748
03004727890
03004900671
03004676510
03004781221
03004581034
03004992131
03004445142
03004266757
03004781700
03004173764
03004289570
03004508763
03004640763
03004893471
03004123121
03004940676
03004653895
03004287741
03004378745
03004337643
03004914757
03004602172
03004156518
03004140949
03004152960
03004429128
03004957269
03004947326
03004216700
03004458813
03004985456
03004980510
03004833541
03004312144
03004440605
03004122803
03004350455
03004522320
03004866544
03004955981
03004924687
03004703320
03004972629
03004505044
03004648401
03004919597
03004265777
03004390246
03004985913
03004624702
03004440085
03004839170
03004206126
03004769271
03004216495
03004342243
03004292063
03004181949
03004908015
03004107135
03004783736
03004213289
03004164937
03004815323
03004582481
03004200536
03004216262
03004449640
03004456498
03004555586
03004364027
03004942137
03004950922
03004375811
03004595209
03004906172
03004208838
03004872059
03004601434
03004144328
03004753048
03004650049
03004677447
03004663918
03004742738
03004795304
03004914550
03004420291
03004541265
03004135860
03004791899
03004100839
03004574923
03004937700
03004491855
03004424166
03004223822
03004389530
03004559515
03004650539
03004405244
03004178823
03004400106
03004341140
03004806137
03004312806
03004978949
03004178580
03004898296
03004911676
03004611855
03004883961
03004398164
03004905034
03004536617
03004473523
03004654335
03004541948
03004135295
03004822761
03004901811
03004150238
03004850083
03004321099
03004141429
03004414316
03004784671
03004648236
03004211904
03004547273
03004493789
03004347804
03004471225
03004277340
03004322778
03004936600
03004482498
03004935601
03004241710
03004642968
03004224183
03004180044
03004170750
03004512649
03004539535
03004586820
03004887548
03004750298
03004735194
03004515244
03004582482
03004277011
03004249867
03004491056
03004485038
03004292520
03004837520
03004764263
03004113625
03004263440
03004399950
03004510874
03004390172
03004714470
03004926938
03004627693
03004213839
03004536923
03004171836
03004606347
03004893585
03004179792
03004677627
03004970194
03004807392
03004150349
03004507636
03004601893
03004827495
03004897122
03004897937
03004476709
03004529706
03004978545
03004765322
03004194213
03004831721
03004451561
03004189977
03004477446
03004529343
03004960743
03004780093
03004531815
03004780578
03004798179
03004612597
03004959127
03004673709
03004213375
03004411220
03004621658
03004402689
03004599384
03004279673
03004683664
03004334689
03004784884
03004235626
03004936767
03004216502
03004365502
03004923241
03004981168
03004411626
03004949147
03004732724
03004600220
03004382118
03004981858
03004508266
03004416138
03004650448
03004716883
03004190100
03004275576
03004369770
03004709457
03004989296
03004868368
03004223413
03004684562
03004913351
03004118485
03004356886
03004362632
03004594829
03004747799
03004148057
03004116872
03004405093
03004862454
03004540679
03004312841
03004595241
03004856852
03004550647
03004368951
03004849031
03004879872
03004358906
03004291590
03004128013
03004581499
03004902954
03004205520
03004752240
03004882500
03004408087
03004964918
03004246330
03004993088
03004680940
03004862683
03004586515
03004137895
03004852421
03004234061
03004968489
03004576765
03004645811
03004875459
03004337607
03004121642
03004333248
03004724929
03004860426
03004509462
