03006667448
03006669621
03006664589
03006662062
03006661600
03006661038
03006663394
03006669782
03006664218
03006666983
03006665340
03006663903
03006666671
03006666243
03006662958
03006666593
03006662573
03006669070
03006662957
03006665735
03006663185
03006661051
03006669048
03006665960
03006661766
03006666844
03006663327
03006661445
03006663838
03006667288
03006662603
03006663736
03006663842
03006666453
03006668121
03006664779
03006666751
03006667215
03006664176
03006669342
03006669371
03006666127
03006666682
03006664929
03006669741
03006669419
03006661365
03006669288
03006665090
03006668356
03006666876
03006667002
03006666435
03006663538
03006661341
03006666101
03006669833
03006664193
03006668337
03006669695
03006662736
03006662828
03006669789
03006664837
03006661813
03006665821
03006661855
03006668781
03006666392
03006661074
03006662358
03006664923
03006662366
03006665238
03006666837
03006667103
03006663908
03006664550
03006662198
03006664246
03006666859
03006666839
03006664582
03006663438
03006667382
03006669982
03006669276
03006661034
03006666432
03006663945
03006662100
03006669951
03006669552
03006663466
03006663235
03006669575
03006665928
03006664077
03006668614
03006668975
03006662996
03006667090
03006666158
03006668257
03006665829
03006667497
03006668490
03006663308
03006665989
03006669772
03006668375
03006665172
03006664472
03006668798
03006667116
03006661911
03006668491
03006668421
03006664683
03006664736
03006667151
03006669325
03006661084
03006668962
03006664671
03006666375
03006665939
03006665967
03006664462
03006669786
03006664386
03006662892
03006663117
03006662776
03006664617
03006668934
03006665455
03006667246
03006666111
03006664327
03006661176
03006668294
03006668762
03006663366
03006665889
03006662166
03006666179
03006668259
03006669939
03006666832
03006667730
03006664745
03006668534
03006663818
03006666932
03006665078
03006663832
03006664286
03006663912
03006665385
03006665906
03006663999
03006667262
03006667293
03006669556
03006662965
03006667436
03006668625
03006666972
03006664997
03006669350
03006662790
03006663894
03006663008
03006665021
03006663773
03006665844
03006663606
03006666126
03006662952
03006666285
03006665046
03006669871
03006661636
03006661033
03006666347
03006667264
03006662908
03006668676
03006664870
03006669367
03006668626
03006664872
03006667588
03006668743
03006669634
03006662966
03006661834
03006668380
03006661955
03006668334
03006669924
03006663924
03006668442
03006661779
03006663960
03006662953
03006667713
03006662216
03006667422
03006669156
03006661329
03006667122
03006667592
03006664956
03006662086
03006669881
03006661524
03006669023
03006663640
03006666395
03006668900
03006665276
03006666319
03006664863
03006666491
03006669986
03006664450
03006666666
03006667915
03006662065
03006661711
03006666390
03006666288
03006661598
03006667259
03006661129
03006664715
03006661917
03006661654
03006666410
03006667450
03006661410
03006666258
03006661620
03006662042
03006662341
03006666877
03006666294
03006662073
03006666810
03006663660
03006661158
03006663165
03006663685
03006666916
03006667468
03006663262
03006665549
03006669506
03006669618
03006666615
03006664337
03006663357
03006664826
03006668752
03006666808
03006667105
03006661986
03006669985
03006661450
03006663865
03006663242
03006664449
03006667644
03006667572
03006665841
03006665255
03006666106
03006667316
03006665129
03006668433
03006663574
03006664213
03006667247
03006668950
03006668391
03006667944
03006664320
03006666640
03006665427
03006668004
03006663520
03006661467
03006663321
03006663795
03006668296
03006663675
03006669708
03006669299
03006663624
03006663673
03006663018
03006665322
03006665689
03006665177
03006663664
03006661835
03006668807
03006664625
03006669207
03006664924
03006661252
03006664539
03006669560
03006668155
03006663594
03006669124
03006663506
03006669545
03006663420
03006662354
03006669022
03006669640
03006664052
03006668904
03006662520
03006665252
03006667014
03006667809
03006665421
03006669133
03006669950
03006664228
03006663628
03006662701
03006665683
03006664279
03006662484
03006667832
03006666262
03006668796
03006668595
03006665640
03006664701
03006666202
03006669754
03006661319
03006663996
03006665681
03006666272
03006661144
03006666582
03006661792
03006666816
03006665658
03006663785
03006665791
03006661301
03006664000
03006665332
03006664526
03006663441
03006669226
03006667060
03006665587
03006666092
03006662894
03006665457
03006668689
03006663738
03006664811
03006661374
03006663107
03006669089
03006669219
03006669379
03006669746
03006669220
03006667946
03006661064
03006669410
03006663135
03006665902
03006666040
03006669445
03006665010
03006662804
03006668913
03006664781
03006665109
03006661113
03006663808
03006661109
03006666975
03006662693
03006664616
03006665226
03006661101
03006667583
03006667405
03006661771
03006663708
03006666569
03006664566
03006666411
03006661555
03006665100
03006666579
03006669828
03006664030
03006666091
03006669547
03006666646
03006662425
03006665833
03006662652
03006669775
03006668956
03006669702
03006667979
03006662244
03006666686
03006663993
03006669130
03006663108
03006664885
03006661827
03006665730
03006664130
03006665621
03006665737
03006663900
03006667358
03006664533
03006663980
03006667079
03006661534
03006665069
03006668579
03006669004
03006663527
03006667807
03006668448
03006662068
03006664408
03006668589
03006662322
03006669725
03006666425
03006665969
03006663470
03006664943
03006662202
03006667027
03006663925
03006668525
03006665388
03006666259
03006662417
03006668954
03006669693
03006665726
03006665318
03006661359
03006665151
03006665413
03006664104
03006661357
03006664019
03006667281
03006665463
03006661328
03006665311
03006668122
03006666667
03006669216
03006664039
03006661062
03006669037
03006664876
03006664506
03006661143
03006667671
03006663616
03006667267
03006665390
03006669494
03006662375
03006664431
03006669090
03006667688
03006664574
03006666365
03006665371
03006665516
03006669366
03006663585
03006668183
03006663079
03006664965
03006668462
03006669580
03006663214
03006667266
03006669592
03006661484
03006669737
03006665654
03006664663
03006666281
03006666024
03006668916
03006667742
03006664090
03006668628
03006667787
03006669687
03006661032
03006662238
03006667622
03006667160
03006662093
03006664567
03006663845
03006668523
03006661696
03006665451
03006666692
03006667443
03006669541
03006662681
03006668091
03006666937
03006666350
03006667674
03006663906
03006669756
03006666720
03006669767
03006662808
03006661663
03006663929
03006667628
03006665213
03006668878
03006669554
03006665292
03006665278
03006667429
03006667341
03006665591
03006667499
03006666917
03006665892
03006667131
03006662967
03006669331
03006663393
03006661103
03006666235
03006669651
03006663364
03006664137
03006666415
03006664722
03006668030
03006661264
03006669429
03006665958
03006667034
03006668163
03006667118
03006666216
03006663309
03006662817
03006665956
03006667138
03006662151
03006664262
03006665251
03006661346
03006666988
03006663864
03006669589
03006666800
03006661979
03006662332
03006666732
03006662825
03006661212
03006667976
03006661848
03006664740
03006664832
03006667261
03006662312
03006666165
03006667911
03006669632
03006663071
03006669335
03006669798
03006669676
03006663822
03006662193
03006661241
03006666840
03006668902
03006662018
03006667894
03006666239
03006667733
03006664166
03006663377
03006664464
03006663626
03006665337
03006665905
03006668239
03006661460
03006668076
03006662877
03006662306
03006664889
03006661950
03006669085
03006662837
03006661713
03006663172
03006667190
03006664187
03006665766
03006666649
03006667106
03006665490
03006665985
03006669074
03006669830
03006666846
03006667098
03006663095
03006661700
03006666005
03006662769
03006663998
03006663893
03006661436
03006662362
03006661995
03006669886
03006666352
03006664890
03006661898
03006666064
03006664721
03006665400
03006669978
03006667610
03006667814
03006663487
03006669352
03006665677
03006669164
03006661629
03006661229
03006666037
03006665207
03006661794
03006663015
03006667385
03006662376
03006665708
03006666841
03006663297
03006662750
03006663404
03006664576
03006665111
03006669138
03006661094
03006668329
03006663009
03006669525
03006662125
03006661439
03006666555
03006663116
03006661324
03006663885
03006662518
03006667957
03006664645
03006668215
03006662272
03006665957
03006664679
03006664558
03006661874
03006664513
03006663688
03006664596
03006664318
03006668559
03006667227
03006664205
03006663238
03006665232
03006663234
03006665673
03006667347
03006666154
03006662104
03006669104
03006664598
03006668652
03006668677
03006661691
03006663499
03006662258
03006663189
03006662445
03006662195
03006665081
03006662672
03006663731
03006669154
03006665572
03006664580
03006663816
03006669321
03006667806
03006662880
03006669308
03006665888
03006669284
03006662284
03006666388
03006666117
03006661740
03006666027
03006665880
03006661013
03006661429
03006661407
03006661872
03006666363
03006662164
03006666748
03006661533
03006666077
03006667661
03006661093
03006669038
03006663530
03006666833
03006667174
03006661297
03006661717
03006669343
03006662788
03006664572
03006662851
03006667373
03006663905
03006665807
03006664361
03006664044
03006661991
03006667795
03006668699
03006669035
03006662802
03006667892
03006663522
03006665934
03006666516
03006667143
03006669139
03006665585
03006661140
03006661622
03006661190
03006667349
03006667336
03006661453
03006669641
03006666684
03006663091
03006665611
03006668161
03006664055
03006667501
03006667951
03006662387
03006667488
03006667515
03006668282
03006668116
03006662393
03006668940
03006663652
03006665363
03006665201
03006662199
03006663649
03006668987
03006668565
03006662282
03006668970
03006668457
03006665077
03006662590
03006661548
03006668153
03006662860
03006665607
03006663424
03006664640
03006663836
03006666020
03006664222
03006665959
03006669192
03006666752
03006668096
03006663625
03006668797
03006667346
03006666608
03006667801
03006665080
03006664439
03006664485
03006669442
03006666624
03006666450
03006665489
03006665218
03006662740
03006662099
03006661075
03006667309
03006664898
03006665966
03006666785
03006666578
03006666087
03006665103
03006667631
03006669242
03006663006
03006666896
03006668086
03006668040
03006668776
03006661110
03006664734
03006664789
03006666468
03006663713
03006668190
03006668346
03006661481
03006663860
03006668117
03006663198
03006667658
03006668250
03006662011
03006665239
03006663939
03006665197
03006661478
03006662545
03006665733
03006668364
03006666442
03006662567
03006662575
03006669498
03006666880
03006669778
03006667896
03006666756
03006666829
03006669658
03006665381
03006667454
03006667692
03006667645
03006668162
03006664620
03006662528
03006668516
03006663620
03006661066
03006669826
03006664359
03006668914
03006662871
03006667310
03006666867
03006663090
03006668159
03006661370
03006661391
03006662624
03006668482
03006663339
03006664280
03006669815
03006666589
03006665091
03006668041
03006667936
03006669803
03006665915
03006664405
03006661061
03006663081
03006665487
03006666969
03006667898
03006669983
03006666999
03006668712
03006668070
03006665859
03006662470
03006662509
03006667578
03006664601
03006662268
03006669155
03006666771
03006669351
03006667121
03006661011
03006661281
03006668247
03006668700
03006668528
03006663024
03006661889
03006668443
03006664509
03006662225
03006666248
03006667602
03006661189
03006666081
03006661386
03006664391
03006662278
03006664553
03006662623
03006663536
03006667306
03006669010
03006664504
03006663439
03006665668
03006666139
03006666760
03006667633
03006661295
03006662069
03006664206
03006668721
03006669198
03006668471
03006665687
03006666181
03006664764
03006664026
03006661330
03006666801
03006661078
03006667582
03006667768
03006662380
03006667073
03006668388
03006664711
03006661394
03006664024
03006669584
03006666220
03006664955
03006661683
03006666875
03006662308
03006661716
03006663395
03006662467
03006666883
03006661709
03006665919
03006666590
