03006631792
03006634766
03006631861
03006638757
03006637314
03006635702
03006632015
03006632841
03006637889
03006634252
03006637610
03006634283
03006639795
03006632703
03006635197
03006632572
03006634103
03006639162
03006636265
03006636062
03006634513
03006634093
03006637373
03006636692
03006631609
03006633327
03006632209
03006637883
03006631078
03006639315
03006637881
03006635696
03006637612
03006639403
03006636016
03006635604
03006634136
03006632917
03006631194
03006633350
03006633772
03006635817
03006633294
03006639760
03006633505
03006632263
03006631859
03006631528
03006637279
03006633272
03006635168
03006637147
03006633986
03006635283
03006631271
03006633173
03006638294
03006636402
03006634098
03006635091
03006635793
03006636555
03006633265
03006633558
03006632128
03006633144
03006633318
03006637126
03006636508
03006637837
03006637510
03006637124
03006638703
03006635620
03006637456
03006636352
03006638416
03006636938
03006636131
03006633689
03006631617
03006638853
03006631646
03006633344
03006637073
03006631889
03006637370
03006631719
03006638203
03006633966
03006636950
03006638997
03006636914
03006639730
03006638383
03006633961
03006639930
03006636145
03006638660
03006639310
03006636476
03006638158
03006631929
03006634384
03006632567
03006635681
03006638152
03006639662
03006635707
03006639576
03006631940
03006633274
03006631497
03006632756
03006637398
03006634618
03006635791
03006638920
03006637016
03006631753
03006636622
03006633692
03006637726
03006637969
03006634455
03006637007
03006639985
03006632187
03006634379
03006635140
03006631359
03006638633
03006638959
03006634506
03006631052
03006637320
03006636037
03006634304
03006631242
03006639421
03006634973
03006636456
03006636885
03006631204
03006632532
03006636093
03006634041
03006638844
03006639238
03006633270
03006637761
03006638875
03006633111
03006632080
03006631226
03006631144
03006639676
03006633520
03006636799
03006632579
03006634123
03006638438
03006635545
03006633566
03006633145
03006639753
03006638869
03006632712
03006637201
03006638718
03006631269
03006631083
03006633251
03006634475
03006633892
03006638146
03006635534
03006631456
03006638088
03006638457
03006631197
03006635631
03006637940
03006635240
03006634811
03006638905
03006634627
03006637722
03006634224
03006638173
03006633876
03006636747
03006637081
03006635698
03006639665
03006631842
03006637975
03006636669
03006635784
03006635373
03006632344
03006631123
03006632049
03006635666
03006637240
03006639914
03006635626
03006637905
03006634942
03006639964
03006638085
03006632788
03006632977
03006637392
03006634336
03006636169
03006633345
03006637671
03006639836
03006633523
03006631088
03006637530
03006638791
03006635474
03006636098
03006634243
03006636835
03006632236
03006638843
03006632348
03006634562
03006635828
03006632753
03006634697
03006631415
03006636852
03006634848
03006637793
03006635989
03006632472
03006636877
03006637582
03006639611
03006634449
03006636660
03006631805
03006636287
03006632439
03006637701
03006639825
03006638821
03006634519
03006636874
03006636603
03006634439
03006639527
03006633661
03006638106
03006637727
03006639241
03006638415
03006634716
03006634638
03006639639
03006634754
03006633528
03006632823
03006632043
03006637534
03006635057
03006631914
03006633054
03006635863
03006631648
03006637583
03006635030
03006635948
03006636403
03006634646
03006634736
03006637006
03006632718
03006634540
03006636193
03006635320
03006634131
03006637882
03006632676
03006633231
03006636437
03006639167
03006634894
03006639810
03006637021
03006637050
03006632759
03006639726
03006634878
03006637782
03006631287
03006639351
03006639461
03006634959
03006633548
03006638576
03006637879
03006636078
03006633076
03006631779
03006632837
03006635792
03006633678
03006637709
03006631920
03006633279
03006636518
03006637502
03006637911
03006639652
03006638007
03006631826
03006635476
03006633887
03006631838
03006637979
03006633189
03006636676
03006639767
03006636954
03006635719
03006633367
03006639581
03006636700
03006637617
03006637441
03006638053
03006634805
03006635488
03006637184
03006637890
03006637560
03006636837
03006639480
03006633208
03006637376
03006639870
03006631635
03006631344
03006637634
03006639483
03006639661
03006637607
03006636040
03006635516
03006635096
03006638590
03006636160
03006636024
03006636724
03006631990
03006638552
03006638744
03006636578
03006638901
03006639858
03006634846
03006637109
03006631433
03006634831
03006638398
03006633783
03006633947
03006633001
03006631142
03006633709
03006633468
03006632391
03006637083
03006634083
03006632023
03006633082
03006637039
03006631400
03006632537
03006639709
03006632307
03006634232
03006634620
03006638764
03006635194
03006639338
03006638816
03006636204
03006632901
03006634306
03006637315
03006636789
03006634234
03006636200
03006634651
03006631262
03006633823
03006632093
03006632515
03006633954
03006634880
03006632692
03006633633
03006639640
03006637906
03006636529
03006635661
03006639538
03006638892
03006637321
03006635137
03006634802
03006639634
03006638589
03006634609
03006634185
03006634937
03006635075
03006637071
03006637294
03006637788
03006636882
03006635446
03006635776
03006636185
03006639307
03006635754
03006637426
03006631540
03006639123
03006637287
03006632808
03006633155
03006635669
03006633363
03006635413
03006638655
03006632691
03006631652
03006639431
03006638998
03006634440
03006631628
03006635234
03006637483
03006638330
03006639016
03006634073
03006633529
03006638558
03006632569
03006638740
03006638778
03006635088
03006633762
03006632706
03006639352
03006637299
03006639382
03006639223
03006631301
03006631800
03006631030
03006639267
03006637444
03006633748
03006636419
03006634380
03006635642
03006638356
03006631005
03006634148
03006631823
03006631691
03006636737
03006633353
03006638010
03006632428
03006636554
03006636675
03006634068
03006634376
03006639600
03006632707
03006639302
03006635392
03006632269
03006632055
03006633337
03006635216
03006631117
03006633932
03006635683
03006639749
03006636628
03006639780
03006632138
03006638189
03006634969
03006639614
03006631754
03006637529
03006635607
03006632644
03006634022
03006637651
03006636795
03006633956
03006634625
03006637732
03006636653
03006638686
03006637843
03006631041
03006637116
03006638987
03006633373
03006636301
03006634546
03006635788
03006633030
03006637019
03006636139
03006634391
03006636988
03006638230
03006638365
03006631706
03006633684
03006633480
03006636498
03006639986
03006631773
03006639784
03006639624
03006638033
03006635686
03006638421
03006637161
03006639306
03006637950
03006631063
03006638785
03006638738
03006635021
03006639201
03006631596
03006634082
03006636349
03006636584
03006634735
03006631389
03006631215
03006635656
03006637298
03006639420
03006636504
03006635590
03006632919
03006634047
03006637856
03006635343
03006639202
03006638267
03006638860
03006637366
03006635868
03006637712
03006633745
03006635925
03006637938
03006639491
03006635268
03006639164
03006639602
03006637131
03006633402
03006636217
03006638569
03006633968
03006631917
03006631570
03006636387
03006633902
03006637472
03006638650
03006639678
03006639998
03006637847
03006635814
03006637488
03006637022
03006633200
03006637469
03006639731
03006639359
03006639929
03006631235
03006636426
03006634445
03006636041
03006633984
03006634454
03006633870
03006634960
03006637533
03006632595
03006635449
03006634297
03006631325
03006634286
03006636273
03006637010
03006639165
03006632262
03006633787
03006639642
03006637276
03006632687
03006639195
03006637182
03006631100
03006634236
03006631375
03006636335
03006635144
03006633578
03006639456
03006631430
03006634890
03006636474
03006634779
03006634717
03006639365
03006638066
03006638281
03006634893
03006635477
03006636417
03006635697
03006638914
03006631196
03006632681
03006639088
03006635645
03006637260
03006636398
03006636708
03006631767
03006634675
03006637777
03006639533
03006635543
03006636157
03006636259
03006634768
03006639153
03006637747
03006634829
03006634842
03006632159
03006636061
03006639800
03006634196
03006635505
03006634749
03006631798
03006636269
03006633498
03006638268
03006639903
03006631555
03006639026
03006637247
03006635036
03006637884
03006633032
03006638798
03006635031
03006638182
03006634706
03006636940
03006639832
03006632522
03006632123
03006638634
03006637264
03006637949
03006634084
03006636354
03006631812
03006633027
03006634772
03006637459
03006635152
03006631649
03006634909
03006635497
03006631177
03006639508
03006639629
03006633988
03006639012
03006639732
03006634714
03006636030
03006633976
03006635829
03006635956
03006639968
03006631673
03006633382
03006636114
03006639004
03006635548
03006634184
03006633549
03006631033
03006637214
03006634219
03006636682
03006633645
03006633273
03006639209
03006638926
03006637431
03006638534
03006634992
03006639622
03006635995
03006633235
03006636544
03006636545
03006635982
03006637070
03006637490
03006634676
03006631770
03006635535
03006633820
03006636493
03006635628
03006635324
03006636079
03006632954
03006639917
03006634792
03006639469
03006638032
03006632384
03006636428
03006636620
03006637029
03006636500
03006639765
03006633138
03006638389
03006636492
03006633009
03006632313
03006636130
03006637005
03006634488
03006631231
03006637148
03006639422
03006632933
03006632006
03006631875
03006637846
03006639452
03006632715
03006633298
03006632107
03006635580
03006631508
03006635151
03006635202
03006635668
03006635841
03006639362
03006634340
03006637724
03006631537
03006633380
03006639042
03006633483
03006633315
03006639194
03006639073
03006638465
03006637644
03006637910
03006636026
03006638581
03006631251
03006633904
03006633731
03006634393
03006637558
03006633314
03006631663
03006638603
03006637858
03006637110
03006636889
03006638646
03006631868
03006637107
03006635082
03006635209
03006638494
03006638803
03006635743
03006639232
03006639982
03006632913
03006635049
03006637115
03006636388
03006631461
03006639176
03006635159
03006631534
03006634590
03006635457
03006636309
03006639946
03006632082
03006633979
03006637379
03006635105
03006635625
03006638732
03006632184
03006639818
03006636817
03006634963
03006632701
03006635557
03006632014
03006639777
03006635508
03006634672
03006633749
03006631480
03006636925
03006634478
03006637141
03006637934
03006635302
03006635355
03006634056
03006636410
03006635136
03006633126
03006636489
03006638428
03006631424
03006633606
03006633777
03006634180
03006632865
03006637296
03006639571
03006636647
03006634538
03006633619
03006631757
03006639082
03006632560
03006638466
03006631489
03006633535
03006633140
03006637963
03006635008
03006638270
03006633429
03006636828
03006635762
03006639738
03006639827
03006639574
03006639067
03006633586
03006638353
03006634870
03006631066
03006639971
03006633147
03006637354
03006637830
03006634314
03006632158
03006633598
03006638238
03006631637
03006635288
03006638522
03006632674
03006638597
03006635507
03006636036
03006631533
03006636908
03006636670
03006634964
03006634551
03006639557
03006633403
03006634211
03006639719
03006632588
03006631166
03006633761
03006635786
03006635070
03006637319
03006638929
03006633955
03006633230
03006634780
03006631500
03006633157
03006637936
03006636113
03006638298
03006639830
03006632196
03006632468
03006634464
03006636548
03006631613
03006638188
03006633972
03006631114
03006639763
03006632600
03006635906
03006635649
03006635502
03006637876
03006632565
03006639501
03006633452
03006635354
03006639668
03006631551
03006639479
03006632805
03006635408
03006633512
03006637027
03006631259
03006633573
03006637250
03006638124
03006632069
03006638775
03006637597
03006633346
03006637815
03006634192
03006638671
03006633036
03006638874
03006635851
03006637655
03006633547
03006638796
03006636378
03006636842
03006632800
03006632912
03006637068
03006638886
03006633804
03006635513
03006634086
03006631324
03006631341
03006638746
03006638656
03006637524
03006635806
03006633790
03006631904
03006639303
03006632007
03006631852
03006637359
03006639768
03006635510
03006639556
