03007662714
03007663591
03007661861
03007667983
03007666491
03007661854
03007661784
03007665784
03007661055
03007666828
03007662116
03007667049
03007664873
03007663310
03007663836
03007669646
03007665203
03007669701
03007661940
03007665961
03007669687
03007663661
03007661441
03007669852
03007661238
03007661968
03007668728
03007665159
03007668168
03007669248
03007668321
03007662279
03007668294
03007666630
03007667177
03007666147
03007667567
03007668802
03007662182
03007663517
03007668603
03007669855
03007665889
03007664587
03007667918
03007669345
03007661875
03007667121
03007667511
03007663889
03007669921
03007662022
03007666803
03007668192
03007669472
03007668602
03007667055
03007665895
03007668660
03007662867
03007662593
03007665015
03007667205
03007662469
03007664187
03007663376
03007664950
03007669757
03007662444
03007668976
03007665058
03007661586
03007663963
03007666651
03007664049
03007669383
03007663284
03007661046
03007661736
03007664431
03007662358
03007666272
03007669827
03007668984
03007666674
03007667196
03007669706
03007665126
03007667621
03007662051
03007665735
03007661126
03007663296
03007669571
03007666875
03007667688
03007663745
03007662560
03007662990
03007669578
03007667827
03007663134
03007667886
03007666407
03007663895
03007664553
03007667672
03007662611
03007667613
03007661131
03007664297
03007668742
03007667378
03007663485
03007667512
03007666179
03007665244
03007664630
03007664822
03007666924
03007669323
03007667079
03007663336
03007662508
03007665595
03007667301
03007669176
03007661440
03007662194
03007666694
03007661999
03007665849
03007668788
03007665811
03007665645
03007667454
03007665010
03007664437
03007664603
03007666829
03007663061
03007663334
03007663389
03007667565
03007667316
03007662290
03007665533
03007664755
03007663811
03007667426
03007665741
03007666815
03007661217
03007665163
03007667015
03007661955
03007662856
03007668040
03007662047
03007665379
03007667635
03007668723
03007665391
03007669432
03007665054
03007667175
03007669811
03007662486
03007664719
03007663629
03007667604
03007666250
03007669118
03007665420
03007669735
03007661859
03007669150
03007666661
03007661938
03007661096
03007662038
03007661361
03007665046
03007668995
03007664428
03007662291
03007667995
03007664125
03007662648
03007663973
03007665021
03007668780
03007667955
03007665754
03007661452
03007662174
03007667883
03007667236
03007668357
03007664944
03007668416
03007669091
03007663796
03007668137
03007661215
03007666044
03007661595
03007663706
03007661378
03007664282
03007665596
03007667361
03007664884
03007661816
03007668360
03007662070
03007669656
03007662582
03007667469
03007662046
03007663364
03007663967
03007667560
03007663975
03007661913
03007668304
03007666994
03007662680
03007662947
03007666909
03007668430
03007663213
03007666246
03007666400
03007663549
03007662553
03007663642
03007668671
03007663672
03007664090
03007661830
03007667446
03007666610
03007663472
03007663127
03007667021
03007664140
03007665554
03007663095
03007669168
03007667627
03007663015
03007666120
03007661792
03007663074
03007663114
03007661601
03007662649
03007669796
03007663434
03007662006
03007667412
03007668638
03007665416
03007664811
03007669517
03007669389
03007668939
03007668797
03007668373
03007663206
03007669877
03007665730
03007666528
03007665303
03007664831
03007663866
03007662624
03007665925
03007663425
03007661355
03007665334
03007664044
03007663566
03007668772
03007666432
03007668474
03007665557
03007662071
03007667508
03007664293
03007668395
03007665440
03007669198
03007664834
03007667711
03007665243
03007667503
03007664750
03007666614
03007664298
03007669474
03007667749
03007667285
03007669591
03007666489
03007668243
03007669247
03007666723
03007666371
03007662079
03007666672
03007663368
03007665071
03007666643
03007664277
03007663084
03007668372
03007663239
03007666302
03007665697
03007665584
03007667334
03007661088
03007666104
03007669996
03007666154
03007667381
03007668421
03007668674
03007664740
03007661036
03007663249
03007664092
03007661023
03007663248
03007666841
03007661985
03007662324
03007666309
03007663094
03007667921
03007666316
03007668768
03007665830
03007669762
03007661068
03007664419
03007663835
03007668242
03007661058
03007664492
03007663776
03007662165
03007669950
03007668503
03007668246
03007663092
03007668301
03007667696
03007667338
03007665635
03007665620
03007661029
03007666243
03007668928
03007666047
03007666930
03007663208
03007664912
03007667662
03007661018
03007662320
03007665086
03007666415
03007664002
03007664838
03007666497
03007669977
03007668756
03007668857
03007663297
03007668338
03007664077
03007663217
03007661498
03007662483
03007668977
03007663132
03007665711
03007668782
03007665447
03007669936
03007668176
03007664907
03007664128
03007661284
03007668863
03007664502
03007668932
03007666182
03007668012
03007668006
03007665180
03007664299
03007662857
03007665658
03007666762
03007667732
03007667904
03007667326
03007661970
03007663713
03007661710
03007662429
03007667437
03007662040
03007669188
03007664563
03007661451
03007669638
03007666478
03007665825
03007669931
03007664303
03007667472
03007664354
03007664365
03007662155
03007661492
03007666065
03007665210
03007666317
03007668183
03007667367
03007668136
03007667473
03007664349
03007668118
03007668685
03007662204
03007667580
03007669573
03007666433
03007667065
03007666891
03007665545
03007666560
03007668367
03007668701
03007668473
03007662926
03007666537
03007669808
03007669211
03007662407
03007663366
03007665749
03007665834
03007665904
03007668502
03007665392
03007664245
03007663904
03007661714
03007663332
03007664274
03007665553
03007662351
03007664078
03007665434
03007667899
03007665018
03007667289
03007665161
03007665947
03007669504
03007666843
03007667615
03007669710
03007664441
03007661598
03007667665
03007668907
03007666277
03007668837
03007664522
03007661745
03007664319
03007664180
03007662188
03007666995
03007662987
03007665279
03007665330
03007663228
03007667414
03007664427
03007662919
03007662459
03007664374
03007665990
03007664193
03007665118
03007665893
03007669887
03007661658
03007667777
03007664535
03007665628
03007662305
03007669754
03007664425
03007664675
03007665437
03007661031
03007669759
03007663521
03007663718
03007662830
03007664485
03007669881
03007666276
03007669429
03007663188
03007666790
03007669139
03007663291
03007664469
03007664713
03007661159
03007662943
03007663933
03007661858
03007666403
03007667652
03007661366
03007661230
03007665576
03007662738
03007668989
03007661888
03007669968
03007662699
03007662271
03007661363
03007664824
03007661407
03007669270
03007662229
03007664588
03007667745
03007661762
03007663166
03007665284
03007669711
03007663516
03007662493
03007667098
03007668746
03007661840
03007663266
03007667314
03007665177
03007668927
03007663803
03007668650
03007665039
03007666691
03007664199
03007664902
03007663897
03007666439
03007662438
03007662197
03007663350
03007666335
03007661535
03007663226
03007662588
03007667794
03007668025
03007661814
03007669907
03007669604
03007667516
03007669090
03007669222
03007666495
03007664789
03007661221
03007667586
03007664957
03007666186
03007665897
03007662056
03007664231
03007662650
03007665538
03007662843
03007667864
03007666726
03007668320
03007663086
03007666361
03007667181
03007663871
03007666158
03007664045
03007665241
03007665499
03007665269
03007669322
03007666287
03007668178
03007664747
03007668383
03007667468
03007667703
03007662676
03007665579
03007664851
03007667240
03007667164
03007663931
03007661169
03007665144
03007662487
03007661425
03007667064
03007661740
03007662152
03007662729
03007665537
03007665063
03007666814
03007662345
03007669457
03007666574
03007661317
03007663878
03007669483
03007664266
03007668069
03007662685
03007662731
03007665188
03007661146
03007663468
03007665845
03007669196
03007666743
03007667027
03007662702
03007667801
03007668901
03007662754
03007664074
03007668204
03007667582
03007665497
03007666026
03007667542
03007665654
03007665428
03007662166
03007669193
03007667612
03007668765
03007662506
03007667783
03007666247
03007663863
03007662613
03007667291
03007668873
03007664418
03007668739
03007664333
03007666551
03007669642
03007668683
03007661359
03007663532
03007665297
03007668509
03007668216
03007667261
03007667913
03007665382
03007662711
03007668991
03007665819
03007667851
03007661941
03007668612
03007662641
03007663537
03007667575
03007662380
03007668062
03007662949
03007662879
03007664413
03007665410
03007668023
03007668336
03007665335
03007661030
03007665854
03007667342
03007662121
03007663656
03007662915
03007662400
03007663536
03007664872
03007666794
03007669439
03007666932
03007662264
03007661776
03007668219
03007667722
03007662418
03007664096
03007662805
03007668333
03007669889
03007661254
03007668840
03007667960
03007669964
03007665759
03007666490
03007662510
03007666862
03007662559
03007667224
03007661528
03007668045
03007665661
03007669413
03007667619
03007665970
03007661995
03007665758
03007666559
03007667116
03007663075
03007662054
03007668592
03007669620
03007662884
03007661538
03007667712
03007669560
03007668172
03007662017
03007661660
03007662354
03007664695
03007666912
03007668930
03007661173
03007665773
03007669266
03007661356
03007668237
03007661752
03007665733
03007669676
03007661170
03007664411
03007666477
03007666834
03007666338
03007664130
03007662930
03007665765
03007665905
03007661371
03007662874
03007664952
03007664797
03007667302
03007664386
03007665207
03007666385
03007663307
03007664717
03007661094
03007667040
03007669984
03007667292
03007664837
03007662859
03007669943
03007665248
03007663301
03007663082
03007661337
03007665678
03007666832
03007666964
03007669423
03007661006
03007665457
03007668298
03007664468
03007664054
03007663850
03007666545
03007665168
03007664328
03007666452
03007663316
03007665687
03007669793
03007665515
03007664145
03007667403
03007667171
03007665603
03007668512
03007667625
03007664583
03007661496
03007664220
03007663048
03007669528
03007663732
03007669420
03007663883
03007665786
03007665332
03007669000
03007662523
03007669162
03007662823
03007661705
03007663757
03007667690
03007666652
03007663915
03007667394
03007661544
03007662686
03007669561
03007662252
03007668003
03007665402
03007666944
03007667095
03007666238
03007662972
03007669833
03007667016
03007661436
03007662992
03007664983
03007664579
03007665465
03007669940
03007661846
03007666705
03007661511
03007666825
03007661504
03007669365
03007661045
03007669858
03007661631
03007664685
03007668387
03007661905
03007661850
03007662924
03007669851
03007661871
03007666740
03007666253
03007662781
03007666756
03007667039
03007667170
03007664982
03007666786
03007668063
03007663555
03007666122
03007662801
03007663968
03007665571
03007661460
03007663008
03007669297
03007667651
03007664012
03007668813
03007662883
03007668542
03007668888
03007661142
03007662058
03007664728
03007663594
03007665106
03007664569
03007666229
03007667418
03007664754
03007669785
03007663341
03007664876
03007664844
03007669719
03007661130
03007662265
03007669103
03007667881
03007667353
03007668390
03007668862
03007669088
03007665862
03007668769
03007661662
03007668214
03007666028
03007665644
03007663191
03007668308
03007668449
03007661553
03007661289
03007667738
03007668152
03007663222
03007668543
03007665456
03007669135
03007663163
03007669703
03007663260
03007664705
03007666337
03007664732
03007668866
03007666017
03007668706
03007662742
03007664567
03007667051
03007666540
03007664714
03007668892
03007666166
03007664622
03007661652
03007661411
03007667813
03007669200
03007661684
03007665639
03007662344
03007663631
03007669633
03007667693
03007667202
03007665368
03007662076
03007662767
03007663916
03007668459
03007669441
03007662431
03007662846
03007668547
03007663171
03007661100
03007668508
03007669651
03007669290
03007669352
03007664513
03007662316
03007661751
03007664731
03007661972
03007663117
03007665504
03007664652
03007669092
03007666522
03007662386
03007669893
03007663109
03007666874
03007669849
03007665739
03007669346
03007663398
03007666757
03007663192
03007661969
03007667865
03007669265
03007666971
03007668099
03007661519
03007667131
03007662692
03007664341
03007669461
03007665120
03007665377
03007665450
03007666069
03007666376
03007669650
03007669263
03007669367
03007662918
03007662953
03007666297
03007661251
03007664426
03007669161
03007662835
03007665892
03007662594
03007663806
03007669123
03007669782
03007664482
03007662706
03007666146
03007667405
03007663133
03007661960
03007663829
03007667989
03007661497
03007664398
03007669669
03007662969
03007666711
03007663748
03007661322
03007661442
03007663825
03007669050
03007664911
03007663828
03007666847
03007667093
03007667970
03007669857
03007666866
03007661313
03007665668
03007661587
03007665250
03007667397
03007663503
03007668029
03007666130
03007667406
03007669089
03007662521
03007667448
03007664800
03007666853
03007664757
03007666191
03007666123
03007662143
03007661272
03007662364
03007664278
03007666214
03007668878
03007665472
03007666040
03007663990
03007663972
03007669596
03007666675
03007668729
03007668081
03007667719
03007669313
03007663292
03007665312
03007666418
03007669961
03007662390
03007666379
03007665873
03007669994
03007662335
03007661778
03007663733
03007666305
03007665593
03007668948
03007664937
03007667309
03007669035
03007668519
03007668031
03007663416
03007665116
03007662403
03007668955
03007669557
03007668124
03007668472
03007666809
03007661899
03007667979
03007667052
03007666073
03007663824
03007662499
03007669599
03007663704
03007662212
03007663290
03007667972
03007667727
03007664287
03007663791
03007662213
03007665820
03007665222
03007663002
03007665800
03007663435
03007665606
03007661870
03007665660
03007663306
03007666923
03007664405
03007661896
03007662077
03007664168
03007661235
03007665211
03007666020
03007668431
03007666908
03007661203
03007664877
03007669112
03007663045
03007665270
03007664332
03007665903
03007669788
03007666015
03007669686
03007662158
03007661829
03007665875
03007665924
03007666892
03007663283
03007668693
03007668044
03007668906
03007663315
03007668885
03007662209
03007669622
03007669535
03007663471
03007664774
03007663781
03007668912
03007661798
03007669966
03007666688
03007662452
03007667537
03007669756
03007665455
03007666201
03007669127
03007665148
03007668215
03007668340
03007662297
03007661562
03007667215
03007663060
03007664709
03007666367
03007661241
03007663246
03007662991
03007665957
03007663584
03007667936
03007662237
03007661155
03007668288
03007665389
03007664165
03007664903
03007665763
03007666007
03007661379
03007668572
03007668648
03007665646
03007668633
03007669501
03007668404
03007666460
03007661828
03007665344
03007667985
03007662827
03007663388
03007667200
03007669666
03007668815
03007662208
03007667075
03007662124
03007662285
03007666886
03007664794
03007662910
03007667059
03007669155
03007666061
03007665720
03007663330
03007667795
03007667668
03007665594
03007667270
03007662550
03007662495
03007664575
03007667553
03007667123
03007666107
03007668988
03007664251
03007668328
03007664900
03007668188
03007662740
03007665350
03007662695
03007668687
03007669093
03007661194
03007665722
03007663636
03007662592
03007669249
03007666108
03007663892
03007669496
03007669531
03007664072
03007669657
03007664580
03007667548
03007665806
03007668659
03007668730
03007665152
03007668719
03007666414
03007663024
03007662764
03007663169
03007664237
03007666600
03007665906
03007664741
03007661547
03007668913
03007662050
03007661983
03007666724
03007669998
03007665096
03007663318
03007668831
03007669306
03007668657
03007668667
03007663037
03007664107
03007666334
03007664360
03007667063
03007664905
03007665291
03007663873
03007662834
03007669688
03007663083
03007661127
03007667763
03007665259
03007668992
03007663625
03007669330
03007662529
03007665565
03007666428
03007663529
03007665340
03007669899
03007667746
03007666904
03007669987
03007668656
03007669876
03007664923
03007669695
03007664484
03007664007
03007666758
03007668110
03007665469
03007667036
03007666915
03007663572
03007665031
03007669337
03007663809
03007662293
03007661578
03007667932
03007667409
03007664336
03007661722
03007665006
03007669446
03007663810
03007665088
03007662784
03007663096
03007662470
03007663331
03007669635
03007665512
03007666737
03007665770
03007667455
03007666493
03007663865
03007666741
03007669786
03007666326
03007665530
03007665030
03007668409
03007667694
03007667078
03007661944
03007668251
03007664722
03007665359
03007662761
03007667312
03007664252
03007663818
03007664625
03007668190
03007666983
03007666330
03007668297
03007665556
03007665808
03007663313
03007666973
03007667594
03007661936
03007668680
03007668779
03007666678
03007669689
03007664863
03007663437
03007665079
03007663979
03007664275
03007662750
03007667736
03007668457
03007663156
03007662241
03007665160
03007668135
03007668700
03007668707
03007662138
03007661269
03007662752
03007664971
03007667335
03007668386
03007667764
03007663396
03007665519
03007663703
03007664562
03007666105
03007669761
03007664752
03007661903
03007662350
03007665426
03007665546
03007667819
03007667350
03007666395
03007666289
03007666776
03007664892
03007663263
03007664122
03007662111
03007668466
03007667744
03007666510
03007661926
03007667416
03007665061
03007667636
03007667679
03007661630
03007669138
03007665399
03007663383
03007666644
03007666349
03007663281
03007669250
03007664318
03007663919
03007662595
03007668575
03007668661
03007662097
03007665413
03007664048
03007669775
03007668028
03007665732
03007661982
03007667650
03007666286
03007664158
03007668915
03007663620
03007662289
03007662520
03007669521
03007664658
03007661376
03007667161
03007668724
03007663729
03007664688
03007665642
03007668945
03007669516
03007669891
03007669083
03007663495
03007667877
03007667641
03007667033
03007662196
03007668009
03007667155
03007667748
03007667097
03007662485
03007669592
03007664366
03007665630
03007669054
03007667666
03007667438
03007662200
03007662671
03007669303
03007661043
03007664027
03007666207
03007661779
03007668134
03007666394
03007665075
03007663261
03007667818
03007665742
03007665255
03007668379
03007662985
03007668181
03007666057
03007663628
03007666239
03007664137
03007665029
03007668573
03007669440
03007661417
03007668896
03007665206
03007665027
03007667729
03007663981
03007665375
03007669614
03007666547
03007661154
03007666374
03007669751
03007664680
03007669256
03007666142
03007669043
03007662549
03007663064
03007667573
03007664015
03007661178
03007663658
03007667204
03007668922
03007667733
03007667526
03007669837
03007668280
03007669003
03007667911
03007664013
03007669362
03007668829
03007667807
03007663775
03007663874
03007662198
03007666736
03007666800
03007662753
03007666162
03007662478
03007664664
03007662912
03007669378
03007662169
03007663750
03007669125
03007669351
03007663420
03007668847
03007669914
03007662394
03007665677
03007661345
03007665460
03007663187
03007664234
03007669765
03007666945
03007663891
03007667303
03007661007
03007665395
03007666922
03007666169
03007662862
03007668902
03007669037
03007668819
03007663091
03007664217
03007668681
03007666150
03007663351
03007667768
03007663147
03007662433
03007666074
03007661788
03007661162
03007661917
03007669749
03007668721
03007661456
03007664977
03007668165
03007665985
03007662989
03007663491
03007666640
03007662525
03007666948
03007661939
03007668970
03007661083
03007663119
03007666849
03007667656
03007669228
03007667626
03007665863
03007664948
03007668876
03007663242
03007665965
03007662432
03007663777
03007666469
03007662962
03007667031
03007669960
03007664694
03007665795
03007662288
03007667365
03007666785
03007664276
03007669192
03007661273
03007662063
03007661638
03007662955
03007664939
03007663506
03007662689
03007662122
03007663773
03007662579
03007661734
03007663552
03007669212
03007663677
03007665494
03007669598
03007664501
03007661123
03007666100
03007667323
03007664560
03007662443
03007663349
03007661445
03007662018
03007668532
03007661158
03007661713
03007662091
03007663843
03007668483
03007667286
03007662115
03007664060
03007663812
03007667255
03007667435
03007668426
03007665818
03007665631
03007663215
03007669518
03007661754
03007664046
03007667685
03007666555
03007667498
03007662190
03007663669
03007663403
03007662282
03007662156
03007663617
03007664936
03007663985
03007663262
03007664471
03007664869
03007666094
03007664582
03007667787
03007665623
03007669826
03007669292
03007664375
03007661711
03007663573
03007668068
03007666375
03007663533
03007661418
03007665064
03007667071
03007664032
03007664990
03007666144
03007663662
03007666751
03007666003
03007662368
03007665908
03007666738
03007665376
03007662677
03007668814
03007667172
03007666258
03007662061
03007666729
03007661604
03007662897
03007669293
03007661691
03007668582
03007665916
03007666887
03007663633
03007662797
03007669478
03007666163
03007664038
03007664770
03007667739
03007665803
03007662860
03007668953
03007667259
03007661809
03007664313
03007666804
03007669813
03007662341
03007669863
03007662099
03007665498
03007665636
03007665481
03007664970
03007661679
03007661646
03007665181
03007666622
03007663461
03007662583
03007661954
03007665158
03007665887
03007661237
03007661183
03007667687
03007666896
03007663245
03007664106
03007662573
03007664133
03007661443
03007668864
03007665855
03007668208
03007662934
03007663137
03007669271
03007662103
03007666525
03007662278
03007663772
03007668348
03007661730
03007662247
03007661396
03007667008
03007666453
03007668625
03007667392
03007664005
03007662253
03007661529
03007662908
03007666434
03007662782
03007669325
03007668413
03007665204
03007669481
03007662682
03007663055
03007669028
03007668905
03007668438
03007663123
03007662607
03007667894
03007662996
03007661855
03007665365
03007661755
03007664308
03007666462
03007663691
03007669132
03007667018
03007663616
03007669995
03007665774
03007663139
03007666466
03007664447
03007662223
03007667821
03007666526
03007668714
03007663953
03007669728
03007661398
03007669597
03007662011
03007668954
03007669645
03007665771
03007662065
03007662942
03007663960
03007666658
03007666218
03007668741
03007665790
03007665296
03007665664
03007662482
03007667144
03007663253
03007668676
03007664316
03007661138
03007661332
03007667902
03007664710
03007664450
03007664737
03007668250
03007667372
03007664801
03007661551
03007667053
03007662337
03007664047
03007665539
03007661603
03007667784
03007663050
03007661470
03007666339
03007666344
03007666245
03007666982
03007662205
03007669261
03007667834
03007661804
03007668260
03007667759
03007663023
03007668323
03007666301
03007661507
03007664290
03007661053
03007667045
03007668291
03007667680
03007668004
03007661718
03007668189
03007664818
03007666333
03007666531
03007662654
03007668282
03007666431
03007663052
03007664016
03007668366
03007668205
03007667754
03007666045
03007666966
03007665249
03007664076
03007666288
03007662515
03007662162
03007663494
03007669913
03007665477
03007664758
03007663790
03007666990
03007668335
03007664527
03007664443
03007661501
03007661632
03007665605
03007669476
03007666592
03007665271
03007663140
03007666085
03007663298
03007661790
03007662755
03007666839
03007665430
03007663917
03007666027
03007667176
03007663524
03007665681
03007662938
03007663678
03007662030
03007663667
03007662585
03007668470
03007666811
03007665923
03007666978
03007666954
03007664477
03007664578
03007663076
03007665200
03007665580
03007668588
03007669096
03007666631
03007667988
03007665263
03007668179
03007661373
03007668429
03007665951
03007663950
03007669209
03007666603
03007666092
03007668969
03007666512
03007669204
03007669137
03007668368
03007668618
03007667994
03007669283
03007663643
03007662698
03007668946
03007669564
03007664350
03007664581
03007664041
03007664778
03007662243
03007667681
03007666752
03007665001
03007665508
03007668065
03007667828
03007665996
03007666442
03007668637
03007668852
03007665979
03007662551
03007667005
03007666502
03007665852
03007667826
03007665518
03007664927
03007661733
03007664798
03007666894
03007668327
03007667758
03007666021
03007661454
03007668201
03007662531
03007663122
03007667190
03007664864
03007664102
03007665189
03007664466
03007664222
03007664310
03007663854
03007669332
03007663872
03007665002
03007666331
03007661198
03007669548
03007661892
03007662720
03007662615
03007667398
03007663448
03007661925
03007664607
03007668540
03007666124
03007663484
03007663723
03007663581
03007669738
03007667267
03007662944
03007663903
03007668435
03007664329
03007663450
03007668119
03007666609
03007664549
03007663665
03007664110
03007662238
03007661382
03007669321
03007667791
03007669928
03007669905
03007665769
03007665848
03007661028
03007669177
03007663452
03007661420
03007669063
03007661957
03007668254
03007667168
03007667875
03007668816
03007664179
03007665276
03007667782
03007666488
03007661931
03007661575
03007663694
03007669818
03007668733
03007669484
03007662340
03007664260
03007661947
03007664913
03007662474
03007668247
03007666174
03007663498
03007666273
03007663300
03007662454
03007666698
03007665767
03007665485
03007666997
03007665411
03007666942
03007664362
03007662565
03007665142
03007662514
03007664572
03007668957
03007661453
03007663417
03007663838
03007666153
03007666029
03007662295
03007669693
03007661111
03007667160
03007668894
03007664150
03007661906
03007665238
03007664693
03007669628
03007662642
03007669002
03007664481
03007668476
03007669790
03007666164
03007666090
03007666697
03007664406
03007665121
03007669117
03007661093
03007661561
03007669057
03007664408
03007662256
03007661005
03007662760
03007668887
03007669537
03007666872
03007661334
03007665091
03007662248
03007664734
03007669923
03007664461
03007663511
03007669594
03007662977
03007663627
03007667674
03007664544
03007661622
03007661336
03007668043
03007669462
03007665219
03007662622
03007668423
03007668758
03007663476
03007666602
03007669589
03007664756
03007661606
03007669541
03007664656
03007665921
03007661499
03007668584
03007665429
03007666734
03007669957
03007668621
03007667550
03007661494
03007667524
03007666612
03007669515
03007666037
03007663374
03007668382
03007665306
03007667388
03007664185
03007661484
03007663387
03007663541
03007663560
03007665093
03007668485
03007662665
03007662975
03007661882
03007667232
03007667328
03007662929
03007661168
03007663635
03007668507
03007665195
03007662055
03007668352
03007664650
03007661233
03007669538
03007664003
03007666066
03007668106
03007663868
03007664964
03007661402
03007666406
03007664636
03007665326
03007664615
03007663639
03007661350
03007666499
03007668074
03007665610
03007669649
03007668033
03007668934
03007664768
03007662373
03007669924
03007669897
03007668150
03007668014
03007665937
03007668904
03007663436
03007664410
03007665971
03007668013
03007663268
03007662363
03007666336
03007669841
03007667914
03007666552
03007663928
03007663845
03007667439
03007661852
03007666575
03007669163
03007661583
03007661505
03007667132
03007663337
03007661495
03007664039
03007664157
03007668255
03007666621
03007665378
03007668486
03007664806
03007661510
03007661019
03007661477
03007666877
03007666051
03007661438
03007666773
03007667320
03007663721
03007668839
03007667313
03007666517
03007668266
03007668944
03007661292
03007663902
03007663761
03007668467
03007663475
03007663365
03007661769
03007665917
03007668270
03007667217
03007666112
03007661860
03007665675
03007664111
03007667280
03007665452
03007667544
03007662616
03007665182
03007668271
03007666445
03007666539
03007666650
03007665577
03007665040
03007668481
03007663244
03007669727
03007667574
03007664979
03007663116
03007667584
03007667235
03007664914
03007666504
03007662726
03007665117
03007669379
03007666327
03007666109
03007661287
03007662450
03007661521
03007667315
03007661927
03007666192
03007669789
03007666750
03007664286
03007664163
03007667867
03007667701
03007665513
03007661759
03007669339
03007669941
03007661197
03007664114
03007669101
03007662522
03007668200
03007662528
03007668613
03007665657
03007663518
03007669979
03007665185
03007663814
03007666341
03007661166
03007661141
03007668626
03007669527
03007663110
03007667373
03007668115
03007664228
03007664489
03007662768
03007667999
03007668166
03007665362
03007668362
03007662210
03007664183
03007662037
03007661780
03007661149
03007666126
03007667471
03007669317
03007667352
03007667590
03007662109
03007663021
03007666759
03007669417
03007663427
03007668427
03007667541
03007664781
03007663247
03007667743
03007663216
03007668574
03007663167
03007661980
03007665779
03007668399
03007669300
03007664442
03007668559
03007663032
03007664036
03007661247
03007665597
03007669291
03007669409
03007662118
03007664915
03007669746
03007661239
03007668748
03007661934
03007669935
03007664668
03007668563
03007661503
03007663898
03007666863
03007668998
03007663538
03007668290
03007661596
03007665131
03007664462
03007669013
03007669391
03007667179
03007666898
03007669183
03007663955
03007661328
03007663807
03007668838
03007663826
03007663231
03007668463
03007664631
03007665394
03007664265
03007664446
03007666745
03007668734
03007662876
03007669783
03007662226
03007662542
03007667770
03007665934
03007666980
03007662964
03007666025
03007661353
03007664935
03007665766
03007669692
03007666202
03007661625
03007669829
03007664856
03007665547
03007662733
03007668451
03007668316
03007664626
03007668541
03007661302
03007665707
03007666861
03007669460
03007661301
03007665503
03007662490
03007666673
03007663798
03007664526
03007663184
03007661148
03007668158
03007662396
03007667507
03007667617
03007665484
03007664512
03007661405
03007665354
03007661530
03007665234
03007664898
03007664782
03007666797
03007665099
03007663057
03007663479
03007669136
03007665267
03007663385
03007669523
03007663996
03007666467
03007663453
03007667304
03007663360
03007664307
03007665685
03007669243
03007666789
03007669453
03007664292
03007669627
03007664793
03007665184
03007667577
03007663058
03007666193
03007666993
03007668154
03007663937
03007669344
03007664138
03007668833
03007664182
03007669244
03007668019
03007669040
03007661295
03007668077
03007667929
03007661537
03007664083
03007667554
03007662766
03007661893
03007662105
03007662381
03007669203
03007663604
03007668337
03007668087
03007669508
03007665172
03007666419
03007663409
03007665105
03007669024
03007668089
03007666087
03007666796
03007661165
03007664088
03007664612
03007668950
03007662958
03007664674
03007668770
03007669819
03007662621
03007662448
03007667624
03007662868
03007664561
03007667379
03007664885
03007667453
03007669763
03007662113
03007668375
03007661607
03007665699
03007666255
03007663382
03007669304
03007664396
03007668773
03007663659
03007665109
03007663016
03007661757
03007664348
03007667186
03007668296
03007669526
03007667233
03007664064
03007667141
03007669569
03007664528
03007663255
03007669006
03007667705
03007662283
03007661013
03007665643
03007667646
03007661918
03007663676
03007669373
03007663144
03007668518
03007665787
03007661226
03007665400
03007665025
03007664436
03007669661
03007668781
03007664420
03007663946
03007663644
03007668465
03007662191
03007662895
03007664775
03007661103
03007661095
03007669766
03007667477
03007666778
03007669465
03007668600
03007661097
03007661681
03007663320
03007663958
03007669778
03007663738
03007665036
03007662838
03007661741
03007669503
03007668856
03007666240
03007668923
03007661697
03007667884
03007665560
03007662125
03007667423
03007664718
03007669850
03007668622
03007666425
03007663338
03007669445
03007664823
03007663429
03007665272
03007662246
03007667501
03007663526
03007668553
03007663120
03007664597
03007667644
03007662539
03007668398
03007661833
03007667717
03007663118
03007662475
03007663077
03007665517
03007665614
03007664100
03007665432
03007667528
03007669626
03007663036
03007669878
03007669922
03007666165
03007666730
03007668436
03007661827
03007665693
03007666906
03007666424
03007669988
03007668628
03007661813
03007666364
03007668035
03007661886
03007666731
03007664452
03007664055
03007665264
03007665361
03007669739
03007664152
03007666257
03007664682
03007661429
03007661250
03007669823
03007661432
03007667675
03007665443
03007665715
03007661908
03007662167
03007661591
03007662988
03007663148
03007668036
03007661712
03007669042
03007664381
03007661327
03007668072
03007668917
03007663994
03007661063
03007669381
03007666965
03007668958
03007663353
03007666905
03007662244
03007666554
03007664524
03007668591
03007663097
03007661321
03007668806
03007664395
03007669458
03007662440
03007665194
03007664942
03007667954
03007662060
03007664369
03007669956
03007667583
03007668919
03007666798
03007666280
03007662735
03007667364
03007662673
03007668690
03007661410
03007664985
03007662891
03007661021
03007665154
03007667937
03007665726
03007663648
03007661037
03007668882
03007662562
03007666812
03007667505
03007662473
03007664343
03007667187
03007666695
03007663220
03007663784
03007662959
03007661348
03007661437
03007669169
03007661089
03007667969
03007669748
03007662100
03007669086
03007664610
03007665304
03007668173
03007666968
03007669012
03007663651
03007663833
03007662242
03007663264
03007666842
03007666213
03007661316
03007661867
03007667898
03007661629
03007669947
03007661473
03007667166
03007662568
03007662734
03007668101
03007669776
03007663630
03007661256
03007667654
03007663174
03007662424
03007664606
03007662723
03007665101
03007668403
03007666484
03007669333
03007661246
03007662872
03007663293
03007662914
03007662580
03007663831
03007664400
03007666278
03007665731
03007669328
03007664098
03007665007
03007662008
03007665112
03007663668
03007665746
03007668891
03007665171
03007664845
03007661151
03007668762
03007662328
03007664184
03007661040
03007665228
03007666482
03007668675
03007663823
03007664891
03007669369
03007669075
03007666141
03007667521
03007664475
03007667578
03007667126
03007664402
03007667742
03007667734
03007662679
03007666071
03007669164
03007662389
03007664508
03007662159
03007663333
03007661288
03007661500
03007669679
03007662745
03007663579
03007665476
03007661821
03007666187
03007669709
03007666819
03007667428
03007668102
03007662080
03007661255
03007663539
03007668027
03007661144
03007663995
03007667272
03007665236
03007662936
03007664821
03007668745
03007662932
03007666077
03007661656
03007667462
03007666571
03007662258
03007662556
03007665883
03007663386
03007667909
03007664961
03007662428
03007669074
03007668620
03007668800
03007662393
03007661577
03007665684
03007662670
03007663007
03007663655
03007666999
03007662206
03007661992
03007668567
03007663887
03007663793
03007664031
03007668111
03007662890
03007667975
03007666465
03007669670
03007661891
03007668749
03007662787
03007664500
03007661761
03007668986
03007664454
03007665853
03007665928
03007665648
03007663858
03007661613
03007661393
03007669342
03007663610
03007661744
03007662005
03007665280
03007667344
03007663711
03007664209
03007665982
03007663645
03007662667
03007661271
03007666844
03007661099
03007666850
03007668893
03007665528
03007663033
03007666427
03007665753
03007664433
03007665294
03007664364
03007664720
03007664390
03007664546
03007665037
03007662928
03007664188
03007663004
03007669251
03007669524
03007667357
03007666760
03007662851
03007665941
03007666410
03007663430
03007668455
03007668303
03007665423
03007664218
03007666881
03007666072
03007664780
03007668171
03007664704
03007668432
03007668529
03007663089
03007662267
03007667529
03007665412
03007667600
03007664001
03007661869
03007669497
03007661835
03007661049
03007667183
03007668757
03007665032
03007663460
03007665738
03007664743
03007669186
03007668146
03007662136
03007667411
03007663321
03007666254
03007663043
03007666685
03007663129
03007669255
03007663554
03007664399
03007662824
03007668673
03007664723
03007666115
03007664331
03007667310
03007667449
03007661951
03007666840
03007668263
03007665751
03007667888
03007667682
03007661041
03007663181
03007661212
03007663243
03007668791
03007665511
03007664259
03007665028
03007662913
03007664323
03007664490
03007661091
03007668697
03007668422
03007667377
03007661367
03007663294
03007669830
03007666716
03007669643
03007669207
03007665932
03007668144
03007664829
03007663051
03007667790
03007665349
03007661428
03007667375
03007669233
03007661661
03007665514
03007667699
03007666813
03007667208
03007666677
03007667633
03007668380
03007663270
03007665082
03007669544
03007666346
03007665536
03007668774
03007664160
03007662600
03007663072
03007665949
03007663991
03007665055
03007662422
03007668617
03007663692
03007666298
03007668232
03007661331
03007663275
03007662086
03007667593
03007666311
03007662292
03007662382
03007662887
03007666197
03007667891
03007661756
03007663531
03007664136
03007664143
03007666098
03007668861
03007661423
03007668784
03007661311
03007662261
03007668159
03007667465
03007667099
03007669637
03007661699
03007667710
03007666225
03007666943
03007662952
03007669767
03007664701
03007665425
03007669886
03007662489
03007668129
03007668732
03007664079
03007667509
03007664888
03007663507
03007661071
03007667871
03007668037
03007661524
03007668653
03007663143
03007661090
03007668388
03007669930
03007668985
03007669036
03007668471
03007669017
03007668273
03007662416
03007666274
03007661851
03007663483
03007664749
03007668191
03007669838
03007665067
03007668187
03007662287
03007662757
03007661016
03007665995
03007668796
03007661876
03007669741
03007665094
03007669883
03007666416
03007669764
03007667856
03007662557
03007669659
03007666340
03007668550
03007668736
03007665338
03007665713
03007662675
03007665703
03007663600
03007668332
03007663701
03007661556
03007664326
03007664787
03007662240
03007664980
03007662456
03007661190
03007663938
03007664296
03007661873
03007663715
03007663899
03007669708
03007663614
03007667311
03007665102
03007667778
03007662153
03007666059
03007668007
03007669246
03007662375
03007663948
03007662370
03007667020
03007668951
03007663557
03007661406
03007669055
03007667629
03007669985
03007669553
03007661847
03007664081
03007664929
03007665214
03007666038
03007667142
03007664448
03007665302
03007669929
03007664196
03007663402
03007661921
03007667924
03007661446
03007669970
03007663267
03007663754
03007661948
03007667003
03007665146
03007669824
03007664240
03007669866
03007666332
03007662971
03007662572
03007667288
03007669485
03007667609
03007667659
03007664052
03007668024
03007667889
03007664867
03007662326
03007661175
03007666260
03007663272
03007664070
03007664736
03007669049
03007663578
03007668057
03007663277
03007669114
03007665196
03007666623
03007662309
03007666329
03007661261
03007669394
03007662718
03007666513
03007661668
03007662894
03007669372
03007667540
03007664594
03007661599
03007667776
03007667241
03007668501
03007663391
03007668238
03007668544
03007662828
03007665629
03007664172
03007666854
03007664030
03007664689
03007661352
03007668223
03007666155
03007661643
03007666284
03007664520
03007661765
03007664155
03007668846
03007662193
03007669194
03007668091
03007667562
03007667120
03007665062
03007664173
03007667264
03007666354
03007665199
03007663319
03007665944
03007664662
03007664744
03007667010
03007663087
03007663363
03007667148
03007662082
03007664909
03007668047
03007664023
03007666782
03007661978
03007665026
03007664314
03007664573
03007667569
03007662398
03007668890
03007665288
03007663108
03007667198
03007667145
03007661704
03007665045
03007668505
03007661910
03007666008
03007662653
03007666902
03007665841
03007663221
03007668293
03007662822
03007662437
03007664548
03007669969
03007668289
03007665095
03007665669
03007667708
03007661900
03007668808
03007666933
03007666520
03007665832
03007666639
03007668611
03007661800
03007667029
03007665495
03007668408
03007669447
03007668709
03007667035
03007661569
03007664707
03007662816
03007665574
03007668583
03007669307
03007665983
03007661772
03007669226
03007668812
03007662202
03007662747
03007662939
03007662794
03007665534
03007664783
03007666764
03007667130
03007666820
03007661857
03007665588
03007663606
03007662492
03007662413
03007663599
03007669482
03007662756
03007668038
03007667421
03007661280
03007668032
03007661819
03007668853
03007664669
03007661817
03007665380
03007664430
03007665467
03007663637
03007663974
03007662300
03007665833
03007666899
03007669631
03007667084
03007665938
03007662743
03007667244
03007669720
03007668883
03007667961
03007662184
03007665824
03007669106
03007661665
03007667549
03007666670
03007662199
03007665100
03007668175
03007662187
03007661768
03007665878
03007665931
03007666583
03007664460
03007664556
03007668070
03007669699
03007666475
03007665558
03007667730
03007667966
03007663670
03007665846
03007669477
03007667637
03007662783
03007661391
03007664342
03007668897
03007664459
03007665081
03007666515
03007667080
03007666013
03007666082
03007668645
03007667122
03007667067
03007665044
03007665232
03007662821
03007661692
03007663041
03007663830
03007666679
03007669273
03007662275
03007663271
03007662885
03007666937
03007668581
03007666161
03007667009
03007668933
03007666470
03007666143
03007661270
03007669341
03007666505
03007664269
03007669671
03007663196
03007663853
03007669227
03007662259
03007662183
03007669402
03007665424
03007662546
03007661449
03007667595
03007668034
03007666299
03007663700
03007667324
03007662410
03007669602
03007666083
03007669078
03007662333
03007662663
03007664359
03007663978
03007667606
03007664216
03007662168
03007665170
03007664302
03007662850
03007661532
03007661746
03007664858
03007666992
03007661667
03007664816
03007669812
03007664571
03007663128
03007663759
03007667467
03007667090
03007668636
03007663488
03007667643
03007668821
03007661531
03007662154
03007668108
03007664550
03007667331
03007667639
03007662157
03007661115
03007665933
03007669120
03007669400
03007667765
03007664151
03007666668
03007664065
03007661064
03007661462
03007667907
03007668990
03007662704
03007668884
03007662481
03007662414
03007662012
03007664635
03007661533
03007664497
03007669814
03007662640
03007663422
03007662491
03007667691
03007661439
03007667661
03007668267
03007666767
03007666823
03007668026
03007664846
03007661729
03007661080
03007669134
03007661737
03007662532
03007664875
03007665575
03007661651
03007666976
03007663237
03007665012
03007667445
03007667253
03007669780
03007669805
03007665647
03007664121
03007668407
03007668085
03007661559
03007664954
03007664593
03007664654
03007665464
03007667953
03007661192
03007662749
03007664788
03007668346
03007661403
03007664284
03007669353
03007665478
03007669879
03007661837
03007662995
03007666793
03007667489
03007662021
03007667483
03007661034
03007667773
03007668533
03007665496
03007664455
03007665421
03007667968
03007668718
03007663801
03007665601
03007663626
03007667664
03007662024
03007663211
03007668276
03007666598
03007663702
03007665080
03007666009
03007661216
03007669363
03007664483
03007664255
03007667525
03007664383
03007661635
03007661820
03007662225
03007663688
03007666420
03007668369
03007663462
03007667408
03007665748
03007663965
03007662899
03007665585
03007664204
03007668604
03007664235
03007662748
03007662423
03007661082
03007668075
03007661806
03007669060
03007669799
03007665342
03007662721
03007662847
03007661020
03007669903
03007664771
03007662684
03007666883
03007663018
03007668020
03007667692
03007666397
03007661275
03007668345
03007666199
03007668220
03007665602
03007669652
03007662415
03007662215
03007667852
03007663214
03007662844
03007666529
03007668397
03007664904
03007664324
03007664922
03007666042
03007664019
03007665156
03007668790
03007661243
03007666648
03007662765
03007664301
03007664812
03007661774
03007663070
03007664667
03007666663
03007667341
03007669867
03007662877
03007664896
03007663930
03007664380
03007664170
03007665632
03007661726
03007669758
03007663624
03007664708
03007665319
03007663303
03007661717
03007663099
03007663707
03007661834
03007664181
03007669021
03007665115
03007661579
03007667815
03007663749
03007668568
03007666347
03007665930
03007669216
03007668834
03007663621
03007669967
03007667400
03007662016
03007663020
03007662268
03007662408
03007668149
03007661797
03007661481
03007664053
03007662033
03007661942
03007663372
03007662201
03007668405
03007668778
03007666102
03007661614
03007664921
03007663335
03007661075
03007667965
03007664476
03007662387
03007661160
03007666356
03007663160
03007664457
03007665599
03007667735
03007669085
03007664608
03007663346
03007666589
03007664570
03007669647
03007661696
03007663176
03007663875
03007667073
03007669547
03007664068
03007668607
03007669595
03007662864
03007661145
03007663855
03007661724
03007668726
03007669488
03007664618
03007667887
03007661617
03007667817
03007661512
03007664659
03007662888
03007663439
03007668608
03007668525
03007661508
03007667229
03007668642
03007669128
03007666001
03007663751
03007661841
03007661706
03007661874
03007663317
03007662651
03007668265
03007662151
03007664676
03007667585
03007664928
03007661276
03007669408
03007665718
03007665909
03007668256
03007666626
03007669724
03007662596
03007662725
03007663794
03007666046
03007666110
03007664108
03007662881
03007666666
03007668225
03007663932
03007666579
03007667796
03007669898
03007667366
03007663421
03007667451
03007662627
03007663380
03007667058
03007666234
03007669554
03007661950
03007664061
03007669232
03007665165
03007665300
03007662837
03007665367
03007664791
03007668306
03007668830
03007666360
03007668609
03007664010
03007662461
03007665103
03007663195
03007669500
03007669607
03007667862
03007661991
03007667149
03007662518
03007667444
03007662227
03007667128
03007664320
03007667855
03007669506
03007669636
03007661157
03007665695
03007662625
03007664998
03007663470
03007661044
03007665339
03007664949
03007668909
03007667294
03007667368
03007663486
03007666536
03007662313
03007668787
03007665000
03007669745
03007663598
03007664974
03007666766
03007664598
03007665865
03007663788
03007668810
03007669158
03007667068
03007662566
03007666321
03007663392
03007669525
03007668022
03007663906
03007666884
03007668537
03007667967
03007661059
03007661469
03007662937
03007665719
03007664511
03007661842
03007668619
03007662922
03007669374
03007668506
03007665843
03007667931
03007663743
03007663423
03007668624
03007662231
03007668212
03007668743
03007663569
03007663326
03007664306
03007666826
03007669464
03007666220
03007663741
03007662388
03007661810
03007661549
03007669820
03007665622
03007661434
03007668560
03007662845
03007668489
03007669605
03007662150
03007663357
03007661185
03007667535
03007662558
03007665024
03007666645
03007661680
03007669732
03007661480
03007668445
03007667074
03007667592
03007668061
03007667947
03007669600
03007663548
03007665414
03007666618
03007665252
03007663792
03007669030
03007666134
03007664795
03007663505
03007667836
03007668440
03007668731
03007665960
03007666947
03007669058
03007666079
03007661543
03007667576
03007664203
03007664600
03007664663
03007662957
03007661476
03007661231
03007663413
03007663113
03007666953
03007669034
03007661457
03007667614
03007664555
03007662057
03007664620
03007661319
03007669172
03007666216
03007668818
03007669350
03007663177
03007662274
03007664422
03007662775
03007663719
03007665958
03007662709
03007668464
03007666987
03007666185
03007662145
03007665139
03007664545
03007663832
03007661777
03007662094
03007669543
03007667780
03007661471
03007666605
03007663710
03007664295
03007662281
03007666969
03007669281
03007661930
03007661878
03007667327
03007667163
03007665817
03007665360
03007668138
03007662909
03007661114
03007666687
03007664804
03007664840
03007669486
03007662327
03007668842
03007663997
03007665821
03007669320
03007664169
03007664706
03007669215
03007662863
03007662353
03007668147
03007661009
03007666669
03007666733
03007664126
03007666633
03007667072
03007669933
03007663440
03007664809
03007661785
03007664641
03007668771
03007661506
03007663288
03007663589
03007666538
03007666408
03007663808
03007667792
03007663426
03007666657
03007664536
03007666383
03007662968
03007663941
03007667993
03007665879
03007669360
03007662921
03007664574
03007664091
03007664537
03007665884
03007668170
03007664986
03007663044
03007663410
03007669955
03007669046
03007669610
03007667248
03007669048
03007667125
03007669347
03007662081
03007667709
03007667178
03007666241
03007669716
03007668526
03007662120
03007669436
03007668651
03007661397
03007666391
03007669558
03007663756
03007667816
03007667844
03007666269
03007665672
03007665525
03007661703
03007662378
03007664033
03007663929
03007665939
03007663354
03007665283
03007668597
03007661624
03007664565
03007663369
03007664043
03007668963
03007661202
03007669810
03007667814
03007668224
03007664847
03007663493
03007661408
03007667715
03007663900
03007666671
03007669856
03007662812
03007669009
03007662502
03007669760
03007664966
03007663894
03007663544
03007662108
03007668394
03007667374
03007667153
03007668131
03007667885
03007661447
03007667433
03007664686
03007667300
03007663768
03007662900
03007665087
03007669934
03007669492
03007665704
03007663014
03007665321
03007665812
03007667658
03007663325
03007665179
03007668786
03007668326
03007661364
03007668545
03007661369
03007664253
03007668662
03007664813
03007667951
03007663921
03007668292
03007667107
03007662802
03007667340
03007665441
03007667927
03007669468
03007666156
03007668850
03007661919
03007663295
03007667257
03007663405
03007667442
03007666719
03007663577
03007661205
03007663954
03007668972
03007668164
03007662467
03007665901
03007661357
03007665345
03007669442
03007665187
03007664609
03007664488
03007668353
03007665544
03007663934
03007662751
03007664880
03007663847
03007669152
03007661207
03007665247
03007662545
03007665891
03007662946
03007665130
03007669672
03007668761
03007664807
03007665019
03007669377
03007665197
03007669678
03007667277
03007665223
03007667216
03007665838
03007661259
03007663356
03007669454
03007661349
03007665562
03007669358
03007664262
03007666926
03007665162
03007666940
03007662471
03007665074
03007666118
03007661038
03007663530
03007661186
03007665405
03007663774
03007663848
03007664115
03007667843
03007663747
03007664338
03007667213
03007664820
03007665057
03007668911
03007663323
03007667861
03007664842
03007668877
03007664564
03007663240
03007661171
03007662811
03007663053
03007667318
03007661580
03007666920
03007666421
03007669463
03007663785
03007661257
03007661061
03007662127
03007667863
03007661338
03007668931
03007669551
03007666588
03007661333
03007665408
03007663309
03007667114
03007669932
03007669983
03007669308
03007664124
03007666004
03007661866
03007669414
03007663030
03007661260
03007664917
03007662179
03007668310
03007661022
03007665212
03007669533
03007664392
03007661764
03007665136
03007666464
03007661392
03007661274
03007666129
03007664154
03007663558
03007666091
03007669033
03007662360
03007662839
03007667810
03007663442
03007665077
03007669113
03007666068
03007666959
03007669480
03007669580
03007662905
03007665913
03007664810
03007661025
03007666296
03007664116
03007661839
03007667496
03007666656
03007661395
03007663149
03007661803
03007664753
03007666483
03007662715
03007663593
03007663489
03007665435
03007661105
03007668351
03007664105
03007667321
03007664617
03007665898
03007665072
03007669499
03007669772
03007661513
03007664727
03007663907
03007661102
03007663299
03007665896
03007663444
03007665590
03007664835
03007663390
03007662878
03007667012
03007663650
03007661464
03007667387
03007663619
03007662015
03007669853
03007668865
03007664025
03007662610
03007667013
03007667684
03007661318
03007669677
03007661628
03007663596
03007668702
03007662355
03007663779
03007666585
03007665911
03007662277
03007664205
03007663664
03007663308
03007662980
03007661416
03007667822
03007665705
03007666680
03007667275
03007669108
03007667440
03007663019
03007669324
03007663570
03007662245
03007669511
03007665407
03007663305
03007666438
03007662547
03007664334
03007661008
03007668943
03007662234
03007667957
03007667517
03007666136
03007665868
03007666181
03007664529
03007666715
03007668497
03007662541
03007666194
03007666152
03007661794
03007663375
03007666034
03007668169
03007662920
03007665890
03007667081
03007668684
03007663302
03007663173
03007668551
03007667514
03007666409
03007667260
03007667941
03007668516
03007666449
03007669437
03007668874
03007663399
03007667632
03007665968
03007662067
03007664239
03007663454
03007666184
03007668030
03007661225
03007669238
03007662978
03007662833
03007666206
03007662567
03007662441
03007664978
03007663540
03007665285
03007664646
03007668552
03007667611
03007669229
03007667760
03007667210
03007663690
03007667510
03007662983
03007661426
03007663401
03007669804
03007666031
03007662744
03007668844
03007667385
03007661534
03007667218
03007665988
03007662301
03007669257
03007661244
03007661051
03007669179
03007664194
03007667497
03007662820
03007667973
03007668148
03007661799
03007667533
03007666879
03007663011
03007662269
03007664865
03007665775
03007661787
03007661156
03007662129
03007669702
03007669370
03007664087
03007663168
03007661109
03007669444
03007662817
03007662956
03007666041
03007663500
03007661663
03007661342
03007662599
03007666019
03007667830
03007665240
03007668182
03007669275
03007664417
03007669129
03007668420
03007668116
03007663992
03007661767
03007662966
03007661554
03007662317
03007667050
03007665089
03007668194
03007668614
03007666885
03007666396
03007667460
03007668539
03007668895
03007669487
03007668764
03007663653
03007662027
03007665877
03007669466
03007667916
03007669774
03007664040
03007669806
03007669584
03007665505
03007665438
03007662034
03007664505
03007666474
03007668664
03007665266
03007663062
03007668711
03007664051
03007668968
03007669655
03007662792
03007664735
03007669690
03007664854
03007665273
03007667698
03007662852
03007668315
03007664028
03007665882
03007666742
03007667201
03007662503
03007663135
03007668982
03007666056
03007663722
03007665815
03007666244
03007662712
03007661201
03007669609
03007667568
03007667755
03007668631
03007664391
03007662798
03007667534
03007665282
03007663877
03007662810
03007664639
03007668127
03007661340
03007661884
03007663543
03007662098
03007667591
03007662346
03007668586
03007661664
03007667077
03007661304
03007669902
03007661984
03007665700
03007668511
03007664384
03007663813
03007669942
03007662251
03007664223
03007667551
03007667561
03007661642
03007662986
03007662826
03007664221
03007668133
03007663910
03007662575
03007665679
03007667798
03007665398
03007667281
03007662612
03007663311
03007666774
03007664147
03007663340
03007669542
03007668448
03007665680
03007663370
03007667695
03007661262
03007664191
03007663115
03007663378
03007666628
03007665501
03007669618
03007669264
03007666880
03007668109
03007661493
03007667393
03007665357
03007666306
03007661600
03007669061
03007664104
03007669159
03007669149
03007662189
03007666426
03007662813
03007668530
03007668920
03007664906
03007662690
03007668629
03007666917
03007667982
03007664099
03007667638
03007666619
03007664142
03007667490
03007661753
03007662533
03007665417
03007661932
03007665847
03007667731
03007663542
03007667897
03007662963
03007668941
03007666727
03007669388
03007663618
03007662445
03007669621
03007661963
03007665017
03007666542
03007668805
03007668668
03007665183
03007663112
03007668363
03007662790
03007664984
03007662135
03007664095
03007667610
03007661081
03007667683
03007661409
03007664999
03007662832
03007665390
03007661487
03007668925
03007663105
03007663161
03007662713
03007666996
03007661206
03007663936
03007664403
03007661483
03007668349
03007663257
03007663241
03007667402
03007661971
03007667427
03007663289
03007664449
03007668139
03007663279
03007669925
03007664623
03007668924
03007669575
03007665978
03007668940
03007661522
03007665523
03007666304
03007661967
03007667359
03007666208
03007666435
03007667206
03007667184
03007664777
03007663849
03007665516
03007667811
03007664503
03007665919
03007666224
03007666795
03007667263
03007661362
03007662732
03007665976
03007664156
03007667804
03007661864
03007663512
03007663314
03007666307
03007664759
03007668252
03007667140
03007669568
03007661677
03007661602
03007663945
03007663145
03007661264
03007662045
03007669151
03007662306
03007667225
03007668078
03007669498
03007661002
03007666095
03007669562
03007663800
03007668860
03007667038
03007668076
03007666235
03007664691
03007668186
03007669343
03007666267
03007661993
03007662002
03007661027
03007664415
03007668275
03007661490
03007665295
03007664742
03007661648
03007662806
03007661074
03007664850
03007661219
03007669892
03007664857
03007661807
03007662623
03007661832
03007666586
03007665600
03007664458
03007669845
03007663158
03007669615
03007666380
03007663962
03007669997
03007669884
03007662383
03007661427
03007662710
03007667726
03007668174
03007661877
03007667892
03007667545
03007661911
03007666242
03007667432
03007664988
03007661098
03007669219
03007665674
03007669989
03007661204
03007665804
03007669111
03007668654
03007666986
03007665190
03007669210
03007665776
03007666140
03007664901
03007662666
03007665286
03007667399
03007666392
03007669019
03007667588
03007667480
03007667808
03007668616
03007664843
03007664634
03007669660
03007663104
03007667231
03007668104
03007665493
03007666170
03007664035
03007661325
03007666005
03007662848
03007662693
03007669608
03007668499
03007663280
03007662228
03007665986
03007662031
03007667441
03007668640
03007661987
03007668694
03007668103
03007663404
03007666081
03007668008
03007666897
03007661647
03007666754
03007666970
03007661121
03007669059
03007665701
03007663999
03007668261
03007665813
03007661242
03007669294
03007666566
03007666684
03007669424
03007667978
03007661739
03007661196
03007665794
03007663235
03007662263
03007668005
03007669755
03007664969
03007669305
03007665950
03007664009
03007668793
03007669663
03007664440
03007666111
03007662449
03007667167
03007668937
03007661033
03007665317
03007661086
03007667515
03007666507
03007668979
03007666810
03007664874
03007663969
03007662945
03007666755
03007669959
03007667124
03007667325
03007669712
03007664346
03007663170
03007662147
03007667933
03007666532
03007665083
03007667223
03007663782
03007665022
03007666226
03007661107
03007663760
03007662078
03007667803
03007665708
03007664918
03007664601
03007668997
03007668822
03007666320
03007663553
03007667706
03007668248
03007663632
03007664672
03007663727
03007661092
03007667880
03007662090
03007665609
03007666024
03007665757
03007664250
03007662597
03007664134
03007667766
03007667019
03007663497
03007668682
03007665034
03007662000
03007661568
03007661283
03007663218
03007669097
03007663362
03007669944
03007669634
03007667976
03007661929
03007661805
03007668202
03007665237
03007668066
03007663912
03007665348
03007662312
03007669848
03007663764
03007663107
03007665042
03007661468
03007667623
03007664213
03007668125
03007669871
03007665667
03007668199
03007665406
03007668910
03007663603
03007667655
03007664611
03007664367
03007661108
03007663159
03007663769
03007662981
03007667616
03007664878
03007662609
03007667136
03007665894
03007666310
03007662853
03007661228
03007661786
03007661526
03007668331
03007665650
03007665948
03007668999
03007664666
03007667007
03007663698
03007664356
03007666890
03007664372
03007666300
03007661548
03007665418
03007661290
03007668056
03007666078
03007667980
03007669386
03007667707
03007664649
03007662705
03007663681
03007664836
03007666856
03007665225
03007661865
03007661914
03007661923
03007663940
03007665119
03007668703
03007662815
03007667948
03007663463
03007669140
03007669267
03007661026
03007663601
03007669296
03007667001
03007665356
03007669939
03007661732
03007664962
03007669948
03007669081
03007661690
03007669456
03007661666
03007666787
03007661789
03007664129
03007669507
03007668130
03007661701
03007665966
03007661052
03007668585
03007668460
03007661077
03007662366
03007661720
03007668458
03007666251
03007661358
03007665311
03007667723
03007667004
03007668120
03007662250
03007668817
03007666372
03007666516
03007662192
03007661106
03007669800
03007666950
03007663081
03007661763
03007669280
03007661879
03007661035
03007663028
03007669834
