03006659445
03006651444
03006652240
03006653933
03006655113
03006659147
03006653139
03006651779
03006658249
03006653110
03006654788
03006657660
03006659886
03006652271
03006658866
03006657866
03006659735
03006659157
03006659529
03006653890
03006651212
03006656111
03006657204
03006659052
03006651940
03006652823
03006655625
03006651925
03006655543
03006655711
03006651377
03006653454
03006653862
03006659796
03006651610
03006659927
03006658584
03006655947
03006652532
03006654996
03006653963
03006651205
03006653986
03006655336
03006655595
03006658602
03006659666
03006658996
03006657242
03006659415
03006651264
03006659323
03006651728
03006653334
03006654240
03006653188
03006651993
03006652290
03006653521
03006651214
03006656235
03006652538
03006651733
03006651333
03006653797
03006658939
03006659281
03006659261
03006653209
03006656996
03006658894
03006657249
03006654905
03006653217
03006658704
03006656603
03006657227
03006657023
03006652258
03006656547
03006658469
03006651961
03006652190
03006654539
03006658067
03006658276
03006655686
03006655396
03006658481
03006653657
03006659010
03006653782
03006657727
03006658667
03006652253
03006659014
03006651539
03006655504
03006657940
03006659715
03006657980
03006656206
03006654267
03006654479
03006658428
03006651022
03006654484
03006655389
03006655062
03006656497
03006658956
03006659688
03006654068
03006659771
03006659143
03006659258
03006652023
03006652385
03006653252
03006653884
03006659551
03006657985
03006655112
03006659521
03006656237
03006659689
03006655064
03006651723
03006659082
03006651530
03006656831
03006655755
03006657923
03006654110
03006653588
03006659847
03006654664
03006653091
03006658595
03006652512
03006654826
03006658038
03006654598
03006652481
03006659871
03006652281
03006653481
03006655555
03006657474
03006655830
03006657200
03006656654
03006656281
03006655316
03006654957
03006652191
03006654794
03006653339
03006657415
03006657425
03006652857
03006653580
03006654016
03006651219
03006655147
03006658434
03006658588
03006652972
03006657688
03006655472
03006651483
03006651638
03006658483
03006659817
03006652783
03006658241
03006653526
03006654055
03006651000
03006653287
03006659100
03006651641
03006658793
03006658630
03006657655
03006654606
03006656117
03006652766
03006655255
03006655097
03006657400
03006655181
03006651018
03006658465
03006658651
03006657133
03006655046
03006653017
03006658886
03006652858
03006659512
03006655697
03006655030
03006653473
03006651574
03006654977
03006657541
03006653888
03006653369
03006651856
03006654915
03006659578
03006656353
03006659804
03006654882
03006653981
03006656855
03006654921
03006655700
03006652885
03006656302
03006651166
03006655649
03006653195
03006655169
03006658142
03006653775
03006653402
03006653763
03006655156
03006657103
03006653032
03006651140
03006655225
03006651209
03006654031
03006653325
03006653549
03006659073
03006655242
03006658135
03006656003
03006654590
03006659997
03006652145
03006657171
03006659932
03006651556
03006653810
03006651891
03006651902
03006653379
03006658200
03006653713
03006656516
03006651512
03006658745
03006652590
03006654647
03006657779
03006655714
03006659696
03006655541
03006659166
03006658854
03006652976
03006659893
03006656468
03006652092
03006654869
03006657952
03006652373
03006652139
03006659185
03006653405
03006651618
03006657984
03006657170
03006651476
03006657329
03006653333
03006658256
03006657829
03006659611
03006654210
03006652037
03006658189
03006653956
03006654893
03006654455
03006651267
03006653290
03006654194
03006655087
03006651717
03006657021
03006653949
03006651005
03006657936
03006657330
03006658106
03006658345
03006656662
03006659473
03006658385
03006656363
03006657285
03006651336
03006653023
03006653364
03006655683
03006654431
03006651764
03006656680
03006657356
03006652017
03006656307
03006651850
03006654292
03006658950
03006659132
03006658327
03006653790
03006657130
03006656388
03006655611
03006656311
03006654306
03006656824
03006657893
03006658037
03006656879
03006653930
03006651982
03006657217
03006659747
03006654483
03006651903
03006658529
03006657169
03006659930
03006654356
03006659953
03006656592
03006658988
03006651629
03006659723
03006653038
03006659156
03006659212
03006652644
03006652872
03006653478
03006653084
03006652773
03006652978
03006654512
03006655129
03006655327
03006658803
03006659782
03006659462
03006653423
03006652270
03006651823
03006659947
03006655762
03006651780
03006659201
03006658059
03006652960
03006652774
03006655731
03006655658
03006655970
03006657713
03006657836
03006656264
03006658314
03006653841
03006654773
03006652769
03006654572
03006651060
03006656269
03006651398
03006659130
03006658477
03006654191
03006655418
03006655137
03006655502
03006655552
03006653169
03006656717
03006659805
03006659776
03006657275
03006657376
03006654584
03006659912
03006657353
03006657114
03006654081
03006655264
03006656676
03006658865
03006657012
03006654962
03006655726
03006654890
03006652362
03006656001
03006657284
03006657589
03006653783
03006652922
03006657457
03006657222
03006655575
03006655487
03006655091
03006654544
03006651118
03006656458
03006658538
03006656565
03006657397
03006652758
03006659987
03006651148
03006655565
03006654045
03006652015
03006654396
03006658926
03006658742
03006656272
03006658490
03006654428
03006653158
03006655988
03006659380
03006658959
03006659990
03006659787
03006656227
03006651662
03006652454
03006651777
03006651627
03006658990
03006655557
03006652406
03006658474
03006658396
03006658329
03006654253
03006654902
03006656380
03006658801
03006652888
03006658662
03006655041
03006656649
03006658967
03006656632
03006651147
03006652329
03006659103
03006653738
03006657078
03006659579
03006656575
03006657610
03006656531
03006658325
03006658693
03006652084
03006652267
03006655405
03006658206
03006653184
03006653866
03006652193
03006656099
03006658904
03006651086
03006659592
03006652999
03006657102
03006651124
03006651186
03006655012
03006653487
03006656848
03006659297
03006656981
03006651821
03006657722
03006656576
03006652520
03006658351
03006654112
03006658413
03006657482
03006658951
03006654439
03006655047
03006653424
03006658017
03006654146
03006654079
03006659421
03006659472
03006656486
03006655344
03006653312
03006655205
03006655236
03006651637
03006651090
03006655518
03006651224
03006658028
03006658539
03006651121
03006655380
03006651181
03006654509
03006657071
03006651929
03006658887
03006651743
03006659619
03006659330
03006652229
03006654536
03006652408
03006655582
03006655873
03006651869
03006652835
03006655035
03006651248
03006652348
03006654232
03006652378
03006653264
03006657314
03006653115
03006652474
03006657323
03006651964
03006659232
03006653827
03006654244
03006659667
03006652243
03006653508
03006657074
03006658191
03006655191
03006657678
03006659853
03006655818
03006656014
03006651083
03006652827
03006656055
03006655216
03006653649
03006658389
03006652993
03006657290
03006651647
03006658022
03006651245
03006659756
03006658813
03006656413
03006654419
03006651435
03006656706
03006658340
03006655915
03006653629
03006658361
03006655760
03006656843
03006656056
03006651794
03006652495
03006658414
03006656364
03006652181
03006656645
03006656419
03006652106
03006656953
03006656182
03006656045
03006658519
03006653440
03006652262
03006657317
03006659377
03006658778
03006653258
03006652198
03006654382
03006653097
03006653961
03006654487
03006651587
03006655287
03006652628
03006656149
03006651233
03006655527
03006652733
03006652439
03006659063
03006653111
03006658526
03006659993
03006652312
03006659340
03006654667
03006651031
03006652294
03006657396
03006656098
03006658442
03006657466
03006657278
03006658535
03006655852
03006659083
03006652683
03006655800
03006656279
03006653027
03006658214
03006654685
03006655719
03006656328
03006655785
03006651001
03006653199
03006654206
03006658784
03006655843
03006652065
03006653437
03006652192
03006652743
03006651397
03006659189
03006654186
03006658682
03006653954
03006651317
03006655230
03006658702
03006656586
03006659980
03006652725
03006651793
03006656313
03006659982
03006655311
03006654196
03006651776
03006659188
03006652899
03006654235
03006656615
03006658494
03006657590
03006657439
03006657017
03006659246
03006653607
03006653536
03006659121
03006653837
03006654027
03006656002
03006655011
03006655286
03006657083
03006654414
03006653218
03006653779
03006658125
03006655070
03006659152
03006656544
03006651412
03006655861
03006656753
03006659241
03006651132
03006652208
03006656289
03006659950
03006652067
03006655460
03006653727
03006657791
03006658461
03006656578
03006652962
03006651180
03006659118
03006652671
03006652475
03006658350
03006653979
03006653547
03006659184
03006656489
03006654526
03006654774
03006659680
03006658489
03006658437
03006658828
03006653191
03006652403
03006656913
03006657548
03006654077
03006653934
03006656304
03006651284
03006657495
03006658622
03006652598
03006659006
03006656481
03006653061
03006651881
03006653206
03006653926
03006656606
03006657434
03006656608
03006659494
03006653577
03006652036
03006655289
03006656897
03006659632
03006652431
03006652699
03006651175
03006655927
03006657773
03006655758
03006654927
03006654273
03006657900
03006658994
03006655904
03006656938
03006659425
03006657857
03006659482
03006658530
03006651955
03006656826
03006655767
03006652265
03006657056
03006659949
03006659264
03006655797
03006659478
03006654582
03006655994
03006658989
03006655404
03006657556
03006651423
03006653079
03006657120
03006659141
03006658788
03006651836
03006655963
03006652155
03006654931
03006657183
03006651636
03006654094
03006653506
03006653865
03006655642
03006651226
03006651975
03006653987
03006659690
03006659687
03006652975
03006651906
03006656914
03006651533
03006651868
03006656434
03006656403
03006651410
03006651232
03006657684
03006656979
03006651092
03006657793
03006654333
03006655095
03006658981
03006653756
03006652945
03006656262
03006652660
03006655124
03006655238
03006651913
03006656417
03006655144
03006654443
03006655154
03006659097
03006652148
03006652988
03006656534
03006653787
03006658963
03006655315
03006655202
03006657691
03006652096
03006652101
03006652386
03006656886
03006659737
03006654549
03006653432
03006656880
03006657298
03006656744
03006653425
03006652214
03006657869
03006651790
03006656294
03006659954
03006656236
03006659986
03006656265
03006656789
03006652529
03006657882
03006658280
03006658104
03006657543
03006657798
03006651308
03006658441
03006657743
03006658570
03006658664
03006658140
03006658237
03006655501
03006657364
03006656764
03006654087
03006658263
03006657144
03006654923
03006652352
03006658722
03006651003
03006658665
03006651996
03006652668
03006655360
03006658966
03006657705
03006655312
03006659856
03006659004
03006651456
03006656445
03006655889
03006654530
03006655571
03006657280
03006651789
03006659001
03006654855
03006653550
03006658687
03006659729
03006653552
03006655898
03006658002
03006659644
03006657606
03006655529
03006659557
03006656539
03006659133
03006659312
03006657349
03006653080
03006658777
03006652833
03006655246
03006658283
03006659233
03006654044
03006652692
03006659864
03006653133
03006653350
03006653867
03006652316
03006658935
03006658443
03006651875
03006651807
03006657828
03006655667
03006652250
03006653474
03006651899
03006659114
03006659349
03006655397
03006656259
03006658709
03006653989
03006651446
03006654319
03006656748
03006651671
03006658596
03006656341
03006655309
03006659780
03006654472
03006652179
03006655690
03006654223
03006655473
03006659283
03006659058
03006655004
03006656032
03006655759
03006651804
03006651525
03006654159
03006656432
03006659933
03006654424
03006653125
03006659877
03006656505
03006658875
03006657489
03006654124
03006655127
03006651097
03006655465
03006652518
03006655887
03006657778
03006651294
03006656209
03006655126
03006655199
03006655390
03006654456
03006658398
03006655712
03006653861
03006655413
03006658559
03006654603
03006659867
03006658877
03006659846
03006659054
03006655812
03006653602
03006655347
03006652708
