0321783205
0321785610
0321784616
0321788609
0321788399
0321783465
0321783470
0321786968
0321787342
0321786002
0321783957
0321788630
0321782087
0321788918
0321782470
0321787503
0321787937
0321785071
0321787935
0321786494
0321782378
0321788245
0321789376
0321786504
0321782166
0321783171
0321788204
0321785532
0321785778
0321784917
0321782551
0321787216
0321787760
0321783424
0321789761
0321785516
0321781781
0321781359
0321789373
0321789689
0321787170
0321787146
0321785328
0321788559
0321784710
0321786580
0321785743
0321789593
0321781585
0321786429
0321785097
0321785819
0321785710
0321784960
0321786233
0321788111
0321786443
0321788169
0321785266
0321781435
0321781564
0321781084
0321781405
0321781414
0321784327
0321785494
0321782709
0321781986
0321786155
0321784490
0321786576
0321787120
0321782688
0321781074
0321782230
0321781176
0321783606
0321785519
0321786591
0321782461
0321785939
0321784192
0321788487
0321787454
0321781397
0321782049
0321788463
0321783527
0321787405
0321785338
0321782411
0321781065
0321784107
0321788254
0321785606
0321786061
0321783922
0321787145
0321781086
0321783033
0321787606
0321785429
0321781939
0321788520
0321788698
0321783022
0321783885
0321784003
0321786934
0321782836
0321782650
0321783702
0321782805
0321785496
0321787371
0321782596
0321783950
0321782278
0321787030
0321789181
0321784581
0321782078
0321785510
0321783012
0321784434
0321785468
0321786169
0321787253
0321786460
0321785136
0321785505
0321789427
0321788332
0321788762
0321786548
0321788933
0321782698
0321789027
0321784578
0321789524
0321782501
0321787362
0321781302
0321782757
0321788234
0321783464
0321789972
0321787128
0321788104
0321784055
0321783852
0321783025
0321784612
0321789860
0321783010
0321785685
0321788587
0321788417
0321787833
0321789680
0321786375
0321787513
0321788197
0321783378
0321787163
0321786048
0321785016
0321787317
0321783251
0321782451
0321789656
0321784110
0321788315
0321782317
0321788148
0321781710
0321781676
0321787233
0321782704
0321787281
0321789332
0321787032
0321781449
0321785574
0321785307
0321784150
0321786687
0321785923
0321787013
0321786161
0321781691
0321786126
0321782247
0321789164
0321787924
0321785593
0321789625
0321787415
0321784955
0321789811
0321784852
0321781604
0321784195
0321788914
0321786296
0321787542
0321784861
0321783975
0321786911
0321781183
0321785128
0321782399
0321787043
0321786748
0321787803
0321781856
0321784458
0321789360
0321789093
0321782812
0321786290
0321787965
0321783320
0321782189
0321788983
0321783786
0321786082
0321787607
0321785288
0321782326
0321789521
0321782180
0321789844
0321781378
0321786392
0321787853
0321789145
0321781061
0321783038
0321783528
0321784977
0321786562
0321788390
0321789082
0321781766
0321782415
0321783737
0321785166
0321788055
0321785862
0321789506
0321782040
0321785313
0321786230
0321785594
0321787472
0321785878
0321783576
0321789839
0321787522
0321788300
0321786903
0321786424
0321785464
0321786605
0321788031
0321787266
0321789283
0321781312
0321781403
0321784929
0321783107
0321788303
0321786567
0321783665
0321782345
0321782441
0321786464
0321784530
0321785148
0321783745
0321781672
0321785183
0321782849
0321782699
0321781401
0321786722
0321788318
0321781560
0321783466
0321785512
0321783695
0321788272
0321788561
0321787840
0321787830
0321782240
0321782756
0321784000
0321784827
0321781000
0321789168
0321789310
0321786523
0321788483
0321781135
0321782606
0321783608
0321787507
0321788160
0321782372
0321781276
0321784666
0321782859
0321788542
0321782847
0321784416
0321786584
0321789911
0321784680
0321786611
0321781546
0321784837
0321781055
0321789969
0321784072
0321783880
0321789393
0321788633
0321787773
0321787384
0321782745
0321782503
0321785873
0321786325
0321784216
0321784116
0321784709
0321784052
0321785305
0321783139
0321782418
0321785701
0321789297
0321784983
0321787823
0321786172
0321784089
0321784053
0321789453
0321784331
0321788255
0321786553
0321784410
0321787255
0321783213
0321784974
0321789733
0321781842
0321784534
0321786038
0321786974
0321788090
0321782367
0321789645
0321781901
0321787494
0321789531
0321787916
0321787550
0321788178
0321783650
0321789950
0321781212
0321786440
0321786078
0321783292
0321788172
0321787617
0321789772
0321789806
0321783011
0321789734
0321784318
0321784529
0321781296
0321781462
0321789071
0321785587
0321783259
0321788008
0321789732
0321783804
0321784444
0321789582
0321782151
0321781958
0321784800
0321789003
0321783944
0321789076
0321783117
0321781324
0321789783
0321789563
0321785402
0321788455
0321786821
0321787866
0321789356
0321782560
0321786634
0321789660
0321782167
0321783176
0321785001
0321786620
0321786087
0321781394
0321782591
0321786836
0321785641
0321787407
0321781996
0321783927
0321781333
0321783372
0321787278
0321783935
0321787785
0321788409
0321784965
0321785893
0321788765
0321785393
0321788652
0321781413
0321781244
0321787809
0321789921
0321789984
0321788782
0321789798
0321783718
0321782915
0321782549
0321786484
0321786280
0321785683
0321789566
0321782156
0321783405
0321784528
0321785488
0321784493
0321782077
0321787549
0321786698
0321781875
0321783757
0321788641
0321785407
0321783826
0321781443
0321786988
0321788803
0321786162
0321784186
0321783942
0321782550
0321783573
0321783560
0321783312
0321787450
0321781505
0321782726
0321784968
0321782809
0321782487
0321783276
0321786574
0321783864
0321784545
0321785110
0321788046
0321786227
0321789763
0321782992
0321781771
0321782657
0321788694
0321785993
0321789219
0321789522
0321782937
0321788517
0321789695
0321783386
0321785248
0321781031
0321783672
0321787226
0321788238
0321784918
0321784690
0321784939
0321781617
0321789075
0321782621
0321787715
0321782409
0321783810
0321781540
0321784792
0321786667
0321784031
0321784206
0321786815
0321783268
0321785501
0321789979
0321788057
0321784168
0321781159
0321789862
0321787676
0321785196
0321786468
0321782536
0321784754
0321782589
0321787081
0321782107
0321784293
0321788280
0321785823
0321784376
0321786900
0321782870
0321787109
0321787950
0321789349
0321781846
0321786999
0321789466
0321784969
0321783952
0321789188
0321782356
0321789213
0321784945
0321782518
0321785940
0321781273
0321785812
0321787756
0321782685
0321782373
0321785750
0321788382
0321782438
0321783125
0321784065
0321782631
0321784819
0321789312
0321789406
0321783974
0321788196
0321787002
0321782125
0321789785
0321788637
0321787893
0321781896
0321783729
0321785924
0321785052
0321783918
0321781955
0321784586
0321785835
0321782137
0321781592
0321787388
0321787770
0321781328
0321781249
0321781083
0321787972
0321781844
0321789886
0321786557
0321787694
0321782249
0321785951
0321781145
0321789807
0321784322
0321788938
0321789148
0321786027
0321789119
0321786564
0321788644
0321789826
0321783329
0321782195
0321782110
0321782279
0321785224
0321787034
0321787970
0321783226
0321781924
0321781635
0321782646
0321786947
0321785919
0321784152
0321787940
0321788750
0321781336
0321781496
0321786035
0321783675
0321789101
0321782772
0321781122
0321786029
0321785648
0321786686
0321786109
0321782473
0321786981
0321782683
0321781422
0321787753
0321789452
0321789648
0321787776
0321784277
0321785175
0321784278
0321782725
0321789221
0321788171
0321788324
0321787374
0321783019
0321784995
0321788086
0321785227
0321789292
0321782609
0321786150
0321784228
0321785747
0321781072
0321781124
0321786249
0321789575
0321781860
0321781101
0321784654
0321789962
0321785524
0321788165
0321784700
0321788291
0321787058
0321786321
0321785375
0321789396
0321786376
0321783551
0321782951
0321782660
0321788655
0321782629
0321788022
0321782104
0321785596
0321787689
0321785271
0321783525
0321783704
0321788576
0321786651
0321788028
0321785599
0321782417
0321781972
0321788120
0321783517
0321788361
0321781849
0321784854
0321789794
0321789394
0321788168
0321782970
0321786754
0321787851
0321782196
0321787594
0321786946
0321788656
0321783838
0321788648
0321785504
0321786964
0321789888
0321784639
0321789715
0321789030
0321785064
0321786978
0321784404
0321785431
0321789434
0321784299
0321786805
0321787775
0321781396
0321788227
0321782710
0321787427
0321784718
0321782840
0321785674
0321781507
0321788187
0321788653
0321781655
0321788579
0321783324
0321782615
0321786552
0321788473
0321781597
0321789138
0321782169
0321789776
0321783446
0321786765
0321788686
0321784164
0321789171
0321787259
0321785611
0321785937
0321788077
0321782245
0321787048
0321781735
0321788965
0321789489
0321789259
0321786135
0321788596
0321782067
0321783409
0321788398
0321781080
0321782816
0321782881
0321785825
0321785207
0321787560
0321782098
0321788147
0321787639
0321788289
0321782469
0321788740
0321782227
0321784742
0321781769
0321784022
0321789482
0321784395
0321782967
0321787386
0321784537
0321784307
0321781424
0321789861
0321789808
0321788935
0321788760
0321781377
0321782366
0321783948
0321785804
0321788339
0321785581
0321781610
0321785160
0321787463
0321788297
0321789788
0321786377
0321782994
0321786738
0321784746
0321787490
0321782112
0321788950
0321782585
0321789013
0321783693
0321788278
0321788574
0321784400
0321785346
0321786311
0321782289
0321787328
0321788703
0321787746
0321782287
0321781910
0321787363
0321785965
0321784063
0321787871
0321789234
0321789089
0321784749
0321784531
0321785047
0321786866
0321784511
0321785062
0321786823
0321781591
0321787595
0321789746
0321785946
0321788672
0321785669
0321787230
0321783938
0321785299
0321782041
0321787488
0321784467
0321785631
0321786877
0321781524
0321786428
0321784887
0321784714
0321789779
0321789926
0321784604
0321783529
0321784042
0321789353
0321788479
0321781800
0321787227
0321783998
0321781880
0321784691
0321782164
0321781416
0321781188
0321785123
0321788735
0321781745
0321783828
0321782572
0321786363
0321785369
0321789495
0321782707
0321787042
0321781235
0321787633
0321781109
0321781804
0321786704
0321789966
0321786020
0321784068
0321782140
0321783187
0321784584
0321781755
0321783498
0321785643
0321786136
0321787713
0321785885
0321782797
0321782303
0321784214
0321785689
0321788828
0321782789
0321784683
0321781058
0321782142
0321783415
0321784557
0321785108
0321787000
0321788774
0321787243
0321784166
0321786118
0321782194
0321781485
0321789451
0321781810
0321782197
0321785396
0321787119
0321782983
0321785548
0321787160
0321782072
0321789073
0321789232
0321781782
0321786822
0321784245
0321788275
0321787020
0321781944
0321782280
0321789015
0321785711
0321785645
0321786551
0321788959
0321781318
0321786186
0321785810
0321784512
0321786434
0321788818
0321788569
0321785845
0321787241
0321788985
0321783069
0321782694
0321785324
0321783326
0321783999
0321782755
0321782222
0321783837
0321783178
0321785774
0321783805
0321781071
0321783933
0321781664
0321789361
0321781350
0321789741
0321781195
0321785290
0321785555
0321783258
0321788202
0321783374
0321781773
0321788188
0321786660
0321787669
0321783856
0321786138
0321785632
0321787319
0321783431
0321785311
0321784288
0321785687
0321789916
0321784460
0321784884
0321784180
0321787880
0321786171
0321781425
0321783327
0321781498
0321787771
0321783612
0321789496
0321782328
0321782020
0321788847
0321787402
0321781404
0321787585
0321787144
0321783401
0321781788
0321787795
0321782528
0321784345
0321785929
0321783271
0321785508
0321784526
0321785102
0321787757
0321783341
0321783708
0321783318
0321782966
0321782253
0321783893
0321782017
0321785234
0321784341
0321782357
0321786105
0321787861
0321783707
0321783934
0321782267
0321788262
0321788284
0321789358
0321782866
0321785484
0321786514
0321782671
0321787089
0321789835
0321781950
0321788153
0321785990
0321785506
0321782668
0321785854
0321788620
0321788702
0321785881
0321787510
0321785568
0321781909
0321789059
0321789431
0321781689
0321781994
0321783055
0321781003
0321784369
0321787224
0321785167
0321782236
0321782273
0321786826
0321781036
0321786229
0321785085
0321781943
0321781884
0321783645
0321786367
0321785192
0321787852
0321787779
0321784362
0321783565
0321782380
0321783135
0321781848
0321787297
0321783574
0321787455
0321783240
0321785399
0321789197
0321789955
0321787076
0321787149
0321786327
0321783581
0321789328
0321787583
0321782730
0321785567
0321783684
0321784828
0321785413
0321783063
0321781090
0321789474
0321782785
0321788692
0321787438
0321781988
0321783319
0321784938
0321789371
0321787796
0321781871
0321783221
0321781987
0321784807
0321789932
0321787318
0321787602
0321784759
0321784271
0321788451
0321786779
0321781092
0321783613
0321788746
0321784308
0321783739
0321786411
0321785741
0321788383
0321789710
0321784338
0321784676
0321787018
0321784882
0321789956
0321789786
0321781643
0321788924
0321789509
0321783580
0321788877
0321784896
0321788095
0321785461
0321788514
0321785763
0321781913
0321786346
0321787038
0321781325
0321789952
0321787329
0321787619
0321786520
0321788131
0321786810
0321786246
0321786423
0321782979
0321782925
0321783241
0321789265
0321789388
0321788494
0321786992
0321789448
0321782700
0321784735
0321783850
0321783946
0321784715
0321783478
0321789025
0321787897
0321789977
0321786470
0321783364
0321784930
0321782627
0321785122
0321787333
0321782453
0321784675
0321785116
0321782535
0321787589
0321785448
0321789125
0321787268
0321784920
0321786898
0321787742
0321782788
0321786589
0321786101
0321783383
0321782904
0321783042
0321789106
0321788912
0321786268
0321786856
0321789043
0321781934
0321783261
0321785096
0321785867
0321784825
0321784325
0321781868
0321785367
0321782282
0321789175
0321788830
0321782179
0321785888
0321788772
0321781550
0321786466
0321786193
0321787579
0321789244
0321789262
0321782079
0321781686
0321787818
0321786072
0321785874
0321784592
0321788971
0321786926
0321784552
0321787153
0321785529
0321783559
0321788401
0321782850
0321783731
0321787516
0321785629
0321786622
0321785562
0321784301
0321789780
0321781356
0321781577
0321781561
0321783224
0321784105
0321781307
0321781456
0321783610
0321786670
0321783272
0321788537
0321784926
0321786156
0321787506
0321784099
0321786869
0321786707
0321782835
0321789036
0321784778
0321785692
0321784669
0321785570
0321781794
0321789147
0321785592
0321782305
0321782251
0321786945
0321786497
0321782531
0321784244
0321783728
0321781931
0321787025
0321784025
0321786795
0321785681
0321783928
0321789536
0321784708
0321784853
0321785068
0321786529
0321786924
0321784626
0321783428
0321782001
0321788745
0321786331
0321782896
0321789390
0321789333
0321783851
0321787610
0321785254
0321786747
0321785758
0321788590
0321785308
0321783008
0321781667
0321789416
0321787874
0321788845
0321781641
0321782258
0321784438
0321781916
0321785722
0321782931
0321787904
0321786692
0321788948
0321785499
0321787397
0321789034
0321787635
0321787985
0321783154
0321788527
0321782998
0321787960
0321789095
0321781798
0321789759
0321783681
0321789417
0321782959
0321784011
0321784127
0321789899
0321784689
0321784951
0321788594
0321786643
0321789532
0321787132
0321787998
0321783090
0321787911
0321783812
0321789871
0321785022
0321781493
0321786262
0321786333
0321788643
0321783412
0321786478
0321781206
0321782374
0321782680
0321784821
0321788396
0321782684
0321789391
0321788239
0321786510
0321782007
0321781395
0321784999
0321786060
0321787905
0321782285
0321788707
0321789869
0321789546
0321785535
0321781466
0321787749
0321787793
0321786046
0321788472
0321786951
0321781816
0321785436
0321787492
0321786528
0321785624
0321787491
0321785204
0321785415
0321787186
0321785630
0321783253
0321789752
0321784326
0321788921
0321783643
0321787352
0321788573
0321789357
0321781410
0321782170
0321781056
0321786838
0321784931
0321787027
0321786017
0321781171
0321784211
0321782439
0321781073
0321784514
0321784867
0321789375
0321788220
0321781216
0321786644
0321784453
0321782359
0321789904
0321788212
0321787997
0321783467
0321782403
0321789872
0321787593
0321785322
0321785471
0321788786
0321784361
0321782443
0321784961
0321781474
0321788543
0321784243
0321782975
0321783191
0321786830
0321788678
0321784054
0321784268
0321789132
0321788042
0321789061
0321782714
0321787716
0321788696
0321785356
0321784257
0321781299
0321784312
0321784846
0321789192
0321789395
0321783858
0321788087
0321785335
0321789742
0321788100
0321789384
0321786713
0321781382
0321789318
0321783656
0321788135
0321781857
0321788531
0321787605
0321786775
0321781852
0321781400
0321786117
0321784286
0321782944
0321788663
0321788344
0321783683
0321784659
0321783679
0321785273
0321789954
0321783726
0321784613
0321789311
0321783883
0321787615
0321788751
0321786121
0321782454
0321786314
0321785807
0321781631
0321781586
0321782620
0321788737
0321784763
0321782578
0321783625
0321783814
0321788368
0321785635
0321783036
0321781945
0321784456
0321785465
0321781902
0321784805
0321789758
0321785211
0321787892
0321787365
0321788164
0321782384
0321786208
0321782030
0321785005
0321782052
0321789032
0321782039
0321784941
0321787375
0321789791
0321786827
0321781980
0321786867
0321781665
0321785093
0321781508
0321782880
0321781487
0321785157
0321787105
0321789551
0321784685
0321782437
0321786259
0321785650
0321784881
0321784513
0321786338
0321785565
0321783582
0321784004
0321789906
0321789514
0321785013
0321787952
0321789858
0321788872
0321781898
0321785912
0321784629
0321786498
0321787290
0321785655
0321788956
0321787544
0321786882
0321787836
0321782689
0321787354
0321785147
0321785358
0321784076
0321785513
0321787747
0321788397
0321782862
0321786899
0321786025
0321784928
0321781628
0321786284
0321787326
0321787652
0321788773
0321787807
0321785699
0321789152
0321787590
0321788857
0321785816
0321786608
0321784411
0321783024
0321781678
0321783995
0321781836
0321787659
0321782363
0321782804
0321784499
0321784795
0321784265
0321784151
0321787514
0321781767
0321783660
0321784347
0321787152
0321789629
0321784026
0321785839
0321784242
0321785915
0321783307
0321783916
0321784868
0321785995
0321787767
0321785219
0321789697
0321781138
0321783986
0321786402
0321783875
0321786142
0321784189
0321788835
0321782124
0321781488
0321783061
0321783500
0321781258
0321786040
0321782038
0321784804
0321789227
0321781789
0321782426
0321781168
0321787920
0321788112
0321787495
0321786808
0321786732
0321789576
0321784568
0321785364
0321783874
0321781009
0321785440
0321785191
0321782118
0321789109
0321787447
0321783505
0321782829
0321781190
0321785991
0321787907
0321783817
0321785858
0321781448
0321789304
0321785454
0321785315
0321781911
0321788493
0321787730
0321782252
0321789428
0321786598
0321785684
0321788049
0321781757
0321783316
0321783720
0321785263
0321784607
0321784665
0321785617
0321789402
0321783585
0321782643
0321788336
0321784570
0321789172
0321784469
0321781826
0321786803
0321788389
0321787197
0321788954
0321789317
0321787900
0321782204
0321781308
0321785768
0321784100
0321788132
0321785583
0321784572
0321781005
0321786115
0321788593
0321788326
0321781832
0321787845
0321788020
0321781170
0321783915
0321786360
0321783873
0321784614
0321782129
0321783857
0321781246
0321783367
0321784766
0321781777
0321784088
0321785357
0321781502
0321781380
0321785351
0321787958
0321785405
0321788986
0321788167
0321788353
0321783233
0321787395
0321788871
0321787122
0321781472
0321786906
0321781659
0321786661
0321783899
0321789179
0321784521
0321782014
0321783007
0321784337
0321784505
0321784340
0321789491
0321786480
0321789887
0321784077
0321785764
0321783711
0321787373
0321782890
0321786447
0321783775
0321784141
0321785971
0321787247
0321787644
0321783430
0321787426
0321781457
0321787475
0321783790
0321787130
0321789420
0321784672
0321788190
0321787975
0321787498
0321784016
0321788728
0321782765
0321781925
0321782828
0321785894
0321782950
0321786526
0321781136
0321781142
0321785404
0321784761
0321784767
0321783172
0321787238
0321784219
0321787078
0321782882
0321782016
0321784656
0321785521
0321789203
0321784914
0321788949
0321781895
0321781376
0321788067
0321785321
0321788506
0321784223
0321784476
0321782648
0321789040
0321789910
0321783423
0321784996
0321785060
0321789797
0321781649
0321789882
0321785887
0321788770
0321784802
0321787429
0321787322
0321786222
0321782193
0321788308
0321786693
0321789445
0321786170
0321784408
0321786636
0321789995
0321782602
0321787951
0321785677
0321789540
0321785830
0321785615
0321781181
0321784207
0321789854
0321788689
0321789961
0321786550
0321786669
0321789678
0321782429
0321789421
0321787047
0321787608
0321788618
0321783217
0321783977
0321788826
0321783622
0321789801
0321789047
0321788264
0321782555
0321783621
0321785330
0321783115
0321783503
0321788062
0321782895
0321789500
0321784730
0321785554
0321785561
0321784418
0321787211
0321785578
0321787963
0321785380
0321785066
0321781198
0321789562
0321781970
0321788285
0321785876
0321786680
0321789874
0321785800
0321781716
0321783749
0321789438
0321782526
0321781081
0321789325
0321785921
0321789415
0321789228
0321783493
0321781589
0321784648
0321788213
0321786374
0321785786
0321786976
0321785657
0321787209
0321787734
0321787164
0321788436
0321785523
0321786863
0321787948
0321782543
0321784609
0321783624
0321784332
0321784773
0321785848
0321781811
0321783099
0321784979
0321786655
0321783052
0321789260
0321787039
0321786054
0321783281
0321785651
0321787705
0321787973
0321787321
0321789501
0321782897
0321784506
0321786758
0321783914
0321783692
0321786160
0321786472
0321785082
0321784454
0321789655
0321785740
0321785113
0321789131
0321783924
0321786397
0321781680
0321783882
0321789158
0321789975
0321785221
0321784536
0321784123
0321787155
0321784631
0321789331
0321781064
0321782962
0321783100
0321785410
0321786477
0321788050
0321782232
0321784484
0321784959
0321788106
0321781762
0321788973
0321784335
0321785078
0321782702
0321785729
0321789322
0321784603
0321781935
0321781578
0321783647
0321789822
0321786650
0321787609
0321785450
0321783297
0321789603
0321781326
0321788471
0321782217
0321788114
0321781108
0321789577
0321786016
0321784010
0321782524
0321788855
0321781741
0321788428
0321783870
0321782161
0321788631
0321788775
0321784695
0321786920
0321786654
0321787726
0321785582
0321786874
0321784430
0321783522
0321784732
0321783752
0321784230
0321783512
0321781208
0321783425
0321786861
0321781185
0321788936
0321785327
0321782639
0321788589
0321787740
0321781580
0321783776
0321785296
0321781459
0321783381
0321782159
0321783862
0321785146
0321788241
0321789799
0321788939
0321788293
0321785343
0321785002
0321787009
0321781961
0321786273
0321789372
0321785734
0321787717
0321782398
0321782942
0321789185
0321781942
0321789313
0321783759
0321781200
0321788215
0321789748
0321784701
0321785522
0321782246
0321788499
0321782381
0321786791
0321786329
0321782738
0321784571
0321789174
0321784698
0321789337
0321784403
0321783741
0321789217
0321782073
0321782388
0321789056
0321781947
0321786997
0321786503
0321789057
0321787839
0321784957
0321782308
0321785622
0321789062
0321783487
0321789218
0321787334
0321784997
0321781130
0321781863
0321786050
0321786006
0321785483
0321784264
0321784822
0321788263
0321785249
0321788560
0321783323
0321788952
0321789200
0321787270
0321787780
0321782262
0321785636
0321783442
0321786074
0321784523
0321783648
0321785960
0321787925
0321786833
0321789626
0321787442
0321787194
0321788475
0321785896
0321786824
0321781358
0321784239
0321787631
0321781843
0321786045
0321783859
0321787332
0321786587
0321788420
0321781483
0321785412
0321786828
0321787188
0321788862
0321786741
0321785623
0321786389
0321781118
0321786129
0321787162
0321782492
0321785438
0321782192
0321785811
0321787835
0321784874
0321781417
0321788732
0321784066
0321784518
0321784397
0321784017
0321786292
0321785897
0321783294
0321789996
0321784170
0321785377
0321787293
0321783534
0321785453
0321787655
0321788882
0321786502
0321781366
0321789669
0321784394
0321782028
0321782608
0321785218
0321786157
0321786271
0321787240
0321781105
0321781992
0321787100
0321787355
0321785442
0321786019
0321786743
0321785220
0321787219
0321782148
0321784848
0321786165
0321781154
0321784491
0321789945
0321784585
0321788012
0321785247
0321781022
0321786293
0321781510
0321783461
0321783754
0321781674
0321784047
0321784226
0321786372
0321786009
0321784090
0321781576
0321784008
0321787899
0321783571
0321783188
0321786256
0321781989
0321785112
0321789796
0321783673
0321784706
0321781455
0321783709
0321783766
0321786664
0321786554
0321784136
0321783630
0321785978
0321782074
0321782598
0321781632
0321786626
0321787347
0321787451
0321783104
0321785253
0321781471
0321782563
0321788000
0321787462
0321783369
0321786362
0321785238
0321786595
0321788024
0321787810
0321788548
0321787344
0321783041
0321783183
0321785634
0321788358
0321789133
0321789115
0321781790
0321784829
0321781375
0321786005
0321787345
0321782294
0321781222
0321783990
0321785920
0321782554
0321783067
0321787413
0321787252
0321787267
0321785478
0321784574
0321785820
0321785105
0321789971
0321784132
0321789619
0321783112
0321786308
0321783447
0321781018
0321785672
0321787761
0321781813
0321787356
0321785515
0321785432
0321784558
0321784789
0321789973
0321785769
0321788381
0321781091
0321788393
0321783637
0321782623
0321786220
0321786684
0321784857
0321781872
0321783420
0321785633
0321787423
0321788836
0321784913
0321784902
0321786594
0321789651
0321785258
0321786910
0321788926
0321783894
0321789589
0321784539
0321785214
0321784436
0321781237
0321782021
0321787915
0321789810
0321788394
0321789739
0321788987
0321781552
0321788484
0321783255
0321786334
0321789048
0321788194
0321782577
0321783123
0321784181
0321784711
0321787095
0321788206
0321781196
0321787599
0321787159
0321786998
0321786508
0321786855
0321788408
0321783705
0321788425
0321788007
0321789942
0321784020
0321782358
0321781133
0321787019
0321781858
0321788034
0321788113
0321788448
0321785098
0321789666
0321781982
0321781892
0321787486
0321786793
0321789722
0321783520
0321783284
0321782540
0321781339
0321784169
0321789370
0321785755
0321788932
0321788089
0321787814
0321783839
0321786297
0321781707
0321781186
0321785237
0321789485
0321788549
0321786842
0321784873
0321786516
0321784161
0321786219
0321789021
0321784080
0321789074
0321785680
0321788664
0321782085
0321789516
0321784167
0321788052
0321786288
0321785779
0321786235
0321788999
0321784747
0321781436
0321789855
0321784970
0321787650
0321785697
0321787653
0321785208
0321783198
0321788585
0321788419
0321787434
0321788792
0321785796
0321782632
0321781964
0321781648
0321786572
0321789033
0321787239
0321785265
0321787873
0321781347
0321785907
0321784224
0321781423
0321789214
0321783456
0321785497
0321787961
0321789974
0321785374
0321788292
0321783146
0321788174
0321782622
0321785760
0321789189
0321782758
0321788727
0321781526
0321781207
0321785534
0321789068
0321786291
0321781613
0321783116
0321785291
0321789272
0321788102
0321787264
0321781123
0321785331
0321787381
0321789165
0321787733
0321786938
0321781602
0321789592
0321781012
0321782463
0321783453
0321789233
0321789456
0321781937
0321785203
0321787201
0321785057
0321785355
0321783349
0321787834
0321789308
0321789018
0321789953
0321787603
0321781353
0321783792
0321783932
0321782837
0321786995
0321782552
0321787808
0321788508
0321781163
0321787412
0321787157
0321782043
0321782675
0321781582
0321788252
0321781758
0321781827
0321786168
0321787273
0321781630
0321788103
0321788822
0321789898
0321788825
0321789550
0321788597
0321784363
0321786354
0321782802
0321783311
0321781605
0321782795
0321781682
0321781117
0321785679
0321788915
0321782330
0321783451
0321789813
0321788940
0321785279
0321788407
0321789704
0321789685
0321781265
0321788586
0321783614
0321787323
0321785688
0321788780
0321788333
0321782527
0321782353
0321783758
0321789947
0321785575
0321788793
0321787212
0321789411
0321784550
0321787414
0321787234
0321787523
0321784903
0321783322
0321781114
0321783018
0321785189
0321786495
0321784359
0321782444
0321783905
0321789802
0321781097
0321786055
0321788719
0321788115
0321788460
0321786972
0321784203
0321782176
0321781737
0321788273
0321787378
0321781256
0321785011
0321786894
0321781238
0321787202
0321788182
0321785588
0321783131
0321785171
0321781201
0321783306
0321782407
0321789608
0321784048
0321788495
0321788695
0321789407
0321788795
0321784721
0321789134
0321783947
0321787578
0321788217
0321782292
0321782183
0321785347
0321789124
0321782907
0321781516
0321782871
0321783032
0321786919
0321784594
0321788127
0321783242
0321789578
0321783594
0321786215
0321782173
0321789624
0321789965
0321788375
0321782424
0321789823
0321784482
0321786701
0321784190
0321788198
0321787178
0321781959
0321787401
0321788981
0321788355
0321783201
0321781297
0321787698
0321789354
0321787754
0321788485
0321789307
0321789072
0321788969
0321785916
0321788701
0321783937
0321785044
0321782400
0321787093
0321789890
0321788814
0321788667
0321784601
0321785127
0321785967
0321786435
0321789712
0321785286
0321781199
0321782886
0321788431
0321783065
0321789654
0321783220
0321788860
0321789805
0321782419
0321784431
0321787082
0321784005
0321789875
0321786813
0321781861
0321786723
0321787309
0321787501
0321787113
0321787003
0321785917
0321784094
0321789231
0321782541
0321787518
0321784587
0321788424
0321782430
0321789836
0321784492
0321783989
0321784422
0321781203
0321781551
0321787879
0321782616
0321787087
0321786255
0321783906
0321781165
0321784378
0321784954
0321781175
0321782026
0321781281
0321789204
0321782721
0321783501
0321785495
0321788640
0321785334
0321782511
0321781927
0321788922
0321782588
0321782614
0321785361
0321782993
0321786615
0321787584
0321785042
0321786353
0321781008
0321782520
0321785457
0321783518
0321789726
0321786969
0321782956
0321789479
0321781600
0321784377
0321787545
0321783202
0321789238
0321781763
0321784269
0321786012
0321786745
0321784442
0321786238
0321782851
0321788290
0321785121
0321785608
0321785541
0321788823
0321783004
0321788894
0321783109
0321781013
0321788068
0321789424
0321788615
0321789069
0321786814
0321784381
0321787114
0321782515
0321785199
0321783694
0321783925
0321787148
0321782440
0321786943
0321785036
0321785362
0321781885
0321784994
0321781554
0321782493
0321785853
0321781191
0321789598
0321781525
0321783152
0321785913
0321782149
0321789931
0321785736
0321788054
0321787351
0321786343
0321788459
0321789988
0321785613
0321788072
0321788884
0321786730
0321784074
0321782307
0321784321
0321786787
0321786699
0321789044
0321782917
0321786527
0321783635
0321784794
0321783350
0321784976
0321782770
0321788706
0321782485
0321781908
0321787643
0321782753
0321785130
0321783985
0321789183
0321781125
0321789842
0321784798
0321789010
0321787059
0321783398
0321784464
0321786573
0321786352
0321781266
0321783096
0321784919
0321786399
0321786431
0321783023
0321787654
0321785040
0321786272
0321783913
0321784849
0321787846
0321784501
0321789727
0321782509
0321781703
0321783475
0321781280
0321781812
0321786179
0321783863
0321781722
0321782216
0321787868
0321784360
0321784694
0321782746
0321782586
0321785618
0321782764
0321781513
0321785552
0321784294
0321784736
0321789229
0321783843
0321786315
0321781393
0321784908
0321785250
0321782924
0321785150
0321785282
0321782984
0321782198
0321781807
0321781521
0321787815
0321785153
0321786085
0321788214
0321786905
0321788378
0321786720
0321789766
0321786260
0321788207
0321786950
0321787548
0321787200
0321787308
0321787729
0321784944
0321784386
0321789543
0321787464
0321782064
0321782634
0321789705
0321789922
0321782773
0321782878
0321789368
0321786694
0321788345
0321785383
0321789022
0321782314
0321783051
0321781967
0321788321
0321786913
0321784740
0321783088
0321783450
0321787316
0321786339
0321783331
0321785801
0321785433
0321787054
0321783437
0321787832
0321786340
0321789383
0321781132
0321784159
0321788441
0321789750
0321788598
0321782545
0321781601
0321788980
0321785964
0321787649
0321787755
0321786279
0321789377
0321782005
0321781214
0321786880
0321785996
0321787763
0321789063
0321783818
0321787707
0321784112
0321786298
0321783338
0321783868
0321788329
0321784892
0321786453
0321783053
0321786448
0321784067
0321781553
0321784483
0321789184
0321783680
0321788837
0321785757
0321782869
0321783482
0321788733
0321785727
0321789449
0321783642
0321783071
0321782940
0321787988
0321781047
0321782559
0321787947
0321784906
0321788152
0321781314
0321789335
0321786469
0321787330
0321783782
0321785274
0321787302
0321786158
0321784787
0321781881
0321781640
0321782867
0321788612
0321783113
0321788754
0321781121
0321784029
0321782442
0321789627
0321789520
0321788110
0321787424
0321787541
0321786403
0321788367
0321782471
0321787359
0321783126
0321786401
0321787104
0321788545
0321783266
0321785284
0321782009
0321783917
0321782661
0321781245
0321782729
0321788026
0321787385
0321788815
0321788047
0321783418
0321784437
0321788465
0321786141
0321788789
0321789692
0321785754
0321785628
0321784719
0321784009
0321783897
0321784342
0321781011
0321784488
0321783552
0321781144
0321783623
0321783542
0321783742
0321784310
0321788354
0321781625
0321783685
0321784204
0321783744
0321788820
0321784070
0321785533
0321785868
0321784051
0321788162
0321782947
0321787941
0321787236
0321782023
0321784129
0321786191
0321786579
0321786373
0321781946
0321784842
0321782274
0321785979
0321787315
0321781697
0321782687
0321785780
0321781317
0321786365
0321782383
0321789693
0321781668
0321786940
0321784556
0321785460
0321787777
0321782995
0321783600
0321789983
0321786407
0321786783
0321781411
0321787765
0321786098
0321786755
0321784171
0321781364
0321782382
0321785003
0321781057
0321789433
0321785373
0321781713
0321785341
0321785256
0321785384
0321786921
0321787428
0321782776
0321787121
0321781334
0321789957
0321786205
0321783903
0321789422
0321782084
0321788136
0321783078
0321788964
0321785033
0321782774
0321785387
0321781441
0321788231
0321789177
0321789327
0321785983
0321789348
0321781618
0321789253
0321788230
0321789248
0321783289
0321785652
0321787204
0321789630
0321782177
0321786419
0321782697
0321782394
0321785503
0321787389
0321785184
0321786724
0321784158
0321781914
0321787974
0321781522
0321786100
0321789549
0321788738
0321782875
0321788668
0321783380
0321787647
0321781320
0321789042
0321784237
0321786053
0321785961
0321786932
0321787872
0321787285
0321781197
0321784163
0321782190
0321785094
0321787479
0321789097
0321781389
0321782379
0321789302
0321787750
0321786614
0321787856
0321783093
0321786221
0321781921
0321783765
0321785986
0321788352
0321786251
0321785900
0321787391
0321785670
0321784131
0321786662
0321786582
0321786751
0321788210
0321783142
0321789429
0321788575
0321789282
0321789096
0321785173
0321789628
0321788334
0321783535
0321787624
0321784466
0321788960
0321786393
0321786317
0321788616
0321782653
0321785928
0321788829
0321786952
0321785968
0321786565
0321781272
0321789559
0321783339
0321785169
0321785292
0321786930
0321782134
0321781288
0321782061
0321787279
0321786853
0321788134
0321785557
0321784390
0321781623
0321783313
0321782530
0321781834
0321784948
0321783164
0321786184
0321789526
0321781024
0321787720
0321782557
0321781407
0321784817
0321784503
0321789290
0321786059
0321787826
0321781793
0321789216
0321787592
0321781979
0321789058
0321785544
0321783677
0321781323
0321785892
0321785949
0321781039
0321781295
0321785829
0321781107
0321783973
0321787557
0321788632
0321788027
0321781283
0321784391
0321785423
0321783101
0321782243
0321781372
0321789045
0321787969
0321785686
0321781233
0321788868
0321783641
0321783301
0321788306
0321781997
0321785927
0321785242
0321783347
0321781030
0321789242
0321784260
0321787902
0321784201
0321789762
0321781558
0321789558
0321788189
0321786380
0321786784
0321783138
0321784148
0321787235
0321782042
0321784991
0321784725
0321785988
0321787468
0321785125
0321782432
0321785427
0321784083
0321782208
0321786444
0321787031
0321785752
0321788025
0321783743
0321785213
0321788496
0321787992
0321786305
0321781833
0321789560
0321783156
0321785980
0321786355
0321786199
0321787704
0321784737
0321783490
0321786289
0321786966
0321785542
0321789912
0321784622
0321788084
0321784215
0321783190
0321786081
0321788402
0321787954
0321786192
0321788183
0321782500
0321784686
0321784126
0321782605
0321785006
0321781702
0321782781
0321783876
0321784891
0321782147
0321782103
0321784762
0321788523
0321781764
0321789740
0321785566
0321789129
0321786876
0321787072
0321785785
0321784516
0321785479
0321782512
0321783833
0321785952
0321785310
0321789314
0321783511
0321788790
0321784045
0321785733
0321785824
0321782921
0321785591
0321789611
0321789470
0321782259
0321784927
0321783002
0321783379
0321789986
0321786624
0321785976
0321789252
0321787791
0321786485
0321786052
0321788763
0321783396
0321782899
0321784142
0321788925
0321781529
0321781110
0321783495
0321788591
0321789108
0321789848
0321783669
0321789923
0321781301
0321785553
0321781574
0321788863
0321788852
0321787976
0321786801
0321786831
0321784097
0321789873
0321782884
0321789644
0321783330
0321785069
0321784287
0321784722
0321782811
0321788532
0321786047
0321788384
0321785354
0321784830
0321787433
0321782633
0321784014
0321783046
0321785325
0321787511
0321787508
0321781657
0321785232
0321781391
0321784575
0321788372
0321785165
0321782486
0321788447
0321782989
0321789267
0321789847
0321785492
0321783900
0321782130
0321782436
0321781675
0321785155
0321784317
0321788141
0321788570
0321785416
0321781257
0321788713
0321789146
0321782335
0321787021
0321789225
0321781045
0321782838
0321786164
0321785154
0321784302
0321783959
0321789850
0321781504
0321789938
0321781454
0321785073
0321785456
0321783691
0321789713
0321788821
0321783416
0321782331
0321781126
0321786902
0321782819
0321789686
0321785091
0321788186
0321782405
0321785661
0321789502
0321783039
0321781348
0321782561
0321781419
0321784367
0321788600
0321782477
0321785589
0321786450
0321786332
0321785857
0321786675
0321781736
0321783175
0321784576
0321785756
0321787249
0321783891
0321781952
0321786818
0321783725
0321783060
0321785024
0321782291
0321787151
0321789049
0321788276
0321787029
0321787739
0321784879
0321789039
0321785954
0321783644
0321782777
0321785855
0321788724
0321781243
0321785662
0321787117
0321788958
0321788076
0321787350
0321785658
0321788222
0321786854
0321789299
0321785644
0321787626
0321788005
0321784898
0321787547
0321785075
0321785744
0321787936
0321784949
0321784113
0321783566
0321784987
0321787727
0321782185
0321787999
0321781606
0321787878
0321783649
0321782109
0321788819
0321784785
0321781373
0321781004
0321783127
0321789041
0321784109
0321786868
0321783287
0321784311
0321782747
0321781093
0321785695
0321789556
0321785580
0321785371
0321783149
0321784803
0321782093
0321782506
0321782404
0321789917
0321789765
0321787444
0321788296
0321788897
0321782344
0321787661
0321782298
0321789714
0321786737
0321785911
0321786569
0321788910
0321783486
0321784463
0321783370
0321781432
0321781327
0321785137
0321782111
0321787283
0321782768
0321783617
0321785891
0321787500
0321782290
0321785260
0321783196
0321783402
0321788674
0321786140
0321781440
0321788130
0321783987
0321788534
0321788554
0321787237
0321782474
0321786396
0321789005
0321785526
0321782265
0321789937
0321785014
0321785206
0321788410
0321789344
0321781309
0321785714
0321784812
0321784356
0321789392
0321782277
0321783956
0321783197
0321781149
0321783577
0321788729
0321785531
0321781143
0321787824
0321784199
0321785294
0321783029
0321788785
0321782678
0321787748
0321785527
0321787142
0321781180
0321782659
0321789613
0321783249
0321785619
0321788309
0321784062
0321785053
0321788045
0321787098
0321784043
0321789264
0321786390
0321789997
0321788717
0321781035
0321783854
0321786641
0321784420
0321786302
0321785443
0321784013
0321788807
0321781824
0321784346
0321788314
0321784774
0321784966
0321788429
0321789635
0321787137
0321782034
0321786858
0321785621
0321787382
0321785602
0321785303
0321789595
0321788412
0321782063
0321782406
0321784565
0321782612
0321786014
0321784364
0321789001
0321782220
0321787561
0321788920
0321787473
0321788556
0321782116
0321784634
0321789212
0321784590
0321787634
0321787571
0321787107
0321789970
0321784769
0321788893
0321787437
0321789618
0321789288
0321784677
0321788515
0321786062
0321783592
0321781874
0321787910
0321786953
0321782803
0321787977
0321783335
0321781634
0321784834
0321783940
0321784472
0321783434
0321785268
0321788580
0321781539
0321786065
0321787225
0321783020
0321785086
0321785759
0321782981
0321782807
0321787657
0321785363
0321785558
0321785803
0321784784
0321787864
0321785895
0321788904
0321786176
0321785985
0321787723
0321786010
0321786007
0321782739
0321789492
0321782068
0321788613
0321789747
0321788181
0321783811
0321785776
0321783399
0321789224
0321783021
0321782488
0321784153
0321786350
0321787161
0321785289
0321787035
0321784292
0321784217
0321788035
0321786971
0321786799
0321788685
0321782624
0321781490
0321782751
0321784366
0321787189
0321785037
0321787714
0321785092
0321785466
0321786761
0321782988
0321783519
0321786388
0321783848
0321788636
0321786839
0321784865
0321787091
0321783027
0321783572
0321785298
0321789116
0321787929
0321783246
0321781120
0321789278
0321787816
0321787671
0321783982
0321783280
0321783867
0321787641
0321787586
0321789463
0321781229
0321787568
0321789646
0321785576
0321781774
0321785700
0321787476
0321786001
0321787515
0321781304
0321788392
0321782857
0321783223
0321784540
0321789852
0321789126
0321782759
0321789687
0321789534
0321787683
0321783816
0321781131
0321784871
0321781247
0321785059
0321788166
0321788758
0321785667
0321781584
0321783406
0321785095
0321785395
0321788060
0321785151
0321788934
0321781963
0321786657
0321788533
0321786166
0321789793
0321784870
0321781971
0321788885
0321786575
0321786525
0321785781
0321788370
0321784184
0321786840
0321785723
0321789461
0321785379
0321786128
0321785264
0321783070
0321789719
0321784508
0321782312
0321785156
0321785463
0321787908
0321782000
0321786163
0321781976
0321786714
0321782214
0321784250
0321784520
0321788519
0321787103
0321781535
0321786925
0321787196
0321783153
0321784946
0321785270
0321781799
0321781468
0321787744
0321785500
0321789999
0321783056
0321786816
0321782206
0321783509
0321781129
0321781607
0321782974
0321781748
0321787206
0321786324
0321784018
0321785869
0321786705
0321784915
0321786505
0321786371
0321785193
0321787037
0321788438
0321788357
0321789060
0321782024
0321788430
0321783548
0321783953
0321788208
0321785159
0321789671
0321786627
0321781094
0321786337
0321785502
0321785210
0321784623
0321786603
0321784597
0321782587
0321783390
0321781464
0321782908
0321781651
0321783531
0321782046
0321782320
0321782752
0321784652
0321788901
0321785654
0321784267
0321781211
0321784907
0321785942
0321785640
0321782019
0321789787
0321787400
0321787613
0321789355
0321789255
0321787393
0321785058
0321789816
0321785280
0321787563
0321782750
0321784114
0321786549
0321785391
0321783361
0321781370
0321781226
0321785556
0321782256
0321785918
0321786677
0321784389
0321788261
0321789208
0321784096
0321788379
0321784889
0321788003
0321786789
0321783285
0321781063
0321788634
0321782611
0321782218
0321783832
0321784259
0321781837
0321781158
0321781332
0321781644
0321784073
0321786212
0321787341
0321783996
0321785467
0321789220
0321786043
0321787135
0321787869
0321788294
0321786734
0321787073
0321783722
0321789369
0321783286
0321789702
0321781933
0321787867
0321787932
0321786370
0321786790
0321782002
0321787182
0321789544
0321781965
0321787006
0321787172
0321789469
0321783265
0321782894
0321784872
0321783588
0321782319
0321789518
0321788800
0321787399
0321787623
0321789944
0321786113
0321785390
0321787529
0321781756
0321788810
0321789683
0321789460
0321784494
0321786685
0321789548
0321786026
0321786749
0321789374
0321785668
0321786987
0321781646
0321789990
0321782412
0321781803
0321784285
0321788684
0321786785
0321781461
0321781231
0321786437
0321785972
0321782228
0321786283
0321785054
0321783791
0321788555
0321783120
0321788704
0321789006
0321787299
0321789239
0321784124
0321788467
0321786606
0321789273
0321784303
0321788709
0321786285
0321784006
0321785209
0321781528
0321787023
0321789574
0321789519
0321788002
0321781733
0321787118
0321788243
0321786274
0321786032
0321788341
0321782542
0321787934
0321783931
0321789046
0321789365
0321781017
0321785981
0321783346
0321782823
0321786097
0321782263
0321781873
0321789487
0321787203
0321781797
0321786167
0321788350
0321788011
0321789992
0321787075
0321789410
0321786021
0321786817
0321781879
0321789612
0321781808
0321789401
0321783208
0321782244
0321784487
0321789691
0321786709
0321787735
0321786851
0321783118
0321784850
0321789155
0321786404
0321782831
0321785188
0321781717
0321783275
0321789347
0321788415
0321789915
0321789553
0321788319
0321783283
0321788854
0321789153
0321788564
0321789263
0321789169
0321783699
0321789019
0321787026
0321785090
0321783597
0321782769
0321788992
0321783564
0321788962
0321786865
0321787014
0321789547
0321788967
0321786989
0321782318
0321787133
0321781021
0321785849
0321783296
0321785430
0321788715
0321789316
0321788710
0321789050
0321782641
0321783591
0321784544
0321787820
0321787052
0321788101
0321787945
0321789698
0321782013
0321787396
0321787971
0321785081
0321788817
0321783231
0321788085
0321782482
0321787697
0321783626
0321788094
0321786265
0321783200
0321788796
0321785195
0321782852
0321788994
0321782459
0321781349
0321781079
0321789409
0321789902
0321785419
0321786458
0321787887
0321784933
0321783432
0321788651
0321785789
0321789468
0321788928
0321784771
0321789991
0321788036
0321787859
0321785626
0321781020
0321787015
0321783713
0321782054
0321784348
0321788122
0321782008
0321787862
0321789442
0321787307
0321783808
0321782143
0321786231
0321782421
0321786267
0321784591
0321786242
0321784452
0321783373
0321782834
0321783734
0321786445
0321781345
0321786908
0321782309
0321783615
0321781817
0321788251
0321782667
0321788282
0321786451
0321787445
0321787711
0321789756
0321783544
0321787171
0321789280
0321785842
0321781938
0321783638
0321784886
0321789399
0321789425
0321782281
0321782626
0321789014
0321781784
0321789609
0321782127
0321789594
0321786688
0321786359
0321786794
0321783238
0321786415
0321789029
0321783395
0321784098
0321789088
0321787474
0321789775
0321788843
0321789670
0321788040
0321783568
0321783602
0321782241
0321786949
0321789757
0321786034
0321783066
0321788385
0321785560
0321781695
0321788659
0321784253
0321783016
0321786583
0321785808
0321783567
0321784101
0321783365
0321784524
0321784173
0321781192
0321786187
0321784398
0321787147
0321787221
0321789315
0321786454
0321786175
0321787245
0321786482
0321786609
0321785899
0321788680
0321783719
0321787467
0321785545
0321786829
0321781878
0321785814
0321781099
0321783177
0321782556
0321784343
0321785070
0321781434
0321787978
0321785365
0321783543
0321785856
0321787470
0321785382
0321782261
0321789157
0321787680
0321782450
0321787517
0321786541
0321782065
0321782031
0321781796
0321789012
0321785205
0321789616
0321788486
0321783377
0321781638
0321782139
0321787989
0321789664
0321785598
0321787684
0321782478
0321782498
0321788016
0321787327
0321785673
0321789647
0321782210
0321783248
0321787175
0321787572
0321786959
0321787738
0321788442
0321784075
0321786198
0321787919
0321785333
0321783212
0321783441
0321787471
0321787101
0321783819
0321782833
0321787198
0321781450
0321781831
0321787724
0321788310
0321782824
0321785646
0321784687
0321784632
0321788513
0321782075
0321784297
0321789330
0321783877
0321788547
0321787822
0321789989
0321784233
0321783502
0321782799
0321784646
0321787187
0321785821
0321783144
0321783384
0321787272
0321786276
0321784056
0321788788
0321788359
0321789679
0321788722
0321786513
0321789230
0321784972
0321785076
0321785240
0321786177
0321781720
0321784532
0321788725
0321787079
0321781001
0321786954
0321789803
0321786522
0321783557
0321789301
0321787786
0321784027
0321786226
0321784661
0321788458
0321784699
0321785987
0321788041
0321782941
0321782336
0321784111
0321783890
0321786008
0321782968
0321782200
0321784667
0321787419
0321788179
0321788943
0321788669
0321785822
0321787288
0321788199
0321782861
0321786524
0321782929
0321786442
0321785607
0321782858
0321787051
0321785577
0321781261
0321786537
0321781509
0321788955
0321786878
0321782599
0321787993
0321782569
0321785317
0321787111
0321782145
0321782892
0321783343
0321789481
0321781681
0321782348
0321781511
0321789250
0321788270
0321783458
0321788108
0321781294
0321786323
0321785831
0321789293
0321786194
0321788784
0321789444
0321789940
0321786922
0321784856
0321789161
0321789483
0321788607
0321789140
0321789885
0321786977
0321781583
0321785950
0321788919
0321783898
0321786070
0321781532
0321786536
0321788991
0321785314
0321786489
0321786366
0321789809
0321781285
0321786975
0321783215
0321783955
0321788240
0321783165
0321784702
0321787628
0321789052
0321782604
0321787527
0321785217
0321789552
0321784650
0321785864
0321782855
0321786623
0321783005
0321782346
0321788975
0321785826
0321786843
0321784370
0321781711
0321786697
0321781262
0321782321
0321785569
0321781587
0321784187
0321782923
0321783140
0321787968
0321783983
0321781379
0321786630
0321787228
0321783629
0321784353
0321781590
0321788470
0321786479
0321788647
0321785428
0321786432
0321781437
0321782717
0321782808
0321788624
0321783827
0321787254
0321785716
0321788946
0321789897
0321789771
0321783815
0321787837
0321781431
0321787244
0321785790
0321782349
0321788781
0321786870
0321784372
0321782416
0321786452
0321783835
0321785908
0321783278
0321784212
0321785039
0321782490
0321788993
0321787842
0321786721
0321789717
0321788693
0321782914
0321784905
0321788846
0321785138
0321782288
0321787481
0321784146
0321781929
0321782205
0321783299
0321783305
0321781054
0321789529
0321783001
0321782275
0321786735
0321788373
0321786788
0321783824
0321784255
0321783417
0321787881
0321782268
0321787921
0321788567
0321781361
0321789818
0321783169
0321789000
0321788380
0321785530
0321781106
0321788138
0321789405
0321781311
0321782365
0321783355
0321781677
0321783143
0321783714
0321789570
0321789447
0321785131
0321781184
0321788892
0321788712
0321781922
0321789269
0321781225
0321781209
0321787587
0321786780
0321785435
0321786645
0321787485
0321784641
0321783264
0321789730
0321785837
0321788675
0321789834
0321787125
0321781887
0321781814
0321783473
0321785914
0321781433
0321789770
0321789790
0321787477
0321784811
0321784135
0321784840
0321783698
0321783219
0321786927
0321789800
0321781451
0321789711
0321784962
0321789958
0321783333
0321783968
0321788116
0321789222
0321782695
0321786358
0321787798
0321782638
0321787041
0321784744
0321784424
0321781250
0321783690
0321789287
0321784044
0321785572
0321781102
0321783474
0321788150
0321788118
0321786850
0321785139
0321787372
0321789064
0321787543
0321788743
0321789118
0321781275
0321789418
0321787406
0321788051
0321782912
0321784425
0321789934
0321788650
0321787891
0321789111
0321788963
0321783909
0321781991
0321781744
0321785285
0321785032
0321789567
0321788731
0321783209
0321788721
0321786889
0321787534
0321788274
0321782015
0321781746
0321781141
0321788338
0321781043
0321786197
0321781172
0321786806
0321784231
0321783469
0321784406
0321782580
0321787821
0321784284
0321789764
0321788550
0321782517
0321789477
0321785563
0321787737
0321784682
0321782722
0321783095
0321783563
0321788376
0321788883
0321784720
0321785649
0321781723
0321786916
0321782175
0321781482
0321789473
0321784157
0321781070
0321788469
0321785609
0321784229
0321781629
0321785732
0321789723
0321786558
0321788184
0321784797
0321782887
0321785400
0321782293
0321781930
0321784617
0321782733
0321786928
0321788646
0321786547
0321782025
0321789077
0321789760
0321788363
0321784208
0321781905
0321782810
0321787532
0321787115
0321786666
0321789637
0321785043
0321785339
0321782832
0321783809
0321789523
0321781687
0321786438
0321787565
0321789440
0321784309
0321788816
0321787802
0321781894
0321784468
0321785925
0321788558
0321782047
0321787855
0321781368
0321787478
0321787535
0321785411
0321789815
0321784808
0321784489
0321785765
0321787390
0321787062
0321787648
0321784724
0321786312
0321787312
0321783031
0321789285
0321786433
0321784358
0321788528
0321784567
0321788769
0321781728
0321783866
0321786519
0321784339
0321782449
0321784155
0321783454
0321782783
0321787660
0321789557
0321782495
0321788879
0321785323
0321784461
0321789708
0321787504
0321789186
0321789636
0321782489
0321789789
0321783371
0321786152
0321787573
0321786408
0321786236
0321784024
0321787895
0321782741
0321784998
0321787843
0321784743
0321781598
0321789541
0321781089
0321784459
0321788155
0321789170
0321783158
0321785426
0321785612
0321786846
0321783337
0321786980
0321786496
0321781219
0321781409
0321781530
0321781236
0321786617
0321783366
0321786075
0321787435
0321782939
0321788142
0321784357
0321787637
0321786073
0321784598
0321786092
0321784046
0321789743
0321787215
0321783479
0321782731
0321789009
0321783783
0321784448
0321783094
0321781033
0321782976
0321786083
0321784209
0321782853
0321789913
0321781476
0321783389
0321786200
0321788661
0321784937
0321781624
0321789291
0321789504
0321781069
0321781772
0321782113
0321781418
0321783385
0321787131
0321788480
0321788248
0321781351
0321782361
0321782099
0321782793
0321783321
0321787991
0321781140
0321785152
0321781823
0321787790
0321787310
0321785275
0321787806
0321783445
0321783376
0321789091
0321786139
0321787205
0321784793
0321788970
0321784589
0321786264
0321783132
0321783413
0321788074
0321784417
0321788099
0321785259
0321789053
0321789528
0321784788
0321782708
0321786159
0321781708
0321787938
0321786116
0321782092
0321788690
0321788581
0321789943
0321781862
0321783997
0321785370
0321787860
0321787086
0321787677
0321784182
0321781270
0321789580
0321787693
0321787759
0321784696
0321788250
0321782455
0321789342
0321787097
0321788621
0321788972
0321786746
0321787741
0321789166
0321781098
0321782133
0321785490
0321783411
0321787311
0321782597
0321786303
0321787531
0321783860
0321781853
0321789135
0321788079
0321784232
0321785931
0321787849
0321788286
0321781331
0321788218
0321784967
0321783254
0321789254
0321785559
0321781542
0321782562
0321783516
0321788679
0321785653
0321785795
0321788437
0321788666
0321783234
0321786202
0321785691
0321787271
0321782864
0321784662
0321787629
0321785861
0321789446
0321787049
0321781284
0321784563
0321789413
0321785233
0321785536
0321782525
0321783345
0321787886
0321782324
0321781760
0321786244
0321784561
0321788023
0321787788
0321785989
0321784510
0321781205
0321786807
0321784102
0321787956
0321784745
0321786776
0321781044
0321785278
0321784775
0321782761
0321784813
0321784851
0321781536
0321782254
0321786410
0321781026
0321781919
0321782628
0321781041
0321782953
0321785470
0321788552
0321788244
0321786744
0321787844
0321784421
0321787050
0321785783
0321781669
0321782826
0321787377
0321784147
0321785212
0321783923
0321786223
0321783392
0321788317
0321784296
0321782663
0321781291
0321785902
0321784282
0321782132
0321782255
0321782766
0321788671
0321787665
0321783092
0321782672
0321783210
0321781792
0321788961
0321787525
0321782122
0321786690
0321782948
0321788752
0321782188
0321788149
0321781204
0321784504
0321789622
0321788388
0321786414
0321787169
0321783760
0321789919
0321786465
0321789306
0321786885
0321783616
0321783611
0321782670
0321785381
0321782186
0321788073
0321785168
0321781731
0321785018
0321782749
0321783980
0321784547
0321783105
0321789896
0321784509
0321785229
0321784139
0321787625
0321788216
0321781446
0321783697
0321785340
0321782581
0321787630
0321782619
0321784988
0321782960
0321787440
0321786426
0321785817
0321783017
0321782920
0321784583
0321788582
0321781928
0321782225
0321786533
0321788730
0321781556
0321781765
0321784015
0321785141
0321789359
0321781289
0321787265
