032158141066
032151110817
032153493998
032154474005
032153696580
032157410908
032155157871
032158602849
032158813669
032152888311
032156386248
032151749434
032159272114
032152157370
032156110519
032159655261
032152103715
032151389633
032158226588
032159689455
032157465598
032158257023
032158910695
032154709202
032155742062
032159362043
032156631700
032154551587
032151819719
032152133685
032152464246
032158190312
032158007043
032156418851
032156939394
032154421519
032154856087
032151973898
032154928112
032157473809
032157352252
032153427972
032155160151
032151546422
032158740323
032157937813
032158034901
032158339861
032152853793
032154583302
032159764802
032157954518
032151039453
032156719478
032158526170
032154051261
032156993950
032152372057
032155750055
032159615748
032156807868
032153967058
032158103475
032153236409
032155164320
032156968113
032153370500
032157715556
032157221090
032153328910
032151436885
032157356950
032152314089
032154201891
032155085278
032155811263
032151407494
032152578439
032152601290
032153793823
032151788779
032155336518
032153423740
032156654048
032158984875
032153382066
032158136608
032153447727
032156193246
032157934161
032155101752
032151602196
032153812223
032158352283
032156644922
032153442946
032155503914
032155247904
032154664401
032153454377
032159524883
032153146416
032152407852
032155640428
032156837561
032156640029
032153440892
032158239997
032155586456
032159793617
032153148765
032155821925
032155019088
032158630540
032154679735
032156582360
032156179445
032153586046
032155233891
032154267829
032151027843
032155394748
032156335133
032155754753
032158501866
032155849608
032153434526
032151642332
032156159589
032151608739
032157936889
032153169519
032158334401
032155811634
032154246196
032153344446
032156544505
032151496579
032157953249
032152347705
032155308134
032158453431
032157990297
032153333194
032158014382
032158763210
032158921553
032159068458
032157383653
032159430509
032156356475
032152426533
032154130134
032156811283
032156653098
032157138561
032153205503
032151798559
032157932647
032159426866
032158184878
032155211875
032152652405
032156684687
032152818905
032154402411
032152336164
032152834998
032157041541
032153737312
032154260994
032153074593
032153047043
032151026999
032157301322
032152516413
032155420144
032152879121
032151385796
032157091131
032154225086
032158506380
032156813044
032155907867
032151681500
032153466040
032157593098
032156205885
032155556551
032158291075
032158208275
032152920838
032157123256
032153241555
032155337892
032156648507
032155195476
032154360798
032156585389
032156233460
032155693196
032152095481
032159351940
032151083090
032155784284
032159351776
032156626993
032158471540
032157785359
032158919438
032156546851
032152335735
032153959791
032156705495
032155839361
032151137404
032154743065
032156629113
032151484989
032155446237
032156052718
032153053991
032153903743
032154059766
032155173676
032155867905
032158518322
032154800407
032153882974
032152813183
032154717563
032156555927
032157681756
032158241321
032159578891
032157085011
032159288837
032153473751
032153163464
032156536060
032159498530
032155871688
032154058071
032153424427
032151842323
032159604346
032158857122
032156042762
032156297948
032151880540
032155292010
032151453316
032152603634
032157560691
032151746444
032151478065
032153892312
032151121798
032154220891
032153254615
032156501744
032157050221
032154399977
032154940521
032156763881
032159580240
032159541101
032157523706
032155675146
032159996217
032156166596
032155093895
032152958083
032151253323
032155025851
032152566224
032158674800
032159641524
032155801215
032152949311
032158125575
032154481377
032152945024
032158887721
032151727307
032159107038
032153086646
032152643747
032158376732
032151650796
032153519077
032155340579
032152554125
032154457144
032155306437
032159278880
032156717708
032151415783
032151140261
032157768304
032155778170
032152607417
032151394095
032155307220
032158788360
032155050965
032151326088
032152446997
032153962912
032157453399
032153552432
032158924645
032159918600
032151995496
032157876159
032157852932
032157653632
032154879958
032157298414
032158345420
032152647519
032154924082
032157617504
032158699198
032157259786
032159395920
032153540270
032158225740
032154660953
032155181007
032152347405
032151873959
032151550928
032153580501
032152938946
032158882296
032158035680
032151317659
032155929734
032157687883
032152621607
032152716412
032151788146
032153629479
032154538544
032153310941
032151402720
032158864775
032153486629
032152888345
032158479756
032154261996
032158746576
032151170855
032151525543
032154482258
032154066301
032153051077
032152671728
032152792445
032158371425
032156577240
032158044640
032154295658
032154913986
032151551767
032159617951
032153562298
032151368679
032152207670
032155829358
032155069718
032156030163
032153948845
032157993199
032154675494
032157244021
032151174324
032152292661
032153867648
032157611963
032152804352
032153197364
032151768091
032157356753
032153553422
032157251358
032152878656
032157265240
032159949878
032159923966
032153416720
032157052238
032156493903
032152866372
032157107062
032153950789
032159429952
032153868677
032159326047
032157111076
032153604459
032158720664
032158175466
032155341497
032156455824
032158452095
032155057877
032155747148
032155427707
032151618120
032156078764
032152709592
032157640215
032151098293
032153145895
032154195013
032156064529
032156310940
032158490022
032153392296
032152283703
032152412637
032158017479
032159536259
032151082472
032157814068
032157305647
032152966613
032156756572
032154007503
032154083688
032155021897
032156426593
032155101327
032157133901
032157820779
032151518092
032154522170
032158305846
032157337956
032154342646
032156061226
032155226157
032156008768
032155234939
032157804147
032153015107
032158621053
032158644630
032155891763
032152928859
032158438345
032158915835
032159034984
032154171739
032155022443
032157613639
032154312473
032153112150
032155953019
032156425173
032153556527
032156076396
032156719301
032153294085
032159177038
032151874204
032155553863
032153977857
032155074681
032153674832
032153475033
032155856315
032154877369
032159919810
032152579128
032159501499
032159951506
032158135518
032153795340
032155439057
032159130133
032153497733
032152462582
032156185491
032158098917
032153649039
032156495648
032156908530
032153993372
032154225805
032158389626
032159636052
032151669629
032159932371
032154085592
032151940853
032156840945
032153838068
032157951810
032158337959
032153090766
032151913906
032157854178
032154763512
032155440802
032153178669
032159294370
032155102633
032155034510
032154810973
032153160644
032157817501
032152629833
032158117470
032156946262
032153221567
032154777711
032151078121
032157020203
032155378555
032158645333
032159984484
032155285205
032153838980
032154186685
032154944997
032155834217
032152660554
032156113437
032155457380
032152348290
032157216227
032155643555
032157699070
032154920247
032154354669
032151393014
032151874019
032159182399
032151065161
032157006219
032153552159
032152986109
032151109351
032152063234
032152759947
032152959403
032154445433
032151929421
032157005302
032159478306
032151601822
032158991983
032154349372
032159268416
032154396235
032152150418
032157047206
032157633793
032157172452
032155769179
032159730034
032157578011
032153132432
032154033022
032156157873
032152665534
032153985541
032156771313
032159783713
032154713080
032156832760
032151958887
032154970191
032159528923
032153353489
032159252100
032152497976
032157902856
032155286805
032158638253
032158220763
032159142866
032155928263
032152124598
032157477783
032157031980
032154017954
032152938331
032159833766
032157782980
032153256074
032153286013
032157976919
032158030211
032156602073
032158266073
032158973862
032157674120
032151127336
032157221588
032154765226
032154769061
032158357457
032152390484
032154298224
032154867312
032151553098
032153693717
032158381693
032154674475
032157866322
032154443229
032158939758
032154911668
032154890156
032152660237
032151860942
032159293529
032153770105
032155765759
032151774749
032156998993
032152851545
032158702813
032151684178
032151552004
032152567108
032156751416
032153524114
032154159469
032151416664
032153455536
032154373804
032157570805
032157614812
032157826373
032152610471
032155478881
032154556637
032155159291
032159916657
032158812845
032154346255
032153065250
032153140055
032156372463
032155605835
032157112919
032158380590
032157357230
032151455829
032152990477
032157770068
032155505912
032153687671
032152614045
032153315307
032158985989
032156942300
032157395665
032151150361
032157637585
032157523093
032151456132
032152658803
032155045425
032154034568
032156683057
032158291223
032155441521
032157218111
032151839702
032152934887
032159889967
032157337923
032158486753
032159427052
032155380191
032156411194
032151848146
032156802238
032159960834
032156603735
032152064893
032153927140
032155212327
032159295163
032156492891
032153381936
032157160972
032154008929
032152279072
032158529085
032156823161
032151609118
032152623703
032153713659
032153078350
032151697532
032159066007
032156014307
032155772365
032155930365
032152571024
032153797703
032155276122
032154828554
032159558936
032156563348
032152015473
032154739166
032155789439
032153481521
032157562258
032153912615
032151118284
032158822240
032157387893
032151798332
032152059584
032157830772
032151360882
032156877635
032156803349
032156665292
032154819781
032153332843
032157736231
032153946527
032154692693
032159493869
032159936205
032154466609
032156933954
032156818588
032155145498
032159269762
032156489632
032155047564
032159260902
032158711087
032153119749
032159442126
032154256110
032154309639
032157267674
032153954723
032155715226
032158099592
032151915209
032152436821
032154761360
032157950919
032152755587
032159898055
032157195692
032151406323
032155638826
032155745290
032153615731
032156298378
032153239245
032151100041
032158886035
032152921284
032154864377
032155240996
032154911640
032158561010
032154166182
032156313317
032151253859
032156259588
032158092261
032153545543
032155377655
032159076733
032155840974
032159991803
032158977466
032152573777
032157578660
032157692615
032155174844
032156515690
032154178366
032156920533
032157949805
032157863439
032159302274
032155645170
032154319667
032155471842
032152019708
032158453278
032155370074
032151388354
032152403297
032158713726
032159538582
032157749026
032156123503
032153507501
032151691330
032154663326
032156352511
032151818037
032152329589
032159797852
032155276733
032153623927
032157320912
032153521381
032153296231
032153711191
032156405593
032158320463
032156961835
032153315376
032157011043
032155608688
032151939921
032152620418
032151525835
032156924376
032153706659
032154452619
032158065258
032151278077
032158173880
032153035194
032159829633
032151569112
032151667342
032154824360
032159515040
032156131767
032155533850
032151052954
032154025540
032152021242
032156998755
032154806374
032158498327
032155157046
032151658882
032154982761
032151717286
032153841750
032158841012
032154433650
032159112459
032157898812
032159751408
032152042907
032154826676
032154893660
032158622929
032155345232
032157211474
032152345850
032159147031
032157630273
032153691747
032151727119
032152043848
032151581233
032151170970
032157752442
032155163719
032152262421
032152985503
032153587446
032154941166
032157814044
032153027507
032151767329
032152047776
032159469858
032156347972
032154332129
032154194182
032155395983
032152456652
032153768530
032155072951
032157472132
032155741344
032151238107
032156910920
032155707721
032156814065
032159675391
032157851723
032157176100
032154806580
032153429927
032159615033
032153401527
032152640820
032153011683
032153677292
032152171228
032156126956
032154311366
032154810242
032154228863
032151799168
032153126330
032156575153
032155875374
032151461036
032154814901
032153436091
032158295763
032159270466
032158275318
032156508282
032153698837
032152011097
032159591960
032158252799
032156554699
032156171437
032153912054
032157089442
032158220927
032158337402
032152432742
032156068330
032155801655
032158243993
032151320446
032153224754
032156329696
032159457164
032153243268
032153942175
032158111776
032159832346
032155950563
032158214355
032153036822
032153740009
032156510816
032154159460
032151339715
032156893244
032156847478
032153419723
032155424493
032155616528
032159955519
032157720799
032153590919
032153578240
032154788928
032154142410
032159807044
032155061847
032153217042
032153494455
032152919201
032155071008
032152940770
032158818154
032156245573
032158068922
032151480183
032157917032
032156722353
032155697698
032154052619
032156897933
032151710111
032154177941
032151093027
032159175085
032158954176
032157614270
032157900722
032155092396
032157608226
032156374177
032159057852
032152541908
032159652349
032153322847
032156193356
032154997313
032159542367
032151439807
032151218690
032152521560
032156391909
032152560800
032151939539
