03216605806
03216606126
03216609916
03216608575
03216605328
03216609347
03216609110
03216608666
03216603899
03216607568
03216607849
03216608272
03216608589
03216607281
03216603602
03216608966
03216601998
03216608296
03216609207
03216609810
03216603499
03216604035
03216602750
03216601753
03216603657
03216608583
03216609456
03216604639
03216605770
03216607799
03216605322
03216604377
03216601138
03216605256
03216607067
03216609230
03216609957
03216606634
03216606090
03216609773
03216609973
03216601961
03216603757
03216605121
03216604544
03216604953
03216606316
03216609231
03216605076
03216601293
03216608418
03216607969
03216607357
03216605009
03216605316
03216608111
03216603209
03216602501
03216602884
03216603266
03216607205
03216609225
03216607827
03216606741
03216601229
03216609976
03216609087
03216606865
03216607944
03216601156
03216602569
03216601779
03216601695
03216604826
03216608652
03216609518
03216601226
03216602846
03216609005
03216609300
03216609845
03216606838
03216609098
03216601873
03216605234
03216605405
03216601846
03216603424
03216603588
03216606888
03216606913
03216602768
03216602736
03216605929
03216604062
03216603891
03216604567
03216604342
03216607228
03216608505
03216608211
03216603348
03216607261
03216605399
03216605577
03216603313
03216609459
03216603690
03216601275
03216604261
03216606360
03216609925
03216607981
03216609903
03216602131
03216608103
03216605375
03216603682
03216608880
03216603440
03216604355
03216604267
03216605655
03216609011
03216608959
03216608896
03216604589
03216605627
03216606659
03216608503
03216601777
03216602339
03216601089
03216606496
03216609576
03216603698
03216606295
03216601920
03216604915
03216602386
03216609733
03216602313
03216606850
03216602652
03216606407
03216602811
03216607947
03216604159
03216601760
03216606463
03216603546
03216609624
03216604770
03216608993
03216602994
03216609743
03216606566
03216604353
03216601593
03216604870
03216608063
03216604616
03216601534
03216602484
03216604021
03216608835
03216601485
03216608432
03216601808
03216603455
03216608766
03216606493
03216603707
03216602042
03216607416
03216603003
03216602603
03216606148
03216603867
03216609536
03216608230
03216602714
03216606319
03216607503
03216606581
03216603955
03216609728
03216607566
03216603322
03216607516
03216601669
03216607696
03216603975
03216606462
03216603832
03216603327
03216604655
03216605511
03216604780
03216603131
03216601062
03216606951
03216606740
03216603963
03216608205
03216604440
03216604196
03216604421
03216604253
03216601306
03216602515
03216603981
03216603745
03216604477
03216602079
03216605888
03216605443
03216608977
03216602037
03216604345
03216602100
03216602834
03216602172
03216604485
03216606597
03216605540
03216604024
03216603450
03216609583
03216601004
03216607214
03216605765
03216609361
03216602677
03216603076
03216607473
03216603275
03216603317
03216605915
03216601080
03216601460
03216602480
03216608849
03216602575
03216609623
03216609336
03216604154
03216609024
03216602605
03216603476
03216603906
03216603747
03216606032
03216606159
03216607843
03216603656
03216608881
03216607973
03216601722
03216607258
03216603429
03216602740
03216607263
03216606314
03216606526
03216602766
03216605900
03216604564
03216601070
03216608782
03216606919
03216609135
03216602004
03216606510
03216601690
03216602964
03216604401
03216604113
03216605429
03216606231
03216607527
03216603308
03216602018
03216603328
03216606517
03216605232
03216603816
03216604394
03216605344
03216605111
03216609357
03216604201
03216609051
03216607346
03216601586
03216606260
03216603096
03216606570
03216608253
03216604460
03216604693
03216606987
03216604611
03216605320
03216601333
03216601966
03216605916
03216603572
03216606690
03216606292
03216601026
03216605482
03216605213
03216603954
03216604296
03216603197
03216606248
03216606676
03216603438
03216601807
03216609777
03216602953
03216609163
03216606703
03216601304
03216607542
03216607176
03216601771
03216606412
03216602833
03216606321
03216607406
03216608008
03216602362
03216601850
03216608477
03216608421
03216603065
03216603174
03216603568
03216602132
03216607631
03216601964
03216609898
03216607585
03216603713
03216604857
03216601255
03216605179
03216604833
03216608809
03216601201
03216602169
03216601863
03216609212
03216602268
03216609147
03216609116
03216609255
03216609069
03216602379
03216607633
03216606889
03216605189
03216603885
03216606768
03216608897
03216608199
03216601666
03216603385
03216606712
03216603336
03216609384
03216607030
03216602471
03216604739
03216601405
03216607220
03216609591
03216608057
03216601555
03216601578
03216601141
03216602573
03216609198
03216601161
03216601730
03216609986
03216609264
03216609503
03216609273
03216603948
03216603919
03216604498
03216609753
03216609998
03216605075
03216604709
03216606436
03216604816
03216606658
03216609588
03216601794
03216608120
03216605473
03216601816
03216605138
03216609391
03216604473
03216601927
03216609524
03216601197
03216607514
03216606492
03216604316
03216605990
03216602724
03216605037
03216608910
03216608934
03216602163
03216604112
03216602763
03216609417
03216604885
03216607277
03216602473
03216609664
03216606696
03216608774
03216603241
03216604896
03216601989
03216604452
03216603725
03216609344
03216606591
03216604791
03216608640
03216607345
03216604424
03216602721
03216606984
03216608952
03216603505
03216608718
03216603712
03216605778
03216605905
03216607724
03216607425
03216607681
03216605356
03216606056
03216606930
03216607861
03216606918
03216604809
03216604166
03216601143
03216607955
03216602618
03216608811
03216607145
03216609863
03216602265
03216603379
03216608446
03216608314
03216604142
03216603522
03216606766
03216608339
03216606695
03216607901
03216608325
03216608967
03216608905
03216607978
03216607071
03216602996
03216607336
03216607171
03216601665
03216609095
03216607669
03216602414
03216608730
03216603677
03216609982
03216604474
03216606201
03216603674
03216604766
03216604366
03216606452
03216607332
03216607590
03216603582
03216603903
03216607017
03216609360
03216609029
03216609535
03216607950
03216605904
03216606188
03216604072
03216607753
03216605446
03216604247
03216605479
03216604596
03216609715
03216604637
03216604160
03216609047
03216604665
03216601929
03216603535
03216608184
03216602607
03216608009
03216601525
03216606737
03216605663
03216609745
03216603589
03216602078
03216608308
03216609194
03216605726
03216604077
03216608285
03216602129
03216605920
03216604146
03216608919
03216605893
03216601856
03216609368
03216607616
03216609421
03216604855
03216602351
03216607431
03216605493
03216601350
03216605343
03216607895
03216604663
03216607335
03216602090
03216603586
03216604729
03216608689
03216606288
03216607579
03216608435
03216608745
03216607782
03216602291
03216601726
03216607881
03216609669
03216607368
03216608047
03216606792
03216604167
03216605805
03216609726
03216607891
03216606182
03216603622
03216604793
03216603830
03216603272
03216607062
03216602307
03216606150
03216601438
03216605568
03216601789
03216607094
03216604042
03216609339
03216604094
03216601915
03216603606
03216609649
03216609059
03216603616
03216604994
03216609966
03216604081
03216607689
03216607781
03216604330
03216608962
03216605411
03216609687
03216608527
03216607138
03216603641
03216604914
03216604509
03216607553
03216609984
03216605575
03216606442
03216604100
03216605579
03216602749
03216604828
03216601711
03216608484
03216606120
03216607014
03216608784
03216606169
03216608628
03216604827
03216609787
03216609191
03216609373
03216604525
03216601820
03216602476
03216602101
03216604417
03216605515
03216605439
03216606955
03216608273
03216608691
03216605140
03216603324
03216609075
03216608041
03216603570
03216604387
03216603090
03216601332
03216602860
03216606070
03216605846
03216602841
03216604184
03216602673
03216603893
03216607730
03216608510
03216608814
03216605127
03216605318
03216608180
03216605458
03216603755
03216603966
03216603944
03216603477
03216606535
03216607233
03216609389
03216604755
03216607428
03216606086
03216609708
03216608725
03216602598
03216607735
03216606697
03216607858
03216606512
03216608455
03216605974
03216609634
03216605971
03216609428
03216607708
03216608444
03216609458
03216603564
03216609822
03216605143
03216604285
03216609604
03216606949
03216606555
03216604098
03216603471
03216601314
03216605635
03216605412
03216608098
03216608983
03216603034
03216605132
03216608374
03216608430
03216607459
03216601667
03216607002
03216604331
03216607972
03216604049
03216606012
03216603478
03216601680
03216606311
03216603864
03216606264
03216608546
03216606092
03216604439
03216602993
03216609531
03216603760
03216603040
03216607141
03216604222
03216607873
03216606338
03216602576
03216607670
03216601084
03216605133
03216606613
03216606504
03216605273
03216608976
03216606859
03216601791
03216605003
03216604883
03216601548
03216601834
03216608092
03216608594
03216602138
03216609988
03216608843
03216608288
03216603699
03216608626
03216609861
03216607442
03216603605
03216609673
03216602757
03216609104
03216608641
03216609667
03216608731
03216603901
03216605069
03216609478
03216607935
03216607720
03216601809
03216602671
03216609599
03216603140
03216601249
03216605455
03216602674
03216606039
03216608245
03216602125
03216602241
03216606845
03216608663
03216604849
03216606752
03216609062
03216605164
03216608877
03216603254
03216602687
03216606361
03216605215
03216602816
03216607932
03216605367
03216608613
03216604418
03216608178
03216606171
03216607377
03216607722
03216601987
03216607435
03216604059
03216603597
03216601428
03216607426
03216601885
03216605237
03216602726
03216608872
03216602555
03216602931
03216605278
03216608561
03216605776
03216609857
03216608106
03216604640
03216609631
03216601465
03216606018
03216609502
03216608155
03216608105
03216607471
03216607075
03216607729
03216604818
03216609656
03216609440
03216607229
03216604020
03216605402
03216607789
03216602694
03216605146
03216605887
03216601787
03216601862
03216605247
03216606753
03216609959
03216605280
03216608815
03216601946
03216601747
03216607577
03216605952
03216608956
03216601796
03216609166
03216602647
03216601456
03216601356
03216603729
03216607132
03216602748
03216603696
03216601797
03216608113
03216609760
03216609289
03216608048
03216604541
03216602450
03216608925
03216609493
03216603744
03216609678
03216604156
03216604255
03216609316
03216608196
03216602825
03216608656
03216607083
03216605327
03216608865
03216607644
03216601373
03216603946
03216606433
03216607201
03216605562
03216602398
03216602191
03216609989
03216607036
03216607133
03216606992
03216607231
03216604274
03216601572
03216609296
03216609462
03216608051
03216609487
03216608491
03216607200
03216602039
03216605533
03216604307
03216604092
03216606612
03216606469
03216604675
03216609248
03216609060
03216601645
03216609985
03216603167
03216606427
03216606017
03216601724
03216609849
03216607095
03216601553
03216609689
03216607119
03216607122
03216602323
03216605593
03216604381
03216606030
03216601499
03216608323
03216601237
03216609592
03216602881
03216606745
03216604393
03216601668
03216601254
03216608306
03216605578
03216603519
03216602361
03216607884
03216607931
03216607245
03216601106
03216605144
03216603279
03216606927
03216602367
03216606498
03216609798
03216601371
03216609716
03216608005
03216608713
03216609710
03216601101
03216603175
03216607823
03216602052
03216601410
03216609682
03216601623
03216608789
03216605975
03216604758
03216609237
03216604391
03216608502
03216608348
03216602751
03216604572
03216607632
03216608869
03216603094
03216608776
03216601510
03216606667
03216604677
03216603662
03216602541
03216608595
03216604476
03216603080
03216609185
03216606959
03216606972
03216605834
03216605462
03216601656
03216606870
03216602096
03216603578
03216603629
03216605324
03216606434
03216607687
03216608603
03216603292
03216608954
03216608957
03216602634
03216603014
03216606946
03216606394
03216606053
03216601498
03216603088
03216605573
03216602277
03216604283
03216601530
03216602514
03216602455
