03217600333
03217601333
03217602333
03217603333
03217604333
03217605333
03217606333
03217607333
03217608333
03217609333
03217610333
03217611333
03217612333
03217613333
03217614333
03217615333
03217616333
03217617333
03217618333
03217619333
03217620333
03217621333
03217622333
03217623333
03217624333
03217625333
03217626333
03217627333
03217628333
03217629333
03217630333
03217631333
03217632333
03217633333
03217634333
03217635333
03217636333
03217637333
03217638333
03217639333
03217640333
03217641333
03217642333
03217643333
03217644333
03217645333
03217646333
03217647333
03217648333
03217649333
03217650333
03217651333
03217652333
03217653333
03217654333
03217655333
03217656333
03217657333
03217658333
03217659333
03217660333
03217661333
03217662333
03217663333
03217664333
03217665333
03217666333
03217667333
03217668333
03217669333
03217670333
03217671333
03217672333
03217673333
03217674333
03217675333
03217676333
03217677333
03217678333
03217679333
03217680333
03217681333
03217682333
03217683333
03217684333
03217685333
03217686333
03217687333
03217688333
03217689333
03217690333
03217691333
03217692333
03217693333
03217694333
03217695333
03217696333
03217697333
03217698333
03217699333
