03217825827
03217825815
03217825389
03217821652
03217829312
03217826099
03217826105
03217821604
03217825197
03217826400
03217828885
03217826759
03217823664
03217821746
03217827202
03217828706
03217826836
03217821115
03217825845
03217829028
03217827665
03217823049
03217827146
03217829655
03217824453
03217829900
03217822912
03217828920
03217827155
03217824691
03217827284
03217827242
03217821500
03217826767
03217826714
03217829578
03217829215
03217823345
03217827073
03217823998
03217821615
03217823718
03217824013
03217822488
03217825289
03217825244
03217827978
03217826259
03217825565
03217822862
03217829981
03217826786
03217822379
03217822340
03217824506
03217829657
03217826023
03217826199
03217823193
03217822683
03217828041
03217821708
03217821601
03217823091
03217825258
03217826896
03217825031
03217827623
03217829491
03217826361
03217827770
03217828771
03217828365
03217823667
03217821434
03217823427
03217825641
03217821964
03217824610
03217827667
03217829126
03217824421
03217827261
03217824714
03217824387
03217824374
03217825072
03217829558
03217824451
03217823880
03217827979
03217825956
03217829906
03217822116
03217827229
03217828393
03217829203
03217825092
03217821209
03217828420
03217828712
03217821078
03217824015
03217824058
03217821588
03217825525
03217821742
03217827145
03217822581
03217827180
03217825830
03217822509
03217822550
03217829933
03217821910
03217824890
03217827710
03217821527
03217821311
03217824718
03217824735
03217826217
03217827455
03217824128
03217829923
03217829328
03217826051
03217826293
03217825675
03217823467
03217823994
03217825542
03217825557
03217828355
03217826236
03217828811
03217827324
03217824936
03217825091
03217826684
03217825883
03217829554
03217827804
03217826834
03217827293
03217824468
03217826319
03217828034
03217821002
03217829378
03217829766
03217829296
03217829322
03217825371
03217828070
03217821156
03217823016
03217822658
03217827851
03217829779
03217824251
03217826833
03217827189
03217828556
03217824391
03217821516
03217825066
03217826535
03217824150
03217828899
03217824202
03217826375
03217829627
03217828050
03217827900
03217822781
03217827294
03217822630
03217824860
03217829732
03217828258
03217824672
03217824089
03217824227
03217826245
03217821070
03217825080
03217825794
03217824666
03217827084
03217825312
03217822433
03217829050
03217822364
03217829248
03217822443
03217825776
03217829401
03217829783
03217823884
03217822103
03217825176
03217823391
03217829669
03217821272
03217825038
03217828374
03217825722
03217822990
03217825992
03217822161
03217823100
03217824328
03217828145
03217824881
03217826249
03217829069
03217823104
03217829536
03217829290
03217824314
03217825617
03217821283
03217825535
03217823533
03217824851
03217826853
03217825459
03217829948
03217822569
03217828912
03217826575
03217829798
03217825147
03217826705
03217824638
03217824094
03217825265
03217826440
03217826888
03217829264
03217824919
03217824297
03217825330
03217824520
03217823534
03217824814
03217828998
03217825640
03217824101
03217825355
03217825654
03217823755
03217824634
03217824841
03217823174
03217827531
03217821618
03217829591
03217824187
03217823492
03217821570
03217829733
03217826133
03217822363
03217823033
03217824898
03217825196
03217829048
03217829177
03217824394
03217826271
03217828613
03217821523
03217826414
03217829559
03217823571
03217823272
03217826735
03217821219
03217824143
03217821391
03217825481
03217821864
03217829200
03217821463
03217826562
03217825167
03217824822
03217827297
03217825076
03217821427
03217822726
03217824682
03217824786
03217827400
03217822451
03217825965
03217828904
03217826307
03217826477
03217829361
03217828363
03217826227
03217821650
03217826592
03217823684
03217822058
03217826020
03217826757
03217826503
03217828342
03217823832
03217823434
03217828633
03217824355
03217827097
03217821194
03217827186
03217827827
03217826840
03217826152
03217829014
03217827108
03217827606
03217822530
03217827830
03217824912
03217827666
03217822030
03217827118
03217825637
03217828883
03217829812
03217829970
03217821483
03217822764
03217821276
03217824161
03217824670
03217822376
03217828178
03217826444
03217826747
03217821952
03217822132
03217827307
03217822426
03217822122
03217822264
03217827168
03217829041
03217822489
03217824810
03217824949
03217828414
03217828384
03217828926
03217825438
03217828837
03217826311
03217824861
03217823621
03217828663
03217822397
03217821590
03217825820
03217827033
03217822515
03217825451
03217828661
03217829708
03217822266
03217825156
03217825473
03217825223
03217827559
03217822486
03217825544
03217829950
03217826596
03217826393
03217825002
03217829530
03217826813
03217827814
03217825777
03217825743
03217826938
03217829341
03217823213
03217827091
03217827183
03217823686
03217821607
03217826443
03217826525
03217827038
03217826148
03217822403
03217829793
03217822940
03217823160
03217821367
03217822951
03217823293
03217826545
03217823583
03217828264
03217828619
03217829133
03217825584
03217823775
03217822957
03217821256
03217826772
03217828513
03217829320
03217829575
03217829052
03217828064
03217828290
03217821537
03217825951
03217822457
03217825012
03217823322
03217829815
03217829354
03217828854
03217828798
03217824409
03217828021
03217829921
03217822616
03217824375
03217823986
03217826047
03217823587
03217829629
03217828826
03217828627
03217825067
03217822474
03217824444
03217826755
03217823485
03217828878
03217829752
03217828525
03217826827
03217823350
03217821728
03217824650
03217821623
03217825416
03217828281
03217823222
03217823768
03217828194
03217829201
03217829764
03217821174
03217825753
03217823036
03217828639
03217824526
03217825988
03217829422
03217829237
03217829663
03217826470
03217823477
03217828013
03217828256
03217829836
03217822026
03217827642
03217821058
03217825270
03217828959
03217823491
03217827766
03217825861
03217829425
03217825302
03217822139
03217823269
03217821001
03217827355
03217823554
03217825168
03217823928
03217822490
03217824987
03217825153
03217821939
03217822481
03217823385
03217822831
03217827876
03217828372
03217827738
03217822692
03217829460
03217827765
03217827647
03217823437
03217821035
03217825506
03217825622
03217823560
03217828605
03217821167
03217821337
03217824743
03217827254
03217829387
03217822961
03217826829
03217828471
03217827130
03217823803
03217825838
03217827020
03217821010
03217827742
03217826979
03217823030
03217822755
03217821052
03217827563
03217829447
03217823153
03217821541
03217822591
03217823918
03217822963
03217828048
03217829545
03217824749
03217823985
03217827737
03217822769
03217823997
03217822133
03217824914
03217821542
03217829267
03217822985
03217825657
03217827481
03217821808
03217826417
03217827764
03217828643
03217825849
03217829184
03217823604
03217821890
03217825713
03217826703
03217828106
03217829043
03217823866
03217822928
03217826763
03217829918
03217825534
03217821852
03217826418
03217824972
03217822981
03217827841
03217829509
03217828296
03217829228
03217825884
03217825201
03217827500
03217822938
03217828035
03217825564
03217828711
03217826147
03217827056
03217824026
03217825871
03217827676
03217828844
03217827289
03217826222
03217825738
03217821947
03217829955
03217829998
03217826752
03217822791
03217825661
03217829633
03217828008
03217829674
03217825307
03217822661
03217821422
03217829828
03217821502
03217827323
03217826926
03217821882
03217829969
03217821471
03217827706
03217827125
03217827916
03217825687
03217826870
03217821969
03217821833
03217829452
03217823945
03217823253
03217827501
03217826185
03217827492
03217825241
03217825889
03217825073
03217826050
03217824724
03217827227
03217825791
03217826748
03217828705
03217825263
03217829295
03217823855
03217821978
03217828484
03217822291
03217824874
03217829973
03217822763
03217826038
03217825855
03217827477
03217829682
03217828248
03217826495
03217824040
03217824742
03217822645
03217826785
03217826723
03217821855
03217824079
03217826397
03217821656
03217822400
03217829895
03217827640
03217825085
03217826675
03217824649
03217826289
03217821275
03217822342
03217825209
03217826557
03217822618
03217825267
03217827439
03217823988
03217829218
03217825328
03217827246
03217827544
03217827543
03217822005
03217826059
03217828478
03217822571
03217822000
03217827899
03217822086
03217827226
03217824186
03217822596
03217828397
03217825107
03217824046
03217822827
03217823392
03217826972
03217824153
03217828830
03217828185
03217821517
03217829283
03217827867
03217826030
03217827178
03217826327
03217825154
03217823143
03217822352
03217829958
03217827352
03217823080
03217824687
03217828197
03217822078
03217824289
03217823376
03217824574
03217829330
03217828431
03217825190
03217824843
03217825590
03217825292
03217824110
03217821282
03217824419
03217824151
03217826054
03217821457
03217823819
03217826032
03217826961
03217823288
03217824132
03217821868
03217824908
03217824307
03217822072
03217821042
03217827725
03217822637
03217821044
03217829675
03217825848
03217829103
03217823596
03217823896
03217824256
03217821595
03217826326
03217824440
03217822277
03217823068
03217825045
03217828992
03217821781
03217823904
03217825895
03217829260
03217828655
03217821236
03217828790
03217821508
03217825347
03217827257
03217827389
03217827465
03217822205
03217824545
03217825616
03217823690
03217825433
03217823669
03217825048
03217826974
03217822157
03217827200
03217824964
03217824436
03217828847
03217821129
03217821840
03217829262
03217822050
03217825943
03217828733
03217825149
03217821765
03217824612
03217821959
03217828946
03217822088
03217828549
03217823989
03217821597
03217824206
03217828861
03217822235
03217827731
03217825121
03217829377
03217829611
03217827065
03217823943
03217824807
03217828694
03217824295
03217824219
03217829942
03217828301
03217823507
03217821004
03217825919
03217825339
03217821521
03217823471
03217829396
03217825200
03217821925
03217821710
03217826102
03217824885
03217823608
03217823211
03217823367
03217821772
03217826611
03217824124
03217826008
03217822462
03217829650
03217824272
03217821136
03217826987
03217826454
03217826120
03217827545
03217824011
03217822016
03217825041
03217822984
03217825677
03217828866
03217827340
03217828764
03217828335
03217829920
03217827452
03217828791
03217825354
03217828137
03217825483
03217828828
03217823330
03217824177
03217824369
03217821045
03217821354
03217821646
03217827232
03217826484
03217822941
03217829080
03217824379
03217826809
03217829694
03217825457
03217823175
03217828567
03217827690
03217821363
03217824432
03217827847
03217825789
03217826087
03217825009
03217828918
03217821214
03217828849
03217825193
03217823556
03217825182
03217828685
03217826467
03217823995
03217821629
03217824030
03217821634
03217826955
03217822280
03217825393
03217823073
03217821981
03217825659
03217822383
03217826746
03217829570
03217825255
03217823237
03217822626
03217824396
03217828387
03217826035
03217822728
03217826966
03217829170
03217827634
03217821970
03217823887
03217821627
03217821009
03217828989
03217825834
03217824572
03217828597
03217823659
03217829728
03217827476
03217825567
03217825247
03217821936
03217828877
03217823258
03217827881
03217829278
03217825715
03217821955
03217823202
03217828079
03217829059
03217827959
03217821133
03217821302
03217824667
03217827785
03217824645
03217823422
03217826952
03217822250
03217823394
03217824998
03217826658
03217829577
03217822897
03217826919
03217829915
03217827991
03217824099
03217829469
03217829085
03217824701
03217826254
03217821931
03217829892
03217827806
03217826775
03217826612
03217827463
03217822356
03217825060
03217829691
03217826973
03217828295
03217829686
03217828522
03217828607
03217824487
03217824280
03217829056
03217822378
03217828032
03217823286
03217826025
03217823860
03217829515
03217825582
03217823083
03217827167
03217825021
03217822358
03217829513
03217826844
03217822484
03217824136
03217828386
03217829195
03217827220
03217827836
03217827228
03217828993
03217821018
03217824738
03217824412
03217823095
03217824598
03217821145
03217824075
03217827198
03217829553
03217821859
03217822751
03217827948
03217829478
03217826607
03217824633
03217829805
03217823273
03217827328
03217829009
03217821763
03217822002
03217829420
03217825894
03217829861
03217825157
03217826637
03217824293
03217821286
03217829448
03217826419
03217821937
03217822214
03217825468
03217822538
03217822324
03217821663
03217825634
03217821246
03217826697
03217828358
03217824360
03217821213
03217821464
03217824086
03217829097
03217822595
03217821725
03217828180
03217827336
03217824395
03217821752
03217829463
03217823303
03217821528
03217829551
03217828493
03217822419
03217829835
03217827805
03217829439
03217826034
03217828614
03217828459
03217821837
03217826017
03217827855
03217829822
03217822332
03217821874
03217828388
03217824033
03217822633
03217821072
03217828836
03217822201
03217822097
03217829910
03217823922
03217822330
03217829717
03217829864
03217825950
03217821941
03217821377
03217823658
03217827616
03217822256
03217825690
03217827920
03217828721
03217825935
03217829825
03217824319
03217823897
03217829641
03217829196
03217824457
03217828385
03217826733
03217827993
03217824268
03217827342
03217822112
03217827929
03217828896
03217821313
03217821972
03217827992
03217826163
03217822108
03217824715
03217822216
03217826131
03217824521
03217826112
03217823911
03217825136
03217829010
03217827882
03217821804
03217826013
03217821390
03217829759
03217821493
03217823555
03217824175
03217826925
03217822261
03217823348
03217822315
03217821828
03217823578
03217829990
03217829824
03217824622
03217827853
03217824252
03217822300
03217827419
03217823478
03217828831
03217824480
03217825460
03217823973
03217829935
03217822273
03217823290
03217821596
03217828982
03217826386
03217825537
03217824415
03217827831
03217826539
03217828375
03217821844
03217822212
03217828573
03217822302
03217829846
03217824303
03217826121
03217824087
03217821157
03217823629
03217829503
03217828594
03217822559
03217826040
03217824008
03217825785
03217821557
03217823279
03217826777
03217827413
03217825746
03217823451
03217821448
03217822777
03217825678
03217827863
03217825116
03217824240
03217828984
03217823113
03217825559
03217829670
03217828991
03217826151
03217829202
03217821082
03217827825
03217822756
03217827029
03217823979
03217822334
03217827835
03217826427
03217827016
03217823154
03217821417
03217823909
03217826567
03217824405
03217823122
03217826890
03217822669
03217822638
03217827736
03217825517
03217827951
03217821639
03217826561
03217823574
03217822927
03217828449
03217826114
03217822565
03217825130
03217821682
03217824246
03217825453
03217824205
03217821592
03217828716
03217829471
03217829114
03217824941
03217829212
03217828662
03217824708
03217823699
03217822417
03217828708
03217822436
03217822780
03217823794
03217823481
03217826564
03217822308
03217824805
03217822343
03217829407
03217829386
03217824450
03217828024
03217829734
03217821114
03217825297
03217826480
03217823197
03217823524
03217822795
03217826304
03217829289
03217826930
03217829778
03217826230
03217826012
03217823334
03217821648
03217825118
03217823144
03217829400
03217826349
03217829066
03217829706
03217825555
03217828900
03217824211
03217823964
03217828508
03217827482
03217827314
03217823039
03217826004
03217825515
03217822564
03217824238
03217825188
03217823373
03217826977
03217825679
03217824616
03217828762
03217827969
03217826029
03217826048
03217828232
03217824131
03217823817
03217827239
03217827403
03217825077
03217825813
03217825562
03217829854
03217825710
03217825955
03217825851
03217821456
03217821365
03217827140
03217828886
03217824010
03217829818
03217824517
03217822182
03217821922
03217828532
03217829347
03217821905
03217823333
03217827708
03217824028
03217821433
03217829082
03217829221
03217823310
03217828601
03217827217
03217826751
03217828675
03217829393
03217829477
03217827417
03217821126
03217824222
03217825010
03217828412
03217826914
03217827142
03217829364
03217824221
03217824313
03217829300
03217825056
03217825480
03217826544
03217829937
03217826466
03217823657
03217826520
03217828002
03217821927
03217824418
03217822374
03217825213
03217822856
03217827039
03217828539
03217823446
03217821669
03217829932
03217825334
03217825040
03217824764
03217824309
03217825298
03217822504
03217826885
03217822068
03217821838
03217828254
03217823120
03217823893
03217827279
03217825018
03217822873
03217821475
03217825490
03217826707
03217821848
03217829797
03217829681
03217821373
03217822289
03217823468
03217829432
03217828887
03217823889
03217824259
03217824684
03217829656
03217827208
03217822349
03217827513
03217823374
03217822935
03217828785
03217825419
03217829552
03217824389
03217829647
03217827550
03217823564
03217829274
03217824088
03217822460
03217825501
03217827128
03217822119
03217827325
03217821412
03217822636
03217825972
03217827961
03217828436
03217821658
03217822640
03217824854
03217828857
03217824267
03217824358
03217824334
03217826422
03217822587
03217823916
03217821083
03217829784
03217828572
03217826338
03217829774
03217829137
03217822528
03217828044
03217823800
03217829883
03217829712
03217821540
03217825425
03217827273
03217826982
03217827894
03217821748
03217829019
03217828693
03217829297
03217828824
03217829730
03217828126
03217829078
03217829531
03217823344
03217823408
03217822852
03217821609
03217824966
03217826943
03217821884
03217823503
03217828100
03217826810
03217824384
03217826820
03217822794
03217829473
03217821764
03217829887
03217826022
03217829334
03217823111
03217827645
03217821397
03217822193
03217822146
03217828512
03217826474
03217823300
03217826860
03217824140
03217823816
03217822306
03217823879
03217829141
03217826009
03217828245
03217828650
03217823636
03217824913
03217822004
03217825331
03217828081
03217827767
03217823457
03217827386
03217822087
03217824288
03217823963
03217823569
03217824750
03217826976
03217823444
03217825954
03217828297
03217824600
03217827909
03217823519
03217827784
03217828653
03217827166
03217827884
03217821089
03217824461
03217824009
03217826483
03217825778
03217826316
03217821976
03217821237
03217826998
03217829087
03217824772
03217829851
03217829852
03217828736
03217829129
03217822164
03217825774
03217824800
03217829035
03217827003
03217828485
03217827300
03217826678
03217823741
03217829882
03217822711
03217827374
03217829904
03217822241
03217829827
03217829954
03217827086
03217824561
03217821198
03217823919
03217821468
03217824716
03217827552
03217827601
03217828822
03217821212
03217823011
03217828801
03217828429
03217828755
03217828581
03217824108
03217824974
03217829479
03217821703
03217828477
03217829637
03217821075
03217827496
03217824287
03217821712
03217822402
03217822531
03217829897
03217824567
03217821854
03217823332
03217822799
03217828181
03217827272
03217823572
03217825311
03217824129
03217823136
03217823614
03217827360
03217825719
03217824980
03217822858
03217822720
03217824281
03217826690
03217823314
03217827110
03217828810
03217828778
03217827430
03217826779
03217827614
03217824632
03217821308
03217823540
03217821298
03217824431
03217824188
03217821761
03217827502
03217822184
03217829735
03217828576
03217828787
03217825171
03217824304
03217824917
03217824044
03217821709
03217828246
03217827572
03217822939
03217823028
03217826109
03217828119
03217828461
03217823808
03217829098
03217826141
03217826939
03217826515
03217822727
03217824410
03217821439
03217828426
03217822520
03217822889
03217825035
03217826954
03217823155
03217828534
03217825309
03217824474
03217822513
03217822734
03217822478
03217829368
03217824811
03217825199
03217825421
03217825969
03217822663
03217821361
03217823651
03217822796
03217823642
03217827823
03217828130
03217829893
03217823282
03217829714
03217825051
03217829154
03217824963
03217822536
03217828439
03217828499
03217824623
03217823628
03217825798
03217824460
03217825941
03217821123
03217829211
03217826079
03217828152
03217829857
03217821384
03217824158
03217821892
03217822865
03217824580
03217824997
03217829654
03217829968
03217823611
03217826044
03217827530
03217821880
03217828039
03217827733
03217827852
03217826496
03217821881
03217827490
03217821320
03217827460
03217821657
03217821561
03217825194
03217828521
03217826608
03217824996
03217825450
03217821826
03217826546
03217825633
03217824593
03217827491
03217826182
03217827511
03217823166
03217824927
03217821818
03217823795
03217823531
03217825822
03217828829
03217824401
03217821545
03217823898
03217821574
03217823339
03217828370
03217828092
03217824565
03217821446
03217821048
03217825007
03217825864
03217826247
03217827996
03217823140
03217827051
03217823070
03217829004
03217825698
03217826819
03217827515
03217821900
03217823268
03217825898
03217825290
03217823375
03217824726
03217823076
03217829173
03217822996
03217822144
03217826143
03217823018
03217827461
03217826895
03217829399
03217821617
03217829224
03217822118
03217822523
03217823821
03217822752
03217824012
03217823130
03217827582
03217826383
03217822472
03217822802
03217821189
03217826720
03217823927
03217822574
03217822868
03217828839
03217822159
03217829590
03217826174
03217829604
03217824081
03217827594
03217823299
03217825397
03217821348
03217821954
03217825266
03217824071
03217826420
03217829866
03217826350
03217829760
03217827390
03217824423
03217826581
03217827977
03217825103
03217827865
03217826889
03217826577
03217824407
03217829988
03217824437
03217828326
03217829326
03217827536
03217821635
03217822649
03217827330
03217825454
03217823002
03217824277
03217825808
03217822091
03217822200
03217821751
03217823008
03217823654
03217825089
03217826718
03217823370
03217826851
03217827584
03217823537
03217829842
03217824573
03217821913
03217828774
03217825017
03217828063
03217823905
03217829060
03217828792
03217829250
03217824788
03217823824
03217826653
03217822057
03217829877
03217824688
03217824826
03217821399
03217825394
03217827719
03217825831
03217824956
03217828237
03217823665
03217824051
03217829111
03217825611
03217829704
03217823894
03217823316
03217821759
03217827845
03217823947
03217825234
03217827467
03217824435
03217825343
03217827707
03217829781
03217825016
03217822613
03217825422
03217824194
03217822943
03217829826
03217828925
03217824741
03217821626
03217823683
03217824469
03217821121
03217828162
03217826560
03217821996
03217826980
03217825465
03217825410
03217823801
03217824791
03217826344
03217829329
03217822606
03217827527
03217826761
03217829700
03217821697
03217824310
03217827605
03217825022
03217824491
03217825840
03217821188
03217825862
03217829966
03217824903
03217827181
03217821146
03217824465
03217828036
03217825160
03217824889
03217823941
03217827478
03217824651
03217826024
03217822599
03217824133
03217821413
03217829020
03217828582
03217826155
03217821091
03217826187
03217826241
03217829374
03217822429
03217825172
03217824411
03217829547
03217823835
03217822737
03217827610
03217821543
03217828140
03217822558
03217822366
03217821871
03217825758
03217822894
03217827046
03217828286
03217825006
03217821723
03217823078
03217822605
03217829707
03217822259
03217823812
03217828720
03217824959
03217827487
03217828224
03217822731
03217824478
03217824838
03217823200
03217825104
03217822188
03217826523
03217823199
03217829869
03217823788
03217825835
03217821071
03217822702
03217823292
03217823252
03217827955
03217824367
03217828688
03217822093
03217827592
03217821672
03217829839
03217821576
03217828889
03217824056
03217829635
03217827393
03217825181
03217826228
03217826097
03217825144
03217824365
03217828524
03217823208
03217825938
03217825918
03217826423
03217822740
03217821666
03217824235
03217824294
03217821190
03217822744
03217821938
03217825264
03217827633
03217822127
03217824152
03217828441
03217825890
03217826473
03217823598
03217821310
03217821857
03217829222
03217827175
03217821653
03217825090
03217823921
03217825152
03217826184
03217822872
03217828571
03217829820
03217829646
03217829601
03217828445
03217822437
03217824290
03217828165
03217826677
03217825484
03217824208
03217826732
03217827395
03217824973
03217821766
03217827982
03217826850
03217829544
03217828068
03217822925
03217828411
03217825071
03217825625
03217823859
03217826437
03217821343
03217824752
03217824761
03217824390
03217821319
03217822525
03217825707
03217826837
03217823452
03217822183
03217825432
03217826372
03217825014
03217824601
03217821489
03217826680
03217822154
03217827170
03217823327
03217821234
03217824530
03217824430
03217825978
03217828578
03217824006
03217821727
03217825333
03217829455
03217821971
03217821172
03217821403
03217821144
03217823397
03217827361
03217822635
03217828292
03217822038
03217821024
03217822369
03217825800
03217829188
03217828289
03217825417
03217827995
03217828176
03217823705
03217829299
03217826347
03217825558
03217823428
03217823026
03217828709
03217826095
03217825936
03217825966
03217827866
03217828603
03217824473
03217824953
03217826208
03217825927
03217826145
03217821735
03217824038
03217827285
03217823932
03217824782
03217828930
03217824498
03217825101
03217827595
03217822283
03217827090
03217823092
03217829480
03217825466
03217823522
03217825905
03217828666
03217827774
03217827777
03217821520
03217827933
03217827780
03217829457
03217824777
03217825739
03217827414
03217826782
03217828935
03217829610
03217823504
03217829974
03217825756
03217827358
03217823925
03217829823
03217823052
03217824557
03217821264
03217821812
03217822679
03217824362
03217824380
03217829855
03217821409
03217821153
03217825839
03217822977
03217821451
03217824502
03217821120
03217822313
03217821779
03217826524
03217822066
03217828683
03217827384
03217823547
03217824662
03217828546
03217827950
03217828941
03217825141
03217826963
03217822861
03217824879
03217825967
03217824368
03217826950
03217821359
03217827558
03217825373
03217827782
03217823771
03217826996
03217828588
03217825906
03217828702
03217821273
03217822946
03217822491
03217826387
03217824179
03217825295
03217826861
03217825833
03217825114
03217823458
03217822211
03217825737
03217826014
03217824305
03217826572
03217824343
03217827945
03217824828
03217825165
03217824507
03217829302
03217827111
03217824958
03217826551
03217826074
03217822639
03217825318
03217822418
03217828827
03217822195
03217824472
03217821482
03217827506
03217827250
03217822444
03217821914
03217825571
03217828033
03217826489
03217824282
03217824359
03217827983
03217824877
03217823818
03217823625
03217823194
03217829795
03217824210
03217826909
03217823496
03217827577
03217829640
03217822062
03217821395
03217823731
03217829077
03217828468
03217825569
03217821791
03217823305
03217824888
03217823839
03217824414
03217826488
03217825823
03217827195
03217822331
03217822648
03217827704
03217821124
03217822747
03217826450
03217823462
03217827391
03217821497
03217828139
03217825920
03217821681
03217824740
03217829889
03217825364
03217829321
03217825953
03217829327
03217825053
03217824434
03217822276
03217821716
03217823242
03217823952
03217827309
03217829413
03217823691
03217827953
03217825721
03217826130
03217825341
03217827040
03217825700
03217823516
03217826273
03217824677
03217826479
03217829277
03217822454
03217822442
03217828383
03217826597
03217823420
03217824385
03217823414
03217824896
03217826506
03217827989
03217823192
03217826787
03217826146
03217828610
03217826492
03217828323
03217825930
03217823053
03217824485
03217822718
03217825797
03217822439
03217824867
03217822129
03217825308
03217828129
03217821356
03217821744
03217823324
03217823610
03217828602
03217825442
03217824061
03217823726
03217821484
03217823843
03217822395
03217828960
03217822453
03217829571
03217825586
03217829899
03217829298
03217828042
03217829317
03217827341
03217825964
03217824377
03217822681
03217825062
03217825431
03217823846
03217826866
03217823167
03217823618
03217826398
03217822319
03217822408
03217827611
03217823886
03217826106
03217829309
03217826944
03217826862
03217822471
03217823168
03217822855
03217828558
03217825769
03217821934
03217824025
03217822608
03217826268
03217826696
03217829683
03217826421
03217824260
03217822130
03217828776
03217822562
03217823178
03217822754
03217829475
03217824155
03217827164
03217826504
03217829662
03217821912
03217825233
03217823789
03217826558
03217828134
03217827947
03217821845
03217824731
03217823695
03217822721
03217828435
03217822590
03217829179
03217823719
03217824229
03217829397
03217828236
03217829960
03217825985
03217828474
03217821217
03217829917
03217824597
03217827371
03217822988
03217823542
03217828772
03217824082
03217827369
03217826620
03217824620
03217828735
03217822359
03217828007
03217827197
03217829796
03217827104
03217827071
03217822732
03217822652
03217821003
03217824392
03217823220
03217826598
03217822149
03217822265
03217826729
03217827548
03217827248
03217822653
03217828010
03217821832
03217821065
03217825970
03217824558
03217823634
03217827539
03217828802
03217826188
03217827871
03217824113
03217827526
03217824639
03217829303
03217827566
03217826267
03217824149
03217826469
03217825630
03217829142
03217824116
03217829187
03217829415
03217829643
03217828770
03217828465
03217821101
03217828173
03217829018
03217824063
03217823464
03217826359
03217827585
03217827795
03217825960
03217822615
03217829721
03217828014
03217828707
03217824176
03217822371
03217826916
03217825947
03217825728
03217828396
03217823915
03217823146
03217829100
03217825647
03217824844
03217826424
03217826465
03217823502
03217829073
03217828681
03217823262
03217822226
03217826510
03217822074
03217823014
03217823442
03217827339
03217825238
03217822028
03217821318
03217826094
03217826086
03217821853
03217825068
03217822710
03217827739
03217828408
03217825294
03217826968
03217823297
03217821548
03217828422
03217828540
03217829430
03217823689
03217823720
03217825576
03217822713
03217829520
03217827534
03217822667
03217824516
03217827781
03217824758
03217821270
03217824005
03217825577
03217825522
03217827095
03217826780
03217826046
03217821097
03217824563
03217823487
03217821887
03217822404
03217826432
03217825621
03217822922
03217827512
03217827415
03217826096
03217821170
03217829991
03217825507
03217824535
03217823853
03217827718
03217828131
03217829902
03217828481
03217828309
03217826667
03217828423
03217821743
03217829585
03217821028
03217827148
03217828325
03217829837
03217829868
03217821668
03217823891
03217822654
03217822196
03217829268
03217828631
03217826490
03217829070
03217828952
03217824685
03217828300
03217821530
03217822029
03217828453
03217828954
03217827747
03217824499
03217823432
03217824462
03217824674
03217823870
03217822189
03217821301
03217828322
03217825961
03217826923
03217827681
03217826284
03217825875
03217829352
03217827123
03217828544
03217822075
03217827859
03217828306
03217827839
03217823214
03217828155
03217827362
03217825987
03217824884
03217827650
03217828364
03217828719
03217826881
03217823318
03217823743
03217827762
03217821187
03217825744
03217829412
03217825146
03217826309
03217824145
03217821794
03217823758
03217827803
03217827745
03217823883
03217825108
03217825370
03217824500
03217823042
03217829561
03217821693
03217825458
03217827958
03217829671
03217827156
03217823804
03217827433
03217823766
03217821022
03217824700
03217829405
03217827119
03217822094
03217823802
03217829672
03217824271
03217823009
03217821053
03217826531
03217822998
03217829856
03217828635
03217827724
03217823809
03217828200
03217822674
03217821117
03217826712
03217828027
03217822735
03217823102
03217828340
03217821305
03217825697
03217828507
03217824719
03217821426
03217827498
03217829110
03217823948
03217826165
03217829957
03217826499
03217825781
03217829556
03217828503
03217827458
03217826234
03217828488
03217827329
03217822027
03217823580
03217823760
03217829693
03217827302
03217826358
03217822136
03217828533
03217824951
03217827004
03217826602
03217827861
03217827058
03217825524
03217827271
03217829698
03217822671
03217822923
03217826342
03217823548
03217823239
03217826376
03217826806
03217823176
03217826290
03217821023
03217827134
03217829992
03217824000
03217827022
03217825648
03217821429
03217821805
03217824755
03217822909
03217824062
03217824631
03217823435
03217824984
03217823096
03217826115
03217829323
03217822039
03217824992
03217829108
03217829648
03217829965
03217828670
03217823671
03217824029
03217827030
03217827070
03217828545
03217824514
03217821079
03217825806
03217827173
03217827885
03217827698
03217828739
03217823609
03217825868
03217822321
03217823774
03217823260
03217821498
03217829769
03217826644
03217827581
03217829084
03217828226
03217822634
03217822725
03217826138
03217824926
03217829185
03217825174
03217825390
03217823069
03217823749
03217829738
03217829150
03217827907
03217822585
03217823568
03217829830
03217827829
03217821300
03217828332
03217823949
03217827727
03217822354
03217828599
03217826107
03217826700
03217827196
03217829947
03217827520
03217823593
03217827247
03217828019
03217823553
03217821506
03217821025
03217821591
03217829054
03217823779
03217825799
03217825240
03217821984
03217824671
03217823236
03217821406
03217825568
03217823980
03217821800
03217827410
03217826371
03217821193
03217826173
03217822310
03217828519
03217825207
03217824053
03217822494
03217826248
03217822907
03217829435
03217826701
03217825870
03217821460
03217823190
03217826001
03217823960
03217828541
03217825503
03217823377
03217826695
03217827462
03217822926
03217824824
03217826142
03217828759
03217824654
03217822881
03217824769
03217826776
03217828498
03217824342
03217827278
03217821005
03217821492
03217829140
03217822411
03217827631
03217829528
03217827092
03217824751
03217827357
03217823321
03217828083
03217824253
03217822047
03217826664
03217825383
03217823218
03217829369
03217828082
03217825689
03217822776
03217825683
03217822012
03217822242
03217829495
03217825249
03217821940
03217824262
03217822025
03217825230
03217822010
03217824341
03217828464
03217822449
03217829193
03217827589
03217823647
03217826669
03217821667
03217822255
03217822399
03217821415
03217822461
03217828765
03217822123
03217827507
03217828351
03217823912
03217826072
03217822492
03217822969
03217823233
03217824117
03217829021
03217827659
03217826682
03217823454
03217824652
03217828015
03217827757
03217826794
03217821140
03217827822
03217829699
03217823416
03217829240
03217821685
03217826583
03217827962
03217822738
03217829762
03217828917
03217829165
03217828213
03217821847
03217821610
03217828149
03217829033
03217821611
03217824931
03217828421
03217823270
03217822438
03217829697
03217828112
03217825734
03217828850
03217828780
03217828669
03217829293
03217829171
03217826211
03217821550
03217821104
03217824383
03217827632
03217827345
03217825666
03217821897
03217829367
03217826604
03217825392
03217829409
03217824057
03217823497
03217827268
03217825773
03217824274
03217829257
03217822760
03217828337
03217826773
03217821720
03217826317
03217822699
03217823347
03217825968
03217821875
03217829092
03217829482
03217822032
03217822175
03217823277
03217829884
03217829451
03217827270
03217823842
03217823589
03217821096
03217824278
03217827908
03217822647
03217826633
03217823926
03217821195
03217821660
03217824316
03217827529
03217823278
03217829016
03217826162
03217823495
03217824135
03217825745
03217827438
03217823361
03217823248
03217826460
03217821250
03217829757
03217824871
03217823967
03217829064
03217826726
03217821966
03217826160
03217828808
03217828271
03217821616
03217824403
03217825183
03217825277
03217829568
03217825508
03217822080
03217828116
03217828511
03217827312
03217824986
03217823066
03217829930
03217826117
03217823156
03217827255
03217827891
03217821878
03217822160
03217823679
03217829446
03217822790
03217824789
03217828215
03217821495
03217825850
03217822501
03217821503
03217826412
03217823170
03217825841
03217823901
03217822533
03217828779
03217824327
03217825384
03217823704
03217824247
03217829867
03217821328
03217827583
03217822973
03217822327
03217825461
03217827685
03217826280
03217821901
03217822473
03217827267
03217825239
03217827654
03217825642
03217825344
03217826111
03217822169
03217821944
03217821109
03217821127
03217827480
03217825587
03217821573
03217829949
03217827072
03217826402
03217822499
03217821231
03217829709
03217829008
03217824587
03217827902
03217823355
03217825505
