03236066509
03236062237
03236068271
03236065528
03236066364
03236061289
03236064784
03236067594
03236069413
03236067604
03236061522
03236063994
03236064394
03236067695
03236065034
03236065652
03236063366
03236066564
03236065396
03236063976
03236066295
03236062756
03236068653
03236068757
03236061875
03236061788
03236063963
03236068021
03236064292
03236063641
03236062924
03236065276
03236065957
03236068248
03236063445
03236061589
03236065071
03236063371
03236063906
03236064602
03236068888
03236069840
03236065288
03236067553
03236062909
03236069945
03236066841
03236066732
03236061976
03236062772
03236065892
03236061899
03236062531
03236067147
03236067625
03236067100
03236067559
03236063547
03236066612
03236067288
03236062109
03236067408
03236068315
03236061951
03236062386
03236061223
03236069384
03236066565
03236064050
03236069869
03236061127
03236066500
03236062950
03236061053
03236061179
03236067560
03236061664
03236067633
03236067031
03236063376
03236063425
03236065339
03236066297
03236063964
03236067971
03236065811
03236061678
03236068786
03236064135
03236062551
03236063178
03236067177
03236065500
03236061629
03236064890
03236064345
03236063387
03236069327
03236067849
03236062662
03236061781
03236066540
03236061124
03236064150
03236066505
03236063045
03236061744
03236062542
03236064947
03236069655
03236065078
03236067000
03236063983
03236062975
03236065653
03236068421
03236063251
03236063573
03236066205
03236062372
03236061082
03236066991
03236068054
03236063321
03236065773
03236065553
03236068872
03236066289
03236063214
03236064245
03236067704
03236065527
03236063558
03236069756
03236062840
03236063821
03236069305
03236067313
03236069934
03236066243
03236069188
03236062896
03236068100
03236061517
03236068654
03236069237
03236065924
03236067501
03236069814
03236063121
03236065476
03236061580
03236064789
03236068485
03236067802
03236068377
03236064173
03236065455
03236069328
03236064035
03236065409
03236067373
03236061472
03236063220
03236069416
03236065896
03236065581
03236069430
03236064267
03236068892
03236062438
03236064838
03236067803
03236065158
03236065221
03236065596
03236067052
03236067289
03236063410
03236064431
03236064583
03236069182
03236068769
03236061271
03236065037
03236065444
03236068353
03236063140
03236064478
03236066915
03236065153
03236067487
03236068704
03236068297
03236063340
03236068071
03236065547
03236064228
03236063038
03236066741
03236066986
03236063327
03236062581
03236062780
03236066916
03236063955
03236068402
03236062038
03236062790
03236061422
03236064037
03236064625
03236063985
03236065914
03236065752
03236067959
03236067923
03236062649
03236067671
03236064494
03236066892
03236065738
03236063711
03236066946
03236068884
03236067011
03236062441
03236061783
03236067943
03236062455
03236062663
03236061436
03236069184
03236066076
03236064877
03236064528
03236067936
03236067281
03236064260
03236068589
03236068715
03236069799
03236064085
03236069632
03236068476
03236065079
03236068818
03236064336
03236065656
03236068087
03236065888
03236061178
03236062974
03236064691
03236065092
03236065285
03236062093
03236062435
03236064410
03236061595
03236068864
03236066681
03236068088
03236061322
03236064477
03236066567
03236061883
03236068120
03236061162
03236066557
03236069610
03236061478
03236062391
03236064995
03236067146
03236061253
03236069251
03236061877
03236061932
03236063623
03236067446
03236062287
03236064368
03236066774
03236066210
03236061384
03236069785
03236069243
03236064415
03236065501
03236062871
03236062664
03236069725
03236062034
03236061711
03236062763
03236065155
03236061909
03236063196
03236065772
03236066216
03236064493
03236061530
03236066278
03236069699
03236069696
03236067945
03236064032
03236062842
03236062478
03236061417
03236064393
03236063720
03236064548
03236064219
03236063260
03236068877
03236066746
03236061055
03236066738
03236068813
03236062666
03236062961
03236065435
03236068490
03236064095
03236069968
03236068735
03236067851
03236061230
03236067793
03236062837
03236065627
03236061688
03236061839
03236065211
03236061572
03236064942
03236064693
03236068307
03236067640
03236067991
03236068214
03236061551
03236062697
03236062511
03236067339
03236067747
03236069539
03236067916
03236066734
03236062509
03236065541
03236068746
03236063742
03236066600
03236064052
03236063660
03236064730
03236068810
03236061420
03236063665
03236065173
03236066113
03236066345
03236064120
03236064358
03236065321
03236067444
03236063159
03236068417
03236066038
03236063890
03236062362
03236069673
03236067710
03236064953
03236069330
03236069669
03236062826
03236064352
03236066651
03236064573
03236068119
03236061040
03236067108
03236064162
03236067276
03236066821
03236063887
03236061090
03236063673
03236062573
03236064361
03236063194
03236066764
03236063557
03236061413
03236065064
03236065266
03236065587
03236062172
03236067703
03236064780
03236066296
03236066553
03236068519
03236063096
03236063986
03236067019
03236063856
03236062090
03236063996
03236062347
03236061760
03236069694
03236069547
03236066239
03236064281
03236065883
03236062151
03236064249
03236067473
03236068001
03236067761
03236062908
03236064152
03236063540
03236064265
03236064403
03236067239
03236062179
03236068947
03236069792
03236061823
03236064486
03236068588
03236061065
03236063289
03236069801
03236069000
03236069677
03236062600
03236063500
03236067217
03236067318
03236067132
03236064728
03236069152
03236069703
03236065552
03236066078
03236069080
03236065335
03236061078
03236062866
03236067824
03236069592
03236065108
03236069580
03236069754
03236064416
03236069794
03236061747
03236065047
03236062593
03236061793
03236062120
03236065248
03236067247
03236065400
03236065691
03236066834
03236066407
03236069536
03236065250
03236067535
03236061602
03236063394
03236069261
03236065744
03236065405
03236068070
03236065729
03236062211
03236066935
03236069714
03236061175
03236065116
03236063019
03236062753
03236067462
03236062902
03236067337
03236062981
03236064105
03236067109
03236068783
03236063432
03236065282
03236065538
03236061833
03236065117
03236061074
03236065386
03236066032
03236063908
03236068287
03236064342
03236067573
03236067977
03236067352
03236068671
03236064389
03236063677
03236069317
03236064858
03236062406
03236064072
03236062130
03236062380
03236061507
03236068228
03236063931
03236069070
03236066555
03236061145
03236062819
03236069961
03236063979
03236063572
03236062952
03236064655
03236066824
03236065805
03236062888
03236065741
03236067543
03236065042
03236065401
03236066970
03236064230
03236062947
03236069303
03236064787
03236066727
03236063924
03236061026
03236061210
03236065081
03236069702
03236062736
03236069567
03236067158
03236062100
03236061732
03236063197
03236067390
03236066513
03236068466
03236064662
03236063956
03236061184
03236064714
03236064587
03236067338
03236066106
03236061258
03236069701
03236066122
03236067251
03236066357
03236063698
03236068895
03236068935
03236062769
03236065123
03236063869
03236065087
03236069665
03236068802
03236061155
03236062544
03236069883
03236068010
03236065764
03236068579
03236063169
03236064426
03236065114
03236065397
03236063461
03236065900
03236062399
03236064480
03236066839
03236063449
03236066263
03236068454
03236063744
03236063342
03236066947
03236069575
03236063891
03236065633
03236062170
03236064192
03236067455
03236068095
03236063936
03236063992
03236068672
03236066232
03236068927
03236064509
03236062743
03236064756
03236068755
03236064817
03236061626
03236063765
03236066402
03236062251
03236066674
03236065704
03236063620
03236069555
03236066712
03236062422
03236065182
03236069277
03236064814
03236068792
03236069997
03236068197
03236067942
03236065366
03236065099
03236068462
03236064723
03236065808
03236062920
03236067336
03236063945
03236061000
03236068585
03236068192
03236067949
03236068751
03236063381
03236063353
03236066465
03236067245
03236063834
03236068539
03236064088
03236061514
03236065682
03236061250
03236064112
03236065716
03236062746
03236066559
03236067832
03236066875
03236066259
03236068666
03236067940
03236067528
03236065097
03236064026
03236066284
03236065610
03236065712
03236063836
03236066989
03236062379
03236069151
03236066063
03236065411
03236066643
03236061731
03236064107
03236066826
03236061011
03236066948
03236065913
03236065206
03236064924
03236061669
03236063223
03236068229
03236068254
03236062026
03236068816
03236061689
03236061460
03236065853
03236062487
03236061367
03236063219
03236067550
03236062929
03236068376
03236067678
03236061820
03236068222
03236063082
03236062099
03236068049
03236066103
03236064827
03236064155
03236062767
03236069433
03236067654
03236061614
03236065659
03236062356
03236063060
03236067381
03236067457
03236061810
03236066630
03236063563
03236067691
03236065252
03236069558
03236063897
03236062634
03236069269
03236064092
03236066983
03236061842
03236069570
03236067924
03236067198
03236066204
03236066048
03236062255
03236063805
03236069818
03236064238
03236066827
03236061194
03236064489
03236065548
03236065868
03236065190
03236064659
03236064407
03236062797
03236061947
03236064464
03236063697
03236066209
03236065536
03236065020
03236061722
03236067522
03236068676
03236068331
03236062786
03236067886
03236069456
03236065306
03236064611
03236067514
03236068655
03236063886
03236065433
03236065319
03236067327
03236069169
03236069594
03236062067
03236068348
03236061716
03236063401
03236068902
03236062323
03236069671
03236065162
03236062376
03236062734
03236062506
03236069838
03236066719
03236068785
03236068096
03236066716
03236068151
03236062863
03236068076
03236066602
03236066091
03236065611
03236061256
03236064764
03236067145
03236063515
03236067363
03236065427
03236064619
03236065294
03236064103
03236064142
03236067187
03236063303
03236068320
03236068619
03236066352
03236068659
03236067623
03236065510
03236062279
03236065102
03236067919
03236067675
03236061936
03236065100
03236068603
03236069175
03236066306
03236061518
03236065464
03236062257
03236066104
03236062145
03236064138
03236065178
03236066156
03236064641
03236065012
03236061749
03236065584
03236067439
03236068403
03236065696
03236069531
03236065481
03236069775
03236061799
03236064203
03236061092
03236063811
03236069378
03236066844
03236069470
03236061579
03236065420
03236065443
03236068988
03236062584
03236068678
03236064930
03236067199
03236066175
03236064481
03236061173
03236062503
03236062982
03236069518
03236064438
03236069516
03236061979
03236062404
03236069619
03236067561
03236067376
03236062103
03236064371
03236068445
03236065595
03236062766
03236067294
03236065708
03236064577
03236069220
03236064985
03236064925
03236068450
03236065818
03236067018
03236064601
03236068282
03236063599
03236063615
03236061699
03236067470
03236063282
03236064939
03236067490
03236069174
03236065801
03236062465
03236066317
03236068067
03236066885
03236061519
03236064306
03236066484
03236061603
03236063409
03236065465
03236067926
03236063762
03236065512
03236065603
03236065987
03236064960
03236061337
03236063962
03236066890
03236066749
03236063594
03236063777
03236065163
03236064604
03236067826
03236069966
03236068217
03236065402
03236063419
03236062520
03236068608
03236062072
03236061565
03236064298
03236062712
03236068116
03236066678
03236066428
03236065161
03236063772
03236063708
03236065082
03236061612
03236068952
03236063628
03236062530
03236061372
03236064463
03236068503
03236069427
03236061317
03236066481
03236067925
03236061321
03236066998
03236065582
03236067220
03236062524
03236062991
03236066995
03236067305
03236064421
03236069400
03236062248
03236069685
03236064658
03236063771
03236061588
03236066631
03236069885
03236068694
03236067484
03236062992
03236068874
03236066338
03236065687
03236064029
03236068955
03236064017
03236069180
03236065084
03236066372
03236062183
03236066795
03236069679
03236064608
03236069208
03236067913
03236061248
03236063365
03236064307
03236064530
03236061686
03236069805
03236064731
03236068965
03236069729
03236069850
03236068040
03236063837
03236064006
03236066707
03236061560
03236068494
03236061387
03236068974
03236067814
03236066550
03236069337
03236063027
03236062890
03236064978
03236069163
03236063675
03236065382
03236066519
03236066604
03236066801
03236068684
03236064344
03236062342
03236069150
03236069285
03236061025
03236065234
03236068332
03236062958
03236065672
03236067900
03236068326
03236062754
03236061978
03236063115
03236062868
03236067756
03236065192
03236061201
03236068796
03236064826
03236065567
03236067712
03236066053
03236064467
03236061520
03236065229
03236067035
03236062363
03236068772
03236066155
03236066151
03236069688
03236067599
03236065524
03236064694
03236069715
03236069931
03236069306
03236061262
03236062927
03236067322
03236062628
03236064540
03236063488
03236063932
03236065188
03236063546
03236064323
03236063718
03236062502
03236064971
03236066811
03236065120
03236065922
03236065537
03236069553
03236069741
03236063427
03236065269
03236062231
03236061089
03236066506
03236065520
03236064304
03236064785
03236068731
03236066979
03236061740
03236063102
03236063211
03236067864
03236062605
03236065970
03236065096
03236063336
03236067882
03236064594
03236064009
03236065725
03236063373
03236067124
03236066025
03236064799
03236068663
03236068696
03236068061
03236064402
03236064686
03236064681
03236068803
03236067717
03236066240
03236069832
03236063380
03236062326
03236069230
03236063997
03236061827
03236067456
03236061679
03236067753
03236068623
03236065907
03236064855
03236061411
03236061606
03236065813
03236064439
03236065697
03236065149
03236063462
03236066280
03236069110
03236067379
03236064312
03236064409
03236068050
03236061214
03236061189
03236062997
03236063399
03236061684
03236067893
03236062028
03236062972
03236067017
03236065778
03236068778
03236069826
03236062238
03236066305
03236064633
03236063113
03236067652
03236061701
03236068380
03236067176
03236068227
03236066073
03236062717
03236062793
03236067366
03236063343
03236063567
03236065180
03236069727
03236063713
03236063785
03236069207
03236069073
03236065948
03236068680
03236064840
03236067683
03236068097
03236066871
03236065723
03236061073
03236069678
03236061295
03236069513
03236062809
03236062737
03236066222
03236063457
03236064943
03236065954
03236061706
03236069650
03236066964
03236065205
03236066160
03236068670
03236066578
03236068444
03236062627
03236062432
03236062335
03236065448
03236067976
03236065845
03236065175
03236061720
03236067688
03236062048
03236065179
03236068957
03236066270
03236068770
03236067831
03236067367
03236069030
03236067875
03236063415
03236068201
03236064495
03236061966
03236061953
03236061158
03236062913
03236069494
03236066530
03236061961
03236064916
03236065030
03236068905
03236065304
03236067841
03236066695
03236062150
03236061497
03236069491
03236065260
03236062181
03236062548
03236064459
03236068065
03236062032
03236066039
03236067644
03236065104
03236067225
03236068930
03236068221
03236068294
03236069670
03236065070
03236063356
03236069275
03236069853
03236064543
03236066274
03236067068
03236062959
03236067447
03236063374
03236064187
03236066607
03236062462
03236061625
03236068195
03236068609
03236064848
03236067461
03236061938
03236061426
03236066751
03236063030
03236064834
03236066809
03236068170
03236066951
03236062874
03236061644
03236064423
03236065906
03236065480
03236061500
03236069408
03236067284
03236061729
03236063037
03236069613
03236065758
03236066669
03236062282
03236061060
03236065643
03236068507
03236061814
03236067914
03236067779
03236069410
03236069522
03236068125
03236063898
03236061805
03236062189
03236067236
03236063732
03236068824
03236067201
03236062289
03236063129
03236064231
03236069938
03236062529
03236069480
03236063714
03236065220
03236061050
03236063942
03236062543
03236065981
03236068443
03236063729
03236067168
03236065013
03236066384
03236061442
03236069978
03236063624
03236067602
03236065094
03236069980
03236068590
03236068244
03236069467
03236069993
03236067931
03236067716
03236064276
03236065384
03236068298
03236069713
03236063330
03236062904
03236069587
03236069956
03236069262
03236065080
03236065767
03236062671
03236062187
03236065905
03236061687
03236064551
03236064252
03236066314
03236064927
03236064385
03236069716
03236067912
03236062116
03236064432
03236062805
03236064474
03236062549
03236069178
03236068264
03236064167
03236068344
03236068869
03236065299
03236068111
03236063667
03236068340
03236064212
03236067008
03236065919
03236065693
03236067898
03236067280
03236063164
03236065561
03236063913
03236067895
03236061213
03236068472
03236066782
03236065482
03236065902
03236067503
03236063487
03236066750
03236061475
03236066888
03236065329
03236063575
03236064081
03236063861
03236062646
03236066587
03236065504
03236066197
03236068738
03236064907
03236067194
03236068461
03236062934
03236064143
03236063622
03236064956
03236065301
03236062679
03236066897
03236061998
03236063608
03236068185
03236061627
03236064111
03236066708
03236062383
03236062431
03236068943
03236066422
03236068758
03236062667
03236069083
03236066162
03236062915
03236063870
03236069542
03236065016
03236069733
03236061874
03236068288
03236068251
03236062967
03236062403
03236069864
03236068863
03236061586
03236066677
03236062083
03236064460
03236064959
03236068795
03236068520
03236069795
03236068484
03236066802
03236066016
03236067980
03236064016
03236065413
03236065688
03236061881
03236062264
03236061733
03236069897
03236061144
03236064305
03236061900
03236062567
03236069903
03236068805
03236066108
03236065989
03236065909
03236068455
03236068911
03236069282
03236068471
03236069937
03236063390
03236061485
03236068548
03236062700
03236066386
03236062501
03236069157
03236064846
03236061105
03236066961
03236064796
03236068518
03236064562
03236061583
03236069115
03236066619
03236061198
03236068580
03236067997
03236064277
03236069016
03236062070
03236065105
03236066130
03236065110
03236067216
03236062327
03236068342
03236068411
03236069399
03236065232
03236068797
03236068027
03236069146
03236061193
03236067181
03236067391
03236063892
03236067328
03236061208
03236061851
03236064810
03236064954
03236068422
03236067370
03236066906
03236064974
03236065666
03236069745
03236064165
03236067491
03236066150
03236066755
03236066570
03236067789
03236064483
03236069783
03236069970
03236064447
03236063084
03236061834
03236064679
03236068358
03236067776
03236065963
03236063902
03236065365
03236062105
03236063532
03236064923
03236069873
03236068967
03236066503
03236065491
03236063822
03236062360
03236069401
03236067027
03236069690
03236067215
03236067741
03236069496
03236064638
03236064631
03236062262
03236065026
03236063518
03236065338
03236065535
03236065751
03236068547
03236061964
03236069011
03236061764
03236064380
03236063586
03236066642
03236061227
03236066881
03236066021
03236068252
03236061285
03236068992
03236065960
03236067609
03236065045
03236066056
03236062144
03236067464
03236067203
03236066466
03236069264
03236066366
03236068505
03236061405
03236069366
03236064682
03236063216
03236067955
03236063526
03236064811
03236065021
03236063441
03236066514
03236063691
03236068845
03236068616
03236066378
03236069066
03236065908
03236065461
03236067930
03236064760
03236062545
03236062499
03236063646
03236065270
03236069019
03236068136
03236069821
03236065968
03236061007
03236065035
03236061149
03236067012
03236062614
03236067840
03236066891
03236064102
03236063512
03236067620
03236064354
03236069439
03236065496
03236063905
03236065399
03236061622
03236064929
03236068765
03236062266
03236061375
03236065284
03236066693
03236066176
03236062877
03236061342
03236067647
03236061280
03236067917
03236065436
03236066667
03236065550
03236061395
03236063828
03236069291
03236068697
03236064324
03236063609
03236063304
03236066700
03236068883
03236068915
03236068648
03236064443
03236062555
03236064456
03236067409
03236067335
03236064743
03236063011
03236069691
03236068338
03236068468
03236068732
03236066072
03236063533
03236066196
03236067516
03236067341
03236066245
03236065884
03236063737
03236062368
03236062308
03236068224
03236061236
03236064580
03236069034
03236066788
03236062223
03236062994
03236066938
03236066419
03236063912
03236066279
03236068239
03236067175
03236067723
03236065140
03236061836
03236063312
03236066572
03236067107
03236069183
03236061541
03236062670
03236064204
03236066670
03236065041
03236064768
03236064813
03236061775
03236065349
03236063758
03236066620
03236061680
03236063077
03236066594
03236069777
03236063604
03236067160
03236067431
03236065803
03236061999
03236064823
03236066562
03236064644
03236067426
03236064912
03236064663
03236067234
03236067492
03236067309
03236068018
03236066323
03236066220
03236061378
03236069143
03236067745
03236063999
03236064504
03236067302
03236064687
03236061103
03236063460
03236065327
03236069977
03236067329
03236065579
03236065239
03236062204
03236061846
03236064156
03236067342
03236061963
03236069901
03236067112
03236068115
03236068361
03236069310
03236061457
03236066754
03236068399
03236069415
03236063431
03236061299
03236069109
03236067521
03236063966
03236065144
03236064677
03236064685
03236069904
03236069817
03236063112
03236069461
03236065814
03236064476
03236062064
03236061801
03236065782
03236064098
03236067392
03236064774
03236068940
03236069692
03236061792
03236062002
03236066836
03236063480
03236069603
03236068929
03236061118
03236064965
03236061807
03236069462
03236063095
03236064325
03236062281
03236066855
03236066818
03236065224
03236062426
03236068210
03236068544
03236067240
03236061996
03236062676
03236062277
03236068310
03236067418
03236062659
03236063633
03236069333
03236063907
03236064334
03236061748
03236061197
03236068699
03236068146
03236069999
03236062719
03236069782
03236064125
03236068424
03236068963
03236067809
03236064552
03236064160
03236061202
03236061292
03236061511
03236068458
03236061332
03236062473
03236065554
03236068760
03236065745
03236065107
03236068511
03236067344
03236067235
03236069845
03236063736
03236066976
03236069957
03236062126
03236068528
03236063292
03236064234
03236064669
03236068941
03236067770
03236068183
03236064372
03236067195
03236061956
03236064146
03236069994
03236063789
03236069463
03236066814
03236064444
03236063958
03236064405
03236069682
03236069018
03236064847
03236067621
03236064073
03236067575
03236069076
03236062764
03236068218
03236064224
03236066662
03236062014
03236066613
03236065727
03236067911
03236064364
03236063555
03236067772
03236069604
03236066921
03236069187
03236067552
03236065998
03236067720
03236064274
03236067223
03236064217
03236061320
03236068442
03236067631
03236069620
03236063946
03236069943
03236061024
03236061245
03236066015
03236065774
03236062969
03236061107
03236067554
03236066087
03236064066
03236061555
03236067152
03236068388
03236068205
03236061356
03236063919
03236063943
03236067001
03236062444
03236065293
03236062547
03236069930
03236065428
03236068291
03236064420
03236063114
03236066527
03236063589
03236066768
03236063412
03236069721
03236063029
03236063167
03236069668
03236068130
03236067254
03236066886
03236066685
03236063146
03236061231
03236061738
03236069561
03236067105
03236067301
03236069014
03236067708
03236069372
03236062537
03236066914
03236068526
03236062815
03236062044
03236061666
03236067700
03236061535
03236065028
03236067357
03236064976
03236065176
03236069028
03236067332
03236064314
03236061605
03236068039
03236065660
03236063244
03236067060
03236062022
03236062682
03236063552
03236065425
03236069226
03236064574
03236069060
03236064039
03236067183
03236062607
03236066363
03236066463
03236067095
03236065718
03236061858
03236062762
03236066254
03236062751
03236069082
03236066524
03236061681
03236063393
03236067766
03236064498
03236064761
03236063669
03236065755
03236068984
03236064148
03236066109
03236065802
03236062783
03236061323
03236063553
03236062569
03236066517
03236069709
03236064510
03236062320
03236063802
03236063917
03236069270
03236066120
03236064470
03236067349
03236062701
03236062892
03236066273
03236062685
03236067845
03236064595
03236067601
03236067479
03236069609
03236066055
03236066543
03236061439
03236065317
03236069197
03236063993
03236062564
03236066099
03236061972
03236065542
03236063256
03236062177
03236069751
03236066726
03236064950
03236063100
03236069891
03236065657
03236066224
03236062546
03236065829
03236062108
03236061562
03236062711
03236068079
03236065487
03236062127
03236061905
03236061937
03236066601
03236063017
03236066887
03236063391
03236069645
03236066849
03236064615
03236063268
03236062955
03236066652
03236065781
03236068329
03236066340
03236062865
03236065170
03236061693
03236069466
03236062377
03236068647
03236066822
03236066499
03236068971
03236065534
03236061645
03236067835
03236069154
03236066183
03236065258
03236065756
03236061861
03236064792
03236062297
03236064833
03236061743
03236062857
03236065565
03236069072
03236066330
03236064952
03236061324
03236061041
03236063676
03236068163
03236064744
03236066170
03236063879
03236066455
03236067680
03236069008
03236067968
03236061434
03236063710
03236064087
03236064605
03236069414
03236068419
03236061656
03236066349
03236064629
03236068934
03236067878
03236062207
03236067750
03236067915
03236069319
03236064159
03236067519
03236066000
03236069088
03236068336
03236063040
03236062050
03236065824
03236063775
03236061423
03236065361
03236062243
03236066450
03236063436
03236065257
03236068394
03236066275
03236066286
03236069765
03236068687
03236068649
03236067275
03236063138
03236069300
03236065517
03236067537
03236069768
03236064299
03236065159
03236067299
03236062389
03236061465
03236065043
03236062396
03236068901
03236061012
03236065876
03236069508
03236062049
03236063275
03236062384
03236067136
03236065126
03236061769
03236066061
03236068000
03236067323
03236065174
03236067890
03236066748
03236062077
03236069545
03236063885
03236068300
03236064621
03236066290
03236068373
03236062125
03236063285
03236061661
03236068208
03236068033
03236065341
03236061914
03236061668
03236062307
03236065529
03236066328
03236063769
03236067042
03236065073
03236062215
03236063727
03236063122
03236061919
03236069774
03236067674
03236063688
03236064975
03236067762
03236069644
03236062775
03236066515
03236067268
03236066339
03236066230
03236065459
03236067141
03236062180
03236067238
03236067557
03236064591
03236067768
03236067579
03236061217
03236064645
03236069003
03236061365
03236065330
03236064151
03236067672
03236066532
03236065885
03236067253
03236063263
03236068842
03236066586
03236069739
03236068618
03236067729
03236069092
03236063058
03236069096
03236067206
03236069627
03236061809
03236061128
03236061410
03236062572
03236061009
03236068656
03236062796
03236062182
03236068028
03236064256
03236064004
03236064505
03236062375
03236063794
03236068059
03236068429
03236065324
03236066161
03236066237
03236064514
03236063968
03236061195
03236065862
03236065403
03236065244
03236062141
03236064680
03236069886
03236069693
03236061830
03236063790
03236068391
03236061710
03236063357
03236068387
03236066112
03236061758
03236063307
03236067252
03236068014
03236063069
03236069784
03236067248
03236064771
03236067547
03236069022
03236064060
03236063061
03236068509
03236069329
03236061862
03236062657
03236064618
03236062190
03236064269
03236069915
03236062804
03236067850
03236066030
03236063489
03236067848
03236062334
03236063033
03236062357
03236067432
03236064922
03236066043
03236067321
03236066242
03236069369
03236067649
03236061300
03236063085
03236069101
03236068082
03236066126
03236065061
03236066050
03236068800
03236062173
03236069868
03236064057
03236068563
03236063400
03236069118
03236069505
03236062259
03236066147
03236064643
03236068026
03236062265
03236069661
03236067956
03236066876
03236064388
03236064534
03236068881
03236061797
03236062488
03236068260
03236067115
03236062184
03236062858
03236063876
03236066135
03236063866
03236068914
03236061407
03236061504
03236066624
03236066454
03236062157
03236061235
03236066187
03236068865
03236067016
03236064079
03236063686
03236064258
03236068215
03236067527
03236065842
03236069862
03236068016
03236063768
03236065310
03236062759
03236069355
03236064885
03236064521
03236061806
03236065843
03236066696
03236066965
03236062514
03236065383
03236061945
03236065323
03236067422
03236067727
03236069797
03236062448
03236069607
03236064931
03236061641
03236069586
03236069145
03236067511
03236064839
03236069946
03236068198
03236066080
03236069557
03236061880
03236068415
03236062632
03236065533
03236063961
03236066595
03236067583
03236063791
03236069267
03236066511
03236067828
03236067713
03236065376
03236069120
03236069479
03236064671
03236067185
03236061676
03236066850
03236064010
03236061341
03236061192
03236063317
03236061604
03236066397
03236066953
03236063611
03236064240
03236063550
03236067256
03236066154
03236067138
03236061001
03236068366
03236066831
03236064181
03236062760
03236062039
03236068435
03236069969
03236065447
03236063857
03236061594
03236069950
03236065254
03236061986
03236063193
03236061316
03236068345
03236064879
03236064781
03236068857
03236064870
03236064914
03236068516
03236064888
03236065164
03236066057
03236067808
03236061108
03236067140
03236064882
03236061634
03236061506
03236062645
03236065367
03236067967
03236062931
03236067269
03236068768
03236062621
03236067050
03236062417
03236067880
03236063182
03236063565
03236065055
03236062056
03236066705
03236064786
03236063221
03236064417
03236065414
03236068759
03236068311
03236064589
03236065492
03236066838
03236062009
03236062234
03236061182
03236063490
03236069600
03236065585
03236062777
03236069760
03236063639
03236069928
03236065806
03236063957
03236063767
03236066107
03236066571
03236065940
03236068812
03236063087
03236062047
03236068510
03236067966
03236068031
03236061557
03236061646
03236065646
03236064118
03236068108
03236066471
03236062622
03236063422
03236062242
03236066355
03236062941
03236065486
03236068990
03236066994
03236061725
03236065437
03236066293
03236062369
03236063396
03236068068
03236061794
03236065662
03236064511
03236064367
03236068632
03236063231
03236067351
03236068470
03236067296
03236063484
03236063149
03236065354
03236066731
03236069106
03236062773
03236062029
03236065557
03236068975
03236064970
03236069352
03236069289
03236066411
03236064712
03236068355
03236067730
03236061988
03236064308
03236067545
03236061205
03236061264
03236064724
03236069642
03236069540
03236064428
03236067246
03236062288
03236065799
03236063671
03236068446
03236068709
03236062818
03236062200
03236064491
03236064535
03236068261
03236063757
03236068893
03236065129
03236061521
03236068839
03236064797
03236065227
03236064250
03236063819
03236063668
03236062681
03236068413
03236065949
03236065617
03236067965
03236064089
03236062364
03236068809
03236062722
03236063239
03236067453
03236066590
03236069284
03236061326
03236069748
03236068702
03236065783
03236062117
03236066960
03236063648
03236065395
03236065214
03236068567
03236064011
03236069131
03236064049
03236066516
03236063989
03236069358
03236069667
03236066529
03236065483
03236067709
03236065599
03236067290
03236068206
03236065943
03236064549
03236062966
03236064502
03236064696
03236067906
03236066690
03236064316
03236068693
03236067150
03236069228
03236068321
03236062541
03236063704
03236069759
03236065728
03236066115
03236069005
03236066633
03236068055
03236061361
03236061637
03236065441
03236069452
03236061449
03236064065
03236069314
03236069263
03236062498
03236063664
03236065001
03236062668
03236068657
03236069379
03236062470
03236063367
03236066370
03236068968
03236065665
03236065630
03236069388
03236068581
03236064917
03236063859
03236065109
03236067626
03236065052
03236068875
03236069241
03236063779
03236069914
03236069058
03236067721
03236067070
03236065141
03236069626
03236066379
03236069429
03236064991
03236069776
03236067214
03236065875
03236065819
03236069953
03236063875
03236068401
03236067580
03236069804
03236067374
03236067615
03236062894
03236066474
03236066294
03236066456
03236069910
03236065621
03236062197
03236063295
03236066390
03236062317
03236063439
03236068538
03236068275
03236065679
03236062635
03236069098
03236067960
03236069181
03236067648
03236063408
03236069905
03236067139
03236068534
03236062757
03236064154
03236062235
03236062523
03236067293
03236067165
03236069042
03236061529
03236067820
03236064739
03236065230
03236069706
03236062284
03236068513
03236065086
03236069253
03236061962
03236065990
03236068335
03236064503
03236068633
03236068985
03236068540
03236064100
03236067010
03236062658
03236065645
03236061887
03236063491
03236063420
03236068706
03236069828
03236064875
03236063702
03236064446
03236061391
03236069216
03236062053
03236061259
03236063503
03236063054
03236066244
03236064188
03236067278
03236067262
03236062661
03236069280
03236065740
03236062695
03236063911
03236063076
03236067413
03236069440
03236065387
03236065761
03236069738
03236061409
03236067241
03236066486
03236066123
03236063947
03236062129
03236065379
03236069116
03236069581
03236069271
03236061006
03236061802
03236062612
03236065872
03236061257
03236065869
03236068104
03236062604
03236062774
03236062794
03236067798
03236068739
03236067093
03236065614
03236062138
03236069521
03236068926
03236063873
03236066968
03236068381
03236062690
03236064158
03236069510
03236068226
03236069844
03236063388
03236061782
03236069790
03236069071
03236062267
03236068754
03236066487
03236065111
03236062810
03236062704
03236064466
03236067538
03236063731
03236065612
03236063083
03236064808
03236068920
03236061099
03236069102
03236064581
03236069313
03236067069
03236066882
03236063705
03236067861
03236068489
03236062439
03236061585
03236061856
03236065570
03236068159
03236061454
03236067637
03236065143
03236068832
03236068690
03236067686
03236069020
03236069835
03236067244
03236068041
03236066105
03236068998
03236066605
03236062055
03236062558
03236062316
03236066611
03236068973
03236063126
03236062153
03236066745
03236068846
03236061278
03236069029
03236065798
03236063656
03236061746
03236062603
03236068611
03236063815
03236069465
03236061968
03236063162
03236069026
03236064559
03236066867
03236064127
03236069051
03236063872
03236067576
03236064988
03236063534
03236067190
03236069198
03236065658
03236068724
03236066062
03236061177
03236062163
03236062351
03236063469
03236067475
03236063157
03236067532
03236069493
03236064878
03236064763
03236064140
03236068583
03236066666
03236064876
03236068330
03236062256
03236064603
03236066309
03236067099
03236068594
03236063888
03236065689
03236068658
03236063692
03236065807
03236068894
03236061169
03236067232
03236064040
03236066382
03236067417
03236065204
03236061140
03236062087
03236067777
03236065684
03236065138
03236066478
03236062872
03236066847
03236064758
03236066997
03236063395
03236066920
03236063123
03236069114
03236065246
03236067869
03236063355
03236061948
03236067186
03236068532
03236066426
03236065958
03236062303
03236062461
03236068134
03236066022
03236064171
03236063141
03236066502
03236064293
03236062025
03236061044
03236064422
03236066251
03236064721
03236063190
03236069913
03236065685
03236065742
03236066226
03236067436
03236068595
03236065118
03236061276
03236064767
03236062655
03236068737
03236069224
03236064002
03236066520
03236067694
03236062486
03236065083
03236065212
03236063933
03236063413
03236068124
03236063600
03236066401
03236064546
03236064343
03236065225
03236069526
03236063051
03236062476
03236062240
03236063089
03236069851
03236062792
03236067533
03236061143
03236065358
03236067787
03236063634
03236069242
03236061483
03236068887
03236065878
03236069194
03236063148
03236068143
03236064836
03236065157
03236064289
03236061692
03236069438
03236067368
03236067137
03236065556
03236066385
03236066549
03236069563
03236068242
03236062898
03236067209
03236066808
03236067438
03236063505
03236061870
03236062932
03236067340
03236061459
03236062561
03236065015
03236069426
03236066853
03236067897
03236068078
03236064934
03236061343
03236065287
03236061095
03236064678
03236065938
03236061334
03236067397
03236069860
03236062738
03236069822
03236063032
03236069796
03236065488
03236064096
03236062505
03236063987
03236068117
03236061062
03236065620
03236061087
03236069312
03236066641
03236061338
03236069048
03236065490
03236067941
03236061226
03236067617
03236069565
03236066634
03236064115
03236067134
03236063982
03236063226
03236067072
03236069057
03236065208
03236066625
03236064044
03236065686
03236069998
03236068932
03236064564
03236062761
03236066930
03236068551
03236064742
03236069099
03236067921
03236069507
03236065935
03236068265
03236067356
03236068341
03236064803
03236068362
03236066211
03236066432
03236069954
03236061315
03236066533
03236067007
03236062846
03236062232
03236063228
03236066473
03236063150
03236067300
03236065049
03236065787
03236064675
03236063086
03236064315
03236065185
03236064673
03236067046
03236065702
03236062007
03236068978
03236063248
03236066228
03236069922
03236065705
03236069348
03236069550
03236065871
03236061447
03236068634
03236062306
03236062553
03236066924
03236065475
03236063687
03236063124
03236063845
03236062611
03236061348
03236064392
03236064616
03236069272
03236069918
03236061142
03236069960
03236061311
03236066071
03236062539
03236061957
03236069405
03236068970
03236066143
03236064765
03236068827
03236065066
03236064740
03236063650
03236068480
03236065523
03236064215
03236065132
03236067588
03236061312
03236062507
03236064933
03236066598
03236065215
03236068674
03236062075
03236066235
03236064967
03236066069
03236064716
03236066913
03236063607
03236069325
03236061218
03236065619
03236061902
03236067077
03236061817
03236067657
03236061980
03236063703
03236063612
03236067365
03236062990
03236068504
03236063134
03236068683
03236062410
03236061525
03236062359
03236061293
03236061987
03236063717
03236063967
03236064479
03236069596
03236062213
03236065297
03236068112
03236067889
03236067059
03236068360
03236063210
03236069967
03236068907
03236066335
03236061940
03236068084
03236068382
03236068898
03236069412
03236064718
03236065669
03236068263
03236062414
03236065864
03236067833
03236064435
03236063207
03236065022
03236068157
03236061091
03236064091
03236066579
03236065655
03236063451
03236065651
03236061776
03236063204
03236061685
03236067424
03236065580
03236069159
03236066448
03236061493
03236063171
03236061389
03236061654
03236062134
03236068378
03236064891
03236065558
03236068733
03236061487
03236067807
03236064350
03236069185
03236067855
03236061266
03236069209
03236064178
03236065667
03236064857
03236069949
03236064328
03236063528
03236067622
03236066723
03236069423
03236068559
03236067870
03236063043
03236067773
03236065543
03236061904
03236061371
03236067476
03236064544
03236061229
03236069533
03236063865
03236065796
03236061054
03236064261
03236068432
03236062706
03236069924
03236063443
03236063981
03236063209
03236067894
03236069813
03236067066
03236069294
03236062998
03236061709
03236067448
03236067698
03236064565
03236068525
03236063325
03236061633
03236066332
03236061403
03236068651
03236063001
03236066843
03236065281
03236063495
03236068515
03236064816
03236062115
03236066534
03236069345
03236066813
03236066963
03236061059
03236068456
03236068225
03236069697
03236063576
03236066883
03236062944
03236069189
03236063953
03236069749
03236067804
03236068593
03236064701
03236064075
03236064465
03236069894
03236064871
03236069735
03236068862
03236067722
03236068317
03236068357
03236064063
03236065846
03236066709
03236063361
03236062891
03236062860
03236069371
03236066376
03236068370
03236062291
03236064381
03236065791
03236067877
03236061503
03236066495
03236064586
03236065125
03236068106
03236063158
03236067746
03236064593
03236063696
03236061104
03236067003
03236064036
03236069578
03236067311
03236068350
03236068639
03236069947
03236066066
03236066383
03236069368
03236068259
03236063002
03236062220
03236061946
03236068102
03236066395
03236066248
03236064753
03236069077
03236066213
03236068630
03236063776
03236061753
03236065191
03236062903
03236066236
03236061328
03236061755
03236061418
03236063522
03236065311
03236063104
03236064899
03236063479
03236061591
03236061750
03236066436
03236064547
03236068573
03236068234
03236062137
03236062275
03236068997
03236063132
03236061584
03236067670
03236068060
03236061864
03236067258
03236062791
03236063929
03236067728
03236063031
03236065973
03236061314
03236065151
03236062185
03236069370
03236063235
03236066870
03236065976
03236067944
03236062854
03236069140
03236067645
03236066446
03236068241
03236069972
03236064713
03236062261
03236062905
03236067014
03236061694
03236062771
03236063920
03236064404
03236063739
03236063345
03236064184
03236062178
03236064657
03236062216
03236063024
03236064042
03236061910
03236067121
03236067996
03236066444
03236062423
03236063018
03236065966
03236064773
03236062939
03236069976
03236066260
03236067477
03236061014
03236066872
03236062167
03236064635
03236062803
03236061260
03236069743
03236066799
03236068495
03236063637
03236066756
03236063561
03236065926
03236061587
03236066884
03236061638
03236067530
03236069680
03236066767
03236069643
03236063347
03236069036
03236067459
03236065369
03236061501
03236063202
03236069590
03236062490
03236064941
03236069167
03236068063
03236065063
03236067191
03236065890
03236068913
03236066609
03236061453
03236067932
03236067211
03236061064
03236062713
03236062976
03236067155
03236069084
03236065147
03236066177
03236062060
03236062724
03236063973
03236069880
03236062588
03236063915
03236067592
03236062489
03236066433
03236063753
03236068409
03236068425
03236062427
03236066006
03236067437
03236064290
03236062795
03236067083
03236061965
03236062011
03236069281
03236062916
03236069067
03236065131
03236063893
03236066729
03236063063
03236062005
03236063111
03236069089
03236066542
03236063402
03236066722
03236064990
03236063949
03236067769
03236063470
03236061903
03236064866
03236065485
03236061349
03236067358
03236069859
03236065698
03236062080
03236063971
03236061088
03236065423
03236068606
03236066193
03236064077
03236069989
03236069726
03236067361
03236067028
03236062113
03236068196
03236065680
03236066337
03236067718
03236063542
03236067204
03236069292
03236069139
03236062918
03236068612
03236065199
03236063294
03236061473
03236067441
03236069996
03236069435
03236061982
03236068669
03236068899
03236061306
03236065753
03236069357
03236061402
03236066958
03236068541
03236069033
03236063041
03236068819
03236067227
03236069421
03236061735
03236066575
03236061784
03236064131
03236069222
03236063511
03236064869
03236064627
03236066770
03236069255
03236067495
03236061925
03236066688
03236062425
03236069177
03236062601
03236065857
03236067041
03236061763
03236061039
03236061129
03236069617
03236062827
03236069975
03236067307
03236068828
03236066617
03236069160
03236065546
03236067080
03236065302
03236062732
03236062557
03236061494
03236068250
03236068274
03236062418
03236068441
03236064575
03236065731
03236066365
03236067267
03236061404
03236062525
03236067655
03236062450
03236061869
03236061573
03236061093
03236061895
03236064012
03236061739
03236062295
03236068750
03236067156
03236068123
03236062270
03236064553
03236063240
03236065928
03236061840
03236062132
03236061708
03236069274
03236067963
03236068405
03236066088
03236069411
03236066980
03236066568
03236069133
03236068730
03236063101
03236069210
03236061186
03236063566
03236068570
03236068823
03236062193
03236068912
03236064375
03236062112
03236065122
03236066414
03236065996
03236064520
03236066589
03236068400
03236066482
03236069755
03236066999
03236065184
03236065707
03236066269
03236066233
03236068246
03236067096
03236064889
03236063136
03236064210
03236066512
03236067184
03236061157
03236067347
03236065194
03236068284
03236064176
03236062131
03236061508
03236063562
03236065837
03236062875
03236064023
03236067265
03236068626
03236067643
03236067999
03236065677
03236065169
03236064892
03236066941
03236062325
03236068677
03236061822
03236066645
03236061347
03236063842
03236068281
03236066835
03236063424
03236064706
03236068465
03236061528
03236062812
03236064078
03236061120
03236061463
03236067148
03236066052
03236065933
03236061885
03236069302
03236061868
03236063730
03236062962
03236066803
03236069257
03236067395
03236064175
03236061319
03236064068
03236067271
03236062678
03236068784
03236065484
03236062674
03236067975
03236066603
03236062348
03236069125
03236061538
03236062146
03236068213
03236067324
03236066159
03236066683
03236066944
03236066101
03236062617
03236063990
03236064733
03236063170
03236069789
03236061051
03236063583
03236064177
03236068237
03236063021
03236061358
03236062653
03236065046
03236061574
03236069573
03236064741
03236061294
03236063229
03236065995
03236062867
03236069490
03236063433
03236061828
03236063741
03236063405
03236064291
03236066901
03236064801
03236063801
03236061636
03236061894
03236062278
03236061043
03236069047
03236069276
03236063596
03236069830
03236066435
03236068953
03236065056
03236068452
03236069554
03236063531
03236063217
03236066362
03236062951
03236069217
03236068552
03236069428
03236068718
03236069636
03236069836
03236061498
03236065921
03236064867
03236064737
03236063370
03236064003
03236068418
03236065532
03236061826
03236069991
03236064341
03236065247
03236067883
03236069524
03236066628
03236063316
03236061219
03236061835
03236069481
03236062331
03236061023
03236063186
03236061077
03236069501
03236069334
03236065495
03236067743
03236068037
03236064169
03236067733
03236068324
03236064819
03236063026
03236065195
03236062161
03236067873
03236068530
03236068299
03236065574
03236061004
03236069534
03236063333
03236064676
03236064757
03236063093
03236061642
03236063889
03236061766
03236064282
03236062960
03236062698
03236061523
03236069652
03236068741
03236063203
03236061466
03236064649
03236069238
03236068209
03236064704
03236062876
03236065456
03236066959
03236061383
03236065432
03236063272
03236065326
03236068043
03236061209
03236066207
03236068641
03236062985
03236065024
03236069213
03236063311
03236062302
03236062528
03236067504
03236062313
03236066490
03236063309
03236068194
03236069322
03236069579
03236067852
03236065417
03236065189
03236068514
03236068072
03236062718
03236063894
03236061670
03236066546
03236066969
03236069122
03236063025
03236061926
03236069498
03236067659
03236062086
03236069341
03236065374
03236064831
03236069746
03236064145
03236069135
03236067416
03236069559
03236063161
03236069392
03236063404
03236065059
03236068453
03236062162
03236068110
03236063477
03236062300
03236066852
03236067454
03236063278
03236067780
03236069704
03236068139
03236062263
03236064108
03236065514
03236061983
03236067127
03236061620
03236068064
03236065706
03236065101
03236061768
03236069297
03236063042
03236065593
03236066679
03236062458
03236062583
03236066064
03236064938
03236061985
03236063868
03236065058
03236068543
03236062433
03236061002
03236063959
03236063276
03236066321
03236068834
03236069525
03236063854
03236069753
03236069037
03236068763
03236063088
03236063632
03236063808
03236063716
03236063726
03236062107
03236061340
03236062788
03236063105
03236066928
03236066271
03236065777
03236069780
03236065272
03236061172
03236068667
03236062413
03236065467
03236066312
03236065786
03236067983
03236061339
03236069260
03236063383
03236061705
03236066655
03236067701
03236062855
03236067228
03236063506
03236066950
03236068356
03236064828
03236061609
03236061865
03236062641
03236061085
03236066475
03236062830
03236061302
03236062407
03236063498
03236065588
03236066437
03236061921
03236064071
03236063524
03236065663
03236063471
03236068008
03236062236
03236066747
03236069362
03236069951
03236062341
03236068868
03236066510
03236068615
03236069425
03236064014
03236061125
03236066398
03236067266
03236068722
03236063960
03236063143
03236066785
03236064981
03236069081
03236063601
03236064337
03236067113
03236061350
03236068396
03236061924
03236062495
03236062862
03236063674
03236064537
03236065344
03236062019
03236068025
03236068849
03236065991
03236063778
03236068365
03236066324
03236067255
03236068850
03236065048
03236068186
03236061427
03236068188
03236061821
03236066797
03236066042
03236063110
03236062008
03236068385
03236065359
03236062956
03236068903
03236064762
03236068145
03236063644
03236066537
03236062024
03236061569
03236065373
03236061228
03236062807
03236066262
03236066614
03236063189
03236061770
03236064519
03236064027
03236068991
03236069689
03236068836
03236067058
03236068652
03236069936
03236066644
03236066085
03236063743
03236066691
03236069983
03236062276
03236068925
03236066752
03236068187
03236068596
03236061969
03236063458
03236066375
03236066525
03236067428
03236062849
03236068319
03236063139
03236062575
03236062870
03236069787
03236069923
03236068433
03236061786
03236069925
03236067036
03236064928
03236063535
03236063261
03236069065
03236066098
03236069119
03236066075
03236062508
03236062585
03236068808
03236068919
03236061757
03236062814
03236064588
03236069344
03236065038
03236067040
03236061597
03236066640
03236061742
03236063783
03236062221
03236067653
03236063284
03236061057
03236064137
03236066303
03236061492
03236062419
03236066416
03236061672
03236061655
03236063283
03236062346
03236069006
03236061464
03236062079
03236065370
03236066249
03236062861
03236066212
03236067394
03236062209
03236067862
03236067274
03236062154
03236067596
03236066011
03236062942
03236061421
03236066476
03236068937
03236065307
03236062610
03236062910
03236065289
03236069293
03236068231
03236063442
03236066735
03236065280
03236062885
03236063810
03236064750
03236067237
03236065452
03236066531
03236065856
03236066442
03236066026
03236065836
03236065815
03236069598
03236062550
03236066865
03236068302
03236069597
03236066657
03236068966
03236069331
03236061353
03236069548
03236066367
03236062446
03236067053
03236062420
03236063267
03236062394
03236062003
03236068005
03236067189
03236064926
03236064262
03236066447
03236066368
03236066264
03236069199
03236062370
03236066694
03236069577
03236069373
03236061623
03236069825
03236068354
03236069722
03236062142
03236061333
03236069962
03236063545
03236064109
03236063179
03236066182
03236067854
03236064944
03236062817
03236061916
03236061546
03236066387
03236069852
03236069767
03236065631
03236061412
03236068774
03236067819
03236069121
03236062647
03236068243
03236065920
03236067421
03236063867
03236061046
03236068463
03236065678
03236063721
03236063175
03236062844
03236063286
03236062696
03236065165
03236062806
03236065822
03236067844
03236061791
03236066992
03236062619
03236067510
03236062707
03236064584
03236062948
03236068182
03236061872
03236067154
03236065364
03236062633
03236068701
03236065416
03236065668
03236066443
03236062434
03236061101
03236069622
03236069446
03236064610
03236064195
03236066982
03236061309
03236061364
03236061897
03236068668
03236067586
03236069173
03236061628
03236069986
03236063818
03236062094
03236067934
03236065036
03236069360
03236066504
03236065748
03236069179
03236062250
03236065378
03236065734
03236066092
03236061719
03236066178
03236068081
03236068190
03236061115
03236062784
03236061647
03236064452
03236069158
03236065242
03236065462
03236063243
03236061234
03236067074
03236068384
03236063851
03236067986
03236064525
03236065009
03236062996
03236069816
03236062999
03236061456
03236062081
03236061033
03236065518
03236063234
03236065874
03236065898
03236067221
03236063527
03236064798
03236067122
03236064149
03236062437
03236063426
03236068747
03236064915
03236067174
03236064653
03236068878
03236066040
03236069551
03236065348
03236061615
03236065979
03236061290
03236063666
03236067208
03236067610
03236061286
03236065676
03236068553
03236067795
03236063080
03236068164
03236061737
03236067092
03236066059
03236068807
03236064114
03236066717
03236062829
03236066346
03236061975
03236061912
03236065831
03236065343
03236061136
03236061818
03236067125
03236065098
03236069877
03236066629
03236063701
03236068976
03236068080
03236061943
03236062820
03236063463
03236064561
03236064996
03236061401
03236066392
03236064441
03236061444
03236066646
03236069221
03236069707
03236068859
03236061013
03236064482
03236066593
03236066354
03236068688
03236067797
03236066926
03236063022
03236063684
03236062841
03236064048
03236068726
03236065424
03236066715
03236068150
03236068135
03236069045
03236067666
03236064246
03236068379
03236061600
03236065291
03236066580
03236062286
03236064507
03236062781
03236068062
03236068219
03236062970
03236063803
03236068900
03236069078
03236063795
03236066569
03236062606
03236064170
03236063939
03236068644
03236069771
03236061390
03236067790
03236061762
03236066391
03236061848
03236064538
03236067548
03236066138
03236068230
03236062474
03236066027
03236061803
03236064034
03236063629
03236063988
03236062883
03236063010
03236069248
03236063242
03236063616
03236067953
03236067230
03236066468
03236065939
03236063663
03236063152
03236069475
03236065736
03236064340
03236063254
03236067033
03236063466
03236067859
03236061712
03236068977
03236068897
03236068723
03236065011
03236063407
03236067273
03236061486
03236068459
03236063109
03236068576
03236067498
03236063213
03236065601
03236069686
03236069432
03236067763
03236069656
03236061362
03236068467
03236067881
03236069552
03236066440
03236069847
03236067947
03236061111
03236061032
03236067471
03236062467
03236064083
03236069290
03236061997
03236067616
03236067760
03236067759
03236061599
03236068169
03236062907
03236063862
03236067188
03236068073
03236068496
03236064670
03236069992
03236063044
03236063352
03236066636
03236065576
03236067063
03236063249
03236062051
03236066929
03236061351
03236063916
03236069162
03236062440
03236062247
03236062779
03236064968
03236067867
03236062889
03236062496
03236061433
03236067603
03236064295
03236069893
03236065137
03236069612
03236068058
03236063264
03236063781
03236062210
03236065793
03236062879
03236062361
03236061553
03236063745
03236068788
03236061510
03236067539
03236067830
03236065241
03236062043
03236068556
03236062538
03236062684
03236062758
03236065363
03236068286
03236064346
03236066231
03236067207
03236069136
03236068101
03236062798
03236065950
03236069247
03236062480
03236067502
03236065460
03236064747
03236064225
03236061030
03236069543
03236062068
03236066467
03236065700
03236063191
03236066203
03236067905
03236063099
03236063047
03236061224
03236065789
03236063935
03236061022
03236069444
03236062460
03236065893
03236061954
03236066424
03236065351
03236066406
03236063337
03236069381
03236062638
03236062556
03236068089
03236064695
03236067452
03236065618
03236061438
03236061481
03236061648
03236065825
03236066806
03236066134
03236061992
03236068549
03236066308
03236067641
03236067927
03236068558
03236068389
03236068691
03236064391
03236063046
03236067735
03236068367
03236061930
03236065974
03236069155
03236066460
03236066070
03236063626
03236065261
03236065346
03236064727
03236061251
03236065848
03236068416
03236062574
03236069815
03236063015
03236067430
03236064301
03236065506
03236063344
03236064186
03236069663
03236064726
03236063787
03236067440
03236064664
03236068775
03236069320
03236065186
03236067817
03236069884
03236063699
03236067317
03236067314
03236067149
03236068831
03236068363
03236067937
03236065649
03236069211
03236068791
03236063799
03236061502
03236068478
03236064321
03236067628
03236064751
03236066637
03236065986
03236069944
03236061752
03236064348
03236063291
03236063473
03236065181
03236069900
03236065812
03236069571
03236064905
03236064356
03236066451
03236064980
03236069589
03236066173
03236069750
03236061029
03236064949
03236062447
03236062618
03236069397
03236061630
03236061662
03236067706
03236065300
03236064902
03236068492
03236068098
03236065591
03236066045
03236063004
03236063326
03236069898
03236062973
03236062339
03236062192
03236064424
03236061495
03236064449
03236061304
03236067384
03236061476
03236066851
03236065226
03236064720
03236068304
03236062338
03236064335
03236064390
03236068497
03236063853
03236065577
03236064749
03236064412
03236061496
03236069448
03236061432
03236067950
03236069895
03236068499
03236065368
03236069666
03236068886
03236067039
03236067465
03236061608
03236065286
03236066281
03236069249
03236063237
03236063308
03236064280
03236068602
03236069278
03236061132
03236065887
03236069919
03236063627
03236065891
03236067051
03236062208
03236061034
03236064513
03236066453
03236064868
03236068464
03236062111
03236061247
03236067260
03236061152
03236061366
03236068083
03236065439
03236066256
03236065474
03236067888
03236069700
03236066618
03236062246
03236061534
03236062475
03236063377
03236067427
03236064940
03236067277
03236069758
03236065025
03236067827
03236062128
03236066576
03236066192
03236069090
03236065014
03236061718
03236063569
03236062062
03236067330
03236065715
03236061873
03236065292
03236061854
03236062402
03236066689
03236068420
03236066592
03236069808
03236067731
03236064317
03236068951
03236067818
03236069246
03236069002
03236068711
03236061577
03236064241
03236068325
03236063298
03236062629
03236063116
03236069520
03236064862
03236063329
03236063013
03236063585
03236065911
03236069468
03236067590
03236066434
03236065850
03236064046
03236062887
03236063938
03236068153
03236063748
03236069867
03236067482
03236062721
03236064973
03236062280
03236063829
03236061754
03236061540
03236066942
03236061196
03236065115
03236065473
03236062937
03236062933
03236068086
03236064213
03236065380
03236061110
03236062457
03236063514
03236063128
03236068921
03236061723
03236069265
03236064734
03236069023
03236066805
03236065540
03236062765
03236064634
03236065167
03236065262
03236068449
03236064485
03236067681
03236065946
03236066552
03236061176
03236068202
03236062020
03236068766
03236065357
03236066124
03236069839
03236064069
03236069161
03236067969
03236068493
03236069227
03236069856
03236063760
03236062463
03236066181
03236063306
03236065434
03236068334
03236065093
03236061122
03236069043
03236065775
03236063895
03236068610
03236066360
03236063493
03236068204
03236069556
03236062637
03236063036
03236068999
03236063507
03236069634
03236069304
03236067224
03236062625
03236061076
03236067512
03236065719
03236069865
03236066051
03236064408
03236069658
03236068029
03236062917
03236061188
03236065674
03236068236
03236066776
03236064270
03236068155
03236061254
03236065703
03236062816
03236066765
03236061566
03236063360
03236063661
03236066036
03236066659
03236067304
03236065604
03236068643
03236061665
03236062058
03236064579
03236065419
03236069460
03236064434
03236064962
03236065259
03236069833
03236061563
03236064715
03236068852
03236066869
03236068637
03236061150
03236068664
03236069788
03236063486
03236066356
03236068557
03236064698
03236061825
03236064226
03236061488
03236067172
03236061190
03236067157
03236066584
03236061119
03236063003
03236061844
03236066528
03236064268
03236064469
03236069245
03236065471
03236067423
03236064332
03236064163
03236065044
03236067064
03236063310
03236066164
03236067467
03236063978
03236064387
03236063335
03236068986
03236067118
03236069757
03236066017
03236069035
03236061576
03236061798
03236062430
03236065072
03236069061
03236068853
03236061133
03236066041
03236066940
03236067213
03236066558
03236063724
03236061450
03236062811
03236068216
03236061537
03236062522
03236068679
03236062045
03236064961
03236066508
03236061283
03236069214
03236063369
03236064363
03236068705
03236066005
03236063944
03236068113
03236066840
03236067611
03236069595
03236065267
03236066596
03236065177
03236065947
03236067556
03236065057
03236068447
03236066298
03236064200
03236068577
03236067350
03236064791
03236065626
03236067577
03236069027
03236069196
03236068628
03236065119
03236068035
03236065375
03236063297
03236063198
03236062395
03236065839
03236068069
03236068794
03236068273
03236065642
03236069618
03236066949
03236066288
03236064500
03236063192
03236064554
03236063883
03236069737
03236065757
03236064648
03236068093
03236063591
03236068253
03236069911
03236065851
03236064294
03236067128
03236068131
03236069395
03236066132
03236063467
03236065735
03236063965
03236066621
03236066217
03236065969
03236066566
03236063560
03236062136
03236063849
03236063497
03236062608
03236067404
03236067598
03236064626
03236065624
03236063848
03236067119
03236062589
03236067354
03236063995
