03336507865
03336509380
03336504218
03336504203
03336503819
03336508144
03336506029
03336501848
03336506094
03336506954
03336502378
03336508520
03336501074
03336507611
03336508105
03336501790
03336506830
03336501983
03336506048
03336507155
03336501330
03336507641
03336506373
03336502552
03336502376
03336507968
03336501346
03336506864
03336508206
03336506985
03336504817
03336505395
03336506121
03336509930
03336506156
03336505669
03336505653
03336501987
03336509031
03336507896
03336504188
03336504634
03336507076
03336504380
03336507683
03336502498
03336509057
03336501816
03336502224
03336502887
03336506562
03336507446
03336505591
03336503653
03336502357
03336509229
03336508747
03336503060
03336505346
03336506983
03336502398
03336501143
03336501455
03336502435
03336506137
03336505912
03336509996
03336507017
03336509258
03336507142
03336507542
03336505647
03336507918
03336505299
03336507193
03336506965
03336509180
03336505708
03336506117
03336505760
03336503578
03336503896
03336507043
03336509593
03336508223
03336507264
03336509629
03336508529
03336508667
03336505440
03336507038
03336505379
03336507650
03336504678
03336509631
03336502925
03336505248
03336506360
03336504955
03336509061
03336504799
03336502966
03336505744
03336509020
03336501799
03336507672
03336508353
03336505163
03336503536
03336503039
03336506943
03336509585
03336503405
03336508502
03336504100
03336501861
03336504212
03336506075
03336508648
03336508487
03336501701
03336507561
03336504039
03336503932
03336509347
03336501162
03336506699
03336508778
03336501298
03336506424
03336502389
03336508910
03336504465
03336504992
03336508617
03336502401
03336505793
03336504244
03336506175
03336505531
03336501063
03336501036
03336506306
03336508694
03336506311
03336502374
03336504042
03336508516
03336501531
03336507405
03336507732
03336507602
03336509496
03336506116
03336503691
03336505781
03336502886
03336504627
03336507571
03336502802
03336501288
03336507788
03336503686
03336509737
03336505900
03336503495
03336501973
03336509300
03336504474
03336506022
03336504445
03336502030
03336502975
03336502895
03336509062
03336504855
03336508004
03336502466
03336508555
03336507255
03336502056
03336504892
03336504984
03336501177
03336506863
03336505496
03336502501
03336508709
03336504313
03336502906
03336509617
03336508603
03336502729
03336509775
03336503248
03336506598
03336506568
03336502793
03336502816
03336504742
03336508107
03336507057
03336501382
03336503287
03336505572
03336506520
03336503220
03336504629
03336504881
03336502160
03336509016
03336505546
03336509232
03336508702
03336508560
03336509037
03336507998
03336509472
03336506095
03336501567
03336506404
03336505841
03336509301
03336503200
03336509647
03336502463
03336508286
03336505211
03336509650
03336508154
03336502512
03336503948
03336507834
03336503601
03336507890
03336501291
03336508975
03336509280
03336504079
03336503387
03336508025
03336507457
03336509587
03336507182
03336508008
03336503756
03336504152
03336502011
03336505490
03336504977
03336506271
03336503320
03336503573
03336502166
03336502638
03336509670
03336502509
03336503033
03336505283
03336505060
03336505100
03336507745
03336509023
03336506510
03336502708
03336503542
03336508947
03336506253
03336502118
03336502658
03336509294
03336504567
03336501454
03336504832
03336507226
03336508360
03336501937
03336502344
03336508624
03336505020
03336505655
03336505706
03336501913
03336508354
03336504947
03336508726
03336504149
03336505258
03336505292
03336502795
03336507338
03336506010
03336505794
03336509303
03336501947
03336501192
03336504278
03336507598
03336502360
03336508215
03336507677
03336503634
03336504672
03336503346
03336502715
03336506475
03336502725
03336503368
03336504486
03336504596
03336501959
03336505187
03336503999
03336507526
03336507969
03336507399
03336504002
03336501772
03336502939
03336505444
03336509038
03336506491
03336502633
03336502594
03336509251
03336504993
03336501428
03336504314
03336508388
03336507270
03336505091
03336509476
03336501911
03336502576
03336506319
03336507112
03336503284
03336502425
03336506249
03336503044
03336507343
03336506760
03336503666
03336506183
03336503262
03336505826
03336509421
03336502771
03336508638
03336507143
03336503953
03336502318
03336503881
03336501858
03336508375
03336503057
03336503571
03336505048
03336506729
03336502434
03336508493
03336505488
03336501426
03336505452
03336502159
03336506613
03336507674
03336505289
03336503636
03336505585
03336504684
03336501730
03336501152
03336508488
03336508967
03336507367
03336508631
03336507948
03336505522
03336501198
03336502438
03336506138
03336504050
03336503191
03336502762
03336503772
03336501711
03336505301
03336501231
03336507690
03336507774
03336508848
03336503594
03336502025
03336506902
03336506279
03336505423
03336508682
03336503316
03336505389
03336507174
03336506644
03336501904
03336501793
03336504604
03336507681
03336508097
03336502970
03336504290
03336501169
03336503014
03336509688
03336502563
03336507049
03336504911
03336501517
03336501924
03336505263
03336504353
03336506993
03336503956
03336502303
03336508113
03336505372
03336506754
03336506606
03336501046
03336509242
03336505774
03336501574
03336509121
03336504252
03336501286
03336509167
03336504030
03336507203
03336506744
03336504719
03336503483
03336507679
03336507360
03336503906
03336509879
03336509462
03336509852
03336501368
03336503905
03336506758
03336508053
03336501035
03336502687
03336509601
03336503679
03336509231
03336501490
03336503440
03336503728
03336508515
03336509594
03336503892
03336508939
03336506480
03336505157
03336505762
03336503941
03336502350
03336507894
03336508059
03336507609
03336502274
03336504624
03336501466
03336506874
03336507144
03336501194
03336507874
03336501869
03336504816
03336501067
03336509712
03336504072
03336504718
03336501685
03336507289
03336509935
03336503103
03336505713
03336503304
03336504968
03336508084
03336503467
03336504966
03336503399
03336504304
03336504089
03336507426
03336501555
03336508863
03336509994
03336503426
03336507905
03336502214
03336504976
03336507765
03336504052
03336504346
03336502246
03336505853
03336506646
03336504778
03336502824
03336509227
03336502408
03336504077
03336506651
03336502414
03336504791
03336502346
03336504305
03336501283
03336505504
03336506539
03336507286
03336506500
03336503475
03336502839
03336507104
03336505952
03336501073
03336506286
03336506166
03336502503
03336506709
03336504364
03336502170
03336509050
03336501367
03336501058
03336505137
03336508322
03336503306
03336505738
03336503865
03336509141
03336507648
03336506622
03336506710
03336508436
03336505639
03336501265
03336501506
03336505141
03336505405
03336506332
03336508825
03336501750
03336502941
03336506241
03336507935
03336507368
03336502287
03336505740
03336503247
03336506145
03336507181
03336503233
03336506643
03336502483
03336508973
03336507092
03336509673
03336501172
03336501879
03336503425
03336507165
03336509544
03336508272
03336508724
03336508473
03336509860
03336505916
03336509732
03336501990
03336504480
03336508892
03336502797
03336504750
03336505930
03336502644
03336508486
03336508897
03336508332
03336506669
03336505873
03336509528
03336505203
03336508996
03336508094
03336502533
03336508048
03336505731
03336505160
03336506946
03336508325
03336505775
03336506696
03336502142
03336509096
03336503563
03336509338
03336507267
03336501118
03336507330
03336506413
03336505191
03336508752
03336507750
03336507963
03336507733
03336503043
03336504448
03336501186
03336503546
03336506756
03336509068
03336506264
03336503068
03336509727
03336507327
03336507867
03336504000
03336507533
03336507021
03336503787
03336503548
03336504923
03336509559
03336501065
03336505550
03336508543
03336504063
03336504337
03336506450
03336501245
03336502539
03336509489
03336503600
03336504544
03336502885
03336501569
03336504484
03336507628
03336505877
03336506027
03336503835
03336508936
03336506887
03336503791
03336502412
03336508361
03336501218
03336507184
03336509679
03336509255
03336506263
03336502481
03336501206
03336502747
03336505004
03336501927
03336506617
03336508481
03336507861
03336507837
03336504267
03336509455
03336503944
03336504134
03336508997
03336502537
03336507910
03336507520
03336501087
03336504177
03336501758
03336509080
03336501650
03336505976
03336505231
03336504061
03336501598
03336502700
03336508281
03336501737
03336502623
03336503950
03336509409
03336505354
03336506869
03336505953
03336505195
03336502956
03336504416
03336507084
03336508186
03336508404
03336509254
03336501345
03336503379
03336505176
03336502092
03336508303
03336509447
03336503354
03336505951
03336501386
03336504420
03336509337
03336507604
03336501566
03336501174
03336503774
03336503215
03336508634
03336507801
03336503960
03336508110
03336505733
03336509548
03336507308
03336505804
03336503885
03336501559
03336508146
03336505874
03336503193
03336508888
03336509320
03336503105
03336508077
03336502615
03336508070
03336509269
03336508023
03336504810
03336507531
03336508349
03336503628
03336501782
03336503869
03336509552
03336501452
03336507384
03336505269
03336509443
03336502543
03336503642
03336509781
03336504659
03336504391
03336503239
03336508545
03336503069
03336507911
03336508716
03336508069
03336505696
03336507718
03336508532
03336505961
03336504738
03336509776
03336507455
03336506911
03336504277
03336506322
03336505589
03336509973
03336501503
03336503661
03336505534
03336501620
03336507272
03336508289
03336504609
03336503606
03336504784
03336502388
03336501740
03336509620
03336509633
03336501381
03336503713
03336504944
03336503268
03336501833
03336504874
03336502920
03336501423
03336505182
03336504644
03336507804
03336506187
03336509524
03336507748
03336503473
03336508961
03336502223
03336507480
03336507937
03336507212
03336508195
03336504407
03336508979
03336504440
03336503922
03336502354
03336505302
03336502410
03336502997
03336507821
03336508875
03336503198
03336505973
03336501008
03336504488
03336507052
03336508868
03336509017
03336507729
03336501085
03336508764
03336506861
03336505822
03336504260
03336501683
03336502420
03336503185
03336509305
03336504782
03336504289
03336501387
03336508998
03336502233
03336504807
03336501062
03336508365
03336504549
03336507500
03336507952
03336507734
03336506764
03336507132
03336509327
03336502432
03336508577
03336509360
03336505675
03336507061
03336502221
03336509479
03336508737
03336508472
03336505401
03336505689
03336501190
03336506719
03336503101
03336508054
03336501011
03336508989
03336506784
03336502922
03336509340
03336502719
03336508115
03336502311
03336502632
03336507870
03336502429
03336507495
03336505287
03336503858
03336503916
03336502349
03336505711
03336502026
03336504757
03336506846
03336509986
03336506070
03336502589
03336502964
03336504959
03336506309
03336501232
03336504633
03336506483
03336502830
03336508605
03336509509
03336509236
03336506640
03336507560
03336504749
03336509588
03336501609
03336509816
03336501241
03336501830
03336509976
03336508840
03336501007
03336505523
03336504164
03336508589
03336506797
03336506852
03336506751
03336509755
03336503155
03336501654
03336506323
03336506637
03336507795
03336501012
03336509166
03336503521
03336505310
03336502840
03336506474
03336505386
03336507197
03336507187
03336507257
03336508789
03336504828
03336504914
03336502851
03336503129
03336507468
03336503559
03336506712
03336501956
03336501747
03336501808
03336502657
03336502485
03336506885
03336504404
03336503094
03336503265
03336504972
03336502020
03336509706
03336508309
03336504665
03336506000
03336504533
03336505688
03336508326
03336508929
03336506906
03336509800
03336506627
03336502023
03336501836
03336506903
03336508854
03336506412
03336504236
03336501255
03336507210
03336501773
03336503502
03336503989
03336508500
03336504093
03336503992
03336503817
03336508149
03336504600
03336505208
03336504820
03336506014
03336501467
03336505691
03336507871
03336507782
03336505049
03336505180
03336509981
03336504378
03336502120
03336504410
03336508559
03336507784
03336508450
03336503736
03336506535
03336501163
03336505817
03336505533
03336504836
03336502914
03336505982
03336508477
03336507423
03336506628
03336504998
03336505205
03336507387
03336506365
03336507419
03336509825
03336508321
03336509549
03336503340
03336508519
03336508414
03336509581
03336505257
03336504424
03336508168
03336508284
03336504851
03336505649
03336505148
03336507100
03336502946
03336502134
03336505964
03336506703
03336503210
03336504020
03336504982
03336509173
03336507161
03336507023
03336507839
03336501418
03336502756
03336501575
03336502841
03336506268
03336508668
03336507118
03336502863
03336503332
03336508112
03336502999
03336509869
03336506920
03336505681
03336503860
03336501618
03336506339
03336509319
03336509241
03336504812
03336502558
03336507418
03336508946
03336501668
03336501781
03336506593
03336502010
03336507944
03336502015
03336508802
03336505239
03336508590
03336504151
03336508152
03336502252
03336507053
03336505285
03336502266
03336505736
03336502436
03336504449
03336501549
03336502849
03336501222
03336509929
03336507884
03336505132
03336507877
03336508051
03336503307
03336501331
03336508088
03336505345
03336508096
03336502356
03336507627
03336501223
03336508620
03336503028
03336506128
03336505168
03336505383
03336506988
03336507758
03336505151
03336503209
03336507331
03336505044
03336509451
03336506883
03336502104
03336502031
03336508028
03336501932
03336509424
03336508879
03336506062
03336507915
03336508956
03336502929
03336504639
03336502070
03336502098
03336504005
03336504228
03336508194
03336503801
03336509748
03336503501
03336508155
03336505957
03336502099
03336505192
03336506621
03336507309
03336502905
03336507566
03336506783
03336508233
03336508412
03336503195
03336506688
03336503604
03336507248
03336509105
03336508801
03336504343
03336501138
03336503326
03336504495
03336502592
03336507345
03336507135
03336501215
03336501738
03336504526
03336503776
03336503466
03336506780
03336505305
03336502723
03336501647
03336507072
03336505592
03336507129
03336507540
03336504590
03336506552
03336503609
03336502279
03336501491
03336509158
03336507643
03336504818
03336507431
03336502125
03336504716
03336509648
03336506673
03336508669
03336502912
03336503800
03336504744
03336509795
03336507153
03336504319
03336503439
03336505851
03336503266
03336507589
03336506955
03336508002
03336509097
03336503735
03336505368
03336506132
03336501813
03336502250
03336508160
03336506931
03336502768
03336506850
03336505638
03336506848
03336508918
03336508460
03336504453
03336506084
03336509809
03336507534
03336504838
03336508966
03336501699
03336509697
03336502883
03336505169
03336506714
03336508158
03336506486
03336504792
03336506609
03336506426
03336503300
03336506779
03336501488
03336508654
03336505926
03336502494
03336501635
03336501551
03336506589
03336506418
03336508815
03336509128
03336502327
03336503012
03336503926
03336507320
03336509396
03336505910
03336501929
03336509682
03336508176
03336509366
03336502991
03336504610
03336502492
03336507848
03336502965
03336507430
03336503882
03336505040
03336509376
03336504115
03336507614
03336508753
03336505281
03336503755
03336503165
03336505146
03336502560
03336507472
03336502770
03336504850
03336501805
03336508540
03336507749
03336503128
03336508644
03336506941
03336506225
03336509367
03336506179
03336503968
03336504479
03336505581
03336502280
03336501795
03336507242
03336504833
03336507295
03336505611
03336507051
03336509464
03336507803
03336503373
03336503026
03336501976
03336502998
03336501159
03336508890
03336504110
03336506346
03336501388
03336509385
03336509101
03336504558
03336509786
03336502582
03336509564
03336502516
03336507192
03336508720
03336505527
03336503706
03336507517
03336508494
03336502952
03336507477
03336508421
03336505994
03336503153
03336501578
03336501481
03336509423
03336506691
03336503911
03336509287
03336507684
03336502926
03336501543
03336502737
03336505824
03336501787
03336504469
03336509899
03336508181
03336505833
03336503255
03336506862
03336502462
03336505183
03336505677
03336504394
03336502237
03336501157
03336508869
03336503391
03336505947
03336508208
03336506880
03336503158
03336502873
03336508604
03336504823
03336507904
03336504630
03336509332
03336507975
03336507717
03336501692
03336506706
03336508483
03336507577
03336503134
03336507812
03336501090
03336509018
03336509140
03336501507
03336507050
03336506526
03336502027
03336509959
03336509784
03336502525
03336507615
03336504907
03336501310
03336507026
03336506682
03336503358
03336507928
03336502220
03336502231
03336504853
03336507208
03336507960
03336502702
03336505530
03336502674
03336509831
03336505579
03336508627
03336509120
03336503492
03336504018
03336501365
03336508849
03336504509
03336502603
03336507649
03336501180
03336508190
03336504076
03336507172
03336506452
03336504454
03336509391
03336508870
03336504165
03336504299
03336503271
03336501519
03336503851
03336502572
03336501156
03336503404
03336504123
03336507045
03336507292
03336505661
03336507074
03336507710
03336509627
03336507204
03336509769
03336508625
03336503731
03336505502
03336501125
03336509235
03336503696
03336505828
03336507065
03336505577
03336509335
03336501867
03336507521
03336508607
03336507033
03336501786
03336509952
03336504753
03336504889
03336509944
03336502317
03336502857
03336506960
03336508420
03336507504
03336504646
03336507787
03336506748
03336501447
03336501921
03336503154
03336503116
03336503349
03336501464
03336508595
03336506213
03336508931
03336507738
03336507760
03336509683
03336508672
03336508978
03336505622
03336503238
03336506918
03336509090
03336506735
03336507407
03336501783
03336502593
03336501547
03336502307
03336501873
03336507159
03336505112
03336508632
03336506836
03336501403
03336508415
03336506293
03336503927
03336504578
03336504106
03336505097
03336507277
03336507258
03336503298
03336506523
03336505974
03336508809
03336502726
03336504143
03336503510
03336505003
03336504064
03336504967
03336506614
03336504056
03336506811
03336503620
03336508001
03336506191
03336504745
03336505886
03336506871
03336507574
03336507207
03336509557
03336509310
03336502339
03336504983
03336503052
03336509457
03336508485
03336506069
03336504956
03336502738
03336507262
03336506892
03336501868
03336504788
03336504358
03336509482
03336503011
03336508387
03336509210
03336508366
03336506427
03336504173
03336504138
03336501235
03336505519
03336504585
03336504199
03336502664
03336509081
03336501914
03336507157
03336507550
03336503045
03336503453
03336505164
03336508156
03336501648
03336507110
03336506761
03336509967
03336502785
03336502848
03336509003
03336503951
03336505623
03336503842
03336506894
03336502058
03336501896
03336501502
03336503144
03336503062
03336506791
03336507444
03336505486
03336509954
03336507631
03336509966
03336504934
03336504195
03336501053
03336506717
03336509665
03336506391
03336504170
03336508449
03336502670
03336504510
03336505196
03336502944
03336508712
03336503458
03336508072
03336506066
03336507012
03336506267
03336505654
03336502227
03336501950
03336501102
03336505012
03336508586
03336509316
03336502296
03336505154
03336502396
03336508919
03336506246
03336507189
03336501427
03336502788
03336504373
03336502392
03336506647
03336503053
03336501390
03336507866
03336503847
03336508732
03336501881
03336501564
03336504888
03336507102
03336507739
03336502984
03336503093
03336506040
03336508131
03336505827
03336504095
03336504157
03336503295
03336508949
03336505755
03336509696
03336501693
03336503874
03336508896
03336509711
03336506377
03336506471
03336503589
03336509144
03336509450
03336506031
03336508333
03336506747
03336504921
03336502044
03336501409
03336502490
03336509758
03336501116
03336508917
03336508092
03336509035
03336506597
03336509871
03336507176
03336501013
03336506952
03336504087
03336503381
03336509663
03336507411
03336509356
03336509763
03336503826
03336506025
03336501318
03336501560
03336509805
03336506304
03336503664
03336503697
03336508535
03336505451
03336501342
03336508740
03336503089
03336509138
03336503334
03336501802
03336508378
03336501533
03336503717
03336501779
03336503017
03336502191
03336507290
03336501944
03336504952
03336508829
03336505565
03336507582
03336506464
03336509797
03336501483
03336509112
03336505371
03336506299
03336508061
03336504419
03336505834
03336509183
03336508212
03336509069
03336504948
03336504785
03336506328
03336505609
03336508214
03336503555
03336504491
03336505988
03336509539
03336509013
03336501720
03336508744
03336501451
03336505777
03336506625
03336509086
03336508797
03336501851
03336502690
03336506591
03336506178
03336503971
03336503472
03336509297
03336505945
03336503834
03336503978
03336508220
03336506995
03336504587
03336504066
03336504026
03336501972
03336502940
03336501497
03336502773
03336503650
03336507555
03336506610
03336507797
03336507055
03336502444
03336505862
03336505987
03336504477
03336502919
03336504386
03336502036
03336509584
03336501019
03336506690
03336503593
03336504708
03336503635
03336504725
03336508576
03336503401
03336501189
03336505482
03336507130
03336504652
03336505023
03336508539
03336508911
03336502527
03336506415
03336501500
03336505888
03336504200
03336506923
03336501133
03336504179
03336504442
03336507373
03336506665
03336508231
03336507862
03336501980
03336508925
03336505915
03336504395
03336508867
03336504150
03336509924
03336507792
03336507448
03336501726
03336509508
03336503168
03336504158
03336505190
03336507705
03336505017
03336503591
03336504397
03336504415
03336503100
03336503452
03336502688
03336503699
03336503330
03336501837
03336507436
03336506998
03336507983
03336506731
03336508574
03336502522
03336501273
03336506794
03336502183
03336508959
03336507722
03336501149
03336506963
03336505333
03336504581
03336501295
03336507879
03336507236
03336503189
03336505574
03336504885
03336508396
03336508730
03336505906
03336503212
03336508085
03336509713
03336503297
03336507666
03336503702
03336501354
03336501414
03336506904
03336505466
03336502913
03336502957
03336502180
03336508268
03336502855
03336509445
03336505809
03336509351
03336509762
03336503890
03336506615
03336505542
03336503582
03336504097
03336508275
03336501435
03336502035
03336506915
03336507798
03336506769
03336506524
03336509768
03336505821
03336507188
03336502660
03336501928
03336506216
03336503856
03336507638
03336502876
03336503767
03336502276
03336501542
03336501106
03336509951
03336503143
03336506193
03336506509
03336507873
03336504347
03336504315
03336505872
03336503322
03336501369
03336504638
03336505692
03336506232
03336505939
03336509040
03336502617
03336509583
03336503940
03336506701
03336509381
03336508495
03336503900
03336503962
03336508976
03336502665
03336509815
03336501820
03336506733
03336506158
03336501484
03336506786
03336505842
03336502421
03336506072
03336505453
03336509949
03336503866
03336506353
03336508022
03336506235
03336505471
03336508912
03336501406
03336506937
03336502119
03336503236
03336501522
03336506011
03336506441
03336508014
03336503973
03336503406
03336505338
03336503207
03336503507
03336509533
03336509260
03336501723
03336506619
03336506545
03336504130
03336503990
03336502835
03336507664
03336508490
03336508133
03336507569
03336505728
03336507695
03336508584
03336507808
03336504635
03336505472
03336502391
03336505950
03336506742
03336506805
03336506210
03336501017
03336501402
03336502379
03336507392
03336503605
03336503783
03336507541
03336501894
03336505273
03336507768
03336507478
03336505811
03336504898
03336507813
03336501358
03336503142
03336505772
03336504583
03336503879
03336504015
03336502476
03336506223
03336507379
03336504325
03336507299
03336501967
03336505428
03336506739
03336509641
03336507391
03336502345
03336509263
03336504546
03336501803
03336502422
03336509659
03336508260
03336504623
03336502033
03336508499
03336503376
03336504771
03336501128
03336507185
03336509614
03336507893
03336501216
03336508512
03336504668
03336507655
03336506109
03336508292
03336506131
03336504443
03336506488
03336501670
03336507984
03336507930
03336509159
03336509857
03336504438
03336506893
03336506065
03336502675
03336509933
03336506928
03336508680
03336505610
03336507688
03336504294
03336509498
03336501129
03336506110
03336506034
03336506844
03336505353
03336504147
03336502087
03336501866
03336503549
03336508492
03336507590
03336501706
03336506787
03336507178
03336506186
03336509757
03336503455
03336504323
03336507088
03336505837
03336503789
03336505463
03336503917
03336506990
03336501874
03336501895
03336503537
03336504980
03336505011
03336507769
03336502571
03336503343
03336506097
03336504182
03336502343
03336504916
03336501893
03336502411
03336506042
03336506806
03336509021
03336507781
03336507613
03336506402
03336505127
03336506656
03336503673
03336505021
03336501165
03336504912
03336501302
03336503640
03336501871
03336501175
03336501988
03336501655
03336502822
03336501629
03336509760
03336503148
03336503734
03336502852
03336507366
03336504653
03336507335
03336506169
03336508216
03336507525
03336509894
03336506981
03336501108
03336508940
03336506932
03336508780
03336505159
03336508030
03336508541
03336501061
03336504790
03336508728
03336503350
03336507215
03336509525
03336502928
03336504074
03336502059
03336509603
03336507885
03336504505
03336506521
03336504714
03336504234
03336504129
03336508050
03336502779
03336501943
03336501042
03336506795
03336504367
03336505788
03336507907
03336504822
03336504693
03336502575
03336505925
03336506661
03336502818
03336501000
03336507231
03336504597
03336505820
03336503562
03336501505
03336508983
03336504435
03336504128
03336503064
03336503796
03336504411
03336501862
03336501407
03336506173
03336508650
03336506133
03336506157
03336507237
03336506444
03336501930
03336507990
03336501762
03336507002
03336509532
03336509905
03336507107
03336507073
03336507857
03336506439
03336506383
03336505343
03336504842
03336501026
03336501681
03336507832
03336508767
03336501411
03336504827
03336508581
03336508464
03336504038
03336505791
03336502505
03336508548
03336506793
03336504878
03336503106
03336504754
03336501018
03336504114
03336502211
03336509749
03336505917
03336502942
03336504681
03336506211
03336507697
03336501510
03336501217
03336502763
03336509223
03336506934
03336501068
03336507917
03336509574
03336503035
03336505376
03336506266
03336503933
03336504102
03336503540
03336504232
03336503868
03336508575
03336506814
03336506369
03336508714
03336504591
03336509357
03336501472
03336507363
03336504281
03336501287
03336506913
03336508063
03336508372
03336503810
03336505188
03336509862
03336507847
03336508277
03336503180
03336501814
03336506148
03336501140
03336501979
03336503829
03336502934
03336505259
03336505949
03336506222
03336502051
03336502353
03336501847
03336503678
03336508013
03336501985
03336502646
03336509516
03336505859
03336503386
03336508830
03336504848
03336502865
03336508091
03336504255
03336508442
03336509492
03336503533
03336506421
03336508020
03336508145
03336506321
03336501457
03336501160
03336507578
03336505631
03336503663
03336504626
03336507417
03336506119
03336504482
03336501623
03336505194
03336503356
03336503959
03336506818
03336507592
03336506540
03336505461
03336509209
03336506618
03336508413
03336501028
03336509538
03336508599
03336504525
03336507708
03336507003
03336502460
03336501870
03336509628
03336501025
03336509761
03336501798
03336501545
03336503984
03336504797
03336502826
03336502361
03336505748
03336503657
03336508843
03336503098
03336505224
03336505250
03336506707
03336506581
03336505172
03336509502
03336503903
03336503915
03336507924
03336501499
03336505515
03336509212
03336505836
03336508839
03336505073
03336504429
03336505969
03336506239
03336507177
03336503961
03336504297
03336506921
03336505682
03336505757
03336504171
03336501778
03336503446
03336506620
03336505770
03336504317
03336504588
03336502295
03336507642
03336501391
03336504901
03336508435
03336509690
03336508142
03336509630
03336506114
03336508379
03336506384
03336507889
03336508823
03336504699
03336509404
03336501211
03336505204
03336506910
03336508157
03336503752
03336504574
03336508052
03336508327
03336502193
03336501197
03336503902
03336509044
03336506543
03336503038
03336505087
03336502982
03336506315
03336504270
03336506513
03336508779
03336506051
03336509642
03336505394
03336509506
03336505799
03336507880
03336505494
03336503377
03336507091
03336502724
03336501148
03336502808
03336501362
03336505590
03336506945
03336507070
03336508249
03336509840
03336505840
03336503088
03336506940
03336508691
03336508201
03336508514
03336508546
03336502528
03336504312
03336505702
03336503291
03336501657
03336506752
03336509452
03336506770
03336508557
03336502362
03336503943
03336503506
03336502908
03336501834
03336505553
03336508017
03336505078
03336509654
03336503715
03336504298
03336506437
03336508399
03336502458
03336504210
03336503188
03336504680
03336504262
03336508834
03336501277
03336501242
03336505413
03336509738
03336509225
03336504006
03336502951
03336509582
03336504031
03336506367
03336505941
03336503626
03336505548
03336504511
03336509234
03336509576
03336507358
03336504311
03336504936
03336508151
03336508645
03336509243
03336509644
03336507886
03336506044
03336503258
03336508792
03336502405
03336506091
03336503084
03336502769
03336504322
03336502043
03336502860
03336501182
03336505427
03336504288
03336502288
03336505361
03336503687
03336509957
03336508124
03336502649
03336508782
03336508462
03336502289
03336505719
03336508811
03336502642
03336507909
03336508219
03336501852
03336509883
03336505876
03336508209
03336509751
03336507601
03336505397
03336505026
03336504862
03336505829
03336507831
03336504503
03336504377
03336502448
03336509486
03336508395
03336502591
03336504794
03336504048
03336505411
03336503273
03336502404
03336509485
03336505477
03336507622
03336509677
03336509511
03336504458
03336501735
03336508264
03336505460
03336507916
03336507903
03336501416
03336505618
03336504104
03336501147
03336503693
03336501588
03336506917
03336502067
03336509945
03336504568
03336502242
03336501982
03336509938
03336502812
03336509808
03336508883
