03009200666
03009201666
03009202666
03009203666
03009204666
03009205666
03009206666
03009207666
03009208666
03009209666
03009210666
03009211666
03009212666
03009213666
03009214666
03009215666
03009216666
03009217666
03009218666
03009219666
03009220666
03009221666
03009222666
03009223666
03009224666
03009225666
03009226666
03009227666
03009228666
03009229666
03009230666
03009231666
03009232666
03009233666
03009234666
03009235666
03009236666
03009237666
03009238666
03009239666
03009240666
03009241666
03009242666
03009243666
03009244666
03009245666
03009246666
03009247666
03009248666
03009249666
03009250666
03009251666
03009252666
03009253666
03009254666
03009255666
03009256666
03009257666
03009258666
03009259666
03009260666
03009261666
03009262666
03009263666
03009264666
03009265666
03009266666
03009267666
03009268666
03009269666
03009270666
03009271666
03009272666
03009273666
03009274666
03009275666
03009276666
03009277666
03009278666
03009279666
03009280666
03009281666
03009282666
03009283666
03009284666
03009285666
03009286666
03009287666
03009288666
03009289666
03009290666
03009291666
03009292666
03009293666
03009294666
03009295666
03009296666
03009297666
03009298666
03009299666
