03009200999
03009201999
03009202999
03009203999
03009204999
03009205999
03009206999
03009207999
03009208999
03009209999
03009210999
03009211999
03009212999
03009213999
03009214999
03009215999
03009216999
03009217999
03009218999
03009219999
03009220999
03009221999
03009222999
03009223999
03009224999
03009225999
03009226999
03009227999
03009228999
03009229999
03009230999
03009231999
03009232999
03009233999
03009234999
03009235999
03009236999
03009237999
03009238999
03009239999
03009240999
03009241999
03009242999
03009243999
03009244999
03009245999
03009246999
03009247999
03009248999
03009249999
03009250999
03009251999
03009252999
03009253999
03009254999
03009255999
03009256999
03009257999
03009258999
03009259999
03009260999
03009261999
03009262999
03009263999
03009264999
03009265999
03009266999
03009267999
03009268999
03009269999
03009270999
03009271999
03009272999
03009273999
03009274999
03009275999
03009276999
03009277999
03009278999
03009279999
03009280999
03009281999
03009282999
03009283999
03009284999
03009285999
03009286999
03009287999
03009288999
03009289999
03009290999
03009291999
03009292999
03009293999
03009294999
03009295999
03009296999
03009297999
03009298999
03009299999
