03217666885
03217663971
03217669158
03217664571
03217663336
03217666994
03217661123
03217666479
03217669953
03217665630
03217665433
03217665270
03217665917
03217661811
03217662635
03217666133
03217666148
03217664509
03217662767
03217668326
03217664265
03217666137
03217662259
03217663115
03217663512
03217665104
03217663828
03217668088
03217668307
03217662962
03217661491
03217662843
03217667153
03217662724
03217661704
03217661776
03217667461
03217662251
03217664267
03217667669
03217662317
03217663304
03217669123
03217664996
03217668782
03217666254
03217663587
03217663260
03217668915
03217661158
03217669803
03217668558
03217666213
03217667834
03217666899
03217661455
03217669823
03217661890
03217667295
03217668391
03217669355
03217661718
03217662667
03217663942
03217662427
03217668764
03217669087
03217664356
03217668686
03217662257
03217668499
03217661947
03217662832
03217663135
03217668119
03217664730
03217668849
03217664827
03217661682
03217667682
03217661804
03217661687
03217664284
03217664889
03217664805
03217667638
03217666971
03217669277
03217661586
03217666456
03217661053
03217666355
03217667490
03217664500
03217662330
03217664559
03217661937
03217668901
03217661303
03217667901
03217664266
03217665002
03217663763
03217665093
03217663041
03217667055
03217663564
03217667673
03217664036
03217662254
03217668142
03217667824
03217664197
03217666124
03217664035
03217661048
03217661895
03217661528
03217661379
03217668985
03217661246
03217666679
03217667065
03217668374
03217661359
03217665739
03217662496
03217667123
03217665744
03217662903
03217666383
03217666673
03217669886
03217661042
03217666984
03217662544
03217667319
03217669915
03217665713
03217665288
03217667549
03217665593
03217668799
03217668212
03217669665
03217666206
03217667005
03217669774
03217666522
03217665280
03217663756
03217667083
03217666271
03217666718
03217661681
03217661316
03217661067
03217668291
03217667959
03217661869
03217661759
03217661150
03217664311
03217665081
03217667051
03217668503
03217664575
03217661613
03217665665
03217663696
03217661085
03217668265
03217661693
03217665436
03217666290
03217666599
03217664855
03217665898
03217669860
03217661393
03217666129
03217663958
03217665826
03217665638
03217668599
03217664646
03217664738
03217669258
03217667634
03217666929
03217666452
03217668515
03217665991
03217661124
03217663472
03217662385
03217662429
03217668161
03217661583
03217665998
03217668005
03217666555
03217669988
03217665879
03217664776
03217663950
03217663435
03217662060
03217661259
03217661898
03217669756
03217668181
03217666338
03217662676
03217668937
03217663013
03217661019
03217668958
03217664437
03217663451
03217661336
03217663710
03217663177
03217669445
03217665166
03217663127
03217662469
03217663469
03217662448
03217669004
03217669809
03217666069
03217667960
03217662706
03217669270
03217665650
03217662719
03217669870
03217665822
03217665573
03217665669
03217664553
03217668758
03217667810
03217667133
03217669708
03217663491
03217665147
03217669837
03217662625
03217665622
03217662546
03217666669
03217662845
03217666810
03217666434
03217669610
03217668591
03217668811
03217662894
03217669947
03217662111
03217663162
03217663631
03217663406
03217663287
03217661149
03217668170
03217668614
03217667878
03217665666
03217669156
03217664419
03217661635
03217665165
03217665993
03217662761
03217669978
03217667300
03217669167
03217667184
03217665414
03217666037
03217666425
03217668840
03217666285
03217669963
03217664857
03217666981
03217666858
03217661659
03217665698
03217666838
03217663501
03217666302
03217664853
03217668688
03217664454
03217667008
03217664668
03217661002
03217663689
03217662390
03217664798
03217664444
03217664830
03217668204
03217668613
03217661510
03217663727
03217662762
03217661665
03217667748
03217667594
03217666980
03217664447
03217664008
03217668207
03217663757
03217668808
03217667497
03217665607
03217665936
03217668327
03217662491
03217666458
03217669773
03217662447
03217662730
03217663438
03217665034
03217662736
03217666449
03217661487
03217665815
03217665133
03217666652
03217668368
03217665347
03217667932
03217666048
03217664032
03217669089
03217665907
03217669321
03217665756
03217667799
03217666247
03217663250
03217663771
03217662194
03217666191
03217666783
03217668861
03217666117
03217662338
03217661745
03217668839
03217669063
03217663247
03217668226
03217667002
03217662559
03217664244
03217667997
03217662520
03217665073
03217663073
03217667105
03217662528
03217663460
03217669565
03217669558
03217661904
03217669237
03217666583
03217667136
03217664017
03217661601
03217662679
03217666482
03217666974
03217662840
03217666544
03217669698
03217662794
03217664906
03217669528
03217666284
03217664684
03217666016
03217665806
03217662086
03217663348
03217665077
03217667759
03217668324
03217662725
03217663173
03217666145
03217661242
03217668733
03217666626
03217667224
03217666957
03217666879
03217665755
03217664608
03217664822
03217667462
03217663549
03217668038
03217669718
03217667699
03217668331
03217669895
03217665375
03217662198
03217662999
03217667176
03217664881
03217663542
03217666097
03217667150
03217663235
03217662059
03217666257
03217663276
03217669954
03217663309
03217664043
03217665731
03217664107
03217669918
03217662441
03217665667
03217662818
03217667039
03217664706
03217668822
03217664116
03217662466
03217667767
03217662058
03217663629
03217667377
03217669427
03217668428
03217667350
03217662893
03217663946
03217668243
03217661556
03217661744
03217663682
03217669729
03217662549
03217668564
03217664185
03217663995
03217664296
03217665611
03217667781
03217665890
03217664228
03217662557
03217663240
03217661900
03217668293
03217668354
03217661076
03217668330
03217665091
03217669605
03217664682
03217666830
03217664847
03217662604
03217667488
03217662550
03217668173
03217668759
03217664807
03217663088
03217664518
03217667749
03217666141
03217664636
03217663502
03217662226
03217663772
03217667762
03217668018
03217669596
03217663536
03217664200
03217664792
03217669653
03217662046
03217669949
03217663202
03217662605
03217662529
03217664637
03217662914
03217667867
03217661734
03217669337
03217668009
03217663898
03217666807
03217663060
03217669607
03217667131
03217669421
03217669468
03217668721
03217664151
03217662151
03217663717
03217667262
03217668850
03217664557
03217667329
03217665085
03217663293
03217667811
03217668049
03217667539
03217669348
03217667194
03217666153
03217662277
03217668451
03217661604
03217669881
03217664407
03217665298
03217665493
03217662402
03217669873
03217664958
03217666405
03217664779
03217665324
03217667895
03217667797
03217669484
03217663716
03217663755
03217667972
03217667308
03217661327
03217662781
03217668440
03217668690
03217669060
03217665849
03217669268
03217663711
03217662413
03217667143
03217661017
03217667117
03217664269
03217667743
03217668419
03217661769
03217666447
03217666374
03217666628
03217665097
03217666888
03217665868
03217662487
03217669831
03217669741
03217669864
03217663477
03217662397
03217664305
03217661142
03217667100
03217665967
03217666608
03217665295
03217663341
03217664024
03217661686
03217667575
03217665426
03217667635
03217664306
03217663814
03217663626
03217661065
03217664699
03217667683
03217661551
03217662822
03217667710
03217669229
03217665695
03217669527
03217663846
03217668936
03217668580
03217662837
03217669874
03217666841
03217667168
03217661810
03217666474
03217663106
03217664688
03217665381
03217667522
03217661461
03217668232
03217668180
03217666017
03217666527
03217669687
03217661530
03217665089
03217665576
03217669417
03217664415
03217663785
03217667584
03217664112
03217668328
03217662159
03217667400
03217668639
03217666845
03217664797
03217664431
03217666972
03217668277
03217669254
03217665472
03217664201
03217662628
03217666245
03217669317
03217664589
03217669529
03217663211
03217669168
03217669839
03217665047
03217667405
03217661819
03217669666
03217661264
03217667751
03217667360
03217668024
03217668889
03217668993
03217662331
03217667981
03217668883
03217664615
03217663434
03217663749
03217669044
03217661410
03217669545
03217666057
03217668389
03217663963
03217666258
03217669255
03217664325
03217669196
03217668055
03217669159
03217662319
03217662353
03217661233
03217663354
03217662977
03217664765
03217665708
03217668707
03217661229
03217665208
03217661278
03217665474
03217661155
03217665780
03217664166
03217669099
03217668429
03217665501
03217661348
03217663430
03217665703
03217665005
03217668495
03217663035
03217668828
03217668093
03217663171
03217665628
03217667649
03217661261
03217668983
03217661361
03217668316
03217669474
03217665679
03217664922
03217667976
03217668041
03217662275
03217666733
03217663890
03217666851
03217669885
03217669547
03217669062
03217667880
03217662400
03217665749
03217667115
03217667125
03217663507
03217663628
03217664213
03217666796
03217667738
03217667935
03217667185
03217661873
03217666924
03217665337
03217665456
03217664184
03217663111
03217666319
03217668777
03217667764
03217669921
03217662633
03217662613
03217665915
03217663725
03217668563
03217666739
03217669213
03217664347
03217667342
03217665478
03217665903
03217662321
03217665955
03217668011
03217663825
03217664210
03217663605
03217669692
03217667190
03217664013
03217667188
03217666931
03217665864
03217663701
03217669789
03217666874
03217668196
03217666588
03217665321
03217661270
03217668148
03217668360
03217664369
03217668717
03217666171
03217669546
03217663444
03217663079
03217669111
03217669752
03217666685
03217666698
03217666316
03217662014
03217661457
03217668917
03217664302
03217666534
03217662808
03217666954
03217669550
03217662282
03217668483
03217667553
03217668604
03217667706
03217665732
03217668395
03217669863
03217665464
03217669841
03217664887
03217669749
03217663521
03217664149
03217668168
03217664110
03217663223
03217666824
03217667819
03217666112
03217667015
03217663090
03217666182
03217665130
03217666404
03217666967
03217665552
03217667414
03217668586
03217667687
03217668610
03217664475
03217665057
03217669730
03217669889
03217661221
03217666857
03217661429
03217662264
03217667936
03217664767
03217662423
03217662508
03217663730
03217662726
03217664462
03217662371
03217663920
03217664463
03217668046
03217661523
03217661427
03217668249
03217669911
03217662426
03217665720
03217661163
03217665833
03217665538
03217662278
03217669635
03217668166
03217667093
03217667104
03217666222
03217665794
03217666233
03217669128
03217663918
03217661637
03217669190
03217663044
03217663684
03217666440
03217664123
03217665316
03217664690
03217666428
03217666226
03217665502
03217669287
03217661639
03217661310
03217664430
03217665709
03217661101
03217662103
03217669228
03217663855
03217662788
03217669957
03217665564
03217665632
03217667358
03217668125
03217668229
03217668918
03217667605
03217663408
03217662591
03217669059
03217666866
03217668742
03217669279
03217663206
03217666324
03217661591
03217667816
03217664582
03217664484
03217661802
03217663419
03217662817
03217665090
03217662408
03217666979
03217666401
03217663086
03217666765
03217666564
03217663197
03217667510
03217668620
03217661046
03217662911
03217668694
03217662580
03217664443
03217665688
03217666429
03217664061
03217668380
03217663004
03217669581
03217663633
03217661852
03217664041
03217669542
03217661565
03217663641
03217666427
03217665498
03217664788
03217668317
03217663614
03217662657
03217663779
03217668471
03217667653
03217667703
03217662665
03217668679
03217669121
03217662002
03217666113
03217666989
03217668755
03217663503
03217664027
03217663974
03217666819
03217669452
03217666267
03217666766
03217667222
03217667603
03217662922
03217666770
03217662012
03217663832
03217662728
03217665080
03217669923
03217665066
03217667958
03217663787
03217664096
03217665351
03217663886
03217665930
03217669187
03217665361
03217669563
03217663601
03217668509
03217666032
03217664813
03217666154
03217669639
03217665837
03217664326
03217664354
03217663051
03217663745
03217663683
03217663870
03217669936
03217665951
03217662078
03217669376
03217661047
03217669030
03217664968
03217663265
03217669931
03217668623
03217662933
03217663522
03217667079
03217661404
03217666801
03217668039
03217666457
03217667800
03217667915
03217666573
03217665440
03217664085
03217666337
03217666493
03217662734
03217664468
03217669251
03217669410
03217666379
03217667484
03217664225
03217669265
03217669478
03217661064
03217661548
03217666223
03217661015
03217662904
03217667275
03217666250
03217665705
03217662040
03217664425
03217666070
03217662020
03217669378
03217668600
03217667992
03217663039
03217662776
03217664232
03217666772
03217667196
03217664154
03217662731
03217661462
03217667828
03217661994
03217665095
03217667191
03217666735
03217666366
03217664424
03217661181
03217665532
03217663436
03217665954
03217664485
03217665989
03217667230
03217667779
03217669491
03217661186
03217668929
03217666701
03217666831
03217664775
03217669026
03217666860
03217669342
03217669446
03217668304
03217665828
03217665150
03217666944
03217667234
03217666155
03217669334
03217665653
03217669028
03217664175
03217667506
03217666822
03217669747
03217665984
03217666502
03217664111
03217662709
03217661963
03217662642
03217661063
03217663909
03217668261
03217667323
03217669904
03217661323
03217667563
03217661009
03217666190
03217663989
03217668656
03217665637
03217663750
03217663866
03217666654
03217661576
03217661003
03217663603
03217662680
03217663679
03217662029
03217669878
03217668791
03217662524
03217662748
03217667463
03217663869
03217666341
03217663185
03217664086
03217663034
03217668972
03217668831
03217669430
03217664062
03217667705
03217666611
03217665801
03217662910
03217669172
03217661091
03217662751
03217668843
03217668817
03217669021
03217669039
03217668382
03217666232
03217667444
03217662820
03217662799
03217668798
03217664815
03217663545
03217662320
03217665140
03217661307
03217665470
03217663836
03217667513
03217663298
03217666992
03217666878
03217662363
03217669118
03217665992
03217668444
03217669772
03217661445
03217665051
03217669827
03217665382
03217664146
03217662804
03217662739
03217661386
03217666610
03217661263
03217668906
03217661796
03217662256
03217668995
03217667770
03217667865
03217665620
03217668795
03217662035
03217667466
03217663808
03217661593
03217661507
03217667661
03217662047
03217661503
03217667866
03217667113
03217666738
03217666827
03217664355
03217669025
03217663369
03217664924
03217667268
03217665312
03217665925
03217665847
03217667911
03217661096
03217663647
03217664391
03217665195
03217664622
03217663368
03217669648
03217667737
03217663979
03217664811
03217663458
03217668319
03217667720
03217662099
03217664199
03217664937
03217665626
03217664648
03217669782
03217666907
03217669880
03217668427
03217667331
03217661726
03217662458
03217661939
03217662948
03217664124
03217666369
03217665257
03217663269
03217666881
03217664498
03217665765
03217663897
03217666455
03217664707
03217661288
03217669389
03217663810
03217668205
03217669224
03217661647
03217662973
03217668999
03217664511
03217666768
03217667290
03217661641
03217666075
03217666699
03217663612
03217667610
03217664650
03217662478
03217663062
03217664451
03217665247
03217667318
03217663327
03217662200
03217669037
03217667218
03217665465
03217663734
03217665072
03217661301
03217661161
03217665914
03217668757
03217669591
03217662856
03217666875
03217662996
03217668007
03217667675
03217661779
03217665462
03217661332
03217663930
03217663753
03217663976
03217664329
03217662534
03217665610
03217667504
03217667142
03217665919
03217667730
03217663424
03217667167
03217665398
03217662462
03217666711
03217663488
03217662329
03217667147
03217665693
03217665164
03217667727
03217667582
03217662985
03217667753
03217662947
03217664193
03217667258
03217661756
03217661534
03217669980
03217668615
03217662912
03217662644
03217668772
03217662838
03217669519
03217669130
03217663450
03217665829
03217662609
03217665213
03217665067
03217661973
03217669002
03217668060
03217666602
03217664951
03217664556
03217662949
03217665003
03217668315
03217667186
03217669907
03217668426
03217661423
03217669685
03217662855
03217662810
03217668452
03217669534
03217661924
03217663570
03217665702
03217662190
03217669783
03217667580
03217664751
03217661920
03217662284
03217663664
03217662663
03217662416
03217668087
03217665823
03217661881
03217661203
03217661987
03217661560
03217668642
03217669469
03217664183
03217661366
03217663644
03217661396
03217668408
03217665205
03217666001
03217668394
03217666499
03217663091
03217668571
03217661365
03217669300
03217668280
03217668531
03217669562
03217667139
03217665266
03217667623
03217668056
03217668760
03217668159
03217661597
03217662551
03217665020
03217667003
03217666464
03217667973
03217663282
03217664101
03217664336
03217668546
03217668386
03217668262
03217666342
03217666714
03217666283
03217661975
03217667165
03217669572
03217663845
03217667101
03217664458
03217668533
03217662672
03217662425
03217664421
03217663375
03217661846
03217666126
03217661184
03217664884
03217663237
03217667719
03217665857
03217661390
03217665117
03217663964
03217664964
03217669734
03217661299
03217668551
03217661340
03217666080
03217663016
03217669188
03217664313
03217664496
03217668092
03217666486
03217667327
03217664331
03217664038
03217663551
03217669906
03217661274
03217663152
03217663662
03217665149
03217666530
03217661210
03217667130
03217668556
03217663569
03217662527
03217661125
03217663625
03217664823
03217668167
03217668923
03217663222
03217663697
03217667744
03217667058
03217665996
03217661566
03217664630
03217662690
03217666071
03217664995
03217662021
03217665494
03217665886
03217664733
03217664280
03217667598
03217662917
03217663461
03217662913
03217669926
03217665082
03217661748
03217661227
03217664985
03217667966
03217667320
03217662720
03217663466
03217663527
03217661134
03217662888
03217663174
03217665585
03217667803
03217661757
03217667794
03217667532
03217663313
03217662801
03217664551
03217662280
03217663166
03217668941
03217664283
03217665254
03217663083
03217661640
03217662881
03217666826
03217668105
03217668769
03217667590
03217669189
03217666662
03217661967
03217664752
03217661845
03217662582
03217669794
03217661159
03217664271
03217666612
03217661371
03217666675
03217662704
03217667004
03217663059
03217668378
03217662554
03217662051
03217669183
03217668272
03217668050
03217661248
03217662874
03217664931
03217669689
03217668763
03217666932
03217665722
03217663714
03217662584
03217667528
03217669116
03217669620
03217668616
03217665027
03217668019
03217661509
03217664787
03217664121
03217665058
03217665036
03217667137
03217667478
03217663695
03217669707
03217665990
03217663453
03217666228
03217665977
03217665508
03217668668
03217667656
03217664091
03217665176
03217667887
03217662474
03217668131
03217662183
03217662431
03217667289
03217667511
03217666220
03217661194
03217661553
03217668587
03217663053
03217661874
03217666236
03217668518
03217664256
03217666917
03217663392
03217662639
03217664927
03217664137
03217669350
03217663852
03217668945
03217663213
03217666926
03217662852
03217666911
03217664377
03217664852
03217664795
03217661899
03217665418
03217667389
03217662454
03217663737
03217661420
03217665201
03217664349
03217669369
03217663874
03217669038
03217667927
03217661814
03217662082
03217665505
03217661864
03217665374
03217669817
03217664947
03217667833
03217661767
03217669324
03217662483
03217661636
03217664141
03217666025
03217669461
03217665017
03217665250
03217663020
03217661190
03217663934
03217667156
03217662432
03217664595
03217663843
03217661638
03217663052
03217667586
03217668984
03217664591
03217666605
03217662294
03217669346
03217667453
03217663554
03217662636
03217668789
03217662369
03217662095
03217662718
03217662713
03217665228
03217665571
03217664413
03217668794
03217661394
03217668348
03217664909
03217665362
03217668179
03217666099
03217667891
03217665031
03217666678
03217662007
03217663975
03217664418
03217661564
03217666729
03217661882
03217666066
03217668638
03217667338
03217664602
03217666307
03217665797
03217665211
03217662543
03217666286
03217664457
03217666893
03217662122
03217664327
03217661755
03217664826
03217663381
03217668893
03217662405
03217666273
03217666646
03217669441
03217668410
03217661619
03217664573
03217662586
03217665386
03217662112
03217663257
03217662908
03217661497
03217664033
03217662094
03217669819
03217667700
03217665680
03217669463
03217668295
03217668132
03217665506
03217669442
03217668581
03217667949
03217665233
03217667172
03217667955
03217667386
03217666217
03217667562
03217667970
03217663093
03217667569
03217662344
03217663636
03217662829
03217667721
03217667862
03217665681
03217662942
03217667977
03217668514
03217666689
03217662485
03217663486
03217667140
03217669217
03217667681
03217664939
03217667024
03217661843
03217664708
03217666301
03217661493
03217665202
03217667232
03217665182
03217663580
03217661870
03217665217
03217669552
03217663959
03217663290
03217663087
03217669440
03217664900
03217661977
03217668455
03217669713
03217669888
03217667370
03217668022
03217664260
03217665543
03217666912
03217661448
03217662775
03217661281
03217661506
03217668904
03217661616
03217669644
03217665132
03217669419
03217664848
03217668128
03217663733
03217668756
03217666990
03217669807
03217669715
03217666139
03217669516
03217666746
03217667519
03217665294
03217666175
03217662857
03217667195
03217662077
03217667046
03217661842
03217668158
03217668670
03217661114
03217663509
03217666844
03217669036
03217664864
03217666424
03217662878
03217665186
03217663563
03217668214
03217663389
03217661932
03217666029
03217663762
03217666212
03217666358
03217664054
03217669359
03217662224
03217662771
03217664119
03217663933
03217661891
03217665942
03217668320
03217663811
03217666205
03217662671
03217667709
03217662654
03217663534
03217669750
03217662379
03217664243
03217665099
03217666741
03217668980
03217668687
03217666274
03217669910
03217664282
03217664396
03217662457
03217663268
03217664756
03217669454
03217662017
03217666812
03217662093
03217667639
03217669243
03217665243
03217664403
03217669622
03217669260
03217661108
03217662677
03217663978
03217669811
03217668085
03217663243
03217664083
03217665939
03217667659
03217661981
03217664162
03217661546
03217665862
03217664999
03217666751
03217665894
03217667259
03217664073
03217665855
03217661498
03217664576
03217665054
03217668557
03217665962
03217663288
03217669780
03217669643
03217666898
03217663932
03217663568
03217668010
03217661700
03217664832
03217666007
03217667697
03217669380
03217663860
03217668633
03217662871
03217668607
03217667423
03217666782
03217665717
03217662585
03217665737
03217668404
03217666586
03217668667
03217669029
03217667382
03217666535
03217668199
03217668257
03217666082
03217664222
03217667107
03217667565
03217666721
03217664194
03217662388
03217668066
03217668157
03217662118
03217666420
03217665686
03217662041
03217668539
03217662740
03217662997
03217664572
03217668192
03217663906
03217668493
03217667345
03217664901
03217664317
03217668296
03217667672
03217667807
03217669439
03217663297
03217663608
03217664411
03217665763
03217663121
03217661885
03217667996
03217662588
03217667670
03217664467
03217667951
03217662608
03217661695
03217669290
03217669660
03217665517
03217663085
03217666030
03217663200
03217669072
03217669375
03217669876
03217664131
03217664716
03217668821
03217662009
03217669922
03217667315
03217668443
03217664744
03217661282
03217667995
03217666235
03217668245
03217662877
03217666950
03217666372
03217662622
03217662197
03217668381
03217668147
03217663922
03217667928
03217662562
03217664048
03217662509
03217664426
03217662711
03217665480
03217667412
03217661529
03217665646
03217661773
03217668783
03217669134
03217661216
03217664397
03217668035
03217666965
03217666497
03217665476
03217667197
03217667254
03217661933
03217666334
03217668609
03217669179
03217667359
03217663267
03217667646
03217662514
03217668823
03217666716
03217667231
03217666106
03217665773
03217663413
03217669246
03217666930
03217663149
03217667535
03217663530
03217665597
03217663221
03217666012
03217662192
03217667229
03217665457
03217667225
03217669145
03217665301
03217666734
03217667037
03217661664
03217666970
03217665516
03217661488
03217664979
03217662274
03217665520
03217668141
03217669266
03217669370
03217666406
03217668520
03217667087
03217665180
03217661645
03217661074
03217665648
03217661762
03217661634
03217662240
03217664896
03217669982
03217664441
03217668802
03217667897
03217667758
03217666489
03217662694
03217662555
03217661255
03217664825
03217667455
03217669110
03217666745
03217665805
03217669051
03217668705
03217663688
03217662651
03217669854
03217661859
03217667366
03217667378
03217662152
03217664619
03217664128
03217664929
03217662621
03217669971
03217669329
03217668691
03217668950
03217664392
03217668457
03217664888
03217665759
03217667282
03217663189
03217663400
03217664893
03217664231
03217668424
03217665114
03217663782
03217667904
03217664629
03217665327
03217669816
03217663877
03217662835
03217664982
03217667893
03217663184
03217669079
03217668081
03217661430
03217666138
03217661624
03217665230
03217668345
03217664535
03217664965
03217666100
03217661219
03217669235
03217664840
03217666504
03217666188
03217661424
03217663622
03217668702
03217665784
03217661470
03217665952
03217667215
03217664098
03217664109
03217668109
03217661970
03217668754
03217666787
03217666799
03217669883
03217665437
03217667890
03217662939
03217668528
03217662691
03217661830
03217665747
03217661388
03217665677
03217662890
03217669884
03217667368
03217662516
03217668741
03217661110
03217668583
03217668235
03217665985
03217663076
03217662260
03217669248
03217668053
03217669705
03217668485
03217665533
03217668437
03217667822
03217663954
03217669853
03217664382
03217666476
03217668421
03217661218
03217668225
03217667277
03217666238
03217668045
03217665689
03217668561
03217669307
03217665189
03217664824
03217669615
03217669570
03217662368
03217661683
03217662139
03217669578
03217661835
03217665491
03217667022
03217663367
03217661758
03217664851
03217664242
03217664016
03217663296
03217665240
03217669120
03217664384
03217667485
03217664938
03217669603
03217668646
03217664459
03217662766
03217662101
03217667741
03217662401
03217664945
03217661539
03217661822
03217668534
03217661694
03217664764
03217664587
03217661023
03217664771
03217667667
03217669521
03217666594
03217665016
03217666691
03217661107
03217669536
03217663439
03217666966
03217665142
03217666204
03217661879
03217662141
03217662266
03217661614
03217662241
03217661474
03217666706
03217667426
03217663010
03217663443
03217669796
03217669763
03217663914
03217664831
03217667124
03217669500
03217667084
03217661049
03217663837
03217667489
03217668058
03217661567
03217664499
03217665459
03217668559
03217664064
03217665842
03217668882
03217662505
03217666052
03217668626
03217669298
03217668511
03217668047
03217663681
03217661311
03217669524
03217668931
03217667694
03217665584
03217665707
03217665056
03217664294
03217668403
03217668647
03217662579
03217663415
03217665138
03217662926
03217667550
03217664883
03217663921
03217665032
03217662326
03217661071
03217661554
03217666890
03217669494
03217667367
03217665682
03217662525
03217662229
03217667964
03217669127
03217666804
03217669447
03217662420
03217668480
03217661289
03217665931
03217664631
03217664750
03217664663
03217666131
03217666753
03217665579
03217665852
03217664492
03217666180
03217664583
03217669424
03217665562
03217663848
03217668611
03217665877
03217666418
03217664614
03217664288
03217663412
03217666122
03217668103
03217662463
03217667251
03217663786
03217661206
03217661037
03217669313
03217669181
03217665623
03217661532
03217661236
03217666946
03217666377
03217662521
03217662956
03217669985
03217663266
03217667836
03217669785
03217668263
03217667440
03217663146
03217664344
03217661338
03217668541
03217668027
03217664290
03217662065
03217663285
03217665568
03217669456
03217666167
03217666998
03217668960
03217666435
03217662612
03217669682
03217661766
03217666136
03217664836
03217664627
03217667465
03217663596
03217666166
03217664949
03217661916
03217666289
03217663208
03217664638
03217668617
03217666953
03217663500
03217663817
03217668875
03217663350
03217663464
03217665412
03217664190
03217668576
03217662404
03217663191
03217669663
03217668988
03217661971
03217663289
03217669859
03217662049
03217664654
03217664519
03217669403
03217665043
03217665729
03217664812
03217666955
03217668568
03217665751
03217664114
03217665409
03217668768
03217662702
03217663339
03217669311
03217663885
03217664975
03217667755
03217665323
03217669843
03217664218
03217664221
03217665120
03217665424
03217668420
03217668460
03217669219
03217663926
03217663911
03217666747
03217668729
03217664933
03217668964
03217661290
03217661179
03217668385
03217669386
03217662558
03217661111
03217669830
03217664350
03217665283
03217662318
03217663344
03217664281
03217665795
03217662298
03217664912
03217669576
03217665384
03217663799
03217665394
03217661008
03217664910
03217661780
03217669623
03217664993
03217662927
03217663698
03217667652
03217662535
03217668352
03217662541
03217668054
03217668107
03217667181
03217661724
03217662381
03217661464
03217663590
03217662614
03217669857
03217666305
03217663169
03217668992
03217661602
03217663000
03217666756
03217663992
03217661549
03217663812
03217666201
03217667121
03217667831
03217667630
03217667307
03217665929
03217663254
03217665643
03217668203
03217662075
03217665121
03217668682
03217669543
03217663003
03217662295
03217661922
03217663317
03217661824
03217666049
03217665778
03217662045
03217661906
03217665883
03217668356
03217664549
03217663833
03217665187
03217662831
03217664748
03217668806
03217665959
03217664680
03217668870
03217662006
03217663905
03217666127
03217663803
03217661543
03217669744
03217661580
03217664669
03217664004
03217665261
03217666581
03217662262
03217664898
03217669759
03217668143
03217663718
03217666272
03217664132
03217665710
03217669464
03217669372
03217662941
03217661909
03217669185
03217669281
03217661098
03217663175
03217663433
03217668000
03217666255
03217666813
03217662252
03217668827
03217663794
03217664747
03217663907
03217666199
03217666653
03217662598
03217666295
03217662992
03217666755
03217669634
03217668302
03217661490
03217665733
03217662905
03217667555
03217663277
03217666567
03217666897
03217661887
03217666905
03217669326
03217663457
03217667298
03217669146
03217664257
03217664438
03217665373
03217662689
03217663559
03217663001
03217665393
03217667179
03217663058
03217664343
03217664783
03217665921
03217666239
03217664374
03217667009
03217666196
03217664766
03217664055
03217666864
03217663804
03217664672
03217661715
03217665377
03217663864
03217665088
03217667600
03217662769
03217664719
03217663338
03217669726
03217662695
03217662515
03217664715
03217666880
03217662907
03217669882
03217668364
03217667693
03217667515
03217662889
03217665971
03217669851
03217669754
03217663678
03217661801
03217669193
03217663161
03217663693
03217661520
03217662052
03217663671
03217669194
03217665834
03217663178
03217667792
03217668807
03217666724
03217665935
03217666688
03217668619
03217668748
03217663584
03217668673
03217662815
03217667924
03217662658
03217665727
03217661182
03217661563
03217663186
03217661387
03217666096
03217664206
03217664692
03217661751
03217667054
03217664090
03217661568
03217664870
03217661588
03217662530
03217663255
03217665397
03217666463
03217663048
03217661996
03217667525
03217664605
03217667420
03217669397
03217663398
03217662031
03217661406
03217664657
03217661028
03217669810
03217662918
03217668136
03217667944
03217661617
03217661070
03217666278
03217665100
03217668113
03217663533
03217667978
03217665346
03217663879
03217669100
03217663140
03217667450
03217666909
03217668189
03217661848
03217661526
03217663508
03217662384
03217664786
03217662105
03217666211
03217666492
03217668805
03217666349
03217669865
03217667425
03217663428
03217662906
03217669590
03217667685
03217661928
03217669778
03217662205
03217662698
03217663573
03217661027
03217667437
03217665594
03217664770
03217663361
03217668644
03217665799
03217661936
03217661392
03217667019
03217669899
03217669132
03217668851
03217661886
03217667193
03217669987
03217666634
03217665912
03217661741
03217667157
03217666876
03217669064
03217661849
03217664148
03217669625
03217666010
03217661279
03217669108
03217665415
03217669252
03217664722
03217664871
03217664229
03217661863
03217667552
03217665238
03217661130
03217669164
03217669650
03217663748
03217668325
03217665169
03217664667
03217663888
03217667852
03217667213
03217663103
03217669195
03217664385
03217669939
03217662418
03217667381
03217668547
03217663362
03217662286
03217662646
03217667200
03217668910
03217663426
03217666540
03217662114
03217668731
03217668872
03217669458
03217668002
03217668298
03217661723
03217664082
03217664552
03217667882
03217664649
03217664448
03217661145
03217665982
03217663145
03217661783
03217664358
03217666547
03217662631
03217662199
03217663660
03217661240
03217668464
03217668482
03217669736
03217666848
03217668216
03217664416
03217662929
03217661304
03217666269
03217668057
03217667443
03217663394
03217667257
03217664372
03217662324
03217667355
03217665803
03217667533
03217666641
03217669998
03217662517
03217661408
03217664469
03217668484
03217669701
03217668573
03217661433
03217668961
03217663796
03217661207
03217665405
03217662909
03217669027
03217669651
03217667617
03217662876
03217666461
03217668838
03217662930
03217668786
03217665629
03217666384
03217668955
03217663588
03217668309
03217668465
03217663506
03217664009
03217661257
03217668012
03217662365
03217662025
03217669301
03217662057
03217668310
03217668498
03217665441
03217669483
03217667311
03217665137
03217665608
03217663901
03217662228
03217666771
03217669202
03217662189
03217664341
03217665487
03217662231
03217667701
03217663558
03217667285
03217665592
03217667889
03217667476
03217662237
03217668146
03217668825
03217661153
03217668369
03217667456
03217663163
03217669835
03217663484
03217662783
03217663198
03217667357
03217667069
03217663609
03217661674
03217661957
03217661719
03217669856
03217666234
03217663141
03217663080
03217663884
03217667226
03217666661
03217661078
03217669331
03217669992
03217665430
03217664122
03217662967
03217664691
03217668635
03217666559
03217663867
03217668720
03217663720
03217666627
03217669434
03217667475
03217666382
03217664095
03217662795
03217667212
03217664376
03217668898
03217665972
03217664277
03217661964
03217666042
03217667283
03217668075
03217661321
03217666582
03217669212
03217664072
03217663505
03217661644
03217661855
03217665897
03217668218
03217669765
03217663783
03217665922
03217664069
03217668718
03217667939
03217669589
03217664365
03217668532
03217662854
03217668552
03217663471
03217667341
03217669493
03217662774
03217665196
03217665163
03217664270
03217666478
03217662757
03217664346
03217662421
03217663417
03217666067
03217667219
03217662179
03217662819
03217662602
03217669658
03217666013
03217665539
03217661481
03217668172
03217664513
03217661443
03217663123
03217667588
03217664020
03217665495
03217667304
03217665158
03217666252
03217667276
03217666221
03217661313
03217661395
03217661171
03217661292
03217663130
03217666674
03217665537
03217664616
03217668550
03217665225
03217667075
03217666174
03217667907
03217662943
03217663592
03217661476
03217667662
03217662814
03217664874
03217669052
03217662382
03217669792
03217662455
03217664285
03217669480
03217661238
03217661382
03217664769
03217662951
03217668089
03217662971
03217665916
03217669933
03217664236
03217668095
03217668975
03217667428
03217664078
03217665167
03217663822
03217663155
03217663084
03217662789
03217662334
03217667942
03217669293
03217666524
03217667203
03217665503
03217668505
03217669182
03217665869
03217668957
03217669119
03217667271
03217661912
03217664286
03217669745
03217663194
03217665796
03217669361
03217664367
03217663809
03217669602
03217669129
03217665395
03217663165
03217665282
03217668933
03217661446
03217662735
03217661771
03217661400
03217662217
03217661413
03217661558
03217667460
03217664959
03217661910
03217668869
03217665078
03217667982
03217661272
03217664494
03217668422
03217666362
03217664133
03217668830
03217669220
03217667601
03217663674
03217665825
03217669808
03217664134
03217668991
03217664025
03217667961
03217662953
03217661646
03217663002
03217662345
03217661706
03217666064
03217663069
03217664010
03217663023
03217665740
03217666019
03217661923
03217663515
03217664169
03217661056
03217668853
03217664773
03217662070
03217664734
03217666087
03217663957
03217663310
03217665468
03217663643
03217664505
03217667287
03217667521
03217669664
03217665746
03217664067
03217668114
03217667068
03217666943
03217669855
03217667424
03217662638
03217661897
03217661106
03217663397
03217669216
03217667572
03217669636
03217665118
03217661329
03217666982
03217661225
03217664230
03217667554
03217661024
03217666094
03217666640
03217668274
03217663768
03217662258
03217661331
03217669269
03217668033
03217666619
03217669018
03217662486
03217665885
03217663571
03217669302
03217668525
03217663176
03217666296
03217661516
03217665246
03217663043
03217663977
03217665496
03217668129
03217668848
03217668545
03217664709
03217667963
03217664814
03217663983
03217667415
03217669482
03217667337
03217662016
03217663965
03217663462
03217665035
03217665157
03217664022
03217664989
03217668044
03217665355
03217662073
03217665442
03217664761
03217661517
03217665891
03217661440
03217668466
03217662342
03217664150
03217661262
03217661492
03217662965
03217669564
03217662162
03217664666
03217667030
03217669937
03217661034
03217666344
03217662067
03217664603
03217669459
03217662653
03217669234
03217666580
03217666928
03217661120
03217661436
03217665863
03217661007
03217662655
03217662759
03217666552
03217669218
03217663192
03217665966
03217669388
03217661579
03217669722
03217669345
03217666399
03217667211
03217664568
03217662721
03217662974
03217669090
03217666385
03217663440
03217665234
03217666031
03217661166
03217668930
03217668379
03217662733
03217663366
03217662186
03217666266
03217664045
03217667765
03217666687
03217669845
03217666576
03217667583
03217669098
03217668697
03217661294
03217666387
03217665227
03217663025
03217662833
03217669515
03217664510
03217668608
03217668222
03217662648
03217661343
03217665963
03217668650
03217669056
03217665025
03217662921
03217664955
03217666287
03217669244
03217667141
03217667651
03217663132
03217669872
03217666346
03217669353
03217662131
03217669535
03217668078
03217661623
03217663736
03217665514
03217669641
03217669199
03217668373
03217663305
03217667577
03217668349
03217665352
03217662417
03217668715
03217665671
03217666686
03217664420
03217668209
03217667621
03217663404
03217666251
03217666484
03217665206
03217661499
03217668463
03217666246
03217666538
03217666047
03217669479
03217668152
03217662601
03217663273
03217663702
03217668194
03217664318
03217663528
03217667774
03217662479
03217669292
03217666400
03217663627
03217661092
03217666850
03217665311
03217665528
03217664018
03217664258
03217661309
03217662116
03217664728
03217666268
03217664348
03217663851
03217665973
03217662166
03217663915
03217666947
03217667801
03217668177
03217661978
03217661058
03217666422
03217664633
03217664239
03217664727
03217666667
03217663904
03217665658
03217666282
03217664012
03217662777
03217668343
03217667654
03217668926
03217662895
03217661138
03217662935
03217668363
03217665185
03217669662
03217662279
03217662868
03217668230
03217663863
03217665292
03217664548
03217667925
03217669285
03217667438
03217667613
03217666500
03217667642
03217665591
03217668073
03217664165
03217669200
03217661314
03217664736
03217661938
03217668080
03217669920
03217663487
03217668086
03217667025
03217663314
03217664387
03217661036
03217668043
03217667914
03217666086
03217661467
03217664526
03217665281
03217665293
03217667073
03217669594
03217662744
03217667248
03217663494
03217661025
03217664628
03217669770
03217665730
03217663226
03217669598
03217663374
03217664703
03217664308
03217666339
03217667733
03217662954
03217665342
03217661308
03217666889
03217668963
03217661648
03217668796
03217666108
03217667362
03217662055
03217669173
03217665694
03217663699
03217664890
03217668435
03217665249
03217669169
03217665345
03217666462
03217663284
03217661473
03217664412
03217666243
03217669916
03217666823
03217661918
03217665981
03217665049
03217666485
03217669233
03217666430
03217667547
03217662500
03217664963
03217666906
03217666896
03217663019
03217665404
03217668407
03217669304
03217667214
03217669150
03217666014
03217666015
03217667798
03217667823
03217661871
03217668384
03217663668
03217663743
03217669071
03217664953
03217663481
03217666635
03217662961
03217662272
03217668250
03217663005
03217662955
03217663784
03217662916
03217661856
03217665812
03217664172
03217664157
03217668163
03217669393
03217663777
03217669105
03217663807
03217664521
03217661660
03217662787
03217661582
03217664926
03217662649
03217664181
03217664941
03217661069
03217664540
03217661713
03217662110
03217668865
03217667479
03217664600
03217669140
03217662590
03217668494
03217661137
03217669364
03217662900
03217668079
03217665641
03217666426
03217662686
03217664997
03217667099
03217669821
03217669631
03217662443
03217669475
03217666298
03217662335
03217666388
03217662464
03217661754
03217667587
03217662349
03217669209
03217665199
03217667173
03217668959
03217669930
03217664227
03217662768
03217664560
03217661739
03217668289
03217662195
03217664639
03217662753
03217665743
03217664502
03217662531
03217663158
03217669890
03217662044
03217666843
03217664276
03217669125
03217665546
03217666565
03217662883
03217668213
03217669567
03217666578
03217664174
03217668601
03217664251
03217667114
03217669540
03217664834
03217662066
03217667120
03217665042
03217667053
03217664456
03217666597
03217667411
03217669278
03217664466
03217669093
03217666279
03217666187
03217666707
03217661317
03217666176
03217662764
03217667923
03217665387
03217666043
03217667209
03217667336
03217664777
03217667155
03217662072
03217661089
03217669153
03217668524
03217667144
03217669753
03217664478
03217668021
03217666050
03217667255
03217668866
03217664289
03217666532
03217661364
03217665026
03217663577
03217669422
03217668004
03217668765
03217667033
03217668182
03217669486
03217665634
03217669451
03217665218
03217667090
03217668562
03217661286
03217664028
03217669900
03217667782
03217666303
03217667789
03217668096
03217663669
03217662117
03217662989
03217664981
03217663303
03217665055
03217665978
03217664533
03217669379
03217665015
03217665843
03217666090
03217663589
03217663214
03217663448
03217661100
03217666000
03217664395
03217665033
03217662595
03217666948
03217663418
03217665367
03217666454
03217669690
03217663835
03217662311
03217667119
03217666009
03217665112
03217668724
03217667974
03217669137
03217663543
03217661466
03217666568
03217662370
03217667780
03217664877
03217663929
03217664885
03217669575
03217662626
03217662841
03217668067
03217662424
03217668040
03217661589
03217667135
03217663523
03217669612
03217662966
03217665232
03217662456
03217668063
03217661437
03217664577
03217663172
03217662398
03217664804
03217663945
03217661151
03217669415
03217663383
03217665882
03217666712
03217663446
03217665438
03217669787
03217668438
03217666660
03217663652
03217664562
03217663489
03217664867
03217668719
03217667516
03217662428
03217669377
03217665325
03217664980
03217661479
03217668598
03217664481
03217669139
03217663385
03217662998
03217664942
03217665151
03217665748
03217662755
03217668820
03217663604
03217666417
03217669925
03217664604
03217661287
03217667921
03217669061
03217663216
03217665181
03217669946
03217662011
03217661482
03217663567
03217666551
03217665542
03217662886
03217667112
03217668908
03217666318
03217669003
03217663193
03217661217
03217665305
03217663937
03217668202
03217662532
03217667574
03217661831
03217668874
03217663962
03217669152
03217669799
03217661369
03217663160
03217666842
03217665193
03217668234
03217669627
03217668306
03217661458
03217667524
03217666177
03217662743
03217662684
03217664011
03217665518
03217667166
03217669203
03217667390
03217661596
03217668575
03217664370
03217665781
03217668818
03217666437
03217662975
03217664234
03217668416
03217663982
03217663131
03217664108
03217666680
03217668881
03217666846
03217661326
03217668061
03217665075
03217665928
03217666065
03217663015
03217667918
03217667929
03217669771
03217665383
03217667908
03217665190
03217667841
03217662083
03217668928
03217662824
03217666828
03217667301
03217663340
03217668935
03217667491
03217663858
03217666720
03217665191
03217667814
03217663107
03217662414
03217662489
03217663690
03217665850
03217661013
03217669323
03217667531
03217668994
03217662249
03217669316
03217664050
03217664144
03217667281
03217668469
03217669097
03217663262
03217669717
03217665741
03217666159
03217666696
03217666477
03217667302
03217668911
03217663046
03217662032
03217668491
03217666207
03217668287
03217669408
03217666618
03217668269
03217665220
03217661778
03217663345
03217664971
03217668472
03217665909
03217661223
03217664946
03217667508
03217668664
03217664651
03217668858
03217666333
03217666617
03217665642
03217661475
03217663956
03217661901
03217668845
03217665575
03217667060
03217664427
03217667063
03217665911
03217667171
03217663113
03217661725
03217667452
03217665460
03217667145
03217666475
03217664808
03217664208
03217662830
03217669358
03217662869
03217669551
03217665331
03217662444
03217667192
03217667328
03217662692
03217662158
03217661585
03217663401
03217666441
03217661699
03217666028
03217661411
03217664918
03217665767
03217669405
03217665549
03217661958
03217664763
03217666666
03217666149
03217664841
03217665904
03217661033
03217666973
03217663483
03217669327
03217667048
03217667875
03217664527
03217662175
03217663286
03217666536
03217668210
03217665455
03217662301
03217666717
03217665599
03217666164
03217667310
03217669862
03217667560
03217663465
03217668162
03217661061
03217663379
03217664102
03217664023
03217661060
03217669613
03217669242
03217661834
03217668323
03217661097
03217662610
03217661449
03217661860
03217666643
03217662312
03217662310
03217669032
03217661280
03217663070
03217666633
03217662641
03217666940
03217661575
03217665103
03217667265
03217665123
03217668028
03217667812
03217661312
03217662367
03217668450
03217663280
03217666697
03217668104
03217665069
03217666542
03217662674
03217668006
03217662823
03217661508
03217669996
03217665038
03217661220
03217669967
03217664093
03217668290
03217661798
03217669360
03217665146
03217667544
03217664180
03217667146
03217663853
03217666130
03217665353
03217662322
03217669746
03217668809
03217668454
03217666523
03217665814
03217668726
03217666114
03217663849
03217665840
03217666976
03217668645
03217662451
03217662576
03217665525
03217668907
03217666231
03217669017
03217669481
03217664428
03217663075
03217666055
03217667349
03217661306
03217668377
03217663677
03217668595
03217668540
03217668490
03217666002
03217663201
03217666128
03217669428
03217663758
03217665640
03217663850
03217665808
03217669373
03217661040
03217664986
03217665226
03217662430
03217666794
03217663823
03217665750
03217669566
03217668890
03217662350
03217663981
03217666078
03217662296
03217664866
03217665309
03217663513
03217667868
03217664255
03217669296
03217668301
03217667246
03217667557
03217669647
03217666407
03217666156
03217666630
03217663447
03217663793
03217664693
03217666508
03217665297
03217666918
03217665802
03217663352
03217669490
03217663703
03217664886
03217667040
03217668112
03217667499
03217668195
03217662688
03217662008
03217661522
03217667825
03217667252
03217667109
03217668439
03217668577
03217668215
03217665943
03217664569
03217668359
03217662526
03217662703
03217665334
03217664226
03217668537
03217661961
03217666413
03217663099
03217664092
03217665581
03217666505
03217665263
03217666308
03217668824
03217667162
03217667871
03217666063
03217668819
03217669669
03217661917
03217662164
03217664202
03217669706
03217661851
03217664176
03217669286
03217666020
03217667439
03217664961
03217666623
03217668083
03217666147
03217664936
03217662923
03217661102
03217664422
03217666160
03217668785
03217662959
03217665761
03217668164
03217666436
03217664212
03217661349
03217667854
03217664155
03217661594
03217668903
03217669604
03217661276
03217668779
03217668585
03217666253
03217661841
03217663126
03217663497
03217668654
03217666868
03217665212
03217661651
03217664402
03217662410
03217669538
03217669256
03217668767
03217661083
03217665519
03217666574
03217667387
03217667270
03217663332
03217669560
03217667850
03217661051
03217669508
03217662182
03217667597
03217667953
03217664353
03217668895
03217667615
03217661738
03217663661
03217667502
03217669678
03217664453
03217666570
03217667948
03217661749
03217661519
03217662090
03217665627
03217669728
03217667074
03217662056
03217666997
03217668602
03217668375
03217664632
03217669670
03217661372
03217664461
03217662828
03217667013
03217663581
03217661708
03217666921
03217662934
03217661605
03217661884
03217664664
03217667968
03217666818
03217664345
03217661412
03217665407
03217667477
03217666208
03217665107
03217667711
03217668065
03217663151
03217664739
03217668974
03217663168
03217669178
03217664449
03217669531
03217661514
03217669349
03217669719
03217668456
03217668372
03217667396
03217667085
03217666280
03217662618
03217668621
03217664585
03217663561
03217665356
03217666197
03217669444
03217663432
03217661224
03217664094
03217668048
03217668544
03217662147
03217665308
03217665787
03217668252
03217666936
03217664099
03217665242
03217664758
03217663078
03217669495
03217667950
03217662729
03217662853
03217666459
03217664378
03217664446
03217669901
03217665948
03217663657
03217665179
03217663949
03217667334
03217668652
03217668658
03217665135
03217661414
03217666040
03217667464
03217669721
03217663307
03217667632
03217664440
03217667049
03217662201
03217662100
03217668780
03217668948
03217665714
03217662422
03217665365
03217662659
03217663032
03217661045
03217663056
03217667102
03217662986
03217667546
03217669738
03217661020
03217669142
03217664483
03217662285
03217667294
03217666327
03217663798
03217666450
03217663212
03217666579
03217662098
03217664002
03217667763
03217666460
03217664659
03217669215
03217669720
03217669210
03217668467
03217668175
03217661157
03217663751
03217663330
03217663889
03217664784
03217664869
03217665184
03217666616
03217667235
03217662682
03217668139
03217664520
03217669124
03217663414
03217667239
03217662681
03217665827
03217669394
03217661948
03217662980
03217669814
03217667728
03217665148
03217662593
03217666867
03217665976
03217663018
03217665672
03217665687
03217669144
03217662102
03217663134
03217669357
03217668405
03217661540
03217669751
03217669310
03217668442
03217663675
03217664076
03217666018
03217668042
03217667474
03217662315
03217666261
03217668370
03217667593
03217662640
03217664686
03217665920
03217661444
03217665068
03217666083
03217662248
03217662807
03217662022
03217664471
03217663256
03217664558
03217662068
03217669299
03217666496
03217662800
03217665366
03217666102
03217667777
03217664249
03217664793
03217662945
03217666487
03217661797
03217662325
03217664696
03217666601
03217665766
03217661362
03217662144
03217669586
03217662758
03217665771
03217663325
03217661612
03217663818
03217665256
03217669488
03217661800
03217667627
03217661016
03217669600
03217666415
03217665580
03217665443
03217669067
03217661649
03217668589
03217668942
03217662222
03217665490
03217669238
03217668197
03217662440
03217668155
03217667080
03217666715
03217664642
03217663765
03217667786
03217666375
03217663249
03217669356
03217669160
03217664735
03217662670
03217668605
03217665094
03217663876
03217667160
03217666665
03217668500
03217662352
03217667007
03217662567
03217668171
03217662332
03217661574
03217661731
03217664845
03217667704
03217667493
03217667078
03217665343
03217668387
03217665578
03217663514
03217666945
03217666495
03217665997
03217669006
03217667666
03217661000
03217664254
03217663241
03217669632
03217663519
03217664806
03217668519
03217664584
03217662834
03217669455
03217669587
03217663842
03217661342
03217661675
03217668523
03217667793
03217666975
03217662360
03217666541
03217668236
03217669544
03217667034
03217666962
03217669661
03217666609
03217665793
03217666026
03217661662
03217662177
03217665483
03217666315
03217663261
03217668014
03217663180
03217669192
03217662493
03217665678
03217665449
03217669201
03217667790
03217661621
03217668797
03217664879
03217666059
03217661077
03217665858
03217669869
03217669952
03217665762
03217663928
03217666237
03217664465
03217669824
03217669318
03217664760
03217662796
03217665979
03217664913
03217661350
03217661273
03217662859
03217667578
03217662027
03217662409
03217669932
03217666614
03217667618
03217665171
03217667608
03217669580
03217667383
03217664956
03217669568
03217668684
03217662578
03217666210
03217664383
03217665561
03217663331
03217664339
03217665986
03217663815
03217662503
03217666380
03217663996
03217666554
03217661736
03217668884
03217663411
03217661144
03217667903
03217662191
03217662770
03217669948
03217666847
03217662902
03217661527
03217663153
03217664645
03217661385
03217665633
03217667629
03217662452
03217668940
03217669557
03217664687
03217667843
03217663801
03217667829
03217667152
03217664854
03217665656
03217663478
03217662376
03217664106
03217661837
03217667498
03217669844
03217665450
03217666198
03217668968
03217662119
03217663022
03217664375
03217662545
03217665716
03217662024
03217666802
03217661073
03217665268
03217669679
03217662632
03217663910
03217669404
03217661559
03217662076
03217665023
03217666292
03217663594
03217666120
03217665065
03217665399
03217669257
03217667322
03217667787
03217667379
03217661117
03217667838
03217667690
03217661026
03217669102
03217669913
03217662620
03217669011
03217666350
03217666964
03217662176
03217661818
03217661669
03217667945
03217663816
03217666531
03217668025
03217665071
03217661889
03217663516
03217664491
03217662445
03217664014
03217667348
03217665310
03217663071
03217661358
03217661162
03217665871
03217664618
03217669958
03217661447
03217667006
03217665934
03217664333
03217663761
03217667217
03217664460
03217666923
03217663834
03217666088
03217665160
03217667820
03217666468
03217666116
03217662976
03217661728
03217662185
03217665712
03217661711
03217668111
03217666797
03217661504
03217666773
03217664275
03217661357
03217661463
03217663365
03217666760
03217662790
03217662123
03217661112
03217662533
03217661022
03217664088
03217662811
03217668206
03217669381
03217665836
03217661339
03217667883
03217666754
03217661043
03217667059
03217667514
03217665204
03217669077
03217662263
03217662449
03217667784
03217662389
03217662202
03217664714
03217664882
03217662207
03217661450
03217665550
03217669555
03217669522
03217665758
03217662223
03217661790
03217669374
03217661377
03217663147
03217667722
03217669283
03217668761
03217666123
03217666506
03217668233
03217668555
03217668800
03217668062
03217661360
03217663504
03217668108
03217667861
03217662167
03217662650
03217663242
03217664363
03217661389
03217666529
03217663557
03217667636
03217662129
03217665723
03217665318
03217664215
03217661297
03217662242
03217666639
03217661653
03217663133
03217667773
03217668727
03217668122
03217664586
03217666663
03217662271
03217665536
03217663092
03217667413
03217662542
03217665663
03217665706
03217662844
03217668512
03217666637
03217668255
03217669175
03217665783
03217668814
03217666321
03217664191
03217664439
03217664003
03217661103
03217663659
03217662109
03217667205
03217668631
03217661484
03217667984
03217665853
03217668101
03217661768
03217661066
03217662019
03217666722
03217669502
03217668504
03217669432
03217662860
03217669640
03217662634
03217663673
03217662305
03217666115
03217662747
03217668220
03217668938
03217662419
03217664381
03217665155
03217664952
03217667178
03217664291
03217663321
03217661705
03217663199
03217661075
03217669866
03217669891
03217668227
03217669055
03217664640
03217669091
03217666209
03217662880
03217669449
03217665724
03217668671
03217661347
03217661397
03217664074
03217666072
03217669704
03217668740
03217664928
03217661367
03217666615
03217667472
03217664580
03217661402
03217668801
03217665807
03217667579
03217667374
03217664167
03217664624
03217668894
03217662187
03217666725
03217668725
03217667106
03217663239
03217669887
03217662290
03217665655
03217669974
03217664295
03217664394
03217666778
03217661730
03217661537
03217669928
03217667128
03217664135
03217669942
03217662121
03217661770
03217666750
03217664304
03217663892
03217662450
03217666519
03217662030
03217664754
03217663218
03217664863
03217668527
03217665839
03217661202
03217664656
03217669960
03217663602
03217664103
03217666036
03217664746
03217667238
03217664740
03217667097
03217669222
03217669436
03217666951
03217661156
03217663128
03217663102
03217663856
03217665946
03217663618
03217667947
03217664908
03217664794
03217662391
03217668751
03217668478
03217667766
03217662299
03217661407
03217668508
03217662130
03217664129
03217668793
03217661425
03217661275
03217666467
03217667422
03217669113
03217662563
03217664293
03217662963
03217668068
03217662561
03217662171
03217668847
03217663386
03217669198
03217664875
03217667183
03217669684
03217666340
03217665341
03217663984
03217665950
03217666077
03217669986
03217661333
03217661180
03217668899
03217669253
03217665237
03217662662
03217665392
03217664238
03217665379
03217668952
03217668978
03217665606
03217667038
03217669487
03217662053
03217662623
03217667846
03217665359
03217667086
03217668746
03217663129
03217663463
03217667663
03217666218
03217662495
03217663159
03217666480
03217665061
03217669382
03217663217
03217663900
03217666039
03217663114
03217663437
03217666023
03217665143
03217664994
03217669141
03217663927
03217662995
03217668176
03217663632
03217668401
03217664445
03217664007
03217666293
03217661955
03217668321
03217661168
03217665322
03217664809
03217662313
03217668074
03217669972
03217666693
03217667236
03217662538
03217667407
03217666445
03217668735
03217666371
03217668029
03217666320
03217669506
03217662115
03217666361
03217664905
03217668837
03217661251
03217661193
03217667242
03217663220
03217666553
03217661872
03217668406
03217667353
03217662140
03217669073
03217669232
03217667403
03217667775
03217665776
03217665119
03217669204
03217662243
03217669413
03217668165
03217662842
03217662173
03217663144
03217661322
03217665774
03217669261
03217663789
03217665131
03217668857
03217666821
03217664278
03217663854
03217661606
03217666311
03217666793
03217664464
03217669927
03217662899
03217667644
03217663895
03217667388
03217661235
03217669426
03217666832
03217662839
03217666789
03217667998
03217662080
03217662882
03217667648
03217664351
03217664862
03217662898
03217667228
03217666785
03217666109
03217667189
03217665856
03217666914
03217665800
03217669739
03217663021
03217665319
03217669731
03217667752
03217661982
03217663827
03217663579
03217665861
03217667154
03217667696
03217669157
03217668367
03217661663
03217665988
03217667076
03217663236
03217666548
03217663705
03217667045
03217667527
03217668357
03217667855
03217662915
03217663420
03217669755
03217661720
03217667808
03217663518
03217662887
03217664653
03217663656
03217664515
03217663215
03217665728
03217668097
03217662155
03217663658
03217662206
03217666390
03217666275
03217669840
03217665451
03217665574
03217661698
03217663030
03217663841
03217666224
03217667026
03217669514
03217666194
03217661533
03217666386
03217663203
03217662287
03217669320
03217661086
03217667845
03217667611
03217662372
03217668816
03217669371
03217664472
03217666483
03217669226
03217665028
03217665019
03217665504
03217665999
03217669812
03217669295
03217663552
03217668284
03217668612
03217668892
03217669902
03217669975
03217665865
03217669621
03217668507
03217662341
03217669066
03217665980
03217668630
03217665396
03217669291
03217664681
03217663499
03217664322
03217668680
03217661615
03217664320
03217669230
03217669400
03217667494
03217667885
03217666332
03217665105
03217664435
03217666259
03217669362
03217664940
03217666396
03217663227
03217669423
