03219049027
03219044199
03219041500
03219042319
03219041238
03219046823
03219049969
03219046995
03219045399
03219045587
03219043046
03219041428
03219047262
03219048082
03219041793
03219045650
03219045182
03219044466
03219048223
03219042833
03219047426
03219041134
03219044056
03219043598
03219045548
03219046578
03219044153
03219042427
03219049399
03219042732
03219047217
03219045471
03219047330
03219041696
03219042417
03219046664
03219042306
03219044543
03219047906
03219041593
03219047248
03219041225
03219048149
03219041662
03219044651
03219046438
03219049439
03219043428
03219045400
03219044316
03219044464
03219042674
03219047893
03219047902
03219046771
03219044659
03219042669
03219047541
03219047596
03219042667
03219048369
03219047575
03219044098
03219045566
03219045664
03219045129
03219043344
03219046559
03219046630
03219045585
03219046200
03219042984
03219042393
03219046602
03219044713
03219048999
03219043998
03219042725
03219042901
03219044848
03219042865
03219049022
03219044524
03219046520
03219044404
03219047772
03219043247
03219048923
03219049706
03219043629
03219045482
03219043292
03219049420
03219043775
03219048298
03219042055
03219049368
03219047757
03219043991
03219048879
03219046473
03219044909
03219047749
03219041299
03219045874
03219044520
03219047956
03219048541
03219043597
03219049942
03219045468
03219042726
03219041232
03219046544
03219041139
03219048608
03219048940
03219042866
03219043312
03219047707
03219045878
03219042571
03219047501
03219049100
03219047182
03219049267
03219041943
03219043356
03219045144
03219043985
03219042548
03219049615
03219048771
03219043104
03219041897
03219048727
03219041164
03219045540
03219047824
03219046694
03219049320
03219044328
03219042635
03219049689
03219043115
03219046501
03219044444
03219046283
03219043001
03219043902
03219047407
03219048648
03219044117
03219045530
03219045252
03219047017
03219047840
03219041654
03219046585
03219041869
03219047246
03219043996
03219041524
03219049837
03219045835
03219044585
03219046740
03219042539
03219041960
03219041276
03219041022
03219044938
03219048302
03219041011
03219048828
03219046855
03219044573
03219048645
03219042207
03219048987
03219046367
03219043474
03219043949
03219043324
03219048377
03219048955
03219047499
03219044824
03219042073
03219041111
03219049851
03219047279
03219045532
03219049859
03219049542
03219048287
03219041363
03219045447
03219047372
03219044507
03219048715
03219046829
03219042826
03219049729
03219049624
03219047296
03219046262
03219045350
03219049316
03219049715
03219046848
03219044601
03219042791
03219041389
03219044161
03219043005
03219043776
03219045663
03219048948
03219044606
03219047191
03219041159
03219041548
03219041323
03219045030
03219042697
03219047282
03219046760
03219042750
03219045358
03219041859
03219043159
03219045234
03219046494
03219045551
03219049226
03219047875
03219047527
03219045811
03219044981
03219041795
03219048747
03219046751
03219046897
03219047201
03219042442
03219043595
03219047965
03219045558
03219045707
03219045669
03219041277
03219048405
03219048784
03219042266
03219043564
03219048068
03219042555
03219046965
03219041490
03219042742
03219047951
03219047557
03219044894
03219048610
03219043778
03219045901
03219048135
03219043137
03219049625
03219045395
03219041023
03219041117
03219042092
03219048278
03219045799
03219044318
03219049154
03219047392
03219046300
03219047452
03219043709
03219044273
03219049090
03219045261
03219042246
03219046913
03219049239
03219043170
03219048941
03219048188
03219049193
03219042003
03219048590
03219048663
03219047693
03219049829
03219042421
03219046082
03219046128
03219044645
03219048012
03219046691
03219043987
03219047765
03219047986
03219048237
03219047810
03219044097
03219046442
03219043847
03219044069
03219044337
03219042958
03219046810
03219042874
03219042712
03219046156
03219047853
03219042175
03219042204
03219041296
03219049085
03219043796
03219045655
03219041460
03219047562
03219043878
03219041370
03219047581
03219046180
03219044112
03219042807
03219042399
03219041273
03219044481
03219048926
03219041002
03219045360
03219044843
03219041745
03219045345
03219047933
03219044253
03219045704
03219046955
03219041531
03219043369
03219049971
03219046792
03219047984
03219045807
03219044901
03219043969
03219046496
03219042581
03219046349
03219046535
03219042563
03219049128
03219046266
03219047889
03219044411
03219041600
03219046409
03219043786
03219045154
03219042493
03219047332
03219043740
03219045862
03219047237
03219049950
03219042347
03219048000
03219047610
03219049387
03219046999
03219047004
03219046372
03219042430
03219048420
03219049010
03219048308
03219049182
03219041168
03219049079
03219044029
03219045553
03219046471
03219045354
03219045121
03219049583
03219044817
03219044299
03219045348
03219044395
03219041161
03219048106
03219049258
03219042631
03219045771
03219045928
03219041127
03219048655
03219048501
03219044095
03219043151
03219045228
03219045897
03219041355
03219046733
03219043482
03219049024
03219049830
03219044660
03219045818
03219043208
03219044396
03219044105
03219047226
03219048416
03219042792
03219045088
03219045475
03219041650
03219042608
03219045210
03219042405
03219043171
03219045789
03219043238
03219042379
03219048966
03219041542
03219049933
03219042402
03219049064
03219049223
03219048227
03219048083
03219041628
03219044072
03219044565
03219042287
03219046050
03219048234
03219041665
03219042989
03219042711
03219043412
03219048620
03219044798
03219043492
03219048184
03219046644
03219042309
03219049789
03219044236
03219044275
03219043275
03219041994
03219045041
03219045125
03219048002
03219044709
03219044272
03219047578
03219048042
03219048708
03219047121
03219047554
03219041572
03219041703
03219045977
03219047329
03219044560
03219048130
03219041313
03219044265
03219045731
03219047138
03219044983
03219041762
03219044775
03219042264
03219048011
03219042775
03219046239
03219046624
03219045550
03219044986
03219042522
03219041153
03219049140
03219044772
03219043922
03219046756
03219041309
03219043374
03219041063
03219043389
03219048671
03219044941
03219046332
03219042459
03219049675
03219046145
03219041962
03219041092
03219045017
03219042271
03219047570
03219043700
03219048864
03219045815
03219043266
03219046444
03219042106
03219044346
03219041314
03219044948
03219046152
03219044807
03219043407
03219048989
03219046540
03219046979
03219047509
03219048799
03219042357
03219048980
03219043748
03219041900
03219045429
03219042316
03219042588
03219041865
03219045147
03219045848
03219042715
03219042376
03219043582
03219045439
03219045908
03219043489
03219044864
03219041268
03219046716
03219042075
03219043723
03219048788
03219045342
03219047652
03219046268
03219047155
03219045421
03219044113
03219046218
03219049914
03219043822
03219041799
03219048821
03219043855
03219043532
03219046167
03219049099
03219045619
03219048274
03219049824
03219043550
03219048872
03219044020
03219043934
03219041088
03219042263
03219041673
03219048177
03219041254
03219044663
03219046320
03219044710
03219045391
03219041033
03219044315
03219042801
03219041211
03219049760
03219043640
03219047086
03219047720
03219042538
03219041009
03219041028
03219043184
03219045907
03219044623
03219043169
03219047067
03219045221
03219046443
03219043605
03219044788
03219045240
03219049246
03219042284
03219048825
03219048901
03219042148
03219043622
03219047567
03219046286
03219047535
03219045529
03219048141
03219045133
03219046518
03219041304
03219045473
03219041218
03219049910
03219043546
03219041152
03219041481
03219042924
03219045766
03219043553
03219048084
03219043020
03219049442
03219049876
03219041104
03219045793
03219043334
03219042030
03219043975
03219042310
03219047612
03219049518
03219047421
03219046251
03219045498
03219045043
03219048104
03219044002
03219046379
03219043695
03219041242
03219044088
03219047764
03219049359
03219048765
03219049821
03219046381
03219049483
03219047278
03219046844
03219047658
03219044425
03219047537
03219049340
03219049273
03219041497
03219048908
03219042452
03219049892
03219044027
03219043730
03219045230
03219049450
03219044561
03219044036
03219044992
03219045449
03219046219
03219041426
03219043497
03219047408
03219049360
03219041704
03219045569
03219042671
03219042488
03219041230
03219049948
03219049406
03219041073
03219047505
03219041432
03219044920
03219042591
03219045094
03219043927
03219043803
03219047214
03219042534
03219049909
03219044203
03219045785
03219041388
03219044619
03219043263
03219045851
03219041404
03219047016
03219047636
03219047614
03219046287
03219046419
03219041221
03219049943
03219043587
03219045823
03219043634
03219043488
03219046531
03219043560
03219043627
03219041330
03219049570
03219042145
03219041347
03219043035
03219042761
03219041007
03219046703
03219049841
03219045329
03219046772
03219044291
03219049327
03219047306
03219045989
03219043808
03219048674
03219042705
03219043859
03219043223
03219046770
03219046711
03219046274
03219049254
03219047828
03219044091
03219049635
03219044521
03219041059
03219044590
03219043410
03219046031
03219046288
03219044579
03219043840
03219045280
03219049716
03219041380
03219044614
03219047219
03219049295
03219047821
03219041979
03219049432
03219047203
03219049764
03219043221
03219047637
03219047522
03219041670
03219046865
03219049746
03219048922
03219044577
03219046323
03219046486
03219047448
03219042012
03219041237
03219047136
03219049770
03219046942
03219047063
03219043296
03219047507
03219042727
03219042149
03219048528
03219048958
03219041324
03219049245
03219046003
03219047474
03219048890
03219044295
03219041282
03219042051
03219048064
03219041998
03219049388
03219047725
03219043664
03219047108
03219041711
03219048255
03219047354
03219044987
03219042267
03219049367
03219043376
03219049525
03219044915
03219048786
03219043906
03219042256
03219045488
03219048993
03219042919
03219047102
03219047433
03219042191
03219045397
03219043948
03219045138
03219042770
03219047553
03219049338
03219046981
03219046187
03219045796
03219044472
03219044795
03219043541
03219041957
03219045868
03219045919
03219047949
03219049379
03219042495
03219048144
03219046509
03219048005
03219046677
03219042185
03219043162
03219044189
03219044608
03219045162
03219045976
03219046870
03219045418
03219043008
03219044945
03219046754
03219045577
03219041804
03219047719
03219046460
03219046022
03219045452
03219046020
03219044632
03219049153
03219049421
03219042812
03219046515
03219047253
03219048140
03219049993
03219048628
03219044765
03219047153
03219043818
03219041187
03219043650
03219049632
03219047565
03219046538
03219042860
03219041194
03219044687
03219043801
03219049347
03219044352
03219042553
03219048602
03219048530
03219047189
03219045455
03219041399
03219042349
03219049461
03219049616
03219043014
03219046316
03219041989
03219042447
03219048424
03219047985
03219045720
03219045272
03219042371
03219041061
03219047887
03219046199
03219047044
03219041771
03219046025
03219047959
03219044733
03219046827
03219048792
03219045641
03219042813
03219042211
03219048551
03219045288
03219044808
03219045732
03219042251
03219048103
03219049260
03219049846
03219044657
03219049204
03219042240
03219045377
03219044704
03219044075
03219041980
03219044754
03219044665
03219044456
03219041558
03219046758
03219041163
03219047495
03219046665
03219043339
03219043637
03219042789
03219048485
03219047373
03219043503
03219049777
03219042226
03219049872
03219049540
03219049783
03219045995
03219047783
03219041925
03219041368
03219048754
03219043633
03219043117
03219042123
03219044717
03219043660
03219048058
03219047545
03219045763
03219046992
03219048529
03219043645
03219048236
03219043943
03219047414
03219042472
03219049426
03219045504
03219043792
03219044534
03219044882
03219048460
03219043774
03219044832
03219049794
03219048741
03219044172
03219049705
03219043767
03219043712
03219045444
03219042232
03219046463
03219042880
03219044167
03219047266
03219041303
03219044535
03219049835
03219045316
03219048580
03219047007
03219049452
03219049328
03219042479
03219048128
03219043109
03219048331
03219041800
03219047083
03219042663
03219047302
03219043218
03219043696
03219043850
03219049495
03219041412
03219044237
03219043947
03219046749
03219047008
03219048760
03219045709
03219047194
03219042624
03219045841
03219046525
03219043230
03219047324
03219041140
03219049565
03219049880
03219046766
03219045380
03219049580
03219049413
03219041693
03219041577
03219047410
03219042334
03219043583
03219041912
03219048361
03219049569
03219049160
03219049661
03219043416
03219041808
03219043122
03219045598
03219041369
03219041831
03219049999
03219044505
03219042133
03219048928
03219045503
03219047267
03219041806
03219046952
03219044476
03219045943
03219043097
03219047422
03219046451
03219048316
03219044270
03219049719
03219042659
03219046536
03219044414
03219043424
03219046847
03219047348
03219047625
03219044390
03219042962
03219045371
03219043108
03219041422
03219044202
03219045542
03219048196
03219048048
03219046767
03219045074
03219042764
03219046073
03219046631
03219047436
03219041737
03219043210
03219042153
03219049146
03219041726
03219043402
03219042938
03219047416
03219046574
03219043844
03219047156
03219044538
03219042541
03219041896
03219048697
03219049374
03219049683
03219049195
03219042802
03219046586
03219046394
03219043886
03219046793
03219049411
03219044930
03219041154
03219042653
03219049752
03219043217
03219043962
03219049696
03219042604
03219043363
03219047917
03219042771
03219048225
03219048246
03219041100
03219047162
03219042017
03219041570
03219042362
03219043527
03219048524
03219046447
03219046351
03219048438
03219043530
03219049780
03219044433
03219043353
03219041884
03219048678
03219044734
03219045834
03219049474
03219047796
03219041538
03219048742
03219049490
03219042786
03219048729
03219043054
03219048147
03219045693
03219042249
03219042913
03219046224
03219044693
03219044012
03219046252
03219044924
03219047100
03219045691
03219049417
03219046341
03219049568
03219047096
03219045265
03219047687
03219044220
03219043619
03219045737
03219048673
03219048892
03219047717
03219043297
03219041475
03219044087
03219042183
03219049313
03219043770
03219041594
03219046564
03219045061
03219041544
03219046613
03219041642
03219049078
03219046377
03219042388
03219042311
03219048579
03219044958
03219048692
03219049551
03219046670
03219042188
03219045339
03219041880
03219046635
03219042955
03219044633
03219045625
03219046324
03219044225
03219046378
03219045647
03219044746
03219044178
03219045582
03219046374
03219042566
03219042676
03219043418
03219041977
03219044957
03219043087
03219045328
03219046516
03219047622
03219044218
03219044923
03219044376
03219045029
03219045383
03219043180
03219048486
03219048588
03219046016
03219042754
03219042151
03219049207
03219044965
03219047641
03219048133
03219042996
03219048584
03219041995
03219046132
03219044692
03219047230
03219049594
03219042252
03219043602
03219041306
03219041969
03219042922
03219049108
03219042664
03219046603
03219045758
03219041429
03219049823
03219049802
03219047023
03219044079
03219041439
03219045961
03219042203
03219047209
03219043879
03219043313
03219042852
03219048714
03219047932
03219043436
03219045626
03219044603
03219048085
03219047145
03219045435
03219043130
03219049578
03219047180
03219046619
03219049056
03219046908
03219045547
03219043449
03219043535
03219047818
03219048330
03219042443
03219047592
03219043199
03219047915
03219041929
03219048731
03219045026
03219042384
03219048372
03219043618
03219049117
03219044207
03219041175
03219049227
03219049593
03219042656
03219045117
03219047860
03219047445
03219046898
03219047468
03219042382
03219049053
03219042113
03219041661
03219049869
03219046271
03219047710
03219043391
03219041498
03219042118
03219043050
03219044758
03219049289
03219043561
03219047502
03219044570
03219042294
03219045673
03219047325
03219049732
03219045754
03219041017
03219044461
03219049678
03219047942
03219043749
03219044595
03219047936
03219043265
03219048480
03219049952
03219048094
03219042067
03219043102
03219048155
03219043336
03219049966
03219047533
03219043320
03219041250
03219047091
03219049586
03219041644
03219048848
03219048945
03219044482
03219046693
03219048213
03219041080
03219041820
03219049205
03219042327
03219046816
03219048777
03219049812
03219042907
03219046912
03219044897
03219041872
03219041305
03219043813
03219045135
03219045257
03219046629
03219047598
03219047680
03219044494
03219044776
03219046357
03219043631
03219049806
03219042105
03219045747
03219048990
03219046571
03219048871
03219041332
03219049740
03219046285
03219049377
03219043524
03219047059
03219048423
03219044322
03219041513
03219043687
03219043978
03219046884
03219049013
03219043718
03219046304
03219045462
03219047543
03219048695
03219047010
03219047852
03219047706
03219047159
03219047921
03219044670
03219047365
03219041367
03219043856
03219045517
03219048220
03219044155
03219047435
03219047934
03219047846
03219045483
03219041578
03219042034
03219045303
03219046248
03219047558
03219046549
03219042567
03219043789
03219041045
03219049275
03219041525
03219049899
03219042700
03219043753
03219042011
03219041052
03219047980
03219047656
03219049908
03219048170
03219044858
03219046282
03219047528
03219045258
03219041526
03219047114
03219045124
03219042618
03219048422
03219049743
03219047175
03219046997
03219043045
03219041068
03219046695
03219048337
03219047536
03219041454
03219044181
03219044707
03219042935
03219042126
03219047132
03219042614
03219042699
03219043283
03219045250
03219048703
03219044774
03219045330
03219042268
03219043877
03219049180
03219044611
03219049894
03219043697
03219041968
03219046521
03219048745
03219043347
03219044985
03219044055
03219046818
03219044179
03219042998
03219045485
03219045808
03219044475
03219046730
03219048380
03219049761
03219041483
03219044276
03219043318
03219041444
03219049633
03219042762
03219041372
03219048850
03219048003
03219042915
03219044417
03219048323
03219042231
03219043434
03219046990
03219046178
03219041521
03219049724
03219049935
03219043544
03219046140
03219042574
03219041775
03219044596
03219049522
03219041484
03219049402
03219047048
03219044849
03219048410
03219049247
03219046887
03219045983
03219049322
03219044497
03219046982
03219045889
03219048259
03219045855
03219042050
03219045760
03219043793
03219048296
03219045209
03219048656
03219049825
03219047938
03219042387
03219048870
03219045109
03219046775
03219046519
03219043513
03219043880
03219043617
03219043473
03219043820
03219044013
03219046466
03219049291
03219045537
03219045438
03219046562
03219045000
03219045042
03219044314
03219048668
03219041008
03219042546
03219043762
03219047691
03219041106
03219041839
03219042142
03219045023
03219041285
03219046860
03219041653
03219041777
03219044996
03219042547
03219045169
03219047626
03219042008
03219044642
03219042381
03219046946
03219048037
03219044959
03219047326
03219049004
03219049671
03219044387
03219041376
03219043135
03219047344
03219044555
03219046440
03219049978
03219044229
03219045564
03219042407
03219042040
03219041474
03219048449
03219043348
03219043940
03219044813
03219047513
03219047854
03219046099
03219047374
03219043033
03219049672
03219044061
03219044508
03219048803
03219042101
03219042168
03219043887
03219049095
03219048150
03219049515
03219047097
03219045336
03219048317
03219049605
03219041634
03219045218
03219049968
03219043167
03219043931
03219045309
03219041019
03219042513
03219049129
03219044118
03219045277
03219044310
03219045917
03219049720
03219048463
03219047586
03219047813
03219044424
03219047715
03219042176
03219045524
03219049536
03219042155
03219043065
03219046505
03219042355
03219049198
03219047784
03219047851
03219043038
03219043487
03219042389
03219045204
03219042215
03219048597
03219042844
03219044913
03219045580
03219046118
03219049344
03219046594
03219044797
03219043454
03219041245
03219047798
03219045454
03219048976
03219049695
03219046834
03219044099
03219041294
03219049219
03219045500
03219046994
03219046424
03219041293
03219047242
03219042970
03219046236
03219041118
03219048466
03219041189
03219043053
03219042623
03219043063
03219048783
03219043959
03219043837
03219047384
03219048076
03219043868
03219042558
03219043261
03219048910
03219048544
03219047375
03219049297
03219047181
03219049924
03219045636
03219049519
03219046363
03219048275
03219047453
03219041562
03219044335
03219042054
03219047787
03219047559
03219048398
03219047401
03219041476
03219048230
03219047429
03219043404
03219045260
03219041663
03219049609
03219042778
03219042862
03219043950
03219048734
03219042024
03219049708
03219049443
03219042208
03219049921
03219043755
03219042250
03219042698
03219047427
03219043486
03219042420
03219045684
03219046384
03219045822
03219049309
03219046021
03219046080
03219044999
03219046819
03219045859
03219046593
03219041480
03219045140
03219042115
03219047634
03219042710
03219044403
03219047061
03219041686
03219044339
03219048566
03219048009
03219042127
03219042132
03219043973
03219045151
03219049575
03219045279
03219043787
03219043468
03219046841
03219047869
03219043735
03219043849
03219049438
03219044819
03219044781
03219041698
03219046121
03219047847
03219045740
03219042701
03219048081
03219047118
03219048374
03219045672
03219043888
03219042107
03219041195
03219047397
03219041227
03219044156
03219043817
03219047049
03219049134
03219048571
03219047351
03219042274
03219047682
03219043155
03219047303
03219043140
03219045063
03219042902
03219042457
03219046904
03219048114
03219042953
03219045761
03219047806
03219048210
03219049029
03219043190
03219049159
03219043766
03219045416
03219041923
03219045652
03219048947
03219042400
03219045782
03219046537
03219049832
03219044242
03219048086
03219046295
03219045450
03219044649
03219048055
03219044509
03219041327
03219041576
03219048209
03219046726
03219043916
03219047723
03219043139
03219045589
03219043954
03219046416
03219045929
03219049026
03219049735
03219048303
03219046895
03219049370
03219049077
03219048315
03219043867
03219041142
03219047619
03219044042
03219047573
03219049810
03219046717
03219049597
03219048431
03219043013
03219047299
03219048347
03219044145
03219047762
03219041840
03219047997
03219047355
03219044037
03219045600
03219049274
03219049574
03219049271
03219044447
03219046335
03219049232
03219047660
03219042930
03219046605
03219049211
03219049429
03219046722
03219046189
03219042070
03219049052
03219049967
03219043500
03219048117
03219047298
03219041741
03219045660
03219049856
03219048983
03219046044
03219046258
03219042454
03219042679
03219049156
03219044884
03219049305
03219041215
03219044245
03219042914
03219046053
03219042629
03219045118
03219047281
03219045285
03219044984
03219045632
03219045773
03219042275
03219047529
03219048787
03219046478
03219048454
03219047685
03219046671
03219044150
03219046532
03219045432
03219041837
03219048971
03219049931
03219048260
03219049280
03219044195
03219046901
03219048827
03219049607
03219043865
03219048763
03219041133
03219047169
03219047694
03219048364
03219043382
03219044873
03219048513
03219047470
03219044486
03219041620
03219044544
03219046382
03219046653
03219043280
03219041503
03219044880
03219045193
03219046724
03219046352
03219043110
03219049221
03219048702
03219049251
03219046383
03219048921
03219045538
03219046980
03219048837
03219047068
03219042593
03219046964
03219041615
03219042460
03219046620
03219047716
03219047047
03219042575
03219042444
03219048986
03219043883
03219045940
03219042991
03219041763
03219049292
03219042082
03219048290
03219044160
03219042507
03219049005
03219043114
03219043551
03219044059
03219043264
03219049007
03219049304
03219049003
03219046257
03219045798
03219042498
03219045038
03219043989
03219047866
03219045056
03219045200
03219041165
03219049532
03219044169
03219041385
03219043556
03219044539
03219043351
03219049844
03219044899
03219046513
03219044268
03219045433
03219041963
03219042707
03219041010
03219043029
03219045825
03219048097
03219046556
03219049408
03219049125
03219048494
03219043270
03219041115
03219043732
03219048562
03219046172
03219049126
03219046418
03219041357
03219044757
03219042164
03219041529
03219046318
03219044419
03219046389
03219048556
03219045903
03219047988
03219044190
03219043707
03219046072
03219044829
03219045194
03219044530
03219043942
03219046940
03219043243
03219043152
03219046299
03219046886
03219046512
03219047941
03219043674
03219043608
03219046611
03219044467
03219043340
03219044391
03219046831
03219043691
03219043241
03219043019
03219045281
03219046925
03219041744
03219042490
03219041342
03219046910
03219043458
03219045699
03219046136
03219047817
03219048376
03219047532
03219041743
03219049391
03219044407
03219049240
03219048362
03219048974
03219041446
03219047961
03219046227
03219046862
03219046256
03219046763
03219045523
03219045470
03219048455
03219043672
03219045708
03219041275
03219044383
03219046343
03219049757
03219041892
03219049395
03219044690
03219047021
03219045463
03219049587
03219041378
03219043134
03219046701
03219047550
03219044966
03219049907
03219047166
03219049648
03219048877
03219047062
03219049058
03219046993
03219049884
03219046078
03219042397
03219047012
03219044363
03219048310
03219047615
03219045362
03219043639
03219044510
03219046305
03219045037
03219041688
03219049895
03219041248
03219045036
03219043417
03219045911
03219049606
03219049874
03219045938
03219041984
03219042229
03219042886
03219047628
03219047963
03219043966
03219044592
03219044365
03219048770
03219048390
03219048723
03219042816
03219045249
03219047270
03219048707
03219048956
03219048228
03219048982
03219045813
03219044021
03219043576
03219043972
03219044728
03219046204
03219049849
03219046081
03219048691
03219046010
03219044041
03219047081
03219044498
03219042478
03219046646
03219043095
03219044357
03219042603
03219043841
03219048382
03219043272
03219044926
03219047689
03219041815
03219043941
03219048292
03219046399
03219048388
03219047340
03219046391
03219042308
03219044566
03219048087
03219046558
03219041260
03219048169
03219049912
03219049561
03219041875
03219047782
03219043461
03219043453
03219043335
03219048882
03219043600
03219046007
03219045590
03219042809
03219047714
03219049801
03219046596
03219045748
03219042056
03219047157
03219042236
03219046086
03219045007
03219041343
03219045671
03219045570
03219041397
03219048659
03219041465
03219046566
03219041508
03219047415
03219046028
03219044787
03219047701
03219042395
03219049499
03219046851
03219048286
03219045556
03219047064
03219041573
03219049758
03219043812
03219041192
03219045725
03219046303
03219041216
03219043037
03219045869
03219042572
03219042257
03219045174
03219041411
03219049055
03219048335
03219046765
03219045715
03219048644
03219048333
03219044654
03219047269
03219045824
03219043690
03219044838
03219046721
03219042242
03219044278
03219045009
03219042933
03219041231
03219043528
03219042753
03219041545
03219043455
03219042530
03219047681
03219047220
03219048790
03219041349
03219041113
03219045479
03219048456
03219046681
03219043557
03219048199
03219049148
03219047978
03219046237
03219044208
03219041206
03219043173
03219043745
03219044484
03219046502
03219045891
03219046787
03219041198
03219044738
03219044828
03219046853
03219046470
03219046750
03219043451
03219042929
03219042556
03219044697
03219049530
03219043666
03219044477
03219044683
03219046337
03219047673
03219047274
03219043124
03219044551
03219044759
03219043472
03219047055
03219046881
03219041675
03219046776
03219045044
03219045040
03219045222
03219043717
03219049828
03219047087
03219041449
03219042377
03219046879
03219045049
03219043681
03219049510
03219047540
03219041643
03219048489
03219041173
03219048616
03219044389
03219048074
03219043380
03219049414
03219049994
03219048406
03219046064
03219047515
03219049475
03219048326
03219049033
03219046508
03219046245
03219049502
03219041078
03219043961
03219044302
03219047265
03219046448
03219047672
03219041580
03219046196
03219042383
03219048473
03219048984
03219046165
03219049796
03219049213
03219049456
03219046225
03219047294
03219044368
03219041829
03219049418
03219042995
03219043772
03219041707
03219043648
03219042869
03219047229
03219042912
03219042299
03219041077
03219044912
03219043926
03219046622
03219049147
03219048830
03219046737
03219043828
03219046573
03219045263
03219045436
03219042845
03219046592
03219047030
03219044677
03219041051
03219042424
03219047703
03219042974
03219042517
03219043260
03219048152
03219043654
03219046005
03219044994
03219046731
03219044057
03219044076
03219045492
03219044625
03219042877
03219044032
03219042181
03219047075
03219047606
03219045624
03219046859
03219043030
03219041247
03219048653
03219046961
03219046759
03219043362
03219041973
03219042824
03219045898
03219044998
03219043201
03219041379
03219042678
03219042515
03219041537
03219048305
03219043670
03219045441
03219049560
03219046656
03219042527
03219047808
03219045078
03219043747
03219041610
03219043988
03219041680
03219048732
03219043010
03219048427
03219049132
03219041666
03219045497
03219042607
03219044343
03219041492
03219049929
03219049162
03219046398
03219046954
03219047199
03219046705
03219049446
03219046220
03219043678
03219048090
03219045437
03219047830
03219043388
03219043431
03219047391
03219042805
03219045294
03219042222
03219048666
03219047746
03219045536
03219049944
03219043254
03219048282
03219047566
03219044802
03219045148
03219043150
03219047589
03219045873
03219044726
03219041533
03219048981
03219042911
03219046373
03219046229
03219047666
03219049970
03219046854
03219043509
03219048687
03219044634
03219041416
03219047624
03219043450
03219048654
03219048876
03219041773
03219044680
03219042632
03219042823
03219046108
03219041271
03219043240
03219042897
03219042277
03219047733
03219043284
03219041427
03219045916
03219049190
03219046728
03219048248
03219041286
03219042854
03219044257
03219047497
03219048270
03219042986
03219046587
03219047146
03219047053
03219045644
03219046434
03219045368
03219044727
03219049736
03219042738
03219047583
03219044144
03219049775
03219049904
03219044065
03219043073
03219045933
03219048392
03219049985
03219046135
03219045423
03219041496
03219043874
03219047222
03219046956
03219049290
03219041146
03219046137
03219044373
03219048447
03219043891
03219044868
03219049642
03219041359
03219043521
03219042982
03219048772
03219042688
03219041518
03219044125
03219043082
03219042521
03219043980
03219041535
03219049009
03219049509
03219049710
03219044937
03219046169
03219048145
03219047770
03219045442
03219044028
03219044290
03219044906
03219041933
03219041713
03219042411
03219045409
03219041213
03219043447
03219047342
03219049977
03219043960
03219046207
03219048624
03219046911
03219042784
03219045359
03219049932
03219042977
03219043213
03219045750
03219047404
03219042718
03219047227
03219046222
03219041258
03219042820
03219049123
03219043599
03219046216
03219046061
