03226837588
03226838536
03226837326
03226831280
03226839495
03226834056
03226836393
03226839525
03226839985
03226839095
03226834967
03226838193
03226838973
03226837905
03226831783
03226834373
03226838784
03226834359
03226836616
03226839374
03226836635
03226832467
03226832529
03226837314
03226834192
03226832077
03226835072
03226833946
03226835283
03226839614
03226832584
03226838516
03226832827
03226833146
03226831090
03226838573
03226831068
03226834220
03226839459
03226835355
03226838212
03226838415
03226839178
03226839880
03226835891
03226834612
03226836712
03226831571
03226834965
03226837063
03226836068
03226834797
03226833966
03226839147
03226839864
03226834315
03226834452
03226839375
03226835148
03226839683
03226838578
03226836389
03226839388
03226838956
03226831227
03226837694
03226833803
03226838042
03226838305
03226836556
03226836304
03226833007
03226832423
03226831958
03226832135
03226835776
03226832899
03226835191
03226834717
03226839334
03226838571
03226837618
03226831452
03226836758
03226838348
03226837124
03226831409
03226838709
03226836753
03226835626
03226834844
03226834310
03226836777
03226831822
03226839026
03226838653
03226838197
03226838669
03226833265
03226838409
03226833060
03226832374
03226832007
03226837012
03226834087
03226831415
03226839261
03226834657
03226835814
03226831112
03226838770
03226837936
03226832197
03226832878
03226832393
03226839333
03226831552
03226831459
03226838696
03226832001
03226835181
03226836749
03226832678
03226836538
03226836520
03226838525
03226839901
03226834777
03226839209
03226833698
03226835973
03226835116
03226834397
03226834621
03226835337
03226836365
03226838496
03226839309
03226836241
03226833052
03226838023
03226835774
03226837626
03226839336
03226831713
03226837479
03226839299
03226834363
03226836825
03226836699
03226837337
03226838737
03226832722
03226838137
03226837288
03226831211
03226835758
03226839561
03226837242
03226838499
03226836905
03226835454
03226837996
03226834711
03226836214
03226834564
03226831272
03226832691
03226838940
03226837260
03226835659
03226834654
03226838894
03226833063
03226831729
03226831394
03226835600
03226838291
03226837697
03226837284
03226836600
03226833642
03226832049
03226831208
03226838098
03226833490
03226833848
03226839523
03226838869
03226832172
03226834624
03226835498
03226832915
03226838026
03226834163
03226837682
03226837884
03226839438
03226831678
03226834083
03226839242
03226837178
03226832694
03226837831
03226835848
03226839165
03226831305
03226837163
03226837427
03226839223
03226838991
03226834593
03226838458
03226833769
03226831810
03226835130
03226831894
03226836721
03226839691
03226835940
03226837564
03226838814
03226833367
03226835170
03226837917
03226838258
03226835605
03226832517
03226831684
03226832806
03226834030
03226837452
03226837787
03226838000
03226837563
03226835009
03226837196
03226835884
03226831993
03226838803
03226835172
03226833088
03226839426
03226835669
03226839867
03226838952
03226832520
03226837486
03226834705
03226835129
03226839016
03226832480
03226833994
03226833387
03226836756
03226832039
03226831821
03226837097
03226839237
03226836416
03226834961
03226837141
03226838110
03226833810
03226834771
03226834331
03226831712
03226839571
03226838743
03226831679
03226836820
03226839998
03226834829
03226832589
03226835738
03226833564
03226831620
03226836543
03226832746
03226832657
03226836642
03226835519
03226836363
03226834176
03226838252
03226838080
03226835375
03226838787
03226832756
03226832387
03226835947
03226838755
03226837559
03226836056
03226834180
03226835732
03226837915
03226835962
03226833449
03226832195
03226837916
03226833996
03226838558
03226835777
03226839450
03226836083
03226833532
03226837616
03226836130
03226838417
03226834395
03226838012
03226831467
03226838408
03226833460
03226831490
03226833368
03226832892
03226834063
03226832176
03226839787
03226838881
03226832223
03226835030
03226839682
03226839383
03226835888
03226839477
03226838627
03226836783
03226839208
03226834446
03226837602
03226832366
03226835618
03226832475
03226838629
03226839291
03226835254
03226835140
03226836257
03226831793
03226836092
03226837764
03226835772
03226835577
03226837348
03226836424
03226832593
03226838132
03226835739
03226834209
03226839676
03226833553
03226834420
03226836400
03226834149
03226831727
03226836652
03226839789
03226837611
03226838804
03226837020
03226836041
03226834536
03226832860
03226834076
03226837637
03226838923
03226835919
03226837993
03226837328
03226831480
03226838938
03226831917
03226833610
03226832129
03226832203
03226834189
03226838650
03226836314
03226831862
03226838157
03226835941
03226838921
03226832890
03226831105
03226833413
03226839604
03226832003
03226833941
03226831938
03226839071
03226837075
03226839730
03226831041
03226833563
03226838517
03226832920
03226839820
03226836215
03226832348
03226832072
03226835482
03226834483
03226831416
03226834523
03226837586
03226833421
03226838826
03226838595
03226832062
03226838651
03226831185
03226836531
03226835509
03226836315
03226835989
03226833386
03226839542
03226839866
03226834841
03226833880
03226839269
03226835765
03226838639
03226835672
03226835729
03226837106
03226832042
03226831941
03226833592
03226836848
03226838727
03226838407
03226831996
03226835081
03226834417
03226838366
03226838249
03226831845
03226832446
03226834300
03226834912
03226837331
03226836388
03226833505
03226838961
03226832530
03226835615
03226839642
03226836659
03226832147
03226838757
03226838947
03226837748
03226834424
03226833599
03226835943
03226835002
03226835214
03226839923
03226832778
03226835965
03226833513
03226831233
03226831572
03226832866
03226837758
03226831499
03226836591
03226832034
03226836823
03226831465
03226833726
03226838340
03226839341
03226833407
03226838537
03226831715
03226834631
03226834317
03226833111
03226838765
03226833906
03226839849
03226836323
03226835470
03226832771
03226837359
03226834766
03226831466
03226835902
03226837444
03226839086
03226834988
03226834553
03226832271
03226836094
03226834772
03226834116
03226833050
03226835324
03226837292
03226835220
03226839408
03226835083
03226838246
03226834227
03226836812
03226834012
03226832059
03226833664
03226834910
03226836102
03226836733
03226835125
03226836131
03226839379
03226832378
03226833786
03226838918
03226833221
03226836265
03226833061
03226839545
03226838995
03226835714
03226839281
03226834525
03226839030
03226833363
03226832275
03226834574
03226833219
03226831674
03226837073
03226838190
03226838176
03226838363
03226837360
03226832551
03226836000
03226837382
03226837925
03226838493
03226835945
03226834914
03226836482
03226835621
03226836165
03226836970
03226831980
03226831166
03226831834
03226831350
03226837817
03226838297
03226832777
03226839139
03226835880
03226835853
03226836730
03226838123
03226832158
03226831905
03226834456
03226832305
03226834188
03226833245
03226836700
03226838904
03226832536
03226831612
03226837789
03226838580
03226833766
03226837742
03226836110
03226837604
03226831238
03226835239
03226836839
03226832243
03226835586
03226837381
03226836698
03226836249
03226835224
03226836019
03226834036
03226833639
03226835920
03226832375
03226835610
03226833076
03226839297
03226836178
03226836204
03226831988
03226831763
03226832086
03226838988
03226832013
03226834554
03226833947
03226837066
03226831001
03226834968
03226839319
03226837424
03226833812
03226833267
03226838922
03226836387
03226831770
03226836751
03226834940
03226833390
03226837845
03226835366
03226837334
03226838162
03226839853
03226834153
03226831736
03226833598
03226836822
03226839717
03226834611
03226834236
03226835352
03226836573
03226833376
03226835717
03226831374
03226835652
03226836843
03226836030
03226837256
03226839817
03226835237
03226838372
03226834240
03226833621
03226831513
03226837219
03226832504
03226834094
03226831124
03226836688
03226836049
03226839265
03226831369
03226832496
03226837706
03226839200
03226832986
03226834685
03226836418
03226836662
03226838367
03226832127
03226833992
03226839857
03226836384
03226832510
03226833010
03226839911
03226833404
03226834336
03226832998
03226838360
03226831203
03226831344
03226833451
03226832848
03226835994
03226835448
03226839668
03226832108
03226839272
03226838453
03226837945
03226837642
03226833044
03226832570
03226834100
03226832318
03226838574
03226837251
03226838359
03226832113
03226839629
03226831656
03226839993
03226831084
03226831213
03226833283
03226836266
03226833009
03226831292
03226836362
03226838830
03226836327
03226831963
03226832266
03226833570
03226832918
03226833324
03226832458
03226831883
03226837931
03226834565
03226835367
03226836866
03226839786
03226833952
03226832985
03226838257
03226837029
03226831065
03226832616
03226832854
03226834909
03226834235
03226833405
03226837956
03226835841
03226836263
03226837160
03226831582
03226838812
03226836716
03226831833
03226838748
03226837906
03226834332
03226835034
03226839654
03226837745
03226831072
03226832903
03226835428
03226835716
03226834346
03226832449
03226831476
03226833222
03226837340
03226833377
03226839649
03226838683
03226839919
03226834502
03226836042
03226834321
03226832982
03226836555
03226838402
03226831931
03226831879
03226839620
03226837950
03226838603
03226839284
03226839712
03226837426
03226839192
03226839888
03226836480
03226833040
03226838205
03226838239
03226837419
03226839708
03226832184
03226838032
03226832148
03226835648
03226835114
03226835151
03226831703
03226832132
03226832445
03226839161
03226834196
03226832222
03226833073
03226833654
03226831343
03226837719
03226835426
03226831969
03226839937
03226833289
03226836565
03226838795
03226838964
03226838022
03226835786
03226838315
03226832730
03226836218
03226833898
03226833972
03226832836
03226837580
03226833241
03226837579
03226834980
03226835691
03226838732
03226833406
03226831696
03226832101
03226836270
03226837405
03226832246
03226834743
03226835583
03226836853
03226836150
03226837129
03226835916
03226831182
03226837667
03226831704
03226836855
03226839756
03226831613
03226833746
03226832590
03226832432
03226837663
03226832357
03226838308
03226836533
03226833103
03226834615
03226839186
03226839583
03226838849
03226831999
03226832045
03226835325
03226831714
03226833971
03226839155
03226834147
03226837119
03226836686
03226836322
03226831664
03226837770
03226836397
03226837313
03226839185
03226834225
03226837028
03226836551
03226836844
03226838354
03226837752
03226834972
03226831140
03226839889
03226836434
03226839049
03226833749
03226835918
03226832513
03226836729
03226835887
03226832333
03226835668
03226838800
03226836140
03226839990
03226832883
03226837466
03226836627
03226835903
03226839892
03226835959
03226837347
03226838877
03226833203
03226838064
03226832342
03226839499
03226834292
03226834081
03226832720
03226835097
03226833369
03226833808
03226834934
03226834064
03226831644
03226838085
03226837038
03226833667
03226836243
03226832617
03226834284
03226835556
03226834204
03226831248
03226833930
03226835438
03226831701
03226834872
03226832715
03226834449
03226834387
03226831838
03226833858
03226834507
03226835788
03226839416
03226838801
03226837879
03226832368
03226833257
03226835135
03226838387
03226835833
03226838008
03226831895
03226839351
03226836962
03226836164
03226834396
03226836098
03226836882
03226838767
03226837525
03226838735
03226836147
03226839324
03226837282
03226833395
03226838052
03226839359
03226835496
03226832226
03226837786
03226835878
03226832296
03226837621
03226834866
03226838364
03226838469
03226839149
03226837169
03226838370
03226833239
03226832035
03226836087
03226834739
03226834080
03226836550
03226838289
03226839504
03226833070
03226836332
03226835771
03226839640
03226834760
03226837083
03226839028
03226835286
03226832512
03226831564
03226838495
03226838542
03226839530
03226837734
03226836633
03226838376
03226831566
03226837776
03226836084
03226838116
03226831194
03226838656
03226834416
03226831501
03226839306
03226832257
03226835991
03226831453
03226832655
03226837530
03226837766
03226831275
03226833708
03226832065
03226838141
03226833084
03226834522
03226833655
03226835584
03226838007
03226832870
03226832772
03226834205
03226831864
03226834006
03226839403
03226835581
03226839721
03226833029
03226835840
03226831012
03226833314
03226839967
03226835358
03226836590
03226836310
03226833424
03226834692
03226835357
03226835750
03226836671
03226835001
03226838831
03226833494
03226838783
03226831702
03226833120
03226836383
03226833496
03226835900
03226833524
03226835682
03226836484
03226838419
03226834206
03226831853
03226834411
03226832677
03226839744
03226836995
03226837208
03226837512
03226836182
03226831645
03226837171
03226838649
03226834783
03226832731
03226835315
03226831512
03226832087
03226831326
03226833400
03226834129
03226836614
03226835077
03226835048
03226837488
03226837632
03226831603
03226834399
03226833226
03226839826
03226835004
03226834637
03226831150
03226833896
03226832260
03226832324
03226839087
03226836499
03226831575
03226831115
03226835608
03226831850
03226835119
03226833620
03226834874
03226835631
03226835643
03226837481
03226838728
03226837724
03226837796
03226837599
03226834695
03226839506
03226839575
03226838983
03226833112
03226832955
03226831819
03226832533
03226837498
03226832991
03226832425
03226835588
03226839363
03226837792
03226833927
03226834764
03226839957
03226831428
03226832613
03226835971
03226838756
03226831375
03226835429
03226837523
03226835909
03226836172
03226834464
03226834724
03226834391
03226836992
03226832131
03226832495
03226837245
03226839343
03226831086
03226837376
03226835160
03226832651
03226839425
03226838808
03226838118
03226833014
03226833796
03226833031
03226837641
03226836893
03226832842
03226833011
03226834355
03226831580
03226836624
03226837154
03226834715
03226836006
03226838267
03226838034
03226837363
03226838079
03226835296
03226836681
03226834732
03226835236
03226836722
03226836105
03226831950
03226836621
03226839405
03226837391
03226837329
03226831432
03226837082
03226831123
03226839156
03226839119
03226838140
03226835665
03226833641
03226834462
03226839154
03226834384
03226831390
03226837718
03226837115
03226838299
03226837027
03226832926
03226836120
03226832200
03226838250
03226839768
03226838847
03226839232
03226839824
03226832339
03226836910
03226838497
03226838206
03226838960
03226837155
03226831015
03226839524
03226835014
03226831425
03226831721
03226836408
03226836954
03226839611
03226835260
03226833133
03226838442
03226833036
03226836919
03226839890
03226836035
03226833873
03226835230
03226832956
03226834580
03226833199
03226834479
03226832547
03226831477
03226836099
03226837503
03226837047
03226836641
03226834694
03226836529
03226839070
03226833360
03226832277
03226837079
03226831441
03226831130
03226838713
03226832040
03226837265
03226837217
03226837280
03226834616
03226838468
03226837076
03226838521
03226836079
03226836103
03226835477
03226835924
03226831800
03226838342
03226836375
03226836965
03226832047
03226832952
03226835877
03226833139
03226832069
03226835766
03226831660
03226837377
03226839436
03226833296
03226831118
03226839991
03226836398
03226832025
03226836225
03226833467
03226832990
03226838667
03226834092
03226836800
03226831163
03226837918
03226835516
03226838253
03226836827
03226833904
03226838014
03226836704
03226835233
03226837695
03226834430
03226832591
03226833937
03226836452
03226838726
03226836040
03226835752
03226835932
03226832329
03226834751
03226839775
03226832116
03226832908
03226835353
03226833974
03226837954
03226836151
03226839022
03226837959
03226837622
03226838203
03226833770
03226839392
03226833104
03226833287
03226838703
03226837594
03226833634
03226839529
03226831554
03226835635
03226835410
03226839875
03226839584
03226832811
03226838478
03226832757
03226838551
03226834039
03226834858
03226837279
03226831544
03226835407
03226834632
03226832962
03226832109
03226839624
03226832270
03226836360
03226834938
03226832644
03226836048
03226832180
03226838481
03226833378
03226833799
03226831297
03226836209
03226832588
03226835392
03226833612
03226838083
03226838038
03226837241
03226835391
03226834928
03226835837
03226831013
03226839064
03226838429
03226837708
03226837158
03226832187
03226839002
03226833214
03226838592
03226836011
03226837189
03226838489
03226839050
03226834937
03226836939
03226838908
03226836763
03226836298
03226836229
03226834752
03226832742
03226838648
03226834691
03226831795
03226836549
03226838277
03226835720
03226836718
03226834696
03226832338
03226831257
03226835873
03226834215
03226839631
03226838889
03226839479
03226835206
03226835398
03226836902
03226834561
03226833145
03226831098
03226838333
03226838630
03226839608
03226831634
03226836088
03226836321
03226839780
03226833017
03226831006
03226832453
03226832871
03226833849
03226831314
03226834850
03226837232
03226833530
03226832723
03226839276
03226837874
03226836750
03226839215
03226838450
03226839292
03226839249
03226837233
03226833403
03226837387
03226838090
03226836066
03226839623
03226839430
03226839552
03226834435
03226837882
03226839602
03226837026
03226835226
03226832335
03226836879
03226838883
03226839670
03226831031
03226838375
03226839057
03226832325
03226832858
03226832419
03226834307
03226831329
03226833725
03226831757
03226833157
03226837759
03226835483
03226835759
03226835248
03226832119
03226837608
03226834099
03226839511
03226838287
03226832662
03226836702
03226839723
03226833988
03226837210
03226835134
03226839566
03226838744
03226839578
03226836202
03226839322
03226838802
03226838330
03226833741
03226839872
03226837204
03226832887
03226835245
03226833106
03226832888
03226836124
03226836444
03226837977
03226837467
03226836851
03226831119
03226833635
03226838428
03226832061
03226836931
03226834569
03226836394
03226835622
03226833134
03226838430
03226839332
03226839172
03226834981
03226832179
03226839726
03226837153
03226838422
03226831507
03226832247
03226831212
03226834266
03226839773
03226833867
03226831746
03226836521
03226834014
03226835931
03226837516
03226839271
03226834753
03226838714
03226831935
03226836575
03226836738
03226838773
03226833554
03226836072
03226831342
03226837907
03226833945
03226839489
03226838510
03226839697
03226832697
03226836180
03226831657
03226835719
03226834906
03226836894
03226835364
03226831388
03226831909
03226835157
03226835831
03226834665
03226834662
03226837683
03226834973
03226835217
03226831846
03226833388
03226831631
03226837657
03226833838
03226831866
03226839921
03226833495
03226838010
03226831317
03226834135
03226835859
03226833552
03226834450
03226835314
03226839681
03226832754
03226835349
03226836864
03226835511
03226833242
03226839283
03226831806
03226833277
03226838268
03226834480
03226838738
03226838061
03226831067
03226834754
03226836972
03226834595
03226837893
03226833899
03226838312
03226833840
03226832027
03226834131
03226836433
03226839903
03226832164
03226834767
03226838327
03226838624
03226838962
03226839741
03226835064
03226833463
03226835490
03226832340
03226832740
03226832709
03226838159
03226837456
03226832965
03226836268
03226833483
03226832712
03226837674
03226831835
03226834577
03226838686
03226838104
03226835258
03226834984
03226834830
03226836333
03226835633
03226837675
03226834157
03226833374
03226832968
03226838640
03226838182
03226833692
03226839455
03226832474
03226832702
03226831802
03226836808
03226834843
03226835912
03226831287
03226837462
03226831779
03226836960
03226832951
03226837510
03226834429
03226832525
03226838807
03226834136
03226833699
03226835645
03226837511
03226839034
03226834571
03226838142
03226839230
03226835629
03226837809
03226833456
03226838175
03226834625
03226837896
03226836174
03226836251
03226831595
03226834115
03226838134
03226833079
03226839949
03226832922
03226832994
03226832671
03226836505
03226838322
03226832647
03226832252
03226839763
03226836370
03226832548
03226831330
03226835141
03226837118
03226832330
03226832885
03226832103
03226834210
03226838178
03226839567
03226832556
03226833609
03226832104
03226836517
03226831530
03226835117
03226835680
03226834887
03226835504
03226838119
03226839573
03226839951
03226833527
03226832093
03226837322
03226836487
03226839046
03226838672
03226835274
03226835803
03226831589
03226833354
03226839062
03226834401
03226831805
03226837529
03226831352
03226835313
03226836051
03226835649
03226836656
03226836826
03226834765
03226834259
03226836673
03226836085
03226832245
03226839452
03226833057
03226832557
03226839843
03226835096
03226836112
03226839615
03226833272
03226833909
03226831532
03226836442
03226833717
03226837768
03226831216
03226835998
03226838331
03226831173
03226838105
03226832648
03226833022
03226838719
03226838617
03226838977
03226833021
03226839060
03226836205
03226835685
03226831109
03226834369
03226839609
03226833959
03226836177
03226837686
03226836255
03226836436
03226833124
03226831740
03226838721
03226831048
03226833042
03226835343
03226833914
03226834895
03226831346
03226834822
03226831225
03226836119
03226833091
03226833800
03226833170
03226837067
03226838223
03226835654
03226836832
03226832373
03226835038
03226838311
03226834485
03226835452
03226831668
03226831282
03226839997
03226831984
03226831973
03226834299
03226833402
03226835529
03226837195
03226839474
03226838262
03226839137
03226836461
03226833516
03226833551
03226838674
03226838003
03226832363
03226838461
03226836175
03226839677
03226833539
03226839240
03226837527
03226831117
03226839500
03226831537
03226837881
03226838569
03226831438
03226834671
03226832698
03226834350
03226835664
03226838403
03226831698
03226831005
03226835041
03226833298
03226833347
03226833166
03226839484
03226838734
03226838584
03226835597
03226837220
03226832608
03226838670
03226839152
03226833497
03226834519
03226835634
03226834798
03226834982
03226837235
03226836280
03226835305
03226836507
03226832797
03226836109
03226831274
03226837418
03226835773
03226832142
03226838235
03226832486
03226837818
03226836152
03226834370
03226838371
03226838397
03226834492
03226832881
03226839984
03226831389
03226839073
03226834199
03226834630
03226831742
03226836994
03226834905
03226836625
03226836206
03226836063
03226832653
03226832976
03226835936
03226837310
03226832631
03226836356
03226838985
03226832999
03226839126
03226837236
03226831916
03226834997
03226835846
03226837206
03226835882
03226835802
03226835195
03226836369
03226838470
03226835517
03226832028
03226832427
03226831755
03226839085
03226834277
03226835718
03226835420
03226838555
03226835692
03226832674
03226837842
03226835644
03226831619
03226836143
03226837914
03226835778
03226832800
03226834894
03226836045
03226834289
03226835060
03226839860
03226838987
03226836770
03226838211
03226831994
03226834161
03226836957
03226839096
03226834849
03226831815
03226832024
03226836224
03226832323
03226837088
03226837957
03226833263
03226839659
03226837281
03226838747
03226839471
03226837738
03226837366
03226839224
03226835290
03226837209
03226838421
03226831733
03226834596
03226833067
03226837002
03226838687
03226833924
03226837046
03226833999
03226832371
03226833078
03226834021
03226838065
03226832737
03226833129
03226831902
03226835723
03226836532
03226835065
03226834712
03226838491
03226837434
03226831368
03226839218
03226837558
03226834689
03226839558
03226831481
03226834606
03226833602
03226832526
03226832491
03226834890
03226836260
03226831550
03226839220
03226832612
03226833281
03226839660
03226835450
03226839672
03226834629
03226837321
03226832414
03226832143
03226837947
03226831382
03226835632
03226839469
03226833596
03226839488
03226839310
03226831371
03226838472
03226835539
03226832146
03226839462
03226835844
03226837861
03226831431
03226835192
03226831766
03226835917
03226835699
03226839150
03226837367
03226839067
03226832462
03226835655
03226833541
03226839207
03226836386
03226839258
03226832081
03226835624
03226832409
03226835031
03226834133
03226832482
03226837432
03226836299
03226837553
03226833865
03226839716
03226837897
03226831942
03226831379
03226836010
03226831998
03226832939
03226834251
03226837753
03226838836
03226832901
03226834737
03226837460
03226832401
03226832783
03226834570
03226835411
03226833216
03226831380
03226837058
03226839887
03226836163
03226835569
03226835987
03226838515
03226835474
03226832157
03226837727
03226832786
03226832029
03226836909
03226839543
03226833519
03226832555
03226831267
03226834531
03226835348
03226838290
03226838129
03226839295
03226838829
03226834511
03226834680
03226838957
03226834883
03226831491
03226839847
03226839194
03226834423
03226838776
03226832361
03226837927
03226832492
03226835431
03226835491
03226833385
03226833275
03226833673
03226837860
03226838620
03226837103
03226835893
03226837345
03226836097
03226832079
03226837646
03226833047
03226833828
03226837145
03226835418
03226831338
03226836125
03226835120
03226834742
03226833339
03226833787
03226833587
03226833397
03226832799
03226835933
03226835910
03226838210
03226831235
03226831007
03226831096
03226833083
03226839762
03226834197
03226833096
03226839444
03226838121
03226838285
03226831794
03226832046
03226839546
03226837150
03226838552
03226833118
03226835281
03226833315
03226836497
03226831231
03226837425
03226831411
03226833868
03226836410
03226832732
03226837317
03226832099
03226836008
03226833310
03226833931
03226837491
03226834142
03226835276
03226836376
03226832726
03226834138
03226833863
03226838663
03226834084
03226832454
03226837978
03226836073
03226837589
03226839767
03226832149
03226838885
03226836771
03226836076
03226831979
03226836685
03226837404
03226835389
03226831521
03226834477
03226837447
03226831142
03226837630
03226839807
03226832625
03226832354
03226831547
03226834854
03226834699
03226837272
03226835205
03226832326
03226839585
03226834957
03226837549
03226838309
03226839950
03226837122
03226834150
03226833290
03226837854
03226835512
03226834004
03226836737
03226839886
03226835200
03226839661
03226833391
03226832942
03226834824
03226838170
03226835696
03226839800
03226837142
03226832747
03226839752
03226836774
03226837819
03226832567
03226836927
03226832161
03226837497
03226834019
03226833479
03226836516
03226832522
03226835617
03226839498
03226832931
03226839384
03226836582
03226834993
03226837398
03226839347
03226832078
03226838102
03226839645
03226839250
03226834023
03226832632
03226832733
03226831230
03226833719
03226831345
03226831653
03226833174
03226838522
03226835293
03226838941
03226832573
03226835136
03226832785
03226834975
03226833058
03226834053
03226837410
03226834763
03226838149
03226831400
03226838974
03226832410
03226835977
03226836865
03226834878
03226833415
03226837634
03226831884
03226832105
03226839505
03226831281
03226835952
03226834669
03226835197
03226838185
03226835222
03226836212
03226836466
03226835570
03226839944
03226838754
03226833984
03226839547
03226838594
03226836530
03226838053
03226835707
03226835118
03226832516
03226834513
03226839124
03226834018
03226839776
03226834635
03226832658
03226831867
03226833138
03226834304
03226837212
03226831643
03226838665
03226835235
03226834698
03226832468
03226833470
03226839248
03226833064
03226833649
03226832337
03226833510
03226833875
03226833797
03226835149
03226836162
03226833435
03226836216
03226834166
03226835445
03226831576
03226837828
03226836126
03226838049
03226835113
03226835242
03226837754
03226839318
03226831592
03226839883
03226832044
03226832298
03226833866
03226838097
03226835417
03226836975
03226834151
03226834622
03226831138
03226833625
03226836198
03226831427
03226836870
03226836341
03226835421
03226837449
03226837252
03226837094
03226835756
03226834557
03226839733
03226833556
03226836279
03226838112
03226833212
03226839277
03226834660
03226833961
03226835266
03226839696
03226831094
03226833131
03226838179
03226837865
03226834503
03226838456
03226835702
03226833504
03226838874
03226835204
03226839308
03226831860
03226838533
03226837810
03226836766
03226831075
03226835469
03226834438
03226838809
03226835006
03226835999
03226832624
03226836377
03226834109
03226839052
03226837823
03226839293
03226839707
03226834073
03226831269
03226834652
03226831587
03226837835
03226837943
03226833712
03226835058
03226838553
03226833238
03226836222
03226836692
03226831689
03226834627
03226831301
03226839205
03226832930
03226836004
03226836496
03226832807
03226832872
03226833864
03226833626
03226835284
03226834482
03226833737
03226838255
03226835923
03226833881
03226836602
03226831293
03226834071
03226837887
03226832359
03226836133
03226836630
03226837781
03226834011
03226839157
03226835012
03226836576
03226834867
03226831722
03226835090
03226835028
03226835070
03226839848
03226833269
03226834551
03226832954
03226836193
03226839782
03226832574
03226838265
03226836694
03226839791
03226838117
03226836739
03226835693
03226839858
03226838870
03226834992
03226836776
03226838790
03226831574
03226835795
03226831444
03226839508
03226834382
03226836329
03226839404
03226839939
03226836847
03226839077
03226832611
03226834459
03226831183
03226834001
03226833809
03226831930
03226831029
03226832615
03226835587
03226831997
03226833432
03226839822
03226834693
03226831201
03226833249
03226831927
03226832609
03226833123
03226838033
03226835409
03226835746
03226839286
03226831042
03226836799
03226838660
03226834509
03226835857
03226832268
03226834603
03226839315
03226837464
03226833920
03226831636
03226835320
03226831335
03226833149
03226833537
03226831531
03226832229
03226838820
03226833336
03226832566
03226835312
03226831816
03226838645
03226833294
03226836129
03226832301
03226834836
03226837089
03226833197
03226837650
03226835722
03226838060
03226836786
03226839616
03226838659
03226831360
03226839127
03226833457
03226836599
03226835100
03226835466
03226838383
03226838720
03226834953
03226836707
03226832580
03226833008
03226832060
03226832085
03226832538
03226837814
03226833471
03226835443
03226839203
03226834677
03226835849
03226837393
03226832672
03226839735
03226831622
03226832218
03226839340
03226838647
03226831951
03226834323
03226838779
03226832416
03226831414
03226832440
03226836022
03226836589
03226835642
03226832460
03226831155
03226835896
03226835347
03226833282
03226836950
03226836111
03226834390
03226835251
03226832540
03226832534
03226833273
03226835984
03226836123
03226837687
03226835596
03226834130
03226838712
03226835173
03226833433
03226835978
03226834540
03226837341
03226837577
03226834546
03226832679
03226837900
03226836107
03226837370
03226837442
03226839410
03226831789
03226837548
03226833236
03226832253
03226838901
03226837546
03226835340
03226838062
03226836634
03226838109
03226837658
03226839850
03226837910
03226834963
03226835767
03226839434
03226835255
03226833444
03226836759
03226836166
03226837161
03226836922
03226834337
03226837837
03226831073
03226835087
03226838675
03226836983
03226833846
03226836999
03226838498
03226834093
03226834383
03226835974
03226837592
03226835485
03226836285
03226835069
03226837227
03226838706
03226834781
03226839113
03226831570
03226834746
03226833772
03226832294
03226836585
03226832822
03226836287
03226838520
03226831920
03226833321
03226835599
03226831162
03226835404
03226831675
03226839268
03226839131
03226839720
03226836278
03226839562
03226836426
03226832276
03226835619
03226838024
03226834381
03226833680
03226833126
03226832663
03226837765
03226833148
03226839267
03226833619
03226839934
03226833709
03226837043
03226832805
03226836503
03226839075
03226834504
03226838975
03226833163
03226835627
03226836725
03226839644
03226837701
03226837574
03226836780
03226838076
03226839833
03226833921
03226836330
03226839012
03226834750
03226831361
03226836938
03226836100
03226836343
03226835852
03226832813
03226833815
03226835306
03226836293
03226837775
03226832748
03226831433
03226835671
03226833503
03226831693
03226831857
03226835055
03226836475
03226835167
03226836203
03226838384
03226834224
03226833439
03226839526
03226831890
03226834888
03226836801
03226835427
03226831474
03226839317
03226831172
03226839714
03226832893
03226837200
03226838546
03226834207
03226832174
03226837152
03226836338
03226836324
03226836979
03226839102
03226837908
03226833550
03226832961
03226831316
03226834178
03226837892
03226839428
03226836761
03226834598
03226835768
03226835678
03226835713
03226838549
03226838448
03226833874
03226837327
03226831863
03226836973
03226838715
03226834238
03226831002
03226837230
03226833856
03226838980
03226833897
03226836618
03226834282
03226839577
03226831726
03226831087
03226832140
03226837872
03226836824
03226832426
03226836875
03226832766
03226839874
03226832992
03226836199
03226837289
03226837624
03226837176
03226833738
03226839213
03226836367
03226831302
03226836253
03226837013
03226838972
03226838750
03226832272
03226831734
03226839454
03226839483
03226835799
03226836767
03226838230
03226831812
03226834126
03226834463
03226833981
03226835440
03226834101
03226833911
03226835335
03226837374
03226839423
03226837380
03226831901
03226838903
03226839862
03226833794
03226834465
03226837396
03226837805
03226836816
03226838337
03226838945
03226833985
03226839757
03226838050
03226835462
03226833090
03226833689
03226839260
03226833531
03226834648
03226836936
03226834360
03226832102
03226835342
03226837863
03226831202
03226835640
03226834264
03226832856
03226839187
03226833343
03226833244
03226832384
03226836734
03226837623
03226833850
03226834994
03226835812
03226833338
03226836911
03226836476
03226837007
03226833783
03226837365
03226837968
03226832993
03226837743
03226837311
03226836374
03226836901
03226837343
03226835278
03226839344
03226831318
03226836428
03226831403
03226838483
03226834552
03226837625
03226834592
03226834996
03226832050
03226837864
03226831255
03226836379
03226833640
03226833484
03226835374
03226834108
03226837222
03226832122
03226836468
03226832019
03226836838
03226833833
03226835073
03226838523
03226839231
03226832479
03226831223
03226832972
03226832646
03226839878
03226838582
03226832909
03226833643
03226835703
03226836312
03226836588
03226838135
03226832320
03226831152
03226831260
03226832470
03226833757
03226835582
03226835845
03226831889
03226831306
03226835175
03226831161
03226832233
03226832261
03226832402
03226831461
03226837344
03226836489
03226835241
03226832863
03226835706
03226831362
03226837263
03226839751
03226832015
03226835359
03226834033
03226836693
03226833361
03226836336
03226839214
03226838467
03226831707
03226834542
03226834078
03226834326
03226835733
03226831843
03226833916
03226832989
03226832023
03226833555
03226835625
03226839792
03226834818
03226831639
03226835059
03226837385
03226837912
03226835946
03226834795
03226837919
03226839446
03226833949
03226839796
03226832877
03226839130
03226836221
03226831628
03226833190
03226837044
03226833910
03226838857
03226833895
03226835054
03226832966
03226831276
03226831828
03226838596
03226839531
03226831412
03226837894
03226833193
03226832568
03226835715
03226834405
03226835308
03226832755
03226837223
03226833408
03226839414
03226838913
03226831600
03226839158
03226839481
03226836392
03226839241
03226834183
03226832741
03226833568
03226833046
03226836664
03226831341
03226831560
03226831944
03226835385
03226839338
03226838201
03226836871
03226835990
03226833632
03226837259
03226838751
03226834486
03226831190
03226833410
03226837390
03226835820
03226835163
03226831823
03226838222
03226831435
03226835662
03226831463
03226834029
03226835403
03226834729
03226832638
03226837849
03226831209
03226831785
03226837746
03226835052
03226837885
03226835740
03226831250
03226835395
03226839037
03226839101
03226837316
03226838527
03226834049
03226839540
03226836806
03226831970
03226831199
03226837672
03226835387
03226839461
03226837243
03226833682
03226835653
03226833184
03226836525
03226836675
03226834389
03226832070
03226831296
03226833835
03226837159
03226831129
03226831787
03226839550
03226838440
03226833362
03226833967
03226833893
03226834573
03226838700
03226836117
03226838605
03226832531
03226837660
03226831057
03226831027
03226833528
03226839945
03226836141
03226833586
03226835883
03226839900
03226836595
03226836501
03226834453
03226838791
03226838122
03226836946
03226831426
03226837414
03226834484
03226831156
03226834143
03226834900
03226834410
03226833630
03226834837
03226838254
03226835928
03226835510
03226837221
03226838009
03226834672
03226832198
03226833035
03226835613
03226839813
03226831366
03226834959
03226839600
03226836118
03226839136
03226831774
03226835666
03226833693
03226837607
03226832193
03226831436
03226838876
03226833417
03226834060
03226835419
03226835770
03226832286
03226838120
03226838106
03226833533
03226833696
03226835279
03226833207
03226838769
03226832136
03226836792
03226833735
03226836709
03226838606
03226839181
03226838504
03226832212
03226839948
03226832205
03226833380
03226839173
03226836183
03226836192
03226834433
03226836850
03226833653
03226837560
03226831077
03226836896
03226836277
03226835400
03226837700
03226832166
03226835453
03226836237
03226833782
03226835908
03226836934
03226834418
03226839196
03226837024
03226837185
03226831788
03226839942
03226838017
03226834768
03226833051
03226835927
03226835068
03226831577
03226835107
03226839536
03226838195
03226839863
03226833359
03226831880
03226833462
03226839381
03226836522
03226835458
03226835954
03226836294
03226837140
03226835174
03226838850
03226836273
03226835764
03226837014
03226839972
03226831865
03226832841
03226835280
03226836446
03226834943
03226831925
03226836874
03226832336
03226835782
03226833121
03226836488
03226834555
03226836546
03226838545
03226838314
03226837962
03226838813
03226834361
03226839345
03226833590
03226837303
03226836605
03226831687
03226831493
03226832501
03226834535
03226831546
03226837473
03226834597
03226838583
03226833173
03226832186
03226838685
03226838839
03226833944
03226836631
03226833425
03226833319
03226832273
03226837318
03226832847
03226839355
03226838334
03226839570
03226835731
03226832367
03226833987
03226835476
03226833162
03226835866
03226833948
03226838677
03226837790
03226835675
03226839974
03226837035
03226838173
03226839282
03226836891
03226831324
03226836262
03226837803
03226831739
03226838215
03226838200
03226835934
03226833217
03226839371
03226832542
03226839527
03226838689
03226833476
03226835331
03226833171
03226833759
03226839823
03226836447
03226834566
03226839732
03226834541
03226837685
03226839987
03226833900
03226832684
03226837143
03226831430
03226833818
03226839754
03226839528
03226831986
03226837573
03226835536
03226833793
03226832471
03226838568
03226833440
03226831768
03226831686
03226831824
03226831076
03226833562
03226831705
03226837258
03226831716
03226836074
03226834374
03226834283
03226832066
03226835333
03226837515
03226835332
03226839244
03226833603
03226839662
03226835860
03226834372
03226837417
03226838058
03226839953
03226832076
03226836955
03226834864
03226835075
03226836643
03226835742
03226838229
03226833888
03226838101
03226837596
03226831323
03226833879
03226834641
03226834782
03226839369
03226836477
03226836168
03226835227
03226839233
03226832288
03226834586
03226834211
03226834208
03226835541
03226839217
03226839188
03226831270
03226834170
03226832667
03226832718
03226838196
03226836317
03226834650
03226839163
03226838598
03226836572
03226836437
03226831777
03226832485
03226835467
03226838996
03226833663
03226837111
03226838048
03226833827
03226831373
03226836980
03226838155
03226832054
03226838628
03226837078
03226836597
03226834702
03226835275
03226835988
03226837771
03226833763
03226837801
03226834052
03226835457
03226839004
03226831518
03226836156
03226833268
03226833758
03226836899
03226838416
03226831026
03226831079
03226832515
03226838188
03226837022
03226832661
03226833195
03226835229
03226835565
03226836788
03226834102
03226837371
03226835079
03226834647
03226837485
03226835677
03226833431
03226836849
03226836053
03226839065
03226838718
03226837494
03226839112
03226837268
03226832685
03226833223
03226832299
03226833695
03226832560
03226834745
03226834314
03226831402
03226839739
03226836431
03226833348
03226839925
03226839273
03226834915
03226836510
03226838070
03226832565
03226839328
03226839006
03226839522
03226831131
03226837248
03226836412
03226834925
03226833320
03226835601
03226831737
03226833243
03226832680
03226839965
03226835951
03226839715
03226831340
03226839456
03226837384
03226832696
03226836674
03226832435
03226831749
03226838457
03226832396
03226832641
03226839398
03226838998
03226835976
03226833671
03226836968
03226831449
03226834995
03226832599
03226839290
03226833344
03226838951
03226837181
03226838875
03226834258
03226833845
03226836880
03226831045
03226833739
03226833436
03226839736
03226837440
03226835080
03226833105
03226839296
03226838932
03226832559
03226839120
03226839771
03226838739
03226837100
03226836153
03226839144
03226836604
03226836528
03226838011
03226835112
03226834568
03226836956
03226832331
03226835551
03226837591
03226837999
03226836903
03226837844
03226839033
03226833443
03226831635
03226832063
03226839148
03226839799
03226833398
03226832267
03226834320
03226839476
03226835870
03226832306
03226836638
03226834775
03226832216
03226835461
03226839107
03226834623
03226832749
03226837554
03226832855
03226835656
03226835851
03226837961
03226835700
03226838863
03226839724
03226832845
03226836921
03226838912
03226837640
03226833153
03226838736
03226837843
03226832734
03226834515
03226838378
03226832400
03226839442
03226839314
03226831593
03226838664
03226837213
03226836454
03226837656
03226839285
03226832907
03226831778
03226834121
03226831106
03226838641
03226838393
03226832502
03226833116
03226833446
03226838741
03226833299
03226835526
03226835150
03226837269
03226837445
03226831509
03226831583
03226833872
03226838858
03226834935
03226832736
03226837970
03226838279
03226838335
03226833678
03226833062
03226832941
03226833337
03226838914
03226834966
03226834134
03226832975
03226831247
03226838823
03226837234
03226839153
03226838406
03226839255
03226838623
03226836348
03226838633
03226834047
03226835020
03226837191
03226838560
03226834316
03226833767
03226838567
03226837472
03226831069
03226835641
03226831058
03226831100
03226837436
03226834422
03226834439
03226836593
03226837528
03226831615
03226834520
03226838144
03226837774
03226835574
03226838658
03226831694
03226835128
03226838920
03226833401
03226838186
03226832981
03226838900
03226838530
03226836403
03226839753
03226838242
03226831623
03226832141
03226836090
03226839770
03226831974
03226831443
03226836949
03226832924
03226839304
03226834159
03226836857
03226837779
03226835930
03226835744
03226831145
03226836236
03226831457
03226837325
03226834119
03226832773
03226836054
03226834451
03226838888
03226832350
03226833448
03226839727
03226832812
03226832917
03226835261
03226835535
03226839963
03226834741
03226831673
03226833823
03226837477
03226831605
03226832606
03226838625
03226833108
03226839264
03226832830
03226834933
03226836404
03226831391
03226837620
03226832481
03226831038
03226839636
03226838526
03226838227
03226835922
03226837362
03226833887
03226831410
03226835495
03226838950
03226834448
03226836933
03226831844
03226835078
03226836244
03226839981
03226838711
03226835033
03226833704
03226833194
03226836438
03226835303
03226832133
03226837286
03226835377
03226836948
03226837335
03226835983
03226835405
03226835762
03226836943
03226837862
03226837705
03226836187
03226833991
03226837095
03226831023
03226839516
03226835019
03226838853
03226832362
03226834998
03226832478
03226836541
03226839865
03226837108
03226838926
03226835592
03226833306
03226833095
03226831655
03226837170
03226831651
03226837679
03226834279
03226832521
03226836524
03226839243
03226838374
03226833043
03226839979
03226831321
03226837839
03226839078
03226838167
03226833125
03226831503
03226835898
03226839021
03226834578
03226831682
03226835522
03226831882
03226837603
03226833028
03226838984
03226837091
03226836405
03226835524
03226834341
03226837612
03226831921
03226832735
03226831676
03226838160
03226837928
03226832311
03226833371
03226831781
03226837942
03226837537
03226839740
03226832851
03226831160
03226837415
03226836861
03226839059
03226838855
03226831987
03226833923
03226832642
03226835154
03226838286
03226838805
03226836689
03226831842
03226833545
03226833765
03226834821
03226834232
03226834312
03226836095
03226838462
03226836620
03226838811
03226839069
03226835874
03226834726
03226836789
03226839305
03226837834
03226839743
03226838216
03226838725
03226834305
03226839008
03226831588
03226832594
03226832628
03226835460
03226831773
03226835968
03226839043
03226834239
03226831423
03226836016
03226833962
03226831790
03226835497
03226839983
03226837514
03226832321
03226839023
03226836439
03226834762
03226833645
03226831873
03226833081
03226835011
03226839964
03226833154
03226831685
03226836612
03226838955
03226833097
03226836619
03226831524
03226834916
03226839329
03226837937
03226832604
03226833557
03226834617
03226832230
03226839146
03226835066
03226836828
03226835828
03226834804
03226835807
03226835949
03226831669
03226838164
03226832552
03226837409
03226832319
03226839597
03226832898
03226832469
03226833279
03226835250
03226834842
03226836458
03226832923
03226833500
03226833669
03226835424
03226834281
03226832947
03226836506
03226831151
03226836179
03226833167
03226834790
03226837231
03226834164
03226832614
03226839553
03226833890
03226837793
03226832334
03226831320
03226834807
03226836773
03226833744
03226834098
03226835094
03226831667
03226835402
03226833100
03226831924
03226839072
03226839938
03226833113
03226835872
03226831358
03226834201
03226831955
03226835488
03226831019
03226836457
03226832443
03226838313
03226832391
03226835688
03226839396
03226836380
03226834868
03226833491
03226839835
03226839443
03226838771
03226832385
03226832544
03226833481
03226834587
03226833776
03226838898
03226836435
03226831874
03226833508
03226837680
03226836320
03226834716
03226834104
03226832473
03226831545
03226832958
03226834458
03226831528
03226839818
03226839635
03226831579
03226837804
03226832865
03226837053
03226834901
03226832960
03226833801
03226836835
03226839182
03226831091
03226837669
03226838788
03226833608
03226831218
03226839719
03226834583
03226831132
03226839647
03226839093
03226837157
03226831143
03226836665
03226839690
03226837858
03226838815
03226832673
03226831378
03226835356
03226831562
03226835835
03226833232
03226834636
03226832244
03226834620
03226839535
03226832153
03226835819
03226836757
03226831697
03226837296
03226837614
03226832310
03226831310
03226834319
03226833258
03226831498
03226837902
03226834293
03226837306
03226832826
03226837995
03226832995
03226831848
03226834082
03226834785
03226839024
03226833605
03226836798
03226836544
03226839356
03226833450
03226831044
03226839943
03226839933
03226838844
03226838224
03226833168
03226835532
03226833499
03226839393
03226834181
03226837707
03226835190
03226831983
03226831743
03226836696
03226838228
03226839960
03226833488
03226836713
03226835456
03226834602
03226839091
03226837463
03226834688
03226833560
03226831706
03226836328
03226834560
03226834727
03226833475
03226839300
03226833246
03226831700
03226838189
03226832043
03226836785
03226835531
03226833521
03226833394
03226833540
03226834473
03226834817
03226838644
03226837991
03226836344
03226832875
03226832210
03226837652
03226832902
03226831563
03226833295
03226834050
03226833455
03226835785
03226838681
03226831039
03226835369
03226835905
03226834563
03226835890
03226839490
03226835868
03226836548
03226833225
03226831831
03226831018
03226839167
03226832859
03226833617
03226836942
03226831113
03226832714
03226833913
03226834490
03226836020
03226835010
03226833804
03226835937
03226831158
03226836762
03226835171
03226834977
03226835481
03226834074
03226834700
03226838673
03226835317
03226837714
03226837940
03226833518
03226836775
03226835591
03226832639
03226839350
03226837068
03226833230
03226839729
03226832459
03226835942
03226833986
03226837050
03226833115
03226835492
03226832895
03226835816
03226832596
03226833412
03226835265
03226838358
03226837198
03226838518
03226837798
03226838199
03226839920
03226835879
03226838248
03226839814
03226837761
03226837576
03226832789
03226831328
03226832476
03226832456
03226833147
03226836754
03226831488
03226831791
03226838710
03226836032
03226832284
03226833940
03226832381
03226835322
03226839361
03226833721
03226834302
03226837750
03226833822
03226834834
03226833936
03226834655
03226836061
03226832067
03226839376
03226834088
03226839538
03226839689
03226835380
03226832254
03226838561
03226833884
03226838153
03226838399
03226835219
03226831919
03226837552
03226836644
03226832080
03226837629
03226837878
03226837730
03226833254
03226839809
03226838349
03226836036
03226835371
03226839164
03226833580
03226836601
03226831265
03226836559
03226832032
03226836535
03226836710
03226838999
03226837193
03226837939
03226839413
03226831847
03226838171
03226832465
03226836226
03226832012
03226832041
03226839970
03226831989
03226832232
03226834944
03226834855
03226832528
03226834003
03226835144
03226831500
03226839001
03226837105
03226831804
03226836167
03226839968
03226834549
03226831557
03226838388
03226834990
03226836220
03226834330
03226834357
03226837010
03226835267
03226839027
03226834260
03226834269
03226831089
03226834027
03226837490
03226836467
03226834043
03226837458
03226831016
03226834643
03226837086
03226837392
03226837570
03226835082
03226839896
03226835726
03226833529
03226835708
03226837585
03226836814
03226834328
03226835948
03226838512
03226837278
03226836542
03226833834
03226834983
03226837655
03226838091
03226835189
03226831049
03226837350
03226835728
03226833208
03226838021
03226836552
03226833004
03226838016
03226839184
03226838906
03226837352
03226839159
03226831177
03226831059
03226834579
03226833729
03226835292
03226832052
03226833252
03226831102
03226836047
03226837386
03226838192
03226832578
03226837407
03226837413
03226836790
03226839275
03226832239
03226832710
03226839840
03226835138
03226833614
03226836485
03226835459
03226838056
03226836089
03226838930
03226833372
03226838652
03226838341
03226838902
03226833323
03226838477
03226834380
03226834584
03226839129
03226839700
03226832269
03226833512
03226838136
03226839357
03226839930
03226833218
03226832527
03226837378
03226834801
03226833591
03226836191
03226833300
03226839040
03226836357
03226833672
03226835914
03226834902
03226836568
03226835958
03226838535
03226833392
03226831852
03226833543
03226833291
03226831511
03226832700
03226832558
03226839652
03226834177
03226836170
03226833706
03226838410
03226839898
03226834364
03226837946
03226836282
03226836598
03226832488
03226839693
03226838068
03226834436
03226831122
03226831080
03226835681
03226835133
03226839617
03226838476
03226832607
03226834674
03226839485
03226834826
03226834253
03226833802
03226836142
03226834722
03226838452
03226838172
03226834884
03226833882
03226837538
03226833293
03226838425
03226833393
03226834951
03226836295
03226839486
03226839391
03226834398
03226835667
03226837922
03226831965
03226833711
03226835779
03226831312
03226834434
03226839368
03226837807
03226836264
03226837055
03226837441
03226835907
03226835800
03226835155
03226837430
03226837121
03226832886
03226831399
03226836233
03226833638
03226831861
03226836603
03226831584
03226835614
03226836440
03226832597
03226832241
03226833813
03226839653
03226838040
03226834044
03226839709
03226833422
03226834501
03226838834
03226833045
03226834324
03226836132
03226838353
03226839781
03226836157
03226832913
03226837093
03226833358
03226832188
03226838126
03226832151
03226833181
03226835915
03226831990
03226834203
03226833396
03226834031
03226835111
03226832312
03226837886
03226839737
03226834562
03226833559
03226839885
03226838005
03226836122
03226834165
03226835609
03226835964
03226837315
03226832170
03226836354
03226831975
03226831046
03226839804
03226839195
03226835040
03226835761
03226837194
03226834869
03226839501
03226833364
03226839761
03226837813
03226831206
03226835876
03226832586
03226833760
03226836031
03226839179
03226836318
03226836414
03226833907
03226834794
03226837581
03226836996
03226836691
03226838379
03226837681
03226839458
03226835967
03226837508
03226836190
03226833175
03226835288
03226835376
03226836989
03226838015
03226838550
03226833087
03226839457
03226835944
03226838294
03226831817
03226833754
03226833623
03226832237
03226838463
03226834244
03226839969
03226837720
03226833271
03226837716
03226831217
03226838271
03226836829
03226832380
03226835291
03226834491
03226838563
03226834032
03226835370
03226831753
03226838045
03226835813
03226837054
03226834445
03226837664
03226834013
03226834057
03226837469
03226833684
03226836248
03226839311
03226832804
03226834343
03226834455
03226831549
03226838237
03226836483
03226833526
03226837649
03226833574
03226834015
03226838414
03226839819
03226831756
03226837098
03226837856
03226832317
03226832896
03226837388
03226832828
03226835558
03226833894
03226832780
03226835736
03226838427
03226835670
03226832259
03226837493
03226833041
03226832014
03226833326
03226833210
03226835585
03226838591
03226834261
03226838775
03226835690
03226835182
03226839117
03226838047
03226834796
03226834246
03226833001
03226838868
03226834457
03226833136
03226835979
03226831915
03226839902
03226837619
03226836057
03226839569
03226837144
03226838862
03226839453
03226839135
03226838245
03226839122
03226839013
03226834008
03226832816
03226835638
03226836420
03226834838
03226831497
03226839493
03226835074
03226831803
03226832461
03226837004
03226838482
03226837904
03226832792
03226833611
03226835737
03226834174
03226835560
03226833686
03226834800
03226833582
03226834718
03226831285
03226831397
03226837003
03226837120
03226836615
03226832523
03226833755
03226836342
03226837408
03226834642
03226833318
03226831892
03226838643
03226832849
03226834368
03226832154
03226831395
03226836607
03226833685
03226836039
03226837071
03226835892
03226839191
03226837168
03226831308
03226838992
03226832020
03226837505
03226834460
03226836667
03226831279
03226838479
03226831519
03226836247
03226834466
03226837146
03226835104
03226836065
03226832162
03226835344
03226832921
03226833389
03226837732
03226832776
03226836116
03226832610
03226839138
03226835824
03226838086
03226837438
03226837698
03226835982
03226834505
03226834709
03226832392
03226838852
03226833636
03226838789
03226831083
03226837979
03226831408
03226837871
03226838774
03226835701
03226834428
03226837867
03226838454
03226831417
03226839784
03226838280
03226835388
03226833423
03226838128
03226836169
03226836837
03226833234
03226836108
03226831911
03226838761
03226834640
03226831765
03226837261
03226833579
03226833507
03226836976
03226839251
03226831680
03226837356
03226839373
03226837794
03226835562
03226836465
03226833303
03226831099
03226834862
03226838234
03226831809
03226832439
03226831813
03226833861
03226831728
03226833477
03226838174
03226831903
03226837606
03226832407
03226832344
03226834719
03226835084
03226832519
03226837703
03226832150
03226834528
03226834025
03226837633
03226833544
03226833156
03226833577
03226831191
03226835821
03226836695
03226835423
03226832500
03226837011
03226839360
03226839058
03226838816
03226838949
03226831472
03226834145
03226836926
03226831573
03226832048
03226835598
03226831141
03226836511
03226834155
03226834112
03226831948
03226836791
03226837504
03226834786
03226837565
03226839845
03226831471
03226839838
03226833892
03226833677
03226835185
03226834703
03226837357
03226837133
03226838251
03226839669
03226831606
03226834313
03226832622
03226839399
03226837643
03226836161
03226832977
03226839480
03226834533
03226836201
03226832447
03226835256
03226831886
03226835751
03226835576
03226832629
03226831946
03226833198
03226839738
03226838355
03226839437
03226835244
03226838501
03226835686
03226833954
03226838302
03226835196
03226834898
03226832498
03226832282
03226832817
03226837273
03226836660
03226836256
03226836012
03226837974
03226838797
03226831078
03226837661
03226834327
03226833935
03226836519
03226832293
03226838745
03226838927
03226836846
03226831485
03226836340
03226836219
03226832869
03226833302
03226837399
03226831254
03226831754
03226837964
03226839999
03226831496
03226835145
03226832650
03226837237
03226838824
03226831205
03226834773
03226835095
03226833679
03226836407
03226832181
03226837192
03226838554
03226838746
03226838835
03226833536
03226838168
03226839066
03226836571
03226832096
03226838982
03226834425
03226836553
03226835225
03226836401
03226831003
03226838971
03226834106
03226837853
03226834644
03226835272
03226833466
03226831640
03226837755
03226835992
03226832707
03226834626
03226839106
03226838827
03226831376
03226831165
03226834171
03226835796
03226834527
03226835307
03226837239
03226831943
03226839517
03226834275
03226836351
03226831538
03226831407
03226839395
03226837952
03226831387
03226838895
03226835843
03226833227
03226831219
03226837921
03226834182
03226835711
03226834945
03226837628
03226838274
03226837568
03226837420
03226834539
03226838259
03226834673
03226831699
03226837778
03226832916
03226838288
03226838866
03226831641
03226834469
03226835026
03226839032
03226838163
03226838698
03226832575
03226832769
03226836545
03226839143
03226832900
03226835319
03226837042
03226838586
03226836884
03226832675
03226839513
03226837941
03226831888
03226833883
03226839908
03226835555
03226831630
03226836803
03226831568
03226831541
03226834736
03226839576
03226837443
03226837136
03226833485
03226835969
03226839492
03226837203
03226831246
03226834415
03226837582
03226839114
03226839594
03226831298
03226839433
03226831836
03226831107
03226834664
03226837938
03226833204
03226831149
03226832107
03226832652
03226834761
03226833885
03226831638
03226832138
03226833351
03226836841
03226834747
03226833958
03226831144
03226834589
03226836632
03226832620
03226835607
03226835124
03226833980
03226837997
03226837104
03226839206
03226832619
03226831125
03226832571
03226835228
03226839105
03226836235
03226832978
03226834265
03226839917
03226837609
03226837982
03226839445
03226837855
03226838970
03226833660
03226834144
03226834221
03226833843
03226838838
03226837802
03226832189
03226837099
03226839017
03226838632
03226837123
03226835606
03226836906
03226837188
03226837965
03226836636
03226837255
03226838321
03226836146
03226835730
03226837187
03226838344
03226833905
03226833224
03226836895
03226834877
03226833747
03226839134
03226831037
03226832705
03226837254
03226839042
03226838336
03226834725
03226832398
03226837149
03226833468
03226833960
03226836567
03226834971
03226833606
03226833000
03226839294
03226834852
03226837636
03226836493
03226838766
03226834190
03226838506
03226832234
03226836746
03226837461
03226837483
03226831393
03226835972
03226838292
03226831337
03226837587
03226836741
03226839748
03226833761
03226834701
03226834107
03226832932
03226838917
03226832751
03226831811
03226838238
03226831236
03226832853
03226834026
03226836213
03226838758
03226833140
03226832984
03226832760
03226837285
03226837330
03226839801
03226832833
03226838843
03226834345
03226837704
03226832912
03226833795
03226833715
03226835839
03226835810
03226838114
03226839873
03226838794
03226836697
03226836138
03226832484
03226837218
03226838208
03226834472
03226837339
03226838018
03226834730
03226839742
03226834543
03226836982
03226833196
03226831807
03226834970
03226834226
03226838562
03226833790
03226839832
03226839958
03226836448
03226834322
03226839358
03226831146
03226835212
03226835210
03226831470
03226834939
03226837338
03226839502
03226837030
03226831913
03226834378
03226839877
03226838282
03226831878
03226831456
03226832660
03226839879
03226839671
03226835741
03226831214
03226834404
03226838965
03226836924
03226837379
03226832852
03226836059
03226834819
03226836245
03226834903
03226838093
03226834608
03226835523
03226838679
03226835384
03226839472
03226839592
03226837000
03226839031
03226837225
03226835268
03226831596
03226835186
03226839758
03226831526
03226837307
03226831353
03226834769
03226837840
03226833509
03226835062
03226832535
03226838217
03226833702
03226837891
03226834681
03226838928
03226832098
03226831565
03226839160
03226839189
03226838944
03226835787
03226835444
03226836345
03226835899
03226833027
03226834820
03226839171
03226833627
03226837969
03226832279
03226839507
03226839954
